0.027153968811
0.0274760723114
0.0277290344238
0.0279550552368
0.0282430648804
0.034964799881
0.0353519916534
0.0357058048248
0.036062002182
0.0364098548889
0.040452003479
0.0409200191498
0.0413610935211
0.0417950153351
0.0422279834747
0.0262598991394
0.0267119407654
0.0270638465881
0.0274128913879
0.0279200077057
0.0369729995728
0.0372200012207
0.0374431610107
0.037661075592
0.0378949642181
0.0265369415283
0.0271718502045
0.0275619029999
0.028226852417
0.0289628505707
0.0270299911499
0.0275070667267
0.0279629230499
0.0285921096802
0.0293040275574
0.0365879535675
0.0368070602417
0.0369920730591
0.0371680259705
0.0373361110687
0.0262839794159
0.0266649723053
0.0271849632263
0.0277700424194
0.0283269882202
0.0234780311584
0.0239820480347
0.0245549678802
0.0253720283508
0.0264549255371
0.0267598628998
0.027007818222
0.0271768569946
0.0273258686066
0.0274670124054
0.0228271484375
0.0230340957642
0.0232360363007
0.0234110355377
0.023588180542
0.0238101482391
0.0240972042084
0.0245950222015
0.0248901844025
0.0253350734711
0.0405230522156
0.0413110256195
0.041631937027
0.0421741008759
0.0427489280701
0.0313611030579
0.0317990779877
0.032035112381
0.0322201251984
0.0326211452484
0.0306119918823
0.0311269760132
0.0316390991211
0.031937122345
0.0321650505066
0.035523891449
0.035749912262
0.0359299182892
0.0361018180847
0.0362758636475
0.047730922699
0.0481309890747
0.0483479499817
0.0487248897552
0.0491149425507
0.0369808673859
0.0372829437256
0.0375819206238
0.0377597808838
0.0379250049591
0.0629291534424
0.0632030963898
0.0137248039246
0.0141568183899
0.0147738456726
0.0543048381805
0.0550007820129
0.00132584571838
0.00181198120117
0.00236177444458
0.0425457954407
0.0429968833923
0.0433897972107
0.0437319278717
0.0441179275513
0.0337769985199
0.0349080562592
0.0357069969177
0.037525177002
0.0383770465851
0.0285048484802
0.0295069217682
0.0304870605469
0.0314259529114
0.0320029258728
0.0319631099701
0.0329780578613
0.033931016922
0.035257101059
0.03630900383
0.0288078784943
0.0294778347015
0.0301449298859
0.0308458805084
0.031436920166
0.0342829227448
0.0352609157562
0.0360250473022
0.0370738506317
0.0379338264465
0.0341670513153
0.0348920822144
0.0355989933014
0.0362730026245
0.0370330810547
0.0261268615723
0.0272369384766
0.0283689498901
0.0293929576874
0.0315029621124
0.0417640209198
0.0423600673676
0.0433111190796
0.0440909862518
0.0447120666504
0.023777961731
0.024405002594
0.0248770713806
0.0254471302032
0.0259649753571
0.0447020530701
0.0453190803528
0.0460021495819
0.0468010902405
0.047648191452
0.0435719490051
0.0448110103607
0.0464198589325
0.0473968982697
0.0482578277588
0.026221036911
0.0265939235687
0.0270090103149
0.0335109233856
0.0338430404663
0.0267179012299
0.027272939682
0.0278570652008
0.0285320281982
0.0289130210876
0.031830072403
0.0322558879852
0.0326309204102
0.0330190658569
0.0334889888763
0.026388168335
0.0268270969391
0.0271770954132
0.0275402069092
0.0280420780182
0.0222821235657
0.0226590633392
0.0236201286316
0.0243480205536
0.0252289772034
0.05992603302
0.00676202774048
0.00726795196533
0.00775098800659
0.00823211669922
0.060250043869
0.00151681900024
0.00271487236023
0.00330400466919
0.00362682342529
0.0323188304901
0.0330789089203
0.0338618755341
0.0346817970276
0.0354130268097
0.0251100063324
0.0261738300323
0.0272669792175
0.0286149978638
0.0299768447876
0.0318231582642
0.0325980186462
0.0332460403442
0.0337760448456
0.0342221260071
0.0559740066528
0.0563290119171
0.00148701667786
0.0027379989624
0.00310087203979
0.0236330032349
0.0241270065308
0.0245928764343
0.0252778530121
0.0258469581604
0.019926071167
0.0203161239624
0.0207200050354
0.0212409496307
0.0216879844666
0.0271170139313
0.0280289649963
0.0287091732025
0.0295021533966
0.0303220748901
0.0246248245239
0.0253908634186
0.0260558128357
0.0267539024353
0.0274949073792
0.0315420627594
0.0321071147919
0.0329329967499
0.0335490703583
0.0341949462891
0.0768358707428
0.0774569511414
0.0778210163116
0.0781359672546
0.0218749046326
0.0463140010834
0.0475659370422
0.0485699176788
0.049311876297
0.0500710010529
0.037505865097
0.0382838249207
0.0390219688416
0.0451090335846
0.04567694664
0.0309340953827
0.0321772098541
0.0328950881958
0.0334432125092
0.0339910984039
0.0689811706543
0.0691540241241
0.0693080425262
0.0694780349731
0.0699419975281
0.0292809009552
0.0304019451141
0.0312750339508
0.0326950550079
0.0336790084839
0.0241720676422
0.0248761177063
0.0255880355835
0.026978969574
0.0330231189728
0.0355708599091
0.0365738868713
0.0372078418732
0.0381610393524
0.03884100914
0.0322239398956
0.0332210063934
0.0341188907623
0.0349748134613
0.0356469154358
0.0267608165741
0.0273649692535
0.0278339385986
0.0283048152924
0.0291659832001
0.0484890937805
0.0491700172424
0.0499470233917
0.00253391265869
0.00305795669556
0.0388848781586
0.0393388271332
0.0397658348083
0.0401539802551
0.0407559871674
0.0306599140167
0.0310759544373
0.0315680503845
0.0319008827209
0.0322799682617
0.0365109443665
0.0369939804077
0.0376989841461
0.0384430885315
0.0390419960022
0.0253701210022
0.026468038559
0.0274231433868
0.0284039974213
0.0293929576874
0.0271360874176
0.0279109477997
0.0286149978638
0.0293700695038
0.030070066452
0.0423150062561
0.0427031517029
0.0431401729584
0.0437440872192
0.044322013855
0.0405411720276
0.0412600040436
0.0417380332947
0.042277097702
0.0427951812744
0.0293419361115
0.0306811332703
0.0315170288086
0.0325541496277
0.0336019992828
0.0201950073242
0.0321459770203
0.0331180095673
0.034038066864
0.0351328849792
0.0313408374786
0.0342240333557
0.0346050262451
0.0418989658356
0.0430788993835
0.0320060253143
0.0327990055084
0.033576965332
0.0339140892029
0.0341160297394
0.0210890769958
0.0334210395813
0.0340399742126
0.0348560810089
0.0356040000916
0.0468969345093
0.0470650196075
0.0472450256348
0.0477678775787
0.0484490394592
0.0305359363556
0.0314481258392
0.0321609973907
0.0328230857849
0.036495923996
0.0900549888611
0.0350930690765
0.036484003067
0.0373570919037
0.03839802742
0.092031955719
0.092255115509
0.0924079418182
0.0927410125732
0.0928981304169
0.102131843567
0.102298021317
0.102448940277
0.102592945099
0.102737903595
0.132723093033
0.132901906967
0.13306593895
0.133224010468
0.133383989334
0.129122972488
0.129306077957
0.129463911057
0.129630088806
0.129791975021
0.0582988262177
0.0584797859192
0.0586438179016
0.0588529109955
0.0590579509735
0.0263130664825
0.0267789363861
0.0275220870972
0.0282979011536
0.0291259288788
0.0731379985809
0.0732939243317
0.0734388828278
0.0735778808594
0.0737700462341
0.124130010605
0.124308824539
0.124467849731
0.124742031097
0.125000953674
0.0508859157562
0.000993967056274
0.00212287902832
0.00252604484558
0.00320601463318
0.042888879776
0.0431799888611
0.0433619022369
0.0435419082642
0.0439848899841
0.0319731235504
0.032142162323
0.0323021411896
0.0324540138245
0.0325992107391
0.0306160449982
0.0316910743713
0.0323569774628
0.0329029560089
0.0336499214172
0.0304908752441
0.0309889316559
0.0314159393311
0.0318610668182
0.0323269367218
0.0193450450897
0.0199310779572
0.0203969478607
0.0209541320801
0.0215220451355
0.0521609783173
0.00177407264709
0.00268197059631
0.00468397140503
0.00514197349548
0.04438996315
0.0448589324951
0.0454590320587
0.0459349155426
0.0464050769806
0.0556809902191
0.00334882736206
0.00391101837158
0.00431704521179
0.00466299057007
0.0444619655609
0.0455160140991
0.0462110042572
0.0469219684601
0.0481209754944
0.0319089889526
0.0323748588562
0.0327830314636
0.0361530780792
0.036719083786
0.0282199382782
0.0284748077393
0.0287117958069
0.0289368629456
0.0291628837585
0.0374488830566
0.0376219749451
0.0377779006958
0.0379807949066
0.0383188724518
0.0388240814209
0.0398631095886
0.0407471656799
0.0415990352631
0.0425450801849
0.0339951515198
0.0344140529633
0.0347330570221
0.0350470542908
0.0353529453278
0.0226991176605
0.0233080387115
0.0238800048828
0.0250360965729
0.0253431797028
0.036365032196
0.0367240905762
0.0370311737061
0.0372979640961
0.0375511646271
0.0410459041595
0.0415229797363
0.0417411327362
0.0419509410858
0.0421719551086
0.0278868675232
0.028312921524
0.0287427902222
0.0293807983398
0.0298509597778
0.0705947875977
0.0710189342499
0.0714118480682
0.0716218948364
0.0195269584656
0.0582389831543
0.0586159229279
0.0588889122009
0.0590949058533
0.0592839717865
0.0471918582916
0.0473999977112
0.0475738048553
0.0477359294891
0.0479619503021
0.0373921394348
0.0378570556641
0.038516998291
0.0389261245728
0.0392479896545
0.0191149711609
0.0194530487061
0.0203669071198
0.0208060741425
0.0212368965149
0.0318260192871
0.0325620174408
0.0332338809967
0.0378539562225
0.0387709140778
0.034147977829
0.0346851348877
0.0352389812469
0.0358030796051
0.0361371040344
0.0276339054108
0.0281689167023
0.0291228294373
0.0293328762054
0.02956199646
0.036346912384
0.0366358757019
0.0372278690338
0.0380690097809
0.0385270118713
0.0356180667877
0.0360231399536
0.0363621711731
0.0406081676483
0.0413119792938
0.0392959117889
0.0395739078522
0.0397670269012
0.0399448871613
0.0401329994202
0.030280828476
0.030601978302
0.0309028625488
0.0311899185181
0.0316729545593
0.0288379192352
0.0296308994293
0.0303130149841
0.0308630466461
0.0315821170807
0.0320439338684
0.0325229167938
0.0327689647675
0.0331780910492
0.0334179401398
0.0353329181671
0.0359489917755
0.0364270210266
0.0366129875183
0.0367789268494
0.027195930481
0.0279998779297
0.0286939144135
0.0294589996338
0.0301029682159
0.0358898639679
0.036759853363
0.0372200012207
0.0379648208618
0.0386109352112
0.0331311225891
0.0336811542511
0.0345830917358
0.0358071327209
0.0366070270538
0.0358037948608
0.0364589691162
0.0368988513947
0.0375809669495
0.038388967514
0.0340600013733
0.0345408916473
0.0352001190186
0.035758972168
0.0365099906921
0.0319120883942
0.0325191020966
0.0329360961914
0.0334849357605
0.0343489646912
0.0412199497223
0.042356967926
0.0429651737213
0.043897151947
0.0447671413422
0.0430700778961
0.0435240268707
0.0442769527435
0.0449669361115
0.045627117157
0.0317969322205
0.032830953598
0.0333578586578
0.0340528488159
0.0349998474121
0.0439760684967
0.0446639060974
0.0451009273529
0.0458130836487
0.0465040206909
0.0269370079041
0.0275409221649
0.0280778408051
0.0286588668823
0.0289390087128
0.0425379276276
0.0428709983826
0.0433740615845
0.0439150333405
0.0443580150604
0.0412738323212
0.0416929721832
0.0424609184265
0.0428638458252
0.0435769557953
0.0358839035034
0.0367097854614
0.0378458499908
0.0390949249268
0.045961856842
0.0393731594086
0.039852142334
0.0405149459839
0.0410671234131
0.0415530204773
0.0373909473419
0.0380370616913
0.0384809970856
0.039046049118
0.0394401550293
0.0309410095215
0.0323917865753
0.0328068733215
0.0336179733276
0.0341138839722
0.0308709144592
0.0314440727234
0.0318698883057
0.0324749946594
0.0329139232635
0.0452690124512
0.0459799766541
0.0464789867401
0.04727602005
0.0479619503021
0.0330209732056
0.0337240695953
0.0347361564636
0.0354561805725
0.0363080501556
0.0374908447266
0.0377209186554
0.0378949642181
0.0380599498749
0.0382277965546
0.0298421382904
0.0300240516663
0.0301809310913
0.0303380489349
0.0304899215698
0.025799036026
0.0260360240936
0.0262570381165
0.0264689922333
0.0268709659576
0.0274381637573
0.0276830196381
0.0278949737549
0.0281090736389
0.0283200740814
0.0267899036407
0.0275599956512
0.0280029773712
0.0285711288452
0.0292990207672
0.0284559726715
0.029091835022
0.0297319889069
0.0305998325348
0.0313520431519
0.027862071991
0.0284428596497
0.0291519165039
0.0296080112457
0.0300688743591
0.0286178588867
0.029415845871
0.0299458503723
0.0306668281555
0.0311210155487
0.0315248966217
0.0322921276093
0.0329809188843
0.0336589813232
0.0343050956726
0.0256950855255
0.0262250900269
0.0267391204834
0.0272190570831
0.0276880264282
0.0346250534058
0.0356521606445
0.0400910377502
0.0405189990997
0.0408821105957
0.0176210403442
0.0181469917297
0.0185511112213
0.019168138504
0.0196900367737
0.0275239944458
0.0279910564423
0.0283069610596
0.0287339687347
0.0291709899902
0.0377349853516
0.0383269786835
0.0393970012665
0.0399208068848
0.0404498577118
0.0438570976257
0.0446801185608
0.0453009605408
0.0458099842072
0.0466191768646
0.0311050415039
0.0318210124969
0.0324931144714
0.0329229831696
0.0334539413452
0.0271987915039
0.0278768539429
0.0285778045654
0.0294427871704
0.0300347805023
0.0371220111847
0.0373449325562
0.037526845932
0.0377550125122
0.0401477813721
0.0330998897552
0.0336270332336
0.0343918800354
0.0352449417114
0.0361280441284
0.0317928791046
0.0330369472504
0.0339758396149
0.0347669124603
0.0356340408325
0.0310890674591
0.0322749614716
0.0333340167999
0.0381379127502
0.0386860370636
0.0417160987854
0.0426850318909
0.0434460639954
0.0440120697021
0.0446329116821
0.0362718105316
0.0370879173279
0.0377299785614
0.0386128425598
0.0440077781677
0.0381100177765
0.0384790897369
0.0391211509705
0.0396292209625
0.0402150154114
0.0236709117889
0.0245680809021
0.0253469944
0.026200056076
0.0271089076996
0.0315208435059
0.0330920219421
0.0341379642487
0.0350630283356
0.0359790325165
0.0288870334625
0.0300159454346
0.0311410427094
0.0321071147919
0.0329930782318
0.0243248939514
0.0254709720612
0.0263779163361
0.0271849632263
0.027911901474
0.0250449180603
0.0257878303528
0.026505947113
0.02725481987
0.0279648303986
0.0257799625397
0.0262479782104
0.0266377925873
0.0269839763641
0.0274229049683
0.0224411487579
0.0235800743103
0.0244741439819
0.0253000259399
0.0261540412903
0.0404298305511
0.0406429767609
0.0408389568329
0.0410280227661
0.0416569709778
0.0312731266022
0.0315210819244
0.0317449569702
0.0319690704346
0.0321969985962
0.0250880718231
0.0252590179443
0.0254189968109
0.0257961750031
0.0260331630707
0.0280940532684
0.0286059379578
0.0288138389587
0.0290060043335
0.0291910171509
0.0385310649872
0.0390479564667
0.0393891334534
0.040020942688
0.040657043457
0.0479109287262
0.0481231212616
0.0483250617981
0.0485279560089
0.0490701198578
0.0258009433746
0.0263040065765
0.0269658565521
0.0276188850403
0.0282669067383
0.0297739505768
0.0305240154266
0.031140089035
0.0317480564117
0.032310962677
0.0351250171661
0.0354678630829
0.0357530117035
0.0363919734955
0.0372500419617
0.0271279811859
0.0276429653168
0.0283780097961
0.0289208889008
0.0294418334961
0.0283401012421
0.0290229320526
0.0297529697418
0.0304388999939
0.0311229228973
0.0300199985504
0.0306031703949
0.0311892032623
0.0318222045898
0.0323860645294
0.0311410427094
0.0316469669342
0.0320971012115
0.0326399803162
0.0337069034576
0.0252859592438
0.0259990692139
0.027419090271
0.0281310081482
0.0288710594177
0.034481048584
0.0351331233978
0.0359001159668
0.0367441177368
0.0374720096588
0.0286631584167
0.0291659832001
0.0298080444336
0.030277967453
0.0308480262756
0.025074005127
0.0252840518951
0.0254549980164
0.028135061264
0.0284509658813
0.0359001159668
0.0365431308746
0.037141084671
0.0377871990204
0.0384151935577
0.0286419391632
0.0291059017181
0.0294480323792
0.0300281047821
0.0310990810394
0.0364680290222
0.0367019176483
0.0371098518372
0.0374848842621
0.0379450321198
0.0444707870483
0.044784784317
0.0456669330597
0.0466389656067
0.0476338863373
0.0246548652649
0.0252149105072
0.0256109237671
0.0263538360596
0.0269169807434
0.0391628742218
0.039510011673
0.0402638912201
0.0408399105072
0.0413899421692
0.0273358821869
0.0279049873352
0.0310289859772
0.0316588878632
0.0324609279633
0.0324640274048
0.0330328941345
0.0339350700378
0.0349979400635
0.0360219478607
0.0316751003265
0.032201051712
0.0326189994812
0.0333590507507
0.0339751243591
0.0294580459595
0.029942035675
0.0305199623108
0.0308880805969
0.0315129756927
0.0418729782104
0.0424108505249
0.0428538322449
0.0434658527374
0.04407787323
0.0406260490417
0.0408279895782
0.041011095047
0.0411939620972
0.0413701534271
0.0306861400604
0.0314400196075
0.031928062439
0.0325729846954
0.0332670211792
0.0263409614563
0.0268580913544
0.0273530483246
0.0275449752808
0.0277168750763
0.0289371013641
0.0296339988708
0.0301330089569
0.0305662155151
0.0309290885925
0.0234467983246
0.0240449905396
0.0245449542999
0.0249528884888
0.0254018306732
0.0370991230011
0.0378601551056
0.0383951663971
0.0390620231628
0.0397272109985
0.0220799446106
0.0228400230408
0.0234069824219
0.02397108078
0.0246698856354
0.0459871292114
0.0468969345093
0.0475940704346
0.0482740402222
0.0489430427551
0.0272400379181
0.0280339717865
0.0287480354309
0.0294110774994
0.0301480293274
0.0379190444946
0.0388779640198
0.0396618843079
0.0404419898987
0.0411930084229
0.035747051239
0.0400779247284
0.0408940315247
0.0418419837952
0.0427460670471
0.0322511196136
0.0328729152679
0.0334930419922
0.0343070030212
0.0349221229553
0.0276699066162
0.0285348892212
0.0293018817902
0.0298459529877
0.0307087898254
0.0248489379883
0.0258169174194
0.0265898704529
0.0273668766022
0.0281229019165
0.0295147895813
0.0302908420563
0.0310049057007
0.0317349433899
0.0325708389282
0.0252139568329
0.0262680053711
0.0276238918304
0.0286710262299
0.02952003479
0.0318169593811
0.0320310592651
0.0322189331055
0.0328679084778
0.0330679416656
0.0253691673279
0.0256199836731
0.0259041786194
0.0263800621033
0.0268821716309
0.0313429832458
0.0319650173187
0.0325708389282
0.033243894577
0.0338869094849
0.0328381061554
0.0336709022522
0.0344970226288
0.0353200435638
0.0361669063568
0.0289599895477
0.0301430225372
0.0311419963837
0.0322000980377
0.0330281257629
0.0224640369415
0.0234880447388
0.0244641304016
0.025276184082
0.0260660648346
0.0230839252472
0.0239260196686
0.0247750282288
0.0257210731506
0.0267541408539
0.0175070762634
0.0182740688324
0.0192010402679
0.0200071334839
0.0206530094147
0.0302681922913
0.0304360389709
0.0305960178375
0.0307760238647
0.0309431552887
0.021577835083
0.0218319892883
0.022029876709
0.0222170352936
0.0228228569031
0.0270140171051
0.0272228717804
0.0274050235748
0.0276000499725
0.0278151035309
0.0277478694916
0.0279228687286
0.0281550884247
0.0283210277557
0.0284750461578
0.0211770534515
0.0215308666229
0.0220189094543
0.0223479270935
0.023050069809
0.0368280410767
0.0372850894928
0.0376000404358
0.037899017334
0.0385770797729
0.0327179431915
0.0330450534821
0.0333099365234
0.033625125885
0.0339159965515
0.0334360599518
0.0337800979614
0.0342979431152
0.0353529453278
0.0356211662292
0.0364000797272
0.0369350910187
0.037467956543
0.0381150245667
0.0383820533752
0.0478358268738
0.0481159687042
0.0483379364014
0.0485868453979
0.0488388538361
0.0317211151123
0.0319299697876
0.03209400177
0.0322549343109
0.0324079990387
0.0290789604187
0.0301420688629
0.0312058925629
0.0323529243469
0.0335278511047
0.0246548652649
0.0248239040375
0.0249788761139
0.0288529396057
0.0290718078613
0.0233600139618
0.0235748291016
0.0237638950348
0.023952960968
0.0241329669952
0.0217888355255
0.0220189094543
0.0222289562225
0.0224318504333
0.0226299762726
0.0276689529419
0.0279190540314
0.0281400680542
0.0283529758453
0.0285680294037
0.0313360691071
0.0315279960632
0.0316951274872
0.0318520069122
0.0320439338684
0.0231878757477
0.0234079360962
0.0236029624939
0.0238168239594
0.0240118503571
0.0275900363922
0.0277669429779
0.0279228687286
0.0281059741974
0.0282900333405
0.0281908512115
0.0283679962158
0.0285308361053
0.0286989212036
0.0288708209991
0.0258519649506
0.0260548591614
0.0262219905853
0.0263838768005
0.0265409946442
0.0382888317108
0.0385420322418
0.0387690067291
0.0389800071716
0.0392768383026
0.0638959407806
0.0642631053925
0.0646090507507
0.0649728775024
0.0653269290924
0.0347530841827
0.0350670814514
0.0354042053223
0.0356850624084
0.0359711647034
0.0328562259674
0.0336210727692
0.0343661308289
0.0352191925049
0.0359082221985
0.0235741138458
0.024158000946
0.0247271060944
0.0252871513367
0.0259211063385
0.0339109897614
0.0344438552856
0.0350570678711
0.0356628894806
0.0363838672638
0.0229291915894
0.0235650539398
0.0241830348969
0.0248470306396
0.0256490707397
0.0827739238739
0.0833780765533
0.0839729309082
0.0845539569855
0.0851469039917
0.0464107990265
0.0469868183136
0.0475318431854
0.0480828285217
0.0486299991608
0.0273370742798
0.0279910564423
0.0286159515381
0.0292398929596
0.0300049781799
0.0289249420166
0.0294501781464
0.0299150943756
0.0302641391754
0.0309209823608
0.0739779472351
0.0748338699341
0.0757160186768
0.0762798786163
0.0768799781799
0.0509679317474
0.00163912773132
0.00198698043823
0.00251317024231
0.00307297706604
0.039381980896
0.0398919582367
0.0404560565948
0.0409469604492
0.0414440631866
0.0385239124298
0.0394160747528
0.040256023407
0.041081905365
0.0419170856476
0.0545890331268
0.0559940338135
0.0571761131287
0.0583419799805
0.00143098831177
0.0413801670074
0.0426859855652
0.044182062149
0.0458240509033
0.0515019893646
0.0273959636688
0.0281620025635
0.028904914856
0.0298550128937
0.0307860374451
0.027685880661
0.0285339355469
0.0291359424591
0.0297830104828
0.0304808616638
0.0301060676575
0.0303161144257
0.0305049419403
0.0311789512634
0.0316920280457
0.0311689376831
0.0319249629974
0.0326011180878
0.0334520339966
0.0338940620422
0.0322549343109
0.0329639911652
0.0337538719177
0.0345289707184
0.0355010032654
0.024936914444
0.0255460739136
0.0263619422913
0.0271060466766
0.0279409885406
0.0258889198303
0.0264599323273
0.0273859500885
0.0284738540649
0.0291838645935
0.0320661067963
0.0322730541229
0.0324580669403
0.032644033432
0.0328290462494
0.0224370956421
0.0226609706879
0.0233571529388
0.0236110687256
0.0238239765167
0.0279729366302
0.0286769866943
0.0292990207672
0.0298159122467
0.0303230285645
0.025493144989
0.0258131027222
0.0260829925537
0.026358127594
0.0266060829163
0.0335969924927
0.0341348648071
0.0347049236298
0.0350589752197
0.0357339382172
0.0271759033203
0.0276498794556
0.0280230045319
0.0285248756409
0.0288739204407
0.0245440006256
0.025160074234
0.0259740352631
0.0267961025238
0.0276050567627
0.0223498344421
0.0229868888855
0.0234398841858
0.0238950252533
0.0243380069733
0.0267450809479
0.0275900363922
0.028491973877
0.0293400287628
0.0300350189209
0.0317649841309
0.0324609279633
0.0332510471344
0.0340790748596
0.0348880290985
0.0595099925995
0.00454187393188
0.00498604774475
0.00548887252808
0.00617694854736
0.0265848636627
0.027046918869
0.0275359153748
0.0412490367889
0.0423150062561
0.0349822044373
0.0363512039185
0.0374760627747
0.0385150909424
0.0395770072937
0.0590438842773
0.0597929954529
0.00273108482361
0.00330805778503
0.00384092330933
0.0322349071503
0.0327310562134
0.0331370830536
0.0335779190063
0.0340270996094
0.0248141288757
0.0255060195923
0.0259160995483
0.0264840126038
0.0270490646362
0.04376912117
0.0442941188812
0.0451331138611
0.0460169315338
0.0471379756927
0.0188388824463
0.030690908432
0.0313909053802
0.0323510169983
0.0388989448547
0.033812046051
0.034332036972
0.0348629951477
0.0354290008545
0.0359740257263
0.0299170017242
0.030877828598
0.0315120220184
0.0319929122925
0.0326299667358
0.0270938873291
0.0278840065002
0.0285520553589
0.029186964035
0.0298030376434
0.0330171585083
0.033979177475
0.0349950790405
0.0359151363373
0.0366141796112
0.0268640518188
0.0275678634644
0.0280349254608
0.0284900665283
0.0287878513336
0.0363099575043
0.0368759632111
0.0374310016632
0.0379209518433
0.0384969711304
0.0260488986969
0.0264158248901
0.0275459289551
0.0302078723907
0.0310728549957
0.0324809551239
0.0336120128632
0.034646987915
0.040647983551
0.0420398712158
0.0376091003418
0.0390870571136
0.0401661396027
0.0410180091858
0.0419051647186
0.0226430892944
0.0392692089081
0.0402510166168
0.0411491394043
0.0422301292419
0.0305330753326
0.030855178833
0.0314331054688
0.0320150852203
0.032683134079
0.0278599262238
0.0285029411316
0.029100894928
0.029944896698
0.0305998325348
0.0287220478058
0.0292580127716
0.0297288894653
0.029944896698
0.0301239490509
0.0305600166321
0.031229019165
0.0323040485382
0.0333340167999
0.0342328548431
0.0282249450684
0.0288510322571
0.0292699337006
0.0298318862915
0.0303988456726
0.0255470275879
0.0261812210083
0.0267331600189
0.0273361206055
0.0238571166992
0.0242540836334
0.0246689319611
0.0250630378723
0.0378630161285
0.0384271144867
0.0296759605408
0.0299289226532
0.0306239128113
0.0308361053467
0.0310499668121
0.0300529003143
0.0302348136902
0.0303859710693
0.0305359363556
0.0307419300079
0.0283489227295
0.0286650657654
0.0288989543915
0.0291390419006
0.0293531417847
0.0255908966064
0.0258069038391
0.0259990692139
0.0261878967285
0.0263710021973
0.0217020511627
0.0218830108643
0.0220439434052
0.0222041606903
0.0225970745087
0.031005859375
0.0311808586121
0.0313329696655
0.0314838886261
0.0316779613495
0.0316119194031
0.0320870876312
0.0326640605927
0.0335729122162
0.0346410274506
0.0253009796143
0.0258469581604
0.0266230106354
0.0274150371552
0.0280320644379
0.0316081047058
0.0348651409149
0.0355799198151
0.0363509654999
0.037260055542
0.0342290401459
0.0352199077606
0.0362451076508
0.0372560024261
0.0386080741882
0.0287518501282
0.0296719074249
0.030396938324
0.0311098098755
0.0318088531494
0.042277097702
0.0434551239014
0.0490169525146
0.0501019954681
0.00206208229065
0.0360240936279
0.0369288921356
0.037868976593
0.0387070178986
0.0393960475922
0.0405359268188
0.0416669845581
0.0426568984985
0.0433750152588
0.0440578460693
0.0228190422058
0.0234401226044
0.0240850448608
0.024621963501
0.0251290798187
0.0408849716187
0.041631937027
0.042387008667
0.0430700778961
0.0437090396881
0.0325479507446
0.0331869125366
0.0336709022522
0.0342559814453
0.0348410606384
0.0301699638367
0.0310399532318
0.0316119194031
0.0321328639984
0.0326809883118
0.0326340198517
0.0334658622742
0.0344009399414
0.0405468940735
0.041179895401
0.0334150791168
0.0379631519318
0.0387840270996
0.0396060943604
0.0443820953369
0.0277850627899
0.028599023819
0.0328249931335
0.0336179733276
0.0341300964355
0.0322389602661
0.0330719947815
0.0338270664215
0.0345540046692
0.0354161262512
0.042829990387
0.0435299873352
0.0441420078278
0.0446817874908
0.0456349849701
0.0321178436279
0.0330078601837
0.0340249538422
0.0394549369812
0.0400929450989
0.0346610546112
0.0353009700775
0.035737991333
0.0362350940704
0.0366470813751
0.0303411483765
0.0310311317444
0.0320391654968
0.0331411361694
0.0344560146332
0.0337431430817
0.034205198288
0.0345451831818
0.0348701477051
0.0354452133179
0.0286118984222
0.0291318893433
0.0296468734741
0.0301649570465
0.0306198596954
0.027195930481
0.0277788639069
0.0284159183502
0.0291769504547
0.0298290252686
0.0314900875092
0.032769203186
0.033725976944
0.0344431400299
0.0351979732513
0.0296847820282
0.0302419662476
0.030699968338
0.0311739444733
0.0318429470062
0.0287239551544
0.0291810035706
0.0295598506927
0.0300328731537
0.0305259227753
0.0287179946899
0.0291299819946
0.0296277999878
0.0302729606628
0.0309708118439
0.0328350067139
0.0336849689484
0.0342929363251
0.0348501205444
0.0354549884796
0.0250999927521
0.0255069732666
0.0259659290314
0.0263550281525
0.0268929004669
0.0330140590668
0.0336780548096
0.0341880321503
0.0348310470581
0.0354750156403
0.0360059738159
0.0370709896088
0.0379881858826
0.039046049118
0.0399751663208
0.0425100326538
0.0435600280762
0.0446889400482
0.0456528663635
0.0469288825989
0.0307450294495
0.0316889286041
0.0326869487762
0.0340828895569
0.0401630401611
0.0415959358215
0.042827129364
0.0438621044159
0.0449450016022
0.0459420681
0.0335669517517
0.0338358879089
0.0342609882355
0.0353608131409
0.0363059043884
0.0301749706268
0.0310599803925
0.0319330692291
0.0330801010132
0.0345320701599
0.0274350643158
0.0284929275513
0.029648065567
0.0305678844452
0.0314130783081
0.0363669395447
0.0375747680664
0.0385928153992
0.0398149490356
0.0468809604645
0.039736032486
0.0447821617126
0.0458791255951
0.0469350814819
0.0477120876312
0.0297179222107
0.0304579734802
0.0312130451202
0.0319850444794
0.0327379703522
0.0227010250092
0.022919178009
0.0231289863586
0.0233380794525
0.0235421657562
0.0289828777313
0.0291559696198
0.0293090343475
0.0294530391693
0.0296030044556
0.0305840969086
0.0307660102844
0.0309100151062
0.0310881137848
0.0312421321869
0.0366370677948
0.0368890762329
0.0371170043945
0.0373470783234
0.0375900268555
0.034255027771
0.0344321727753
0.0345931053162
0.0347521305084
0.0349051952362
0.0323069095612
0.032506942749
0.0326819419861
0.0328588485718
0.0330278873444
0.0158739089966
0.016105890274
0.016331911087
0.0165429115295
0.0167579650879
0.0211069583893
0.0213820934296
0.0216331481934
0.0218739509583
0.0221149921417
0.0328748226166
0.0331430435181
0.033411026001
0.0336508750916
0.0339329242706
0.0185949802399
0.0188250541687
0.019021987915
0.0192201137543
0.0194129943848
0.0326960086823
0.0333199501038
0.0338909626007
0.0344319343567
0.0349559783936
0.0344049930573
0.0349500179291
0.0355439186096
0.0364010334015
0.0370240211487
0.0211989879608
0.0225899219513
0.023206949234
0.0237720012665
0.024199962616
0.0406901836395
0.0418071746826
0.0426380634308
0.0433511734009
0.0441520214081
0.0424680709839
0.0431361198425
0.0439200401306
0.0490980148315
0.0495641231537
0.0338501930237
0.0341811180115
0.0345041751862
0.0350360870361
0.0355172157288
0.0226669311523
0.0230779647827
0.0236990451813
0.0244059562683
0.0250649452209
0.031543970108
0.0319159030914
0.0324828624725
0.0332319736481
0.0338850021362
0.0450999736786
0.0459761619568
0.0467259883881
0.0476090908051
0.04842710495
0.0344650745392
0.0352580547333
0.0360090732574
0.0367341041565
0.0376269817352
0.0379359722137
0.039027929306
0.0398509502411
0.0406520366669
0.0412790775299
0.0356271266937
0.0361449718475
0.0369970798492
0.0380730628967
0.0393810272217
0.0392591953278
0.0401840209961
0.040785074234
0.0414049625397
0.0419111251831
0.027312040329
0.0278210639954
0.0283019542694
0.0288741588593
0.0293750762939
0.023344039917
0.0238370895386
0.0246241092682
0.025130033493
0.0257799625397
0.0242199897766
0.0249979496002
0.0256459712982
0.0261468887329
0.0266320705414
0.0220680236816
0.0226469039917
0.0233318805695
0.0237560272217
0.0243589878082
0.036337852478
0.0372650623322
0.0388679504395
0.0400609970093
0.0408339500427
0.0300040245056
0.0305759906769
0.0315611362457
0.0321340560913
0.0330271720886
0.0280809402466
0.0286419391632
0.0292069911957
0.0295360088348
0.030357837677
0.0256640911102
0.026064157486
0.0266129970551
0.0273280143738
0.0277411937714
0.039078950882
0.0408298969269
0.0417368412018
0.0425579547882
0.0435218811035
0.035012960434
0.0357761383057
0.0368211269379
0.0376460552216
0.038311958313
0.0410940647125
0.0413250923157
0.0415451526642
0.0417530536652
0.0419750213623
0.0310919284821
0.0343639850616
0.0348699092865
0.0353240966797
0.0357689857483
0.0225520133972
0.0230529308319
0.0242838859558
0.0247559547424
0.025582075119
0.03058385849
0.0308358669281
0.0310628414154
0.031327009201
0.0318129062653
0.0322480201721
0.0329961776733
0.0336720943451
0.0340480804443
0.0346531867981
0.0399670600891
0.0405721664429
0.0408680438995
0.0413610935211
0.0419111251831
0.0366368293762
0.036878824234
0.037101984024
0.0373179912567
0.037535905838
0.0290629863739
0.0294160842896
0.0325191020966
0.0328271389008
0.033087015152
0.0225658416748
0.0231969356537
0.0237219333649
0.0240559577942
0.0245318412781
0.0297479629517
0.0299580097198
0.0301568508148
0.030396938324
0.030601978302
0.0256991386414
0.0263090133667
0.0272150039673
0.0278182029724
0.0286390781403
0.0263690948486
0.0268170833588
0.0274140834808
0.0279030799866
0.0283720493317
0.0283069610596
0.0284798145294
0.0286359786987
0.0287919044495
0.0289490222931
0.0255811214447
0.0258150100708
0.0260090827942
0.026202917099
0.026398897171
0.0218341350555
0.0220692157745
0.0222890377045
0.0225360393524
0.0230331420898
0.0323581695557
0.0328221321106
0.0336110591888
0.0343430042267
0.0347771644592
0.0377261638641
0.0378901958466
0.0380601882935
0.0382311344147
0.0383780002594
0.0347168445587
0.0350618362427
0.0355908870697
0.0361278057098
0.0365288257599
0.033744096756
0.0344700813293
0.0355291366577
0.0363020896912
0.0376331806183
0.0228641033173
0.0234489440918
0.024111032486
0.0248680114746
0.0256440639496
0.0254721641541
0.0261499881744
0.0272650718689
0.0280909538269
0.0289299488068
0.0290949344635
0.0298898220062
0.030669927597
0.0314178466797
0.0323708057404
0.0366680622101
0.0368430614471
0.0369901657104
0.0371310710907
0.0372860431671
0.0213859081268
0.021577835083
0.0219798088074
0.0223829746246
0.0228669643402
0.0314991474152
0.0323510169983
0.033126115799
0.0338389873505
0.0345590114594
0.0323040485382
0.0327999591827
0.0334830284119
0.0343310832977
0.0350289344788
0.0277700424194
0.0282289981842
0.0287110805511
0.0291259288788
0.0295970439911
0.0502660274506
0.00225901603699
0.0026741027832
0.00340795516968
0.003662109375
0.0376229286194
0.0382640361786
0.0387859344482
0.0391530990601
0.0396540164948
0.0326368808746
0.0331058502197
0.033586025238
0.0345339775085
0.0353989601135
0.0319440364838
0.0322258472443
0.0325260162354
0.0332100391388
0.0336408615112
0.0312728881836
0.0315268039703
0.0317738056183
0.0320188999176
0.0322308540344
0.0232050418854
0.0235249996185
0.0238380432129
0.0243141651154
0.0248811244965
0.0344610214233
0.0392959117889
0.040020942688
0.040561914444
0.0409719944
0.0282990932465
0.0289180278778
0.0295929908752
0.0300869941711
0.0305800437927
0.0335388183594
0.0342788696289
0.0349369049072
0.0354588031769
0.0359678268433
0.0348601341248
0.0354180335999
0.0357971191406
0.0361940860748
0.0365240573883
0.0274319648743
0.0278849601746
0.0283739566803
0.0291049480438
0.0302629470825
0.034698009491
0.0352389812469
0.0359511375427
0.0367810726166
0.0375101566315
0.0263950824738
0.0272040367126
0.0276138782501
0.0280258655548
0.0282640457153
0.0347399711609
0.0352017879486
0.0355858802795
0.0359539985657
0.0365159511566
0.0364158153534
0.0370447635651
0.03764295578
0.038379907608
0.0390758514404
0.0267050266266
0.0274350643158
0.0281691551208
0.0291101932526
0.0298490524292
0.0369899272919
0.0374031066895
0.0378398895264
0.0388920307159
0.0391919612885
0.0311629772186
0.0319681167603
0.0325059890747
0.0330390930176
0.0335609912872
0.028666973114
0.0290701389313
0.0295870304108
0.0299050807953
0.0303559303284
0.0283892154694
0.0288050174713
0.0292592048645
0.0297791957855
0.0301539897919
0.0488588809967
0.0495579242706
0.000797033309937
0.00170707702637
0.00262117385864
0.0463931560516
0.0465431213379
0.0466749668121
0.0468111038208
0.0469410419464
0.0556938648224
0.0562980175018
0.0567638874054
0.0570859909058
0.0574970245361
0.0377719402313
0.0384919643402
0.0391759872437
0.0395889282227
0.0401749610901
0.0266568660736
0.0272610187531
0.0278949737549
0.0283420085907
0.0288238525391
0.0307660102844
0.0315070152283
0.0323328971863
0.0332789421082
0.0342419147491
0.0253441333771
0.0264160633087
0.0274090766907
0.0284910202026
0.0296750068665
0.0258100032806
0.0264670848846
0.0271370410919
0.027755022049
0.0286791324615
0.0286781787872
0.0290751457214
0.0295941829681
0.0301401615143
0.0305020809174
0.0208899974823
0.0214560031891
0.0221998691559
0.0228719711304
0.0233988761902
0.0589330196381
0.0591061115265
0.0592701435089
0.0594310760498
0.0595910549164
0.0434489250183
0.0437278747559
0.0439748764038
0.0442249774933
0.0448389053345
0.036337852478
0.0369160175323
0.0377008914948
0.0383868217468
0.0390949249268
0.0222508907318
0.0226278305054
0.0231549739838
0.0237309932709
0.0242128372192
0.0483381748199
0.0489580631256
0.0493650436401
0.0498461723328
0.00100779533386
0.0417108535767
0.0423288345337
0.0428478717804
0.0432360172272
0.0437488555908
0.0387151241302
0.0389001369476
0.0390520095825
0.0392031669617
0.0393681526184
0.0241868495941
0.024650812149
0.0249388217926
0.0252299308777
0.0255138874054
0.0300841331482
0.0302700996399
0.0304350852966
0.0305991172791
0.0307531356812
0.0290970802307
0.0293760299683
0.0296189785004
0.0298800468445
0.030121088028
0.0235149860382
0.0236721038818
0.0240890979767
0.0244219303131
0.0250210762024
0.0267028808594
0.0273530483246
0.0285348892212
0.0295758247375
0.0305638313293
0.0402200222015
0.0404751300812
0.0407040119171
0.0409390926361
0.0419402122498
0.0335931777954
0.0341250896454
0.0342841148376
0.0344371795654
0.034588098526
0.0334978103638
0.0345869064331
0.0355098247528
0.036269903183
0.0378639698029
0.0364730358124
0.0375249385834
0.0384659767151
0.0416879653931
0.0425250530243
0.0353188514709
0.0358238220215
0.0360579490662
0.0362629890442
0.0364668369293
0.0255029201508
0.0262219905853
0.026862859726
0.0275428295135
0.0281867980957
0.0273499488831
0.027899980545
0.0282399654388
0.0287730693817
0.0294251441956
0.0374081134796
0.0383169651031
0.0390949249268
0.0397109985352
0.0402700901031
0.0285918712616
0.0289459228516
0.0297458171844
0.0302739143372
0.0307648181915
0.0269601345062
0.0277709960938
0.0287239551544
0.0295929908752
0.0305399894714
0.0363359451294
0.0368349552155
0.0372240543365
0.037770986557
0.0384051799774
0.0343120098114
0.0348079204559
0.0351479053497
0.0356390476227
0.0362310409546
0.0441410541534
0.0445981025696
0.045725107193
0.0464680194855
0.0474140644073
0.0359349250793
0.0387468338013
0.0396749973297
0.0407328605652
0.0416309833527
0.0354270935059
0.0356159210205
0.0357749462128
0.0359280109406
0.0361120700836
0.0673849582672
0.0181288719177
0.0190608501434
0.021815776825
0.0219709873199
0.0484318733215
0.0492079257965
0.000358819961548
0.00132083892822
0.0020649433136
0.0299379825592
0.0304780006409
0.0313189029694
0.0322189331055
0.0331449508667
0.0624289512634
0.00418496131897
0.00548195838928
0.0064549446106
0.00730991363525
0.0422170162201
0.0434279441833
0.0443508625031
0.0449879169464
0.0488879680634
0.0354559421539
0.0357210636139
0.035936832428
0.0361449718475
0.0363609790802
0.0314481258392
0.0316650867462
0.0318620204926
0.0320780277252
0.0323901176453
0.0251731872559
0.0253942012787
0.0255811214447
0.0257680416107
0.0259521007538
0.0265810489655
0.0268559455872
0.0273199081421
0.0277259349823
0.0281989574432
0.0241219997406
0.0243139266968
0.0245289802551
0.0247070789337
0.0248711109161
0.0251019001007
0.0252778530121
0.0254499912262
0.0256080627441
0.025759935379
0.0273060798645
0.0275130271912
0.0277030467987
0.0278708934784
0.0280430316925
0.0292279720306
0.0294599533081
0.0296568870544
0.029876947403
0.0302040576935
0.0319330692291
0.0334370136261
0.034777879715
0.035845041275
0.0416879653931
0.0231461524963
0.0335130691528
0.0358741283417
0.0362780094147
0.0366749763489
0.0406050682068
0.0413188934326
0.0420019626617
0.0426890850067
0.0433709621429
0.028333902359
0.0296919345856
0.0309028625488
0.03209400177
0.0330948829651
0.0280070304871
0.0283651351929
0.028608083725
0.028813123703
0.029011964798
0.0350940227509
0.0355260372162
0.0360088348389
0.0362269878387
0.0369739532471
0.0285451412201
0.0291831493378
0.0298130512238
0.0304372310638
0.0310590267181
0.0261921882629
0.0268089771271
0.0273950099945
0.0279719829559
0.0285539627075
0.0236759185791
0.0244119167328
0.0250999927521
0.0258350372314
0.0265159606934
0.0238399505615
0.0245499610901
0.025239944458
0.0259280204773
0.0266079902649
0.0312929153442
0.0318849086761
0.0324239730835
0.0329530239105
0.0334849357605
0.028265953064
0.0288569927216
0.0294229984283
0.0299580097198
0.0304889678955
0.0362110137939
0.0369820594788
0.0377180576324
0.0384449958801
0.0392348766327
0.0250170230865
0.025643825531
0.0262229442596
0.0268039703369
0.0274038314819
0.0336711406708
0.0343790054321
0.0350980758667
0.0358471870422
0.0365409851074
0.0285921096802
0.0290861129761
0.0293960571289
0.0296981334686
0.0358581542969
0.0255799293518
0.0258021354675
0.0260000228882
0.0262241363525
0.0264210700989
0.031182050705
0.0313959121704
0.0315890312195
0.0317769050598
0.031986951828
0.0292019844055
0.0294349193573
0.0296630859375
0.0298779010773
0.0300920009613
0.0564649105072
0.0567388534546
0.0570268630981
0.0571858882904
0.00209999084473
0.0362560749054
0.0364601612091
0.0366361141205
0.0368061065674
0.0369911193848
0.0254621505737
0.0257821083069
0.0260910987854
0.0264029502869
0.0266771316528
0.0398571491241
0.0401721000671
0.0404801368713
0.0407769680023
0.0410451889038
0.0267431735992
0.0270550251007
0.0273711681366
0.0276591777802
0.0279800891876
0.0352301597595
0.0355091094971
0.0357551574707
0.0360331535339
0.0363411903381
0.0334329605103
0.0336048603058
0.0337619781494
0.033931016922
0.0340838432312
0.0269949436188
0.0272619724274
0.0275161266327
0.0277800559998
0.0279920101166
0.0291178226471
0.0299308300018
0.0306057929993
0.0314748287201
0.0320568084717
0.0267639160156
0.0270447731018
0.027352809906
0.0277349948883
0.0280358791351
0.0404341220856
0.0406160354614
0.0407750606537
0.0409290790558
0.0410809516907
0.0302629470825
0.0304539203644
0.0306220054626
0.0307939052582
0.0309598445892
0.0282499790192
0.0285239219666
0.0287690162659
0.0290160179138
0.0292699337006
0.0221970081329
0.0224812030792
0.0227451324463
0.0230400562286
0.0233039855957
0.0266401767731
0.0268361568451
0.0270071029663
0.027163028717
0.027458190918
0.0372078418732
0.0373809337616
0.0375409126282
0.0376989841461
0.037850856781
0.0312340259552
0.0314121246338
0.031564950943
0.031711101532
0.0318610668182
0.0292940139771
0.0298721790314
0.0303709506989
0.0306210517883
0.031042098999
0.0236251354218
0.0240201950073
0.0248830318451
0.0256750583649
0.0265650749207
0.0330529212952
0.0332880020142
0.0335178375244
0.0337438583374
0.0339648723602
0.0251760482788
0.0257790088654
0.0263159275055
0.0269770622253
0.0274710655212
0.0257239341736
0.0258929729462
0.02605509758
0.0262150764465
0.0263690948486
0.0306198596954
0.0308039188385
0.0309648513794
0.0311408042908
0.0313098430634
0.0321249961853
0.032378911972
0.0326068401337
0.032821893692
0.033056974411
0.0342891216278
0.0344889163971
0.0346639156342
0.0348389148712
0.0350329875946
0.0331230163574
0.0333850383759
0.0336179733276
0.0338530540466
0.0340909957886
0.0267729759216
0.0279560089111
0.0303499698639
0.0315589904785
0.0327620506287
0.0454850196838
0.0459020137787
0.0463089942932
0.0466949939728
0.0470659732819
0.0305647850037
0.0307528972626
0.0309138298035
0.0310709476471
0.0312278270721
0.0308270454407
0.0310480594635
0.0312671661377
0.031455039978
0.0316569805145
0.0264499187469
0.0268089771271
0.0271680355072
0.027538061142
0.0278840065002
0.0466618537903
0.0468969345093
0.0470948219299
0.0473070144653
0.0475158691406
0.0367429256439
0.0370049476624
0.0372269153595
0.0374507904053
0.0376718044281
0.0301368236542
0.0304248332977
0.0307059288025
0.0309917926788
0.0313098430634
0.0272028446198
0.0278809070587
0.0286037921906
0.0293869972229
0.0300278663635
0.0304048061371
0.030651807785
0.0308828353882
0.0311079025269
0.0313398838043
0.033490896225
0.0342688560486
0.0351409912109
0.0358309745789
0.0365560054779
0.0290858745575
0.029424905777
0.0296170711517
0.0298080444336
0.0299899578094
0.0183901786804
0.0186240673065
0.0188319683075
0.0190410614014
0.0192489624023
0.0479049682617
0.0480968952179
0.0482568740845
0.0484178066254
0.0485708713531
0.0405020713806
0.0407350063324
0.0409519672394
0.0411751270294
0.0413880348206
0.0390410423279
0.0392420291901
0.0394129753113
0.0395750999451
0.0397629737854
0.0255968570709
0.0261039733887
0.0266199111938
0.0271399021149
0.0276999473572
0.0327391624451
0.0338649749756
0.0346291065216
0.0353710651398
0.0359621047974
0.0301389694214
0.0304400920868
0.0306921005249
0.0312371253967
0.0317299365997
0.0381369590759
0.0387079715729
0.0392091274261
0.0397231578827
0.0402770042419
0.0280079841614
0.0285890102386
0.0291159152985
0.0297789573669
0.0304710865021
0.0321390628815
0.0332629680634
0.0342350006104
0.0352909564972
0.0363190174103
0.0284330844879
0.0286531448364
0.0288600921631
0.0290660858154
0.0292642116547
0.0715911388397
0.0214610099792
0.0227789878845
0.0237350463867
0.0246121883392
0.0588672161102
0.0591790676117
0.0594301223755
0.0596811771393
0.0599281787872
0.0442759990692
0.0445098876953
0.044713973999
0.044912815094
0.0451049804688
0.0443551540375
0.0446882247925
0.0449759960175
0.0452520847321
0.0455400943756
0.0352129936218
0.0353999137878
0.0355579853058
0.0357189178467
0.0358800888062
0.0313158035278
0.0315608978271
0.0317738056183
0.0319788455963
0.0321838855743
0.0254900455475
0.0256950855255
0.0258710384369
0.0260419845581
0.0262091159821
0.0264799594879
0.0267059803009
0.0269000530243
0.0270841121674
0.0272700786591
0.0347800254822
0.0350239276886
0.0352509021759
0.0354750156403
0.0364928245544
0.0391581058502
0.0393440723419
0.0395030975342
0.0396590232849
0.039971113205
0.0361440181732
0.0363810062408
0.036600112915
0.0368111133575
0.0370180606842
0.0299608707428
0.0307068824768
0.0311458110809
0.0316758155823
0.0321040153503
0.0242471694946
0.0247750282288
0.0255031585693
0.026015996933
0.027615070343
0.0359630584717
0.036612033844
0.0370659828186
0.0375618934631
0.0380849838257
0.0297319889069
0.030021905899
0.0302288532257
0.0304880142212
0.0307009220123
0.0399558544159
0.040452003479
0.0406999588013
0.0410850048065
0.0412769317627
0.0375530719757
0.0378038883209
0.0381619930267
0.0385758876801
0.0389680862427
0.0375740528107
0.0382850170135
0.0388998985291
0.0394880771637
0.0399830341339
0.030993938446
0.0314469337463
0.0319130420685
0.0323390960693
0.0327589511871
0.0257000923157
0.0263409614563
0.0270290374756
0.0275580883026
0.0285639762878
0.0297467708588
0.0301518440247
0.0306468009949
0.0312869548798
0.0318949222565
0.032026052475
0.0327689647675
0.0334169864655
0.0343489646912
0.0352840423584
0.0278079509735
0.0287110805511
0.0374820232391
0.0382349491119
0.0389001369476
0.0447189807892
0.0457561016083
0.0467710494995
0.0476751327515
0.0485651493073
0.0347218513489
0.0351939201355
0.0355570316315
0.0361039638519
0.0362799167633
0.0291068553925
0.0302929878235
0.0310418605804
0.0321509838104
0.0332839488983
0.0353059768677
0.0358719825745
0.0365309715271
0.0370869636536
0.0377058982849
0.0266220569611
0.0271480083466
0.0277011394501
0.0282180309296
0.0287220478058
0.0443520545959
0.0450441837311
0.0459940433502
0.0523450374603
0.0526900291443
0.0315210819244
0.0321700572968
0.0329601764679
0.0342690944672
0.0350551605225
0.0325229167938
0.0327661037445
0.0329780578613
0.0331830978394
0.03338098526
0.030021905899
0.0304498672485
0.031124830246
0.0318179130554
0.0326018333435
0.0345919132233
0.0355288982391
0.0367829799652
0.0382828712463
0.0390219688416
0.0267770290375
0.0274062156677
0.0280351638794
0.0286900997162
0.0293250083923
0.0334649085999
0.0344898700714
0.0354678630829
0.0363008975983
0.0368959903717
0.0317938327789
0.0328958034515
0.0333938598633
0.0341708660126
0.0349009037018
0.0284979343414
0.0291121006012
0.0295009613037
0.0300469398499
0.0307950973511
0.0338110923767
0.0347490310669
0.0362200737
0.0376989841461
0.0385420322418
0.0250010490417
0.0258131027222
0.0266292095184
0.027321100235
0.0286312103271
0.0307168960571
0.0315210819244
0.0324580669403
0.033215045929
0.0350260734558
0.0263869762421
0.0277740955353
0.0284039974213
0.0290679931641
0.0298330783844
0.0333080291748
0.0345818996429
0.0351729393005
0.0368540287018
0.0384960174561
0.0394768714905
0.0402700901031
0.0405530929565
0.0408329963684
0.0411028862
0.0357811450958
0.0365691184998
0.0378310680389
0.0399870872498
0.0415279865265
0.0304088592529
0.0314347743988
0.0323889255524
0.0338158607483
0.0348429679871
0.0341382026672
0.0344049930573
0.0346841812134
0.0349612236023
0.0352370738983
0.0246429443359
0.0249629020691
0.0252630710602
0.0255599021912
0.0258591175079
0.016566991806
0.0169460773468
0.0179510116577
0.0198180675507
0.0202989578247
0.0292279720306
0.029522895813
0.0298359394073
0.0301320552826
0.0304288864136
0.0290079116821
0.0297060012817
0.0303978919983
0.031418800354
0.033029794693
0.0235810279846
0.0239610671997
0.0243320465088
0.0246992111206
0.0250241756439
0.0329191684723
0.0332159996033
0.0335161685944
0.0337851047516
0.0340580940247
0.0276548862457
0.027843952179
0.0280089378357
0.0281670093536
0.028324842453
0.0297100543976
0.0299639701843
0.0301749706268
0.0303871631622
0.0306000709534
0.0274641513824
0.0279421806335
0.0284662246704
0.0288870334625
0.0294191837311
0.0343689918518
0.0347399711609
0.035413980484
0.0362389087677
0.0370628833771
0.0378770828247
0.0384521484375
0.0389499664307
0.0393331050873
0.0397779941559
0.0209908485413
0.0244379043579
0.025083065033
0.0258939266205
0.0265350341797
0.0415239334106
0.0423030853271
0.0454211235046
0.0461249351501
0.0467121601105
0.037899017334
0.0388391017914
0.0433731079102
0.0444159507751
0.0455260276794
0.0361659526825
0.0375940799713
0.0383939743042
0.0393850803375
0.0404460430145
0.023325920105
0.0240409374237
0.0247778892517
0.0254859924316
0.0263659954071
0.0364739894867
0.0370810031891
0.0376441478729
0.0382449626923
0.0389029979706
0.0395021438599
0.0399949550629
0.0404109954834
0.0409619808197
0.0413320064545
0.036915063858
0.037369966507
0.0384211540222
0.0392830371857
0.0401270389557
0.028883934021
0.029571056366
0.0301818847656
0.033518075943
0.0341830253601
0.0248689651489
0.0255019664764
0.0261101722717
0.0268211364746
0.0313611030579
0.0294208526611
0.0305349826813
0.0315148830414
0.032506942749
0.0335068702698
0.0347700119019
0.0356149673462
0.0363330841064
0.0410001277924
0.0417850017548
0.0326240062714
0.0331070423126
0.0339140892029
0.0345461368561
0.0354421138763
0.0353889465332
0.0363330841064
0.0372071266174
0.0379300117493
0.0387051105499
0.0200481414795
0.0510380268097
0.000184059143066
0.000818967819214
0.00164604187012
0.0363519191742
0.0368599891663
0.0372049808502
0.0378818511963
0.0385210514069
0.0305118560791
0.0315568447113
0.0322668552399
0.0330119132996
0.0338518619537
0.0285918712616
0.0293200016022
0.0302548408508
0.0310838222504
0.0318429470062
0.037134885788
0.0377039909363
0.0386168956757
0.0391850471497
0.0395359992981
0.0316610336304
0.0323078632355
0.0330679416656
0.0337998867035
0.0345230102539
0.0486168861389
0.0497529506683
0.00181102752686
0.00313591957092
0.0036768913269
0.0429768562317
0.0441930294037
0.0453748703003
0.0465528964996
0.0475540161133
0.0336740016937
0.0342519283295
0.0346670150757
0.0350639820099
0.0389010906219
0.0359129905701
0.0365569591522
0.0369579792023
0.0377531051636
0.0387299060822
0.0346190929413
0.0359439849854
0.0369250774384
0.0381350517273
0.0391609668732
0.0387849807739
0.0393121242523
0.0400230884552
0.0408911705017
0.0428581237793
0.0401089191437
0.0407009124756
0.0409619808197
0.0412077903748
0.0414459705353
0.0325171947479
0.0332570075989
0.0337941646576
0.0342130661011
0.0346360206604
0.0239200592041
0.0241949558258
0.0244319438934
0.0246698856354
0.0546519756317
0.0300290584564
0.0306429862976
0.0315279960632
0.0321259498596
0.0327041149139
0.0259201526642
0.0264241695404
0.0271961688995
0.0280470848083
0.0336301326752
0.0310199260712
0.0318310260773
0.0326068401337
0.0335128307343
0.0344350337982
0.0297069549561
0.0302069187164
0.0308399200439
0.031238079071
0.0315899848938
0.0384569168091
0.0393087863922
0.0400719642639
0.0408298969269
0.0416009426117
0.0308451652527
0.0313949584961
0.0321340560913
0.032888174057
0.0334031581879
0.0267429351807
0.0276939868927
0.0280699729919
0.0301420688629
0.0310099124908
0.0335230827332
0.0340600013733
0.034744977951
0.0353620052338
0.0360221862793
0.0391368865967
0.0395400524139
0.0398399829865
0.0407469272614
0.0416810512543
0.032998085022
0.0336821079254
0.0343301296234
0.0349831581116
0.0357401371002
0.0308690071106
0.0318739414215
0.033035993576
0.0378890037537
0.0387630462646
0.0362389087677
0.0370090007782
0.0378937721252
0.0385978221893
0.0399608612061
0.0317828655243
0.032567024231
0.0334508419037
0.0346548557281
0.0354478359222
0.0316700935364
0.0323359966278
0.0327751636505
0.0333549976349
0.0338189601898
0.0406410694122
0.0432119369507
0.0441150665283
0.0448551177979
0.0454139709473
0.0362589359283
0.0366549491882
0.0370059013367
0.0378868579865
0.0383329391479
0.032191991806
0.0324170589447
0.0326089859009
0.0327911376953
0.0329730510712
0.0256090164185
0.0258347988129
0.0260078907013
0.026193857193
0.0263698101044
0.0239319801331
0.0242328643799
0.0244278907776
0.024610042572
0.024778842926
0.0351729393005
0.0364770889282
0.0375030040741
0.0387349128723
0.0398209095001
0.0261209011078
0.0264029502869
0.0266160964966
0.0268189907074
0.0270419120789
0.0210678577423
0.0214200019836
0.021803855896
0.0223898887634
0.0228750705719
0.0344870090485
0.0346720218658
0.0348391532898
0.035001039505
0.0351619720459
0.0325810909271
0.0328431129456
0.0330691337585
0.0333201885223
0.0335500240326
0.0271940231323
0.0274999141693
0.0281300544739
0.0287868976593
0.0293688774109
0.0749218463898
0.0242218971252
0.0247700214386
0.0252890586853
0.026181936264
0.0625109672546
0.00260710716248
0.00360894203186
0.00423002243042
0.0045690536499
0.0447769165039
0.0456941127777
0.0462710857391
0.0468211174011
0.0475029945374
0.036474943161
0.0368859767914
0.0371291637421
0.0377390384674
0.0385251045227
0.0365509986877
0.0371069908142
0.0376260280609
0.0381908416748
0.0385029315948
0.0363111495972
0.0366370677948
0.0368790626526
0.0371141433716
0.0378911495209
0.0385639667511
0.0390598773956
0.0393400192261
0.0398399829865
0.0402669906616
0.0246210098267
0.0250978469849
0.0256140232086
0.0258729457855
0.0260457992554
0.0384180545807
0.039067029953
0.0399870872498
0.0404841899872
0.0410661697388
0.0358738899231
0.0364639759064
0.0372099876404
0.0378699302673
0.0396580696106
0.0215828418732
0.0431480407715
0.0433478355408
0.0435700416565
0.043781042099
0.0266399383545
0.0268678665161
0.02707695961
0.0272798538208
0.0274789333344
0.0249719619751
0.0251460075378
0.0253059864044
0.0254600048065
0.0256109237671
0.0262620449066
0.0264849662781
0.0266609191895
0.026841878891
0.0270168781281
0.0282320976257
0.0284519195557
0.0286540985107
0.0288231372833
0.0289940834045
0.0210690498352
0.0218570232391
0.0224030017853
0.0229330062866
0.0234401226044
0.02681016922
0.0278131961823
0.0283291339874
0.0288400650024
0.0293440818787
0.0367021560669
0.0372769832611
0.0379350185394
0.0385370254517
0.0391321182251
0.0302290916443
0.0304501056671
0.0308661460876
0.0313739776611
0.0320241451263
0.0275659561157
0.028048992157
0.0287039279938
0.0293288230896
0.0299270153046
0.0225939750671
0.0236449241638
0.0245809555054
0.0256149768829
0.0267770290375
0.029237985611
0.0306298732758
0.0319640636444
0.0332179069519
0.0346720218658
0.0276691913605
0.028177022934
0.0291101932526
0.0299880504608
0.0308821201324
0.0413219928741
0.0415771007538
0.0418109893799
0.0423331260681
0.0425620079041
0.034325838089
0.0345039367676
0.0346720218658
0.0348289012909
0.0349910259247
0.0228068828583
0.0237729549408
0.0245599746704
0.0258119106293
0.0264139175415
0.0364770889282
0.0366451740265
0.0367879867554
0.0369281768799
0.0370690822601
0.0227131843567
0.023411989212
0.0238831043243
0.0244071483612
0.0249831676483
0.0227868556976
0.0236139297485
0.0245499610901
0.0253999233246
0.0261759757996
0.0307569503784
0.0315189361572
0.0322439670563
0.0330989360809
0.0339930057526
0.0270290374756
0.0272181034088
0.0273959636688
0.0275709629059
0.0277400016785
0.0212090015411
0.0214772224426
0.0217230319977
0.0219700336456
0.0224511623383
0.0273499488831
0.0278389453888
0.0281381607056
0.0283889770508
0.0286271572113
0.0325849056244
0.0331518650055
0.0336439609528
0.0345818996429
0.0353639125824
0.0285539627075
0.0292088985443
0.0298519134521
0.0306348800659
0.0312969684601
0.0289900302887
0.0298471450806
0.0307941436768
0.0316691398621
0.0325119495392
0.0292119979858
0.0293929576874
0.0295691490173
0.0297341346741
0.029904127121
0.031543970108
0.0317289829254
0.0318911075592
0.0320479869843
0.0322000980377
0.0324950218201
0.0330679416656
0.0335779190063
0.0338580608368
0.0343580245972
0.0336430072784
0.0338411331177
0.0340240001678
0.0341980457306
0.0343749523163
0.0236830711365
0.0243308544159
0.0251200199127
0.02570104599
0.0260188579559
0.0333111286163
0.0338580608368
0.034334897995
0.0348091125488
0.0352721214294
0.0186719894409
0.0192029476166
0.0195980072021
0.0200130939484
0.0205309391022
0.0266621112823
0.0268311500549
0.0269839763641
0.0271351337433
0.0272850990295
0.0178759098053
0.0186688899994
0.019425868988
0.0196249485016
0.0205500125885
0.0254797935486
0.0258798599243
0.0263760089874
0.0268759727478
0.0301837921143
0.0373980998993
0.0380041599274
0.0390100479126
0.039754152298
0.040500164032
0.0310778617859
0.0316908359528
0.0321419239044
0.0327188968658
0.0333669185638
0.0262720584869
0.0268459320068
0.0273489952087
0.027820110321
0.0281629562378
0.0221600532532
0.0224511623383
0.0227181911469
0.0229849815369
0.0232520103455
0.027909040451
0.0287399291992
0.029531955719
0.0305290222168
0.0309660434723
0.0254819393158
0.0257849693298
0.0260670185089
0.0263509750366
0.0266129970551
0.0267748832703
0.0269620418549
0.0271248817444
0.0273008346558
0.0274460315704
0.0322041511536
0.0324211120605
0.0326080322266
0.0327761173248
0.0329329967499
0.0418879985809
0.0421030521393
0.042289018631
0.0424740314484
0.0426509380341
0.0276510715485
0.0278389453888
0.0279901027679
0.0281319618225
0.02827501297
0.0213439464569
0.0215699672699
0.0217728614807
0.0219669342041
0.0221650600433
0.0308611392975
0.0310411453247
0.0312411785126
0.0314111709595
0.0315971374512
0.0611679553986
0.0613930225372
0.0615680217743
0.061733007431
0.0618958473206
0.0349149703979
0.0358719825745
0.0363881587982
0.0366690158844
0.0368671417236
0.0283291339874
0.0287270545959
0.0290400981903
0.0293490886688
0.0296649932861
0.0287220478058
0.0294620990753
0.0300199985504
0.0305979251862
0.0311899185181
0.0259580612183
0.0267560482025
0.0277659893036
0.0286600589752
0.0293610095978
0.0329728126526
0.0334298610687
0.0342998504639
0.0349578857422
0.0355958938599
0.0312190055847
0.0320510864258
0.0326960086823
0.033280134201
0.0337810516357
0.03440117836
0.0351810455322
0.0357091426849
0.0368921756744
0.0466840267181
0.0323860645294
0.0334849357605
0.0343389511108
0.0351150035858
0.0357511043549
0.0350229740143
0.0358331203461
0.0365669727325
0.03737616539
0.038213968277
0.0281338691711
0.0308229923248
0.0315089225769
0.032243013382
0.0329048633575
0.0279901027679
0.0288820266724
0.0296659469604
0.0303931236267
0.0312070846558
0.0240559577942
0.0246620178223
0.0251569747925
0.0255520343781
0.0259630680084
0.033411026001
0.0338940620422
0.0342841148376
0.0348999500275
0.0354020595551
0.0352528095245
0.0363798141479
0.037446975708
0.0385417938232
0.0391068458557
0.0334448814392
0.0344159603119
0.0352420806885
0.0358059406281
0.0361700057983
0.0319719314575
0.0330510139465
0.0341889858246
0.0413429737091
0.0420849323273
0.0403568744659
0.040983915329
0.0418219566345
0.0424280166626
0.0431218147278
0.0282309055328
0.0291390419006
0.0298969745636
0.0306270122528
0.0316269397736
0.0372459888458
0.0380601882935
0.0390660762787
0.040030002594
0.0409851074219
0.0327961444855
0.0336451530457
0.0341401100159
0.0348460674286
0.0355381965637
0.0169558525085
0.041393995285
0.0421829223633
0.0430870056152
0.0438108444214
0.038241147995
0.0389180183411
0.0396900177002
0.0402519702911
0.0408990383148
0.0648679733276
0.004634141922
0.00515604019165
0.0055980682373
0.00607204437256
0.0447351932526
0.0448970794678
0.0450510978699
0.0452070236206
0.0453469753265
0.0259368419647
0.0261199474335
0.0262849330902
0.0266599655151
0.0269060134888
0.0245749950409
0.0248501300812
0.0255279541016
0.0262050628662
0.0267839431763
0.0392239093781
0.0399498939514
0.0411028862
0.0421359539032
0.0431528091431
0.0292110443115
0.0297009944916
0.0302460193634
0.0306940078735
0.0311698913574
0.0471889972687
0.0479860305786
0.0487139225006
0.0497360229492
0.00179195404053
0.0525369644165
0.0527999401093
0.00138592720032
0.00256490707397
0.00323987007141
0.0249829292297
0.025545835495
0.0260629653931
0.026627779007
0.0273549556732
0.0423529148102
0.0465579032898
0.0473389625549
0.0484039783478
0.0492119789124
0.0402700901031
0.0405418872833
0.0407829284668
0.0410270690918
0.041533946991
0.0255489349365
0.0263328552246
0.027135848999
0.0278828144073
0.0286908149719
0.0741519927979
0.0249269008636
0.0258049964905
0.0266118049622
0.0274047851562
0.0501928329468
0.050372838974
0.0505437850952
0.0509657859802
0.0512218475342
0.028177022934
0.0283892154694
0.0285680294037
0.0287530422211
0.0289351940155
0.0309021472931
0.0311441421509
0.031366109848
0.0315790176392
0.0317969322205
0.0737800598145
0.0739741325378
0.0741469860077
0.0743291378021
0.0744881629944
0.0422310829163
0.042475938797
0.0426869392395
0.0429019927979
0.043112039566
0.0361020565033
0.0362920761108
0.0364480018616
0.0366048812866
0.0367569923401
0.0497109889984
0.0499098300934
0.0500838756561
0.0502507686615
0.0504238605499
0.0492169857025
0.0493919849396
0.0495507717133
0.0497028827667
0.0498600006104
0.027028799057
0.0272529125214
0.0274498462677
0.0276379585266
0.0278289318085
0.033035993576
0.0332260131836
0.0333971977234
0.0335631370544
0.0337300300598
0.0445911884308
0.0452461242676
0.0459780693054
0.0467340946198
0.0474209785461
0.0407700538635
0.041307926178
0.0418729782104
0.042494058609
0.0429949760437
0.0380351543427
0.0387110710144
0.0396120548248
0.0402309894562
0.041109085083
0.0351400375366
0.0357301235199
0.0361049175262
0.036719083786
0.0374441146851
0.028067111969
0.0282912254333
0.0284340381622
0.028578042984
0.028911113739
0.0351960659027
0.0356290340424
0.0363490581512
0.0378761291504
0.0388290882111
0.0332651138306
0.0334410667419
0.0339860916138
0.0344870090485
0.0349841117859
0.0259039402008
0.0264010429382
0.0269439220428
0.0274250507355
0.0281291007996
0.0433127880096
0.0440349578857
0.0449318885803
0.0456249713898
0.0463809967041
0.036553144455
0.0367901325226
0.0369601249695
0.0371241569519
0.0372881889343
0.0618669986725
0.0620489120483
0.0622098445892
0.0623679161072
0.0632429122925
0.0318839550018
0.0321431159973
0.0323619842529
0.0325810909271
0.0327980518341
0.044536113739
0.0447480678558
0.0449299812317
0.0451140403748
0.0452930927277
0.0252120494843
0.0253791809082
0.0255560874939
0.0257132053375
0.0260190963745
0.0341148376465
0.0343058109283
0.0344829559326
0.0346519947052
0.0348258018494
0.039617061615
0.0405120849609
0.0410869121552
0.0416541099548
0.0426650047302
0.0347919464111
0.0352721214294
0.0357980728149
0.0362980365753
0.0367760658264
0.0572748184204
0.0575959682465
0.0578949451447
0.0581758022308
0.0584509372711
0.032567024231
0.0327410697937
0.0329041481018
0.0330610275269
0.0332210063934
0.0768258571625
0.0770139694214
0.0771758556366
0.0773298740387
0.0774869918823
0.0408220291138
0.0409960746765
0.0411460399628
0.0412900447845
0.0417830944061
0.0672831535339
0.0675141811371
0.0676920413971
0.0678570270538
0.0680191516876
0.0237970352173
0.0241451263428
0.0244700908661
0.0247581005096
0.0250179767609
0.0379869937897
0.0391130447388
0.0403389930725
0.0412991046906
0.042191028595
0.0267450809479
0.026967048645
0.0278360843658
0.0287780761719
0.0296361446381
0.0370738506317
0.0376808643341
0.0408079624176
0.0412199497223
0.04185795784
0.0524439811707
0.00169396400452
0.00257205963135
0.00299596786499
0.00328207015991
0.0366389751434
0.0371809005737
0.0377399921417
0.0383620262146
0.0390300750732
0.0346510410309
0.0352609157562
0.035896062851
0.0364239215851
0.036759853363
0.0320777893066
0.0324738025665
0.0327589511871
0.033035993576
0.033814907074
0.0288980007172
0.0291159152985
0.0293381214142
0.029510974884
0.0296750068665
0.0351300239563
0.0354058742523
0.0356509685516
0.0358769893646
0.0361158847809
0.0339851379395
0.034243106842
0.0345811843872
0.034924030304
0.0408279895782
0.0308492183685
0.0310461521149
0.0312151908875
0.0313801765442
0.0315411090851
0.0382890701294
0.0385541915894
0.0387501716614
0.038938999176
0.0391252040863
0.0366749763489
0.0368669033051
0.0370540618896
0.0372219085693
0.0373919010162
0.026673078537
0.0271551609039
0.027487039566
0.0276601314545
0.027820110321
0.0287439823151
0.0289578437805
0.0291519165039
0.0293259620667
0.029501914978
0.0621378421783
0.0623478889465
0.0625298023224
0.0627129077911
0.0628759860992
0.0280110836029
0.0281901359558
0.0283770561218
0.028538942337
0.0287079811096
0.0496850013733
0.0498719215393
0.0500338077545
0.0502088069916
0.0503838062286
0.0560932159424
0.0563490390778
0.0565700531006
0.0567770004272
0.056990146637
0.0451180934906
0.0452980995178
0.0454590320587
0.0456130504608
0.0457849502563
0.0365347862244
0.0367608070374
0.0369098186493
0.0374338626862
0.0382158756256
0.0252618789673
0.0256190299988
0.0263178348541
0.0270888805389
0.0279099941254
0.0402610301971
0.0404808521271
0.0406658649445
0.0408449172974
0.0410180091858
0.0442981719971
0.0473401546478
0.0486221313477
0.0492141246796
0.0501081943512
0.052442073822
0.0527110099792
0.0529510974884
0.0531940460205
0.0534689426422
0.0292840003967
0.0295960903168
0.0299050807953
0.0303430557251
0.0309991836548
0.0272350311279
0.0274360179901
0.0281150341034
0.0287990570068
0.0294771194458
0.0302639007568
0.0308978557587
0.03142786026
0.0318338871002
0.0324828624725
0.0264708995819
0.0267150402069
0.0269589424133
0.0271780490875
0.0273990631104
0.0344350337982
0.0349600315094
0.0352158546448
0.0354118347168
0.0356318950653
0.0280239582062
0.028382062912
0.0286569595337
0.0289578437805
0.0291669368744
0.0266649723053
0.027538061142
0.028272151947
0.02894115448
0.0298869609833
0.0256478786469
0.0262129306793
0.0269339084625
0.0277609825134
0.0288059711456
0.0404958724976
0.0414628982544
0.0420858860016
0.0426869392395
0.0432889461517
0.0499200820923
0.0506329536438
0.000770092010498
0.00502014160156
0.00554704666138
0.0312190055847
0.0318100452423
0.0323791503906
0.0330669879913
0.0335910320282
0.0318150520325
0.0321400165558
0.0326600074768
0.0330519676208
0.0334119796753
0.0291979312897
0.0298109054565
0.0307738780975
0.0319268703461
0.0328137874603
0.0313031673431
0.0316669940948
0.0319972038269
0.0327870845795
0.0335102081299
0.0245471000671
0.0256230831146
0.0264511108398
0.0274910926819
0.0284030437469
0.0374999046326
0.0387189388275
0.0395300388336
0.040599822998
0.0417609214783
0.0261540412903
0.0270719528198
0.0280079841614
0.0289800167084
0.0348501205444
0.0297179222107
0.0302450656891
0.0306761264801
0.0310001373291
0.0315330028534
0.0349190235138
0.035961151123
0.0407650470734
0.0414061546326
0.0420620441437
0.0381519794464
0.0386900901794
0.0392081737518
0.0400171279907
0.0406131744385
0.0287501811981
0.0293190479279
0.029794216156
0.0301351547241
0.0306210517883
0.0412220954895
0.042277097702
0.0432059764862
0.0439140796661
0.0447280406952
0.0452210903168
0.0459220409393
0.0464470386505
0.046982049942
0.0474021434784
0.0531470775604
0.0534751415253
0.0537281036377
0.0031681060791
0.00464701652527
0.0267779827118
0.0274569988251
0.0281810760498
0.0287790298462
0.0293490886688
0.0395069122314
0.0399920940399
0.0404679775238
0.0409550666809
0.0438499450684
0.0577709674835
0.0608668327332
0.00448989868164
0.00559997558594
0.0063738822937
0.0361728668213
0.0368919372559
0.0373618602753
0.0378420352936
0.0382750034332
0.0365030765533
0.0367250442505
0.036917924881
0.0377750396729
0.0385298728943
0.0301911830902
0.0307321548462
0.0314290523529
0.0318970680237
0.0324189662933
0.0306560993195
0.0308229923248
0.0309841632843
0.0311410427094
0.0315580368042
0.0378642082214
0.0385930538177
0.0393052101135
0.0398809909821
0.0403652191162
0.0344560146332
0.0349280834198
0.0353381633759
0.0356960296631
0.0361239910126
0.0404407978058
0.0408937931061
0.0417659282684
0.0424318313599
0.0429899692535
0.0382528305054
0.0390448570251
0.0397908687592
0.0408568382263
0.0418939590454
0.0401298999786
0.0410990715027
0.0418949127197
0.042778968811
0.0434699058533
0.028815984726
0.0295450687408
0.0301079750061
0.0309290885925
0.0353779792786
0.0832898616791
0.0835039615631
0.083655834198
0.0838060379028
0.0839488506317
0.075670003891
0.0760300159454
0.0190770626068
0.0198421478271
0.0201499462128
0.0469529628754
0.0475881099701
0.0482110977173
0.0489571094513
0.0494270324707
0.03937292099
0.0395400524139
0.0396859645844
0.0398349761963
0.0400099754333
0.0230710506439
0.0232889652252
0.0234830379486
0.023913860321
0.024472951889
0.0775029659271
0.0776998996735
0.077871799469
0.0780439376831
0.0782699584961
0.0494709014893
0.00227403640747
0.00288200378418
0.00316619873047
0.00345706939697
0.0407800674438
0.0410060882568
0.0412142276764
0.0414180755615
0.041620016098
0.0441679954529
0.0444090366364
0.0445909500122
0.0447719097137
0.0452709197998
0.0295159816742
0.0298471450806
0.0300559997559
0.0304589271545
0.0310289859772
0.0357899665833
0.0363421440125
0.0368881225586
0.0374720096588
0.0379960536957
0.0295968055725
0.0304038524628
0.0310528278351
0.0317099094391
0.0323479175568
0.0307540893555
0.030925989151
0.0310940742493
0.0312609672546
0.0314431190491
0.0318830013275
0.0321061611176
0.0323011875153
0.0324981212616
0.0326941013336
0.0271689891815
0.0273880958557
0.0275750160217
0.0277609825134
0.0279440879822
0.026270866394
0.026538848877
0.0268588066101
0.0273168087006
0.0275859832764
0.0263390541077
0.0273070335388
0.028489112854
0.0295050144196
0.03151512146
0.0268199443817
0.0280358791351
0.0287499427795
0.0294239521027
0.0300478935242
0.0275459289551
0.0285170078278
0.0294718742371
0.0302848815918
0.0310230255127
0.0365028381348
0.0368490219116
0.0371038913727
0.0382997989655
0.0391499996185
0.0338139533997
0.0351901054382
0.0360050201416
0.0370879173279
0.038115978241
0.0337500572205
0.0339851379395
0.0346720218658
0.0352411270142
0.0358519554138
0.0258679389954
0.0264859199524
0.0270209312439
0.0275058746338
0.0279729366302
0.0330650806427
0.0336639881134
0.0342512130737
0.0348391532898
0.0353171825409
0.0237030982971
0.0244190692902
0.0249009132385
0.0256230831146
0.0261259078979
0.0762338638306
0.0771307945251
0.0268228054047
0.0283298492432
0.028776884079
0.0630538463593
0.00815892219543
0.00855588912964
0.00883889198303
0.00932288169861
0.0459628105164
0.0468018054962
0.047415971756
0.0480179786682
0.0486249923706
0.0255010128021
0.0258469581604
0.0377810001373
0.0380749702454
0.038624048233
0.0360219478607
0.0366170406342
0.0371310710907
0.0376329421997
0.0379810333252
0.04625415802
0.0465240478516
0.0474710464478
0.0488891601562
0.0501790046692
0.0275149345398
0.0312781333923
0.031919002533
0.0323159694672
0.032516002655
0.025171995163
0.0254118442535
0.0256259441376
0.0258319377899
0.026927947998
0.0355589389801
0.0359969139099
0.0365040302277
0.0368149280548
0.0393588542938
0.0325908660889
0.0331819057465
0.0337209701538
0.0340969562531
0.0346229076385
0.03502202034
0.0357820987701
0.0368709564209
0.0405809879303
0.0460560321808
0.0402889251709
0.044056892395
0.0494148731232
0.0499999523163
0.00155806541443
0.0329351425171
0.0332961082458
0.0339081287384
0.0344860553741
0.035001039505
0.0373349189758
0.0380778312683
0.0387690067291
0.0394909381866
0.0401878356934
0.0341529846191
0.0349760055542
0.0356841087341
0.0364110469818
0.0371770858765
0.0358991622925
0.037239074707
0.0385031700134
0.0395951271057
0.0405189990997
0.0268340110779
0.0276551246643
0.0285000801086
0.0325989723206
0.0332410335541
0.0396580696106
0.0404939651489
0.0413279533386
0.046854019165
0.0477268695831
0.0422201156616
0.0433721542358
0.0444130897522
0.0452899932861
0.0460720062256
0.0313098430634
0.0321869850159
0.0328199863434
0.0334048271179
0.0339360237122
0.0245630741119
0.0253970623016
0.0261800289154
0.0270159244537
0.0278899669647
0.0375158786774
0.0383388996124
0.039598941803
0.0406959056854
0.0418138504028
0.0250930786133
0.0260128974915
0.0269451141357
0.0278129577637
0.0284099578857
0.031466960907
0.0324809551239
0.033106803894
0.0338299274445
0.0345828533173
0.0344698429108
0.0351250171661
0.0358638763428
0.0365889072418
0.0372438430786
0.0224628448486
0.023078918457
0.0236718654633
0.0241830348969
0.0246720314026
0.0249581336975
0.0258591175079
0.0265080928802
0.0273010730743
0.0277869701385
0.0291609764099
0.0296840667725
0.0301461219788
0.0304679870605
0.0309360027313
0.0222549438477
0.0227530002594
0.0231218338013
0.0235140323639
0.0238800048828
0.0293629169464
0.0295820236206
0.0297820568085
0.0310869216919
0.0315010547638
0.0319511890411
0.0326061248779
0.0331020355225
0.0337111949921
0.0343120098114
0.0331289768219
0.0336408615112
0.0338277816772
0.0340039730072
0.0341768264771
0.0300860404968
0.0306529998779
0.0314390659332
0.0320599079132
0.032970905304
0.037780046463
0.0384659767151
0.0392968654633
0.039999961853
0.0433769226074
0.029953956604
0.0304780006409
0.0308539867401
0.0313608646393
0.0317299365997
0.0328748226166
0.0333249568939
0.0337238311768
0.0341029167175
0.0346150398254
0.0253040790558
0.0258951187134
0.0262610912323
0.0267190933228
0.0271911621094
0.029709815979
0.0304818153381
0.0310328006744
0.0315937995911
0.0321810245514
0.0334851741791
0.0345561504364
0.0362300872803
0.0374600887299
0.0385820865631
0.0308790206909
0.0313949584961
0.031888961792
0.0324289798737
0.032753944397
0.0233869552612
0.0241060256958
0.0246369838715
0.0250589847565
0.0254991054535
0.0331559181213
0.0339779853821
0.0384318828583
0.0391569137573
0.0397279262543
0.0292658805847
0.0298640727997
0.0337190628052
0.0345590114594
0.0353860855103
0.0311918258667
0.0321879386902
0.0333888530731
0.0344929695129
0.0356109142303
0.0319690704346
0.0335900783539
0.0351500511169
0.0367240905762
0.0379650592804
0.0390360355377
0.0404160022736
0.0417029857635
0.043242931366
0.0444910526276
0.0334920883179
0.0338799953461
0.0349469184875
0.0356578826904
0.0365600585938
0.0268352031708
0.0277981758118
0.0287771224976
0.0297691822052
0.0306990146637
0.0269951820374
0.027939081192
0.0288920402527
0.0299150943756
0.030778169632
0.0282089710236
0.0287020206451
0.0291819572449
0.0296039581299
0.0300290584564
0.0332789421082
0.0336611270905
0.034471988678
0.0349991321564
0.0352680683136
0.0264418125153
0.0273218154907
0.0282168388367
0.0291619300842
0.0301659107208
0.0323779582977
0.0335249900818
0.0347459316254
0.0360670089722
0.0371289253235
0.0410830974579
0.0419721603394
0.0429480075836
0.0437951087952
0.0448241233826
0.0399107933044
0.0405099391937
0.0411369800568
0.0417528152466
0.042240858078
0.0308310985565
0.0317480564117
0.0327382087708
0.0335640907288
0.0344190597534
0.0359680652618
0.0365791320801
0.0371179580688
0.0379259586334
0.0386509895325
0.029464006424
0.0301780700684
0.0312020778656
0.0323281288147
0.0425970554352
0.0310788154602
0.0318357944489
0.0346078872681
0.0352928638458
0.036159992218
0.0447039604187
0.0469000339508
0.0476310253143
0.0483710765839
0.0489699840546
0.0384941101074
0.0394551753998
0.0407671928406
0.0459871292114
0.0467631816864
0.0333921909332
0.0342781543732
0.0349941253662
0.035758972168
0.0364999771118
0.0310518741608
0.0322148799896
0.0334968566895
0.0390939712524
0.0404608249664
0.0283329486847
0.0303399562836
0.031023979187
0.0317778587341
0.0323948860168
0.0319890975952
0.0326189994812
0.0332491397858
0.0338089466095
0.0344080924988
0.0289058685303
0.0296218395233
0.030256986618
0.0308618545532
0.0315299034119
0.0269720554352
0.0275940895081
0.0281541347504
0.0287020206451
0.0293140411377
0.0326299667358
0.0337960720062
0.0349249839783
0.0360870361328
0.0375199317932
0.0303740501404
0.0309798717499
0.0315539836884
0.0321729183197
0.0327179431915
0.0265138149261
0.0271468162537
0.0276999473572
0.0285739898682
0.0293200016022
0.0356118679047
0.0364170074463
0.0372388362885
0.0380940437317
0.0390949249268
0.0414869785309
0.0422368049622
0.042900800705
0.0435729026794
0.0441977977753
0.0375511646271
0.0386412143707
0.0395061969757
0.0404660701752
0.0413970947266
0.0346028804779
0.0354599952698
0.0362558364868
0.0372109413147
0.0382988452911
0.0328311920166
0.0337500572205
0.0348250865936
0.0359661579132
0.0369091033936
0.0320949554443
0.0328269004822
0.0335140228271
0.0340578556061
0.0346899032593
0.0256791114807
0.0261161327362
0.0265331268311
0.0275249481201
0.027722120285
0.0281038284302
0.0285367965698
0.0288178920746
0.0290019512177
0.0291719436646
0.0303089618683
0.0309720039368
0.0317270755768
0.0330131053925
0.034029006958
0.0256450176239
0.026547908783
0.0273389816284
0.0281579494476
0.0290498733521
0.0279979705811
0.0288360118866
0.0296010971069
0.0303990840912
0.0312809944153
0.0295720100403
0.0304310321808
0.0311958789825
0.0320010185242
0.0359909534454
0.0231809616089
0.0241620540619
0.0252029895782
0.0262129306793
0.027281999588
0.052472114563
0.00483703613281
0.00601696968079
0.00718402862549
0.00824308395386
0.0362100601196
0.0369131565094
0.0375781059265
0.0415389537811
0.0425469875336
0.0367350578308
0.0372490882874
0.0377099514008
0.0381679534912
0.0384471416473
0.0302228927612
0.0304329395294
0.0305938720703
0.0307488441467
0.0309009552002
0.0402638912201
0.0408010482788
0.0413000583649
0.0417990684509
0.0422940254211
0.0269229412079
0.0272159576416
0.0304100513458
0.0334589481354
0.0352380275726
0.0322778224945
0.0328688621521
0.0334248542786
0.0339598655701
0.0344989299774
0.0289030075073
0.029501914978
0.0300559997559
0.0305550098419
0.0311050415039
0.0253319740295
0.0261149406433
0.0268180370331
0.0275008678436
0.0281898975372
0.0425720214844
0.0442378520966
0.0456190109253
0.0470819473267
0.0483548641205
0.0323610305786
0.0325601100922
0.0327479839325
0.0329320430756
0.0333280563354
0.0733649730682
0.0735478401184
0.0737137794495
0.0738749504089
0.0127320289612
0.0394129753113
0.0396289825439
0.03981590271
0.0400099754333
0.0401918888092
0.0246951580048
0.0248811244965
0.0250442028046
0.025208234787
0.0255320072174
0.0408082008362
0.0410161018372
0.0411961078644
0.0413630008698
0.0415329933167
0.0331981182098
0.0335240364075
0.0338139533997
0.0339770317078
0.034138917923
0.0232579708099
0.0240488052368
0.0248539447784
0.0255789756775
0.0260038375854
0.0364649295807
0.0366349220276
0.0367879867554
0.0369441509247
0.0371110439301
0.0415101051331
0.0422840118408
0.0429611206055
0.0437381267548
0.0444741249084
0.0294258594513
0.0301518440247
0.0307869911194
0.0316078662872
0.0322449207306
0.0492358207703
0.049388885498
0.049525976181
0.049665927887
0.0498008728027
0.0327100753784
0.0329639911652
0.033194065094
0.0334270000458
0.0336470603943
0.0439660549164
0.0441401004791
0.0443000793457
0.0444519519806
0.0446081161499
0.0388929843903
0.0402479171753
0.0449440479279
0.0460340976715
0.0469410419464
0.0523679256439
0.00261902809143
0.00339913368225
0.00421714782715
0.00498509407043
0.052267074585
0.0525190830231
0.0527451038361
0.0529730319977
0.0532140731812
0.0