0.0290060043335
0.0297310352325
0.0303151607513
0.0318400859833
0.0311319828033
0.0313351154327
0.0315229892731
0.0317001342773
0.0285658836365
0.0290369987488
0.0292899608612
0.0296168327332
0.0299100875854
0.0301010608673
0.0302588939667
0.0309128761292
0.0269191265106
0.0271220207214
0.0273489952087
0.0275809764862
0.0312221050262
0.0317010879517
0.0325100421906
0.0329101085663
0.0401921272278
0.0403780937195
0.0405490398407
0.0407180786133
0.0258440971375
0.0260272026062
0.0261781215668
0.0263671875
0.0318229198456
0.0319828987122
0.0321309566498
0.0418968200684
0.0321581363678
0.0327451229095
0.0332551002502
0.0337729454041
0.0277910232544
0.0284368991852
0.0289869308472
0.0295090675354
0.0275340080261
0.0281291007996
0.0286910533905
0.0292310714722
0.0273649692535
0.0279910564423
0.0285589694977
0.0291230678558
0.0332269668579
0.0341958999634
0.0352740287781
0.0364739894867
0.0322420597076
0.032842874527
0.0338470935822
0.0351209640503
0.0262980461121
0.027195930481
0.0280508995056
0.0289449691772
0.0289449691772
0.0295271873474
0.0301010608673
0.0306711196899
0.0286121368408
0.02934217453
0.0299770832062
0.0309000015259
0.0259399414062
0.02614402771
0.0263049602509
0.0264799594879
0.02570104599
0.0258650779724
0.0260109901428
0.0261988639832
0.0282158851624
0.0286259651184
0.0288639068604
0.0290219783783
0.0286509990692
0.0288197994232
0.0289700031281
0.0291140079498
0.0269901752472
0.027184009552
0.0273630619049
0.0374519824982
0.0300540924072
0.0302169322968
0.0304169654846
0.0305769443512
0.030445098877
0.0311551094055
0.0316669940948
0.0333390235901
0.030503988266
0.0306980609894
0.0308759212494
0.031063079834
0.03395819664
0.0344090461731
0.0379550457001
0.0381441116333
0.027272939682
0.0274569988251
0.0276200771332
0.0277829170227
0.0260090827942
0.0266110897064
0.0271220207214
0.0280759334564
0.0261299610138
0.026997089386
0.0290591716766
0.0309319496155
0.038880109787
0.039097070694
0.0392589569092
0.0394139289856
0.0256638526917
0.0260009765625
0.0262439250946
0.0340759754181
0.0259528160095
0.0261299610138
0.0262808799744
0.0264248847961
0.0355160236359
0.0356800556183
0.0358271598816
0.0515921115875
0.0262911319733
0.0277950763702
0.028599023819
0.0294210910797
0.0281808376312
0.0287778377533
0.0293498039246
0.0299170017242
0.0391330718994
0.0393660068512
0.0397260189056
0.0402059555054
0.033047914505
0.0335760116577
0.0339758396149
0.0343220233917
0.0333609580994
0.0337998867035
0.0342569351196
0.0344970226288
0.0368528366089
0.0370528697968
0.037663936615
0.0381348133087
0.0508079528809
0.0514109134674
0.05193400383
0.0524799823761
0.037899017334
0.0385718345642
0.0390260219574
0.0394558906555
0.0429739952087
0.0434048175812
0.0439038276672
0.0442419052124
0.0220458507538
0.022402048111
0.0227599143982
0.0320909023285
0.0337212085724
0.0340402126312
0.0343210697174
0.0346012115479
0.0296139717102
0.0299711227417
0.0303671360016
0.0307741165161
0.028443813324
0.0289099216461
0.0294477939606
0.0330259799957
0.028923034668
0.0294790267944
0.0299470424652
0.0303859710693
0.0265128612518
0.026832818985
0.0271279811859
0.0276079177856
0.029158115387
0.0296359062195
0.029981136322
0.0318310260773
0.0282318592072
0.0285630226135
0.0288569927216
0.0291559696198
0.0223369598389
0.0227329730988
0.0263841152191
0.0297660827637
0.0315871238708
0.0321409702301
0.0326430797577
0.0343661308289
0.028244972229
0.0287561416626
0.0291140079498
0.0295159816742
0.023768901825
0.0242030620575
0.0245718955994
0.0250699520111
0.0299878120422
0.0301668643951
0.0303227901459
0.0304918289185
0.0252928733826
0.0254778862
0.0256569385529
0.0258288383484
0.0280389785767
0.0282208919525
0.0283880233765
0.0285649299622
0.0275638103485
0.0278079509735
0.0280418395996
0.0282499790192
0.027400970459
0.0275847911835
0.0277497768402
0.02792096138
0.0250709056854
0.0252590179443
0.0254249572754
0.0255990028381
0.0303590297699
0.0305650234222
0.0307140350342
0.0308539867401
0.0316469669342
0.0318930149078
0.0321810245514
0.0323810577393
0.0283980369568
0.0289170742035
0.0294880867004
0.0297012329102
0.0281548500061
0.028312921524
0.0286228656769
0.0288610458374
0.0249991416931
0.0263020992279
0.0271079540253
0.0279200077057
0.0313320159912
0.0316190719604
0.0318470001221
0.0320560932159
0.0279541015625
0.0281250476837
0.0282781124115
0.0284299850464
0.026015996933
0.0261929035187
0.026349067688
0.0265190601349
0.0269410610199
0.0271201133728
0.0272891521454
0.0275180339813
0.0281550884247
0.0290319919586
0.0292189121246
0.0293900966644
0.0300538539886
0.0302300453186
0.0303740501404
0.0305578708649
0.0296080112457
0.0298500061035
0.0300779342651
0.030296087265
0.0296969413757
0.0298788547516
0.0300600528717
0.0302250385284
0.0283448696136
0.0285248756409
0.0286889076233
0.0288648605347
0.0266721248627
0.0277590751648
0.0292191505432
0.0320091247559
0.0318629741669
0.0337729454041
0.0370259284973
0.0402798652649
0.0290899276733
0.0297961235046
0.0305399894714
0.0311751365662
0.0380561351776
0.0388581752777
0.0395700931549
0.0402970314026
0.0350749492645
0.0357668399811
0.0364029407501
0.0370278358459
0.0349538326263
0.0360698699951
0.036721944809
0.0375039577484
0.0371010303497
0.0383341312408
0.0406250953674
0.0413460731506
0.0294480323792
0.0303580760956
0.0312020778656
0.0321500301361
0.0226149559021
0.0246539115906
0.0311808586121
0.0342228412628
0.0330200195312
0.0344479084015
0.0356810092926
0.0367379188538
0.032693862915
0.0336258411407
0.0343599319458
0.0347709655762
0.0297529697418
0.0299828052521
0.0324749946594
0.0354988574982
0.0252411365509
0.0264329910278
0.0301949977875
0.0342810153961
0.0281519889832
0.0288469791412
0.0343589782715
0.0356450080872
0.0358691215515
0.0370099544525
0.0381121635437
0.0388340950012
0.0373768806458
0.0383269786835
0.0391619205475
0.0400729179382
0.0340490341187
0.0346210002899
0.0351340770721
0.0357000827789
0.0285921096802
0.0291931629181
0.0297060012817
0.030256986618
0.0313880443573
0.0320460796356
0.0327270030975
0.0333712100983
0.0298390388489
0.0300240516663
0.030189037323
0.0303528308868
0.0253169536591
0.0254998207092
0.0259439945221
0.0276229381561
0.0290610790253
0.0299592018127
0.0308730602264
0.0316891670227
0.0264339447021
0.0267200469971
0.0270349979401
0.0273070335388
0.026615858078
0.0268278121948
0.0269999504089
0.0271739959717
0.0292458534241
0.0295808315277
0.0298528671265
0.0300319194794
0.0263948440552
0.0270688533783
0.0274949073792
0.0280058383942
0.0274550914764
0.0295820236206
0.0304901599884
0.0356521606445
0.0289120674133
0.0295350551605
0.0303568840027
0.0307309627533
0.0312690734863
0.0318100452423
0.0322070121765
0.0402340888977
0.0347669124603
0.0351309776306
0.0354588031769
0.0357358455658
0.0346639156342
0.0351378917694
0.0356750488281
0.0366170406342
0.034019947052
0.034590959549
0.0352671146393
0.0357210636139
0.0317618846893
0.0321578979492
0.032527923584
0.0330018997192
0.0317859649658
0.0323021411896
0.0329670906067
0.033919095993
0.0280168056488
0.0285987854004
0.0289659500122
0.0294659137726
0.0341579914093
0.0346441268921
0.0351071357727
0.0365390777588
0.0290379524231
0.0292310714722
0.0293960571289
0.0295588970184
0.0364809036255
0.0368838310242
0.0370819568634
0.0372669696808
0.0362801551819
0.0366239547729
0.0369191169739
0.0371980667114
0.0299189090729
0.0302829742432
0.0305769443512
0.0308549404144
0.0264980792999
0.0268640518188
0.0272350311279
0.0275819301605
0.0244529247284
0.0247869491577
0.0250558853149
0.0288188457489
0.0363349914551
0.0366599559784
0.0371499061584
0.0375537872314
0.0299441814423
0.0303490161896
0.0306990146637
0.0310590267181
0.028382062912
0.0289361476898
0.0294971466064
0.0300650596619
0.0421447753906
0.0426437854767
0.0432198047638
0.0437967777252
0.0377140045166
0.0380461215973
0.0383279323578
0.0386099815369
0.0356929302216
0.0358481407166
0.0359830856323
0.0373690128326
0.0306091308594
0.0309550762177
0.0312459468842
0.0315251350403
0.026437997818
0.0278580188751
0.0299861431122
0.0316359996796
0.0289549827576
0.0295858383179
0.0301928520203
0.0307438373566
0.0300390720367
0.0321979522705
0.0331480503082
0.0345509052277
0.0292160511017
0.029956817627
0.0305418968201
0.0310389995575
0.0306360721588
0.0309729576111
0.0312578678131
0.0315380096436
0.0271708965302
0.0275490283966
0.0278849601746
0.0282258987427
0.0321168899536
0.0324590206146
0.03271484375
0.0336198806763
0.0291061401367
0.0295779705048
0.0297679901123
0.0299601554871
0.026703119278
0.0276200771332
0.0283079147339
0.0290710926056
0.0234279632568
0.0236840248108
0.0239350795746
0.024169921875
0.0272760391235
0.0275011062622
0.0277140140533
0.0279080867767
0.0218458175659
0.0234858989716
0.0236778259277
0.0240209102631
0.0282309055328
0.0284109115601
0.0285868644714
0.0287568569183
0.0243771076202
0.0252780914307
0.0267190933228
0.0291860103607
0.0316069126129
0.0317890644073
0.0319550037384
0.0321278572083
0.0247941017151
0.0249900817871
0.0251569747925
0.0253200531006
0.0248651504517
0.0250489711761
0.0252120494843
0.0256490707397
0.0262081623077
0.0264019966125
0.0265700817108
0.0267241001129
0.0323419570923
0.0325429439545
0.0327930450439
0.0330519676208
0.0287821292877
0.0290050506592
0.0292580127716
0.0295631885529
0.0276758670807
0.0278668403625
0.0280289649963
0.0281918048859
0.0282299518585
0.0284221172333
0.0285880565643
0.0287520885468
0.0279648303986
0.028146982193
0.0283119678497
0.0284779071808
0.0302731990814
0.0304610729218
0.0306310653687
0.0307931900024
0.025395154953
0.0256071090698
0.025799036026
0.0259811878204
0.0283238887787
0.0285179615021
0.0286870002747
0.0288500785828
0.0274419784546
0.0276298522949
0.0277998447418
0.0279769897461
0.0265381336212
0.0273931026459
0.0282421112061
0.0290081501007
0.0262870788574
0.0285329818726
0.0287399291992
0.0289080142975
0.028254032135
0.0284640789032
0.0286190509796
0.0287640094757
0.0250909328461
0.0252828598022
0.0254487991333
0.0256149768829
0.0223450660706
0.0225989818573
0.02281498909
0.0241780281067
0.026095867157
0.0263040065765
0.0264530181885
0.0265929698944
0.0217669010162
0.0219480991364
0.023313999176
0.0255570411682
0.0282571315765
0.0284569263458
0.028617143631
0.0287659168243
0.0263268947601
0.0265200138092
0.0266959667206
0.0268578529358
0.0240797996521
0.0242660045624
0.0244338512421
0.024600982666
0.0314581394196
0.0317680835724
0.0320150852203
0.0322160720825
0.0307230949402
0.0311958789825
0.0319120883942
0.0324950218201
0.0274188518524
0.0301268100739
0.0306539535522
0.0311439037323
0.0270969867706
0.0275359153748
0.0281128883362
0.0289440155029
0.029354095459
0.0306432247162
0.0316350460052
0.0338621139526
0.0284440517426
0.0286371707916
0.028795003891
0.0289380550385
0.0261127948761
0.0263948440552
0.0265669822693
0.0267198085785
0.0296678543091
0.0298609733582
0.0300199985504
0.0301690101624
0.0318160057068
0.0327608585358
0.0333068370819
0.0343089103699
0.0315721035004
0.0323879718781
0.0331699848175
0.033961057663
0.0402739048004
0.040864944458
0.0413970947266
0.0419011116028
0.0222470760345
0.0224559307098
0.0226218700409
0.0248990058899
0.0363519191742
0.0368590354919
0.0372030735016
0.0375580787659
0.0272710323334
0.027489900589
0.0276720523834
0.0282011032104
0.0328371524811
0.0337841510773
0.0342400074005
0.034707069397
0.0305848121643
0.0314059257507
0.0322079658508
0.0334568023682
0.0303399562836
0.0308859348297
0.0314090251923
0.0327849388123
0.0264241695404
0.0269429683685
0.0274431705475
0.0279471874237
0.0262920856476
0.0267980098724
0.027291059494
0.0275821685791
0.0327999591827
0.0333189964294
0.0338220596313
0.0343251228333
0.0286390781403
0.0292241573334
0.0297510623932
0.0302829742432
0.0309829711914
0.031641960144
0.032173871994
0.0327138900757
0.0281140804291
0.0284240245819
0.0286600589752
0.0294461250305
0.0316579341888
0.0319669246674
0.0322048664093
0.0324428081512
0.0358219146729
0.0361969470978
0.0365159511566
0.0368010997772
0.0325260162354
0.0334379673004
0.0343148708344
0.0350790023804
0.0276491641998
0.0284440517426
0.0293970108032
0.0308990478516
0.0325720310211
0.0328898429871
0.0331659317017
0.0334808826447
0.0240170955658
0.0243110656738
0.0246210098267
0.0341260433197
0.0262079238892
0.0269839763641
0.0273180007935
0.0275330543518
0.0440518856049
0.0454788208008
0.0472500324249
0.0486078262329
0.0262219905853
0.0277831554413
0.0282909870148
0.0289089679718
0.0316369533539
0.0319600105286
0.0343809127808
0.0346710681915
0.0284361839294
0.0287590026855
0.0290501117706
0.0293061733246
0.0345239639282
0.0348558425903
0.035148859024
0.0354268550873
0.0265250205994
0.0268950462341
0.027184009552
0.0274629592896
0.0332570075989
0.0335729122162
0.0338499546051
0.0341129302979
0.0321111679077
0.0325281620026
0.0328381061554
0.0331540107727
0.0367379188538
0.0370779037476
0.0373778343201
0.0376780033112
0.0264830589294
0.0268361568451
0.0271391868591
0.0274550914764
0.0291087627411
0.0294699668884
0.0332238674164
0.033716917038
0.0264580249786
0.0267989635468
0.027095079422
0.0274221897125
0.025181055069
0.025563955307
0.0260190963745
0.026458978653
0.0297708511353
0.0300760269165
0.0304288864136
0.03102684021
0.0375139713287
0.0379869937897
0.0399129390717
0.0414588451385
0.0283381938934
0.0287141799927
0.0290510654449
0.0293731689453
0.0240750312805
0.0245859622955
0.0253460407257
0.0286898612976
0.0286240577698
0.0290050506592
0.0292689800262
0.0295259952545
0.0349090099335
0.0358991622925
0.0389530658722
0.0423040390015
0.026731967926
0.0274229049683
0.028048992157
0.0285580158234
0.0275239944458
0.0283241271973
0.0290780067444
0.0299210548401
0.028548002243
0.0293481349945
0.0301611423492
0.030797958374
0.0292880535126
0.0297629833221
0.0300281047821
0.0302600860596
0.0392739772797
0.0395209789276
0.0396699905396
0.0398139953613
0.0285279750824
0.0288379192352
0.0290789604187
0.0293159484863
0.0387971401215
0.0396220684052
0.0404272079468
0.0593831539154
0.0299689769745
0.0308420658112
0.0316638946533
0.0325529575348
0.0276899337769
0.0287008285522
0.029727935791
0.030473947525
0.041167974472
0.0415458679199
0.0418817996979
0.0422129631042
0.0248601436615
0.0252141952515
0.0255382061005
0.0258831977844
0.0344779491425
0.0348520278931
0.0351779460907
0.0354838371277
0.0288820266724
0.0292091369629
0.0294599533081
0.0327019691467
0.0273880958557
0.0279901027679
0.0286169052124
0.0291669368744
0.027251958847
0.0278258323669
0.0285379886627
0.0291600227356
0.0272240638733
0.02760887146
0.027951002121
0.0283029079437
0.029205083847
0.0296840667725
0.0301280021667
0.0305569171906
0.0270421504974
0.0275111198425
0.0278160572052
0.0281140804291
0.0288150310516
0.029443025589
0.0297429561615
0.0299289226532
0.0292370319366
0.0298240184784
0.0303959846497
0.030727148056
0.0305740833282
0.0308902263641
0.0311760902405
0.0314950942993
0.0288889408112
0.0291850566864
0.0294470787048
0.0300619602203
0.0285658836365
0.0289318561554
0.0292558670044
0.0295538902283
0.0386879444122
0.0390658378601
0.0394189357758
0.0397620201111
0.0320980548859
0.0324921607971
0.0327839851379
0.0330760478973
0.024670124054
0.0252411365509
0.0255451202393
0.0260200500488
0.0265591144562
0.0267431735992
0.026908159256
0.0270671844482
0.0264530181885
0.0266239643097
0.0267848968506
0.0269379615784
0.0262911319733
0.0265250205994
0.0267062187195
0.0270180702209
0.0293760299683
0.029965877533
0.0305469036102
0.0310900211334
0.043524980545
0.0437209606171
0.0438759326935
0.0440330505371
0.0249629020691
0.0261669158936
0.0296230316162
0.0301530361176
0.0332038402557
0.0337288379669
0.0343618392944
0.0348739624023
0.0364148616791
0.0366580486298
0.0368230342865
0.0369908809662
0.0329780578613
0.0331430435181
0.0332880020142
0.03373503685
0.0280351638794
0.0282230377197
0.0283901691437
0.0285520553589
0.0283510684967
0.0285241603851
0.0286800861359
0.0288290977478
0.0358321666718
0.0365781784058
0.0368189811707
0.0370371341705
0.0367970466614
0.036966085434
0.0371298789978
0.0380139350891
0.0223860740662
0.0225579738617
0.0227189064026
0.0241599082947
0.0250618457794
0.025242805481
0.0266129970551
0.0293200016022
0.025365114212
0.0255801677704
0.0257761478424
0.0259690284729
0.0230050086975
0.0231850147247
0.0250220298767
0.027107000351
0.0226728916168
0.0228819847107
0.0230689048767
0.0247528553009
0.0297780036926
0.0300469398499
0.0302789211273
0.0381019115448
0.0474379062653
0.048623085022
0.0496571063995
0.050822019577
0.0424919128418
0.0427269935608
0.0428810119629
0.0430369377136
0.0266690254211
0.0268311500549
0.0270400047302
0.0272090435028
0.0267269611359
0.0278351306915
0.0289461612701
0.0316760540009
0.0287671089172
0.0289831161499
0.0291740894318
0.0293660163879
0.0265581607819
0.0270600318909
0.0356209278107
0.0361270904541
0.0281970500946
0.0283770561218
0.0285441875458
0.0287020206451
0.0286421775818
0.0288259983063
0.0289950370789
0.0293462276459
0.0227479934692
0.0244679450989
0.0246331691742
0.0258460044861
0.0357282161713
0.0359680652618
0.0361762046814
0.0363740921021
0.0256869792938
0.0258710384369
0.0260379314423
0.0261979103088
0.0408418178558
0.0410218238831
0.0411858558655
0.0413589477539
0.0286998748779
0.0288767814636
0.029040813446
0.0292038917542
0.0351870059967
0.0353679656982
0.0355448722839
0.035717010498
0.0310349464417
0.0311977863312
0.0313439369202
0.0314908027649
0.0387840270996
0.038969039917
0.0391330718994
0.0392940044403
0.0283119678497
0.0284910202026
0.0286400318146
0.0323438644409
0.0271830558777
0.0314331054688
0.036336183548
0.0365002155304
0.032133102417
0.0322999954224
0.0324430465698
0.0326120853424
0.0445120334625
0.0447030067444
0.0448729991913
0.0450329780579
0.0354528427124
0.0356149673462
0.0357630252838
0.0359070301056
0.0331518650055
0.0393888950348
0.042270898819
0.0462889671326
0.0404319763184
0.0406448841095
0.0408079624176
0.0409770011902
0.0362861156464
0.0364589691162
0.03662109375
0.0367870330811
0.0286180973053
0.0301461219788
0.0326499938965
0.0351989269257
0.0233421325684
0.0235121250153
0.0237920284271
0.0259711742401
0.0277209281921
0.027881860733
0.0280339717865
0.0281999111176
0.0283057689667
0.028559923172
0.0287828445435
0.0307149887085
0.0331559181213
0.0333371162415
0.0335030555725
0.0336689949036
0.0375220775604
0.037703037262
0.0378639698029
0.0387511253357
0.038745880127
0.0389239788055
0.0390830039978
0.039253950119
0.0354270935059
0.0355949401855
0.0413990020752
0.054615020752
0.0392138957977
0.0393989086151
0.0395648479462
0.0397667884827
0.0284719467163
0.0288650989532
0.0291910171509
0.0295040607452
0.0252640247345
0.0255749225616
0.0259881019592
0.0262861251831
0.0321350097656
0.0323650836945
0.0327160358429
0.0330741405487
0.0264160633087
0.0265901088715
0.0267379283905
0.0268759727478
0.0262269973755
0.0264151096344
0.0265810489655
0.0267381668091
0.0304651260376
0.0306541919708
0.0308051109314
0.030944108963
0.0246658325195
0.0256898403168
0.0263519287109
0.0282440185547
0.0357248783112
0.0364248752594
0.0367388725281
0.0483767986298
0.0350389480591
0.0351998806
0.0353507995605
0.0354979038239
0.0254538059235
0.0264217853546
0.0271799564362
0.02809882164
0.0285561084747
0.0291430950165
0.0296940803528
0.0302979946136
0.0283818244934
0.0298268795013
0.030503988266
0.0315818786621
0.0287039279938
0.029599905014
0.0304050445557
0.0310599803925
0.0319731235504
0.0328891277313
0.0334780216217
0.0340521335602
0.0273499488831
0.0284719467163
0.0295720100403
0.030394077301
0.0398168563843
0.0400030612946
0.0401599407196
0.0403039455414
0.0292921066284
0.0294909477234
0.0296659469604
0.0298430919647
0.0297329425812
0.0347809791565
0.0360059738159
0.0363440513611
0.0258839130402
0.026104927063
0.0263090133667
0.0265040397644
0.025239944458
0.025444984436
0.0267870426178
0.0287368297577
0.0303728580475
0.0305390357971
0.0306890010834
0.0310339927673
0.0265719890594
0.0267479419708
0.0269229412079
0.027086019516
0.0245559215546
0.0248239040375
0.0382030010223
0.038370847702
0.0269939899445
0.0274751186371
0.0279061794281
0.0281021595001
0.0313069820404
0.031877040863
0.0323798656464
0.0328888893127
0.0308570861816
0.0314209461212
0.0319318771362
0.0324339866638
0.0349299907684
0.0356597900391
0.0363450050354
0.0370199680328
0.0378329753876
0.0384931564331
0.0390920639038
0.0396001338959
0.0404019355774
0.0409309864044
0.0414509773254
0.0458290576935
0.0362429618835
0.0368828773499
0.037477016449
0.0416538715363
0.0240151882172
0.024560213089
0.0278041362762
0.0283620357513
0.0323021411896
0.032879114151
0.0334520339966
0.0339910984039
0.0409419536591
0.0414719581604
0.0419988632202
0.0435879230499
0.0313050746918
0.0318639278412
0.0324320793152
0.0369448661804
0.0341930389404
0.0347540378571
0.0373249053955
0.0380098819733
0.0340130329132
0.0345730781555
0.0351030826569
0.0356531143188
0.0357260704041
0.0362470149994
0.0368840694427
0.0373950004578
0.0312211513519
0.0317380428314
0.0322561264038
0.0327560901642
0.0435140132904
0.0441000461578
0.0446588993073
0.0453190803528
0.0269649028778
0.0275409221649
0.0282530784607
0.0287880897522
0.037132024765
0.0376210212708
0.0380630493164
0.0383169651031
0.0264010429382
0.02738904953
0.0281701087952
0.0289251804352
0.0290398597717
0.0297558307648
0.0305309295654
0.0313358306885
0.0277788639069
0.0284428596497
0.0291769504547
0.0293619632721
0.026337146759
0.0269241333008
0.0274710655212
0.028018951416
0.0259389877319
0.0265271663666
0.0278589725494
0.0290551185608
0.0214288234711
0.0351748466492
0.0359508991241
0.036810874939
0.0362992286682
0.0364611148834
0.0366132259369
0.0367660522461
0.0291810035706
0.0408561229706
0.0416860580444
0.0428080558777
0.0276041030884
0.0277659893036
0.0279109477997
0.0280539989471
0.0367169380188
0.0369079113007
0.037074804306
0.03724193573
0.0324838161469
0.0327188968658
0.0329298973083
0.0331289768219
0.031466960907
0.0321831703186
0.0329260826111
0.0335621833801
0.0304911136627
0.0382750034332
0.0385820865631
0.0392560958862
0.0286178588867
0.0297389030457
0.0307898521423
0.0315208435059
0.0292129516602
0.029510974884
0.033684015274
0.0391747951508
0.023157119751
0.0295701026917
0.0312759876251
0.0350921154022
0.0235090255737
0.0256640911102
0.0264899730682
0.0271189212799
0.0244860649109
0.0258610248566
0.0260171890259
0.0261640548706
0.0261490345001
0.02632188797
0.0264699459076
0.0266239643097
0.0388171672821
0.0390191078186
0.0391771793365
0.0393280982971
0.0337941646576
0.0339710712433
0.0341250896454
0.0342741012573
0.0362029075623
0.0363659858704
0.0365159511566
0.0366580486298
0.0411241054535
0.0413341522217
0.0415000915527
0.0416629314423
0.0326170921326
0.0328061580658
0.0329511165619
0.0330991744995
0.0282800197601
0.0284600257874
0.0286169052124
0.028774023056
0.0362479686737
0.0364279747009
0.0365869998932
0.0367488861084
0.0307590961456
0.0309460163116
0.031093120575
0.0312390327454
0.0265328884125
0.0267128944397
0.026862859726
0.0270130634308
0.0354449748993
0.0356299877167
0.0357899665833
0.0359499454498
0.0352370738983
0.0354149341583
0.0355799198151
0.0357370376587
0.0222599506378
0.0226719379425
0.0243158340454
0.0254619121552
0.0285019874573
0.028685092926
0.0288550853729
0.0290219783783
0.0312809944153
0.0314598083496
0.0316247940063
0.0317897796631
0.0317959785461
0.0324680805206
0.033096075058
0.0337119102478
0.0271639823914
0.0280129909515
0.0286900997162
0.0293140411377
0.0255558490753
0.0262959003448
0.0269808769226
0.0276880264282
0.0253829956055
0.02987408638
0.0307381153107
0.0308921337128
0.0272779464722
0.0274958610535
0.0276799201965
0.0278589725494
0.0283801555634
0.0285751819611
0.028736114502
0.0288970470428
0.0210771560669
0.0217850208282
0.0226089954376
0.0232830047607
0.0255160331726
0.0261671543121
0.0265471935272
0.0270171165466
0.029461145401
0.0300891399384
0.030492067337
0.0312311649323
0.0270099639893
0.0277380943298
0.0284931659698
0.0297999382019
0.0295259952545
0.029679775238
0.0298459529877
0.0300099849701
0.0281460285187
0.0283360481262
0.0288500785828
0.0300991535187
0.0309500694275
0.0312011241913
0.0314671993256
0.0316660404205
0.0264301300049
0.0266051292419
0.02676820755
0.0269241333008
0.0278952121735
0.0280721187592
0.0282390117645
0.0284020900726
0.0226619243622
0.0228390693665
0.0230031013489
0.0290400981903
0.0271799564362
0.0273928642273
0.0275599956512
0.0277190208435
0.027058839798
0.0272388458252
0.0274038314819
0.027575969696
0.0318570137024
0.0320379734039
0.0321819782257
0.0323328971863
0.0269749164581
0.0271499156952
0.0272929668427
0.0274379253387
0.0210769176483
0.0213119983673
0.0215358734131
0.0259308815002
0.0448069572449
0.0449919700623
0.0502760410309
0.0540771484375
0.0261051654816
0.0262770652771
0.0264410972595
0.0266020298004
0.0273118019104
0.0274839401245
0.0276319980621
0.0279939174652
0.0321459770203
0.0323181152344
0.0325181484222
0.0326690673828
0.0281369686127
0.0283639431
0.0285761356354
0.0355651378632
0.0296938419342
0.0301399230957
0.0305008888245
0.0307359695435
0.0340740680695
0.0346660614014
0.034903049469
0.0352959632874
0.0320491790771
0.032243013382
0.0324051380157
0.0397591590881
0.0433509349823
0.043751001358
0.0441401004791
0.044557094574
0.0426499843597
0.0429680347443
0.0432288646698
0.0435140132904
0.0306420326233
0.0308110713959
0.0309600830078
0.0311069488525
0.0214850902557
0.0216701030731
0.0218341350555
0.0219991207123
0.032475233078
0.032742023468
0.032947063446
0.0331740379333
0.0214071273804
0.0215740203857
0.0217220783234
0.0218651294708
0.0268659591675
0.0270349979401
0.027193069458
0.0273520946503
0.0250971317291
0.0252809524536
0.0254249572754
0.0255789756775
0.0360481739044
0.0362441539764
0.0364010334015
0.0365581512451
0.0249269008636
0.0250990390778
0.0252528190613
0.0254719257355
0.0324039459229
0.0325698852539
0.0327248573303
0.0328760147095
0.0269868373871
0.0271649360657
0.027331829071
0.0274980068207
0.0322859287262
0.0324618816376
0.0326189994812
0.0327758789062
0.0214838981628
0.0216648578644
0.0218100547791
0.0331599712372
0.0293860435486
0.0406100749969
0.0425748825073
0.0439999103546
0.0297698974609
0.0300738811493
0.030345916748
0.0306220054626
0.0344889163971
0.0346601009369
0.0348100662231
0.0349750518799
0.0349059104919
0.035434961319
0.0359878540039
0.0366208553314
0.0273609161377
0.0281338691711
0.0289440155029
0.0296728610992
0.0289089679718
0.029088973999
0.0292499065399
0.029412984848
0.0275981426239
0.0277931690216
0.0279660224915
0.0281410217285
0.0214319229126
0.0216488838196
0.0218479633331
0.0220620632172
0.0285818576813
0.0288128852844
0.0290288925171
0.0292479991913
0.0270318984985
0.0272088050842
0.0273728370667
0.0275328159332
0.0223491191864
0.0225241184235
0.0226709842682
0.0316541194916
0.0268049240112
0.0269820690155
0.027163028717
0.0273048877716
0.0317080020905
0.0319080352783
0.0320630073547
0.0322089195251
0.0227870941162
0.0229551792145
0.0231211185455
0.0232901573181
0.0247659683228
0.0249679088593
0.0251319408417
0.0253179073334
0.0271849632263
0.0273768901825
0.0275440216064
0.0277118682861
0.0281088352203
0.0285658836365
0.0290269851685
0.0318830013275
0.0236837863922
0.0239968299866
0.0244297981262
0.0248849391937
0.03693318367
0.037905216217
0.0384891033173
0.0388920307159
0.0330579280853
0.0336859226227
0.0343699455261
0.0348079204559
0.0422229766846
0.0424599647522
0.0429289340973
0.0434210300446
0.0291159152985
0.0294799804688
0.0298240184784
0.030158996582
0.0298039913177
0.0300929546356
0.031368970871
0.0316460132599
0.0290570259094
0.0293669700623
0.0296070575714
0.0335819721222
0.0312948226929
0.0322659015656
0.0328228473663
0.0333659648895
0.0279250144958
0.0284187793732
0.0289177894592
0.0293889045715
0.0259599685669
0.0265510082245
0.0270180702209
0.0274841785431
0.0275089740753
0.0281038284302
0.0286998748779
0.0292949676514
0.0385460853577
0.039076089859
0.0395481586456
0.0398941040039
0.02472615242
0.0253520011902
0.0257179737091
0.0262451171875
0.0397670269012
0.0409030914307
0.0410830974579
0.0412530899048
0.0328440666199
0.0336501598358
0.0341081619263
0.0344910621643
0.0302939414978
0.030592918396
0.0308599472046
0.0311229228973
0.0311419963837
0.041445016861
0.0431098937988
0.0448038578033
0.0309579372406
0.0312969684601
0.0315909385681
0.0400428771973
0.0380229949951
0.0385549068451
0.038999080658
0.0396599769592
0.0320370197296
0.0322120189667
0.0323719978333
0.032623052597
0.0285329818726
0.0295081138611
0.0304381847382
0.0313580036163
0.0245370864868
0.0246889591217
0.0248510837555
0.0299160480499
0.0289270877838
0.0291540622711
0.0294301509857
0.0297021865845
0.0323491096497
0.0325269699097
0.0326910018921
0.0328540802002
0.0268399715424
0.0270180702209
0.0271768569946
0.0273370742798
0.0251860618591
0.0253510475159
0.0254950523376
0.0259609222412
0.0258231163025
0.0260059833527
0.0261590480804
0.0264120101929
0.0285999774933
0.0287659168243
0.0289170742035
0.0290639400482
0.0271129608154
0.0273718833923
0.0276398658752
0.0363409519196
0.0252478122711
0.02543592453
0.0255818367004
0.0277919769287
0.0275239944458
0.0276970863342
0.0278630256653
0.0280239582062
0.026948928833
0.0271418094635
0.0273218154907
0.0275018215179
0.0279631614685
0.0281171798706
0.0282649993896
0.0284080505371
0.0307669639587
0.030946969986
0.0311059951782
0.0312659740448
0.0334780216217
0.0337769985199
0.0340600013733
0.0359089374542
0.0258028507233
0.025997877121
0.0261678695679
0.0264208316803
0.0384919643402
0.0391628742218
0.0396039485931
0.0400609970093
0.0293028354645
0.029886007309
0.0305459499359
0.0310478210449
0.0250489711761
0.0256249904633
0.0261869430542
0.0267219543457
0.0336008071899
0.0341730117798
0.0347399711609
0.0353019237518
0.0336289405823
0.0338010787964
0.0341379642487
0.034343957901
0.0397429466248
0.0399351119995
0.0402231216431
0.0404350757599
0.023001909256
0.0232179164886
0.0234129428864
0.0236020088196
0.0319149494171
0.0328438282013
0.0335018634796
0.0342128276825
0.0280878543854
0.0287148952484
0.0298199653625
0.0307669639587
0.0259139537811
0.0267741680145
0.0276460647583
0.0291540622711
0.0323090553284
0.0331611633301
0.0338461399078
0.0345230102539
0.0314190387726
0.0321128368378
0.0327649116516
0.0333909988403
0.0258150100708
0.0260050296783
0.0261840820312
0.0263640880585
0.032173871994
0.0323469638824
0.0325109958649
0.0326719284058
0.0212571620941
0.0215091705322
0.0226671695709
0.0246911048889
0.0269448757172
0.0271239280701
0.0272889137268
0.0274658203125
0.0291440486908
0.0293262004852
0.029491186142
0.0296511650085
0.0288670063019
0.0290338993073
0.0291788578033
0.029324054718
0.0287828445435
0.0289590358734
0.0291030406952
0.0292398929596
0.0281360149384
0.0283389091492
0.0285201072693
0.0286929607391
0.0383288860321
0.0385630130768
0.038969039917
0.0392029285431
0.0384860038757
0.0387461185455
0.0389540195465
0.0391581058502
0.0282979011536
0.0284860134125
0.0286660194397
0.0293669700623
0.0259211063385
0.0260901451111
0.0262341499329
0.0277841091156
0.032655954361
0.0328898429871
0.0330448150635
0.0331928730011
0.0244281291962
0.0246059894562
0.0247700214386
0.0249440670013
0.0276529788971
0.0278279781342
0.0279920101166
0.0281488895416
0.025671005249
0.0258440971375
0.0260009765625
0.0261619091034
0.0258240699768
0.0260081291199
0.0261721611023
0.0263321399689
0.0272009372711
0.0275671482086
0.0278749465942
0.037721157074
0.0273950099945
0.027596950531
0.0277421474457
0.0278880596161
0.0276510715485
0.0285160541534
0.0293350219727
0.0301160812378
0.0301229953766
0.0302910804749
0.0305919647217
0.0307519435883
0.0290770530701
0.0293090343475
0.02952003479
0.029718875885
0.0295879840851
0.0297648906708
0.0299289226532
0.0300920009613
0.0257680416107
0.0266089439392
0.0271570682526
0.0277950763702
0.0325860977173
0.0328130722046
0.0329611301422
0.0331101417542
0.0318219661713
0.0320208072662
0.0333728790283
0.0335218906403
0.0287730693817
0.0289468765259
0.029107093811
0.0292630195618
0.0287189483643
0.02889585495
0.0290629863739
0.0308699607849
0.0271108150482
0.0272898674011
0.0274529457092
0.0276138782501
0.0268800258636
0.0270960330963
0.0272810459137
0.0274770259857
0.033490896225
0.0336830615997
0.0338509082794
0.0340270996094
0.0340881347656
0.034353017807
0.0379841327667
0.0382330417633
0.0297169685364
0.0299088954926
0.0301039218903
0.0302879810333
0.0309159755707
0.0314450263977
0.0319600105286
0.0324769020081
0.0293989181519
0.0299379825592
0.0304579734802
0.0337748527527
0.0489439964294
0.0495231151581
0.0501651763916
0.0506989955902
0.0367941856384
0.0373470783234
0.0378601551056
0.0428621768951
0.034038066864
0.034609079361
0.0351340770721
0.0357041358948
0.0318849086761
0.0325629711151
0.0332260131836
0.0338959693909
0.0254518985748
0.0259869098663
0.0264940261841
0.0270268917084
0.0255510807037
0.0260660648346
0.0265729427338
0.0409920215607
0.0342040061951
0.0343790054321
0.0345351696014
0.0346820354462
0.0239729881287
0.0247151851654
0.0249111652374
0.0250999927521
0.040796995163
0.0424540042877
0.0434601306915
0.0440449714661
0.0255129337311
0.0258147716522
0.0261008739471
0.0263779163361
0.0307710170746
0.0311009883881
0.0313968658447
0.0316920280457
0.0271019935608
0.0278811454773
0.0281550884247
0.0302531719208
0.0273690223694
0.0281450748444
0.0288660526276
0.0296590328217
0.0299508571625
0.0306189060211
0.0314598083496
0.0324008464813
0.03498005867
0.0358061790466
0.0369501113892
0.0377671718597
0.034373998642
0.0345270633698
0.0346739292145
0.0348429679871
0.0230739116669
0.0232429504395
0.0233960151672
0.0235638618469
0.0262069702148
0.0263950824738
0.0265829563141
0.0271511077881
0.0252048969269
0.0253970623016
0.025573015213
0.025750875473
0.0327758789062
0.0334589481354
0.0336248874664
0.0337779521942
0.0271761417389
0.027969121933
0.0285840034485
0.0293390750885
0.0323739051819
0.0333209037781
0.0342018604279
0.0353889465332
0.0398499965668
0.0401721000671
0.0410549640656
0.046247959137
0.0389559268951
0.0397720336914
0.0403320789337
0.04088306427
0.0287981033325
0.0293180942535
0.029865026474
0.0305490493774
0.043121099472
0.0441770553589
0.0449290275574
0.0457971096039
0.0331840515137
0.0333700180054
0.0335350036621
0.033707857132
0.027804851532
0.0284018516541
0.0289599895477
0.0295219421387
0.0287311077118
0.0292501449585
0.0297570228577
0.0302650928497
0.0249290466309
0.0251250267029
0.0252959728241
0.0254709720612
0.0273220539093
0.0275030136108
0.0276660919189
0.0278289318085
0.0262930393219
0.0264880657196
0.0266680717468
0.0268518924713
0.0273859500885
0.0276288986206
0.0278198719025
0.0284450054169
0.0280809402466
0.0285239219666
0.0287420749664
0.0289120674133
0.0350761413574
0.0361981391907
0.0436389446259
0.0441889762878
0.0614228248596
0.0617718696594
0.0620799064636
0.070965051651
0.0631608963013
0.0644609928131
0.0647828578949
0.0688199996948
0.0470042228699
0.0473031997681
0.0475900173187
0.047868013382
0.0278611183167
0.0281510353088
0.0284180641174
0.0286881923676
0.0256588459015
0.0260028839111
0.0263209342957
0.0265998840332
0.0366611480713
0.0368201732635
0.0369870662689
0.0371310710907
0.0328681468964
0.0330400466919
0.0332000255585
0.0333571434021
0.0282940864563
0.0284759998322
0.0286571979523
0.0288240909576
0.0271520614624
0.0273280143738
0.0274901390076
0.027645111084
0.0344710350037
0.034677028656
0.0348429679871
0.0350000858307
0.0215380191803
0.0217092037201
0.0218651294708
0.0220150947571
0.0322980880737
0.0324809551239
0.0326681137085
0.0328071117401
0.0279779434204
0.028177022934
0.028354883194
0.0285239219666
0.0314109325409
0.0315918922424
0.0317628383636
0.0319068431854
0.035413980484
0.0355970859528
0.0357670783997
0.0359320640564
0.03493309021
0.035542011261
0.0361340045929
0.0367250442505
0.0261988639832
0.0268909931183
0.0275399684906
0.0281629562378
0.0328090190887
0.0334901809692
0.0341680049896
0.0346741676331
0.033084154129
0.0336661338806
0.0342309474945
0.0347671508789
0.0486099720001
0.0491909980774
0.0497550964355
0.0503079891205
0.0598931312561
0.0604519844055
0.06103515625
0.0624310970306
0.0232400894165
0.0239150524139
0.0245690345764
0.0252258777618
0.0351431369781
0.0360491275787
0.0369250774384
0.0376992225647
0.0432090759277
0.0438210964203
0.0443320274353
0.0448579788208
0.0318911075592
0.0324699878693
0.032989025116
0.0334961414337
0.0218000411987
0.0223379135132
0.0228469371796
0.0233888626099
0.0305209159851
0.0311160087585
0.0316309928894
0.0329120159149
0.0248551368713
0.0253801345825
0.0258841514587
0.037082195282
0.0350620746613
0.0356869697571
0.0362780094147
0.0368781089783
0.026340007782
0.0268700122833
0.0273938179016
0.0279088020325
0.0786380767822
0.0791690349579
0.0796711444855
0.0802161693573
0.027330160141
0.028028011322
0.0286791324615
0.0292961597443
0.0261969566345
0.0270810127258
0.0277061462402
0.0283679962158
0.0221428871155
0.0229420661926
0.0236449241638
0.03209400177
0.0285148620605
0.0286979675293
0.0288648605347
0.0290570259094
0.0261120796204
0.0275142192841
0.0277211666107
0.0279080867767
0.0276350975037
0.0278780460358
0.0280740261078
0.0282700061798
0.029736995697
0.0299251079559
0.0301129817963
0.0302720069885
0.0316259860992
0.0318109989166
0.0319740772247
0.0321290493011
0.0259540081024
0.0261399745941
0.026300907135
0.0264530181885
0.0258378982544
0.0260119438171
0.0261590480804
0.0263049602509
0.0326030254364
0.0329270362854
0.03355717659
0.0362000465393
0.0271120071411
0.0314960479736
0.0341861248016
0.035560131073
0.0257720947266
0.0259420871735
0.0261011123657
0.0262629985809
0.0257608890533
0.0264890193939
0.0271918773651
0.0278890132904
0.0274701118469
0.0277030467987
0.0289480686188
0.030730009079
0.0261180400848
0.0262939929962
0.0264449119568
0.0265970230103
0.046327829361
0.0465738773346
0.0467958450317
0.0473399162292
0.0295870304108
0.0302019119263
0.0307857990265
0.0331509113312
0.0318231582642
0.0320150852203
0.0321981906891
0.0323710441589
0.0283010005951
0.0284790992737
0.0286459922791
0.0288119316101
0.0256659984589
0.0258581638336
0.0260272026062
0.0261840820312
0.0296468734741
0.0299379825592
0.0302159786224
0.0329339504242
0.0254778862
0.0256350040436
0.0257987976074
0.027575969696
0.0246479511261
0.0248689651489
0.0250639915466
0.0252590179443
0.0286250114441
0.0289092063904
0.0291631221771
0.0294070243835
0.0224719047546
0.0227649211884
0.0234780311584
0.0298619270325
0.0245268344879
0.0253989696503
0.0260539054871
0.0275750160217
0.0308539867401
0.0310850143433
0.0312809944153
0.0314781665802
0.0378170013428
0.0383079051971
0.0386390686035
0.0401029586792
0.0371968746185
0.0377779006958
0.0383129119873
0.0388178825378
0.0286631584167
0.0293660163879
0.0300462245941
0.0311419963837
0.0342309474945
0.0348560810089
0.0353860855103
0.0358910560608
0.0271508693695
0.0278549194336
0.0283939838409
0.0288939476013
0.0287821292877
0.0293111801147
0.0300571918488
0.0309591293335
0.0293581485748
0.0299351215363
0.0304820537567
0.031023979187
0.0248618125916
0.025221824646
0.0255398750305
0.0258538722992
0.0369310379028
0.0373229980469
0.0376219749451
0.0379211902618
0.0372779369354
0.037663936615
0.0379600524902
0.038253068924
0.0375978946686
0.0379478931427
0.0382339954376
0.0385098457336
0.0368511676788
0.0371630191803
0.0374240875244
0.0376780033112
0.0267341136932
0.027398109436
0.0277290344238
0.0293259620667
0.0342690944672
0.0348041057587
0.0353329181671
0.0356619358063
0.0301420688629
0.0304720401764
0.0310850143433
0.0371980667114
0.0301630496979
0.0307660102844
0.0310189723969
0.0315899848938
0.0333709716797
0.0337600708008
0.0341281890869
0.0344619750977
0.0371959209442
0.0377819538116
0.0382227897644
0.0391299724579
0.0378000736237
0.0381441116333
0.0384039878845
0.0386581420898
0.0252571105957
0.0254590511322
0.025689125061
0.0258800983429
0.0325589179993
0.0336420536041
0.0345828533173
0.0352928638458
0.0235409736633
0.0243511199951
0.0256440639496
0.0270681381226
0.0300559997559
0.0307800769806
0.0314691066742
0.0321810245514
0.0327689647675
0.0335490703583
0.0342891216278
0.0351550579071
0.0267460346222
0.0274858474731
0.0281269550323
0.0288259983063
0.029748916626
0.0304808616638
0.0311300754547
0.0318369865417
0.0288078784943
0.0294749736786
0.0301377773285
0.0308759212494
0.0484030246735
0.0486090183258
0.0487570762634
0.0489089488983
0.0265910625458
0.026782989502
0.0269451141357
0.0271079540253
0.0243000984192
0.0244619846344
0.0246078968048
0.0267219543457
0.0249028205872
0.0250840187073
0.0252468585968
0.0254068374634
0.0244181156158
0.0245821475983
0.0247321128845
0.0334150791168
0.0255441665649
0.0257489681244
0.0259411334991
0.0261280536652
0.0276019573212
0.0277659893036
0.0279159545898
0.0280680656433
0.0263869762421
0.0265741348267
0.0267369747162
0.0268959999084
0.0223948955536
0.0226900577545
0.0377159118652
0.0394010543823
0.0276098251343
0.0308458805084
0.0317969322205
0.032634973526
0.0360660552979
0.0366761684418
0.0372891426086
0.0387661457062
0.0265038013458
0.0271978378296
0.0278468132019
0.028443813324
0.0263199806213
0.0270628929138
0.027774810791
0.028470993042
0.0271592140198
0.0280182361603
0.0290770530701
0.0298500061035
0.0321590900421
0.032958984375
0.0338640213013
0.0345981121063
0.0263810157776
0.0272088050842
0.0278689861298
0.0285279750824
0.0262439250946
0.0271389484406
0.0284061431885
0.0303771495819
0.0277371406555
0.0278861522675
0.0280411243439
0.0286211967468
0.0230190753937
0.0232200622559
0.0247220993042
0.0299251079559
0.0263328552246
0.0264959335327
0.0266399383545
0.0267930030823
0.0369729995728
0.0371720790863
0.0373389720917
0.0375080108643
0.0261001586914
0.0262870788574
0.0264501571655
0.0266180038452
0.0328340530396
0.0330638885498
0.0332770347595
0.0334849357605
0.0281720161438
0.0283341407776
0.0284841060638
0.0286300182343
0.0252478122711
0.0254278182983
0.0255868434906
0.0257489681244
0.0267701148987
0.0269660949707
0.0271139144897
0.0272619724274
0.0271739959717
0.0273580551147
0.0275239944458
0.0400030612946
0.030770778656
0.03093791008
0.0310978889465
0.0312550067902
0.0317010879517
0.031879901886
0.0320379734039
0.0322029590607
0.0258569717407
0.0261449813843
0.0264551639557
0.0267789363861
0.0261650085449
0.0263710021973
0.0265488624573
0.0267298221588
0.0274968147278
0.0277090072632
0.0279049873352
0.0280978679657
0.0322961807251
0.0324580669403
0.0326280593872
0.0347521305084
0.0249609947205
0.0251171588898
0.0252652168274
0.0254080295563
0.0322120189667
0.0323739051819
0.0325360298157
0.0340390205383
0.028501033783
0.0287261009216
0.0289471149445
0.029098033905
0.0580911636353
0.0582830905914
0.0584621429443
0.0586400032043
0.0293369293213
0.0295119285583
0.0296680927277
0.0298290252686
0.0279359817505
0.0281140804291
0.0282809734344
0.0284390449524
0.025652885437
0.0258328914642
0.0260009765625
0.0261619091034
0.0298101902008
0.0301611423492
0.0303711891174
0.0305740833282
0.0277321338654
0.0279109477997
0.0280590057373
0.0282070636749
0.0276908874512
0.0279397964478
0.0293798446655
0.0321419239044
0.0269610881805
0.0272691249847
0.0275580883026
0.029345035553
0.037281036377
0.0375680923462
0.0378370285034
0.0381071567535
0.0276160240173
0.028293132782
0.0289881229401
0.0296361446381
0.0311799049377
0.0329527854919
0.0335078239441
0.0340909957886
0.0360839366913
0.0366480350494
0.0371539592743
0.0377418994904
0.0319221019745
0.0328841209412
0.0338180065155
0.0344300270081
0.0315999984741
0.0338001251221
0.0375871658325
0.0388281345367
0.0306279659271
0.0312008857727
0.0317640304565
0.0322680473328
0.0261390209198
0.0266699790955
0.027172088623
0.0281519889832
0.0286309719086
0.0293629169464
0.0298750400543
0.0304269790649
0.0340180397034
0.0346999168396
0.0353479385376
0.0362088680267
0.0294179916382
0.0296049118042
0.0297610759735
0.0302538871765
0.028687953949
0.0294859409332
0.0300960540771
0.0306560993195
0.0276238918304
0.028146982193
0.028657913208
0.029168844223
0.0308909416199
0.0314748287201
0.0320188999176
0.0325219631195
0.0287408828735
0.029629945755
0.030543088913
0.0308589935303
0.0279929637909
0.0285229682922
0.0290410518646
0.0295841693878
0.04722905159
0.0480291843414
0.0488221645355
0.049684047699
0.0401721000671
0.0408000946045
0.0413160324097
0.0418231487274
0.0241069793701
0.0274941921234
0.029098033905
0.0298080444336
0.0302331447601
0.0313861370087
0.0323889255524
0.0332190990448
0.0357060432434
0.035982131958
0.0362560749054
0.0364780426025
0.0437729358673
0.0439519882202
0.0441119670868
0.0442719459534
0.0338718891144
0.034087896347
0.0342710018158
0.0344560146332
0.0335440635681
0.033716917038
0.0338790416718
0.0340349674225
0.0260851383209
0.0262410640717
0.026388168335
0.0265309810638
0.0309338569641
0.0311670303345
0.031357049942
0.0315499305725
0.0289368629456
0.0291218757629
0.0292649269104
0.0294089317322
0.025190114975
0.0253500938416
0.0254950523376
0.0256569385529
0.0365691184998
0.0367879867554
0.0369720458984
0.0371561050415
0.0229790210724
0.0266880989075
0.0287601947784
0.0324461460114
0.0329790115356
0.0337860584259
0.0347311496735
0.0357100963593
0.0332970619202
0.0345301628113
0.0353569984436
0.0360989570618
0.0302500724792
0.0308640003204
0.0314218997955
0.0335359573364
0.0340478420258
0.0347228050232
0.0354089736938
0.0360298156738
0.036318063736
0.0373449325562
0.0380969047546
0.0390210151672
0.0406129360199
0.0420467853546
0.0429108142853
0.0440969467163
0.0319740772247
0.0327560901642
0.0336010456085
0.0347812175751
0.0427689552307
0.043417930603
0.044380903244
0.0450799465179
0.0426471233368
0.0433571338654
0.0440721511841
0.0446960926056
0.0267069339752
0.0305669307709
0.031329870224
0.0319929122925
0.0329260826111
0.0335021018982
0.0341320037842
0.0346419811249
0.0382101535797
0.0387959480286
0.0393769741058
0.0399219989777
0.0312478542328
0.0317928791046
0.032301902771
0.0328328609467
0.0395958423615
0.0402829647064
0.0408589839935
0.049576997757
0.0252590179443
0.0260488986969
0.0268459320068
0.0294399261475
0.0997791290283
0.101083993912
0.00145411491394
0.00198411941528
0.0333120822906
0.0348839759827
0.0357041358948
0.0365691184998
0.0272929668427
0.0282409191132
0.0291159152985
0.029767036438
0.028459072113
0.0293040275574
0.0301320552826
0.0307741165161
0.0439240932465
0.0449249744415
0.045725107193
0.0464870929718
0.0321991443634
0.0330371856689
0.0338370800018
0.0349090099335
0.03693318367
0.0376951694489
0.0383560657501
0.0389261245728
0.0303471088409
0.0305149555206
0.0306620597839
0.0308110713959
0.0216820240021
0.0218529701233
0.0220069885254
0.0324079990387
0.0279679298401
0.0281429290771
0.0283079147339
0.0284650325775
0.0254988670349
0.0256729125977
0.0258429050446
0.0260059833527
0.0287399291992
0.0289199352264
0.0290749073029
0.0292317867279
0.0240089893341
0.0262839794159
0.0272448062897
0.029541015625
0.0264310836792
0.0267400741577
0.0284628868103
0.0298790931702
0.0274679660797
0.0277700424194
0.0280969142914
0.0320749282837
0.0234909057617
0.0238170623779
0.0251710414886
0.0302529335022
0.0282580852509
0.0285921096802
0.0289211273193
0.038115978241
0.0304749011993
0.0307679176331
0.0310409069061
0.0465700626373
0.0281422138214
0.0294411182404
0.0300590991974
0.0457751750946
0.0671050548553
0.0676798820496
0.0682480335236
0.0687580108643
0.0762529373169
0.0764470100403
0.0791130065918
0.0815439224243
0.0635330677032
0.0659651756287
0.0664830207825
0.0670351982117
0.0252969264984
0.0254571437836
0.0255961418152
0.0257370471954
0.0297689437866
0.030592918396
0.0312979221344
0.0319969654083
0.0298340320587
0.0300049781799
0.0301580429077
0.0303149223328
0.034010887146
0.0341849327087
0.0343379974365
0.0344908237457
0.0282740592957
0.0284929275513
0.0286841392517
0.0301449298859
0.0339539051056
0.0341289043427
0.0342898368835
0.0344457626343
0.0289869308472
0.0291440486908
0.0292971134186
0.029443025589
0.0287718772888
0.0289449691772
0.0291090011597
0.0292630195618
0.0310339927673
0.0312170982361
0.0313808917999
0.0315370559692
0.0336508750916
0.0338590145111
0.0340189933777
0.0341749191284
0.0313429832458
0.0315139293671
0.0316700935364
0.0318291187286
0.0272579193115
0.0274460315704
0.0276100635529
0.0277709960938
0.0286109447479
0.0287899971008
0.0289509296417
0.0291059017181
0.0275378227234
0.0277199745178
0.0278799533844
0.0280377864838
0.0259411334991
0.0261249542236
0.0263011455536
0.0264730453491
0.0254309177399
0.0256040096283
0.0257489681244
0.0258939266205
0.0329630374908
0.0332109928131
0.0334031581879
0.0335819721222
0.0376529693604
0.0380499362946
0.0382449626923
0.0409009456635
0.0593030452728
0.0597569942474
0.0600190162659
0.0603859424591
0.0598950386047
0.0605201721191
0.0611040592194
0.0617699623108
0.0475537776947
0.0477449893951
0.0479388237
0.0483717918396
0.0384240150452
0.0390930175781
0.0398149490356
0.0406110286713
0.0421259403229
0.0428268909454
0.0434880256653
0.044173002243
0.0278899669647
0.0284650325775
0.0289669036865
0.0294940471649
0.0351829528809
0.0358231067657
0.0364270210266
0.0370051860809
0.0285398960114
0.028755903244
0.0289590358734
0.0291600227356
0.0520911216736
0.0522649288177
0.0524301528931
0.0525951385498
0.0265018939972
0.0267019271851
0.0268800258636
0.0270619392395
0.0414741039276
0.0416679382324
0.0422871112823
0.0426828861237
0.0266649723053
0.0269291400909
0.0271730422974
0.0276181697845
0.0302670001984
0.0304400920868
0.0314130783081
0.032418012619
0.0243141651154
0.0245800018311
0.0299201011658
0.0326671600342
0.0227489471436
0.0229430198669
0.0231149196625
0.0232889652252
0.0262060165405
0.0263931751251
0.0265641212463
0.0284521579742
0.0299408435822
0.0301139354706
0.0302889347076
0.0304338932037
0.0242671966553
0.0255382061005
0.0257730484009
0.0259940624237
0.0257329940796
0.0312809944153
0.0315449237823
0.0317840576172
0.0261979103088
0.0263750553131
0.0265378952026
0.0266969203949
0.0256810188293
0.0258591175079
0.0260181427002
0.0261781215668
0.0318119525909
0.0320620536804
0.0323388576508
0.0326108932495
0.0234019756317
0.0235838890076
0.0237600803375
0.0239260196686
0.0382158756256
0.0384659767151
0.038666009903
0.0388638973236
0.030403137207
0.030580997467
0.0307381153107
0.0309081077576
0.0272099971771
0.027382850647
0.0275349617004
0.0276877880096
0.0322349071503
0.0324168205261
0.0325720310211
0.0327298641205
0.0256860256195
0.0258679389954
0.0260319709778
0.0261929035187
0.0262269973755
0.0264658927917
0.0266349315643
0.0267958641052
0.0298290252686
0.0300049781799
0.0301699638367
0.0303311347961
0.0292370319366
0.029412984848
0.0295720100403
0.0297300815582
0.0322020053864
0.0323779582977
0.0325400829315
0.0326941013336
0.0256509780884
0.0258219242096
0.0259850025177
0.0261390209198
0.0271790027618
0.0273561477661
0.0275211334229
0.0276811122894
0.0290410518646
0.0292201042175
0.0293788909912
0.0296258926392
0.0313169956207
0.031485080719
0.0316340923309
0.0317850112915
0.0264070034027
0.0266759395599
0.0268409252167
0.0269899368286
0.0319390296936
0.0321359634399
0.032289981842
0.032436132431
0.0308420658112
0.0310199260712
0.0311660766602
0.0313379764557
0.0282969474792
0.0284748077393
0.0286359786987
0.0287868976593
0.0302550792694
0.0304341316223
0.0306191444397
0.0307779312134
0.0285880565643
0.0293221473694
0.0298781394958
0.0305051803589
0.0258951187134
0.026064157486
0.0343561172485
0.0383701324463
0.0335810184479
0.0337910652161
0.0339810848236
0.0341730117798
0.0312628746033
0.0314960479736
0.0316479206085
0.0318019390106
0.025890827179
0.0274498462677
0.0277688503265
0.0283088684082
0.036906003952
0.0374848842621
0.0380790233612
0.038605928421
0.0266408920288
0.0272278785706
0.0277738571167
0.0282788276672
0.030250787735
0.0308108329773
0.03133893013
0.0319278240204
0.0336260795593
0.0341420173645
0.0347261428833
0.0393180847168
0.0357489585876
0.0362658500671
0.0451800823212
0.0456929206848
0.0276119709015
0.0281858444214
0.0287909507751
0.0293939113617
0.0312919616699
0.0318908691406
0.0324749946594
0.0330350399017
0.0299711227417
0.0301520824432
0.0303189754486
0.0305030345917
0.0280039310455
0.0281779766083
0.0283858776093
0.0288608074188
0.0319049358368
0.0320971012115
0.0322639942169
0.0380189418793
0.0325040817261
0.033126115799
0.0335879325867
0.0340211391449
0.0264341831207
0.0268881320953
0.0275499820709
0.0279641151428
0.0305659770966
0.0309631824493
0.0334429740906
0.0340781211853
0.0397169589996
0.040374994278
0.0428760051727
0.0434539318085
0.0250270366669
0.0254981517792
0.0262570381165
0.0269420146942
0.0321650505066
0.0327908992767
0.0333859920502
0.0337769985199
0.0341501235962
0.0348041057587
0.0353901386261
0.0386590957642
0.0338199138641
0.0342929363251
0.0347590446472
0.0354418754578
0.0278840065002
0.0280499458313
0.0282020568848
0.0283510684967
0.026046037674
0.0262110233307
0.0263700485229
0.0265209674835
0.0296409130096
0.0298058986664
0.0299699306488
0.0301358699799
0.0353000164032
0.0354769229889
0.0356431007385
0.0358059406281
0.0310049057007
0.0315518379211
0.0324440002441
0.0335919857025
0.0324289798737
0.0329699516296
0.0337328910828
0.0343878269196
0.0327100753784
0.0333151817322
0.0337951183319
0.0344879627228
0.0315699577332
0.0317530632019
0.0319111347198
0.0320689678192
0.0287749767303
0.0289549827576
0.0291159152985
0.0292749404907
0.0283360481262
0.0285148620605
0.0286719799042
0.0288310050964
0.0226941108704
0.0229060649872
0.0333240032196
0.0335640907288
0.0342829227448
0.0344839096069
0.0348069667816
0.0350179672241
0.031131029129
0.0315639972687
0.032045841217
0.0324170589447
0.0347671508789
0.0354261398315
0.0358250141144
0.0360000133514
0.0500240325928
0.0502369403839
0.0506219863892
0.0510668754578
0.0385301113129
0.0387210845947
0.0392179489136
0.0396420955658
0.0293800830841
0.0296339988708
0.0298190116882
0.0301918983459
0.027284860611
0.0282039642334
0.0295279026031
0.0305869579315
0.0302548408508
0.0310039520264
0.0316519737244
0.0353028774261
0.02920794487
0.0299019813538
0.0305349826813
0.0311479568481
0.0266358852386
0.0267918109894
0.0287609100342
0.029403924942
0.0284268856049
0.0286059379578
0.0287659168243
0.028923034668
0.0263559818268
0.0265259742737
0.0266809463501
0.0268218517303
0.0248332023621
0.0250329971313
0.0252180099487
0.0254051685333
0.0264959335327
0.0266900062561
0.0268678665161
0.0270369052887
0.032516002655
0.0327818393707
0.0331299304962
0.0411510467529
0.0310759544373
0.0312969684601
0.0315380096436
0.0318050384521
0.0303690433502
0.0305500030518
0.0307080745697
0.0308709144592
0.0263290405273
0.0265100002289
0.0266699790955
0.0268330574036
0.0263631343842
0.0268239974976
0.0270669460297
0.0274541378021
0.0276248455048
0.0282278060913
0.0287408828735
0.0293698310852
0.0391719341278
0.040107011795
0.0408718585968
0.0416638851166
0.0369689464569
0.0375120639801
0.0380148887634
0.0385630130768
0.0288608074188
0.0294418334961
0.0299689769745
0.0304808616638
0.0331990718842
0.034166097641
0.0349359512329
0.0356149673462
0.0272409915924
0.0279970169067
0.0287890434265
0.0294270515442
0.026508808136
0.0266749858856
0.0268340110779
0.02698802948
0.028568983078
0.0287480354309
0.0289058685303
0.0290658473969
0.0225620269775
0.0265929698944
0.0268130302429
0.0270211696625
0.0248050689697
0.0249769687653
0.0251250267029
0.0252630710602
0.0284190177917
0.0286118984222
0.0287959575653
0.028972864151
0.0305271148682
0.0306949615479
0.0308561325073
0.0310120582581
0.024491071701
0.0246589183807
0.0248100757599
0.0249581336975
0.0351490974426
0.0353269577026
0.0354869365692
0.0356459617615
0.0266201496124
0.0268070697784
0.0269689559937
0.0271229743958
0.0285091400146
0.0286951065063
0.0288569927216
0.0290100574493
0.0265009403229
0.0267210006714
0.0269141197205
0.0271129608154
0.0227689743042
0.0229940414429
0.0232260227203
0.023442029953
0.0327451229095
0.0330250263214
0.0332081317902
0.0335810184479
0.0273990631104
0.0279829502106
0.0285770893097
0.0296161174774
0.0297470092773
0.0302917957306
0.030877828598
0.0314009189606
0.03764295578
0.0381870269775
0.0387229919434
0.0392618179321
0.032527923584
0.0331101417542
0.0336821079254
0.0342659950256
0.0319259166718
0.0324740409851
0.0330369472504
0.0336060523987
0.0324161052704
0.0330059528351
0.0335381031036
0.0340790748596
0.036425113678
0.0370330810547
0.0376350879669
0.0382790565491
0.0270199775696
0.0275738239288
0.0280768871307
0.029942035675
0.0304927825928
0.0311079025269
0.0317199230194
0.0323338508606
0.0274121761322
0.0277330875397
0.0287520885468
0.0294330120087
0.0299601554871
0.0301940441132
0.0305180549622
0.030757188797
0.0298519134521
0.0303127765656
0.0307309627533
0.0311470031738
0.03084897995
0.031543970108
0.032243013382
0.0329430103302
0.0303549766541
0.0308980941772
0.0314409732819
0.0319881439209
0.0299670696259
0.0301480293274
0.0303139686584
0.0304751396179
0.0258629322052
0.0260560512543
0.0262348651886
0.0264098644257
0.036190032959
0.0364470481873
0.0366880893707
0.0369219779968
0.0277760028839
0.0279450416565
0.0280900001526
0.028235912323
0.0388898849487
0.0390679836273
0.0392248630524
0.0393698215485
0.0380258560181
0.0382130146027
0.0383780002594
0.0385398864746
0.0264840126038
0.0266740322113
0.0268399715424
0.0270080566406
0.0316979885101
0.0319519042969
0.0321629047394
0.032390832901
0.022234916687
0.0224199295044
0.0225789546967
0.0227520465851
0.0240139961243
0.0241870880127
0.0243351459503
0.0257279872894
0.0272331237793
0.0273880958557
0.027535200119
0.0276930332184
0.0232648849487
0.0363709926605
0.0365579128265
0.0367360115051
0.0363209247589
0.0366339683533
0.0368909835815
0.0371270179749
0.032331943512
0.0326359272003
0.0328779220581
0.0331220626831
0.0326659679413
0.0336320400238
0.0344669818878
0.0353429317474
0.0345849990845
0.0353500843048
0.0361170768738
0.0369849205017
0.0285348892212
0.029504776001
0.0313808917999
0.0323858261108
0.0280151367188
0.0287749767303
0.029541015625
0.0302150249481
0.028018951416
0.0287220478058
0.0293829441071
0.0299909114838
0.0272631645203
0.0280070304871
0.028685092926
0.0293381214142
0.0292961597443
0.0331311225891
0.0338001251221
0.0345120429993
0.0279848575592
0.0286858081818
0.0293588638306
0.0299298763275
0.0358378887177
0.0366640090942
0.0373039245605
0.037957906723
0.0268568992615
0.0274720191956
0.0280878543854
0.0286948680878
0.0438601970673
0.0448400974274
0.0457761287689
0.0467140674591
0.0284128189087
0.0291848182678
0.0297718048096
0.0402398109436
0.0268740653992
0.0274500846863
0.0280091762543
0.0285429954529
0.0346720218658
0.0352790355682
0.0358488559723
0.0364048480988
0.0305681228638
0.0311591625214
0.0316641330719
0.0323140621185
0.0381970405579
0.0383768081665
0.0385320186615
0.0387418270111
0.0319600105286
0.0321319103241
0.0322949886322
0.0324509143829
0.0238089561462
0.0239958763123
0.0241689682007
0.0243198871613
0.0423891544342
0.0426201820374
0.0428001880646
0.0429801940918
0.0249738693237
0.0251579284668
0.0253019332886
0.0255920886993
0.0289568901062
0.0292530059814
0.0295300483704
0.0298049449921
0.0301740169525
0.0305140018463
0.0307900905609
0.031063079834
0.029965877533
0.030152797699
0.0303030014038
0.030455827713
0.0208811759949
0.0285561084747
0.0313000679016
0.0320172309875
0.0305910110474
0.0313110351562
0.0320041179657
0.0326900482178
0.0289878845215
0.0296499729156
0.0302309989929
0.0307719707489
0.0376510620117
0.0382859706879
0.0388259887695
0.0414340496063
0.025759935379
0.0264840126038
0.0271310806274
0.0278370380402
0.0342829227448
0.0344688892365
0.034637928009
0.0348019599915
0.0282700061798
0.0284430980682
0.0285930633545
0.0287420749664
0.0317878723145
0.0319809913635
0.0321629047394
0.0323309898376
0.0210258960724
0.0212180614471
0.0213680267334
0.0215880870819
0.0289051532745
0.0290851593018
0.0295040607452
0.0312139987946
0.0284299850464
0.0290629863739
0.0296928882599
0.0303089618683
0.0333490371704
0.0339579582214
0.0347690582275
0.0353519916534
0.0306460857391
0.0316369533539
0.0334649085999
0.0359311103821
0.0256519317627
0.0318670272827
0.0328269004822
0.0374710559845
0.0295238494873
0.0303199291229
0.0310258865356
0.0319268703461
0.0272350311279
0.0281510353088
0.0290999412537
0.0299689769745
0.040726184845
0.0414710044861
0.0421800613403
0.0430359840393
0.0255699157715
0.0260059833527
0.0262670516968
0.0286359786987
0.0295050144196
0.0299210548401
0.030699968338
0.0312020778656
0.036425113678
0.0370540618896
0.0376641750336
0.0382010936737
0.028981924057
0.0293610095978
0.0298309326172
0.0303359031677
0.0286161899567
0.0293130874634
0.0298712253571
0.0307791233063
0.0411651134491
0.0413730144501
0.0417320728302
0.0419139862061
0.030198097229
0.0303840637207
0.0411429405212
0.0413279533386
0.0258779525757
0.0260639190674
0.0262379646301
0.0264070034027
0.0335619449615
0.0337500572205
0.0339140892029
0.0341060161591
0.0256772041321
0.0259871482849
0.0265331268311
0.0272932052612
0.0222849845886
0.0228400230408
0.0231280326843
0.0233709812164
0.0258479118347
0.0261390209198
0.0264029502869
0.0266828536987
0.0232801437378
0.0240650177002
0.0285251140594
0.0290811061859
0.0223460197449
0.0231711864471
0.0233421325684
0.0234949588776
0.0484390258789
0.0486280918121
0.0488750934601
0.0491671562195
0.0268728733063
0.0271990299225
0.0274770259857
0.0277469158173
0.0324790477753
0.0328600406647
0.0331709384918
0.0334630012512
0.047189950943
0.0483660697937
0.0493860244751
0.0505609512329
0.0259580612183
0.0266139507294
0.0271360874176
0.0276129245758
0.0322859287262
0.0340068340302
0.0354149341583
0.0359139442444
0.0316479206085
0.0325059890747
0.0332009792328
0.0337660312653
0.0322408676147
0.0328419208527
0.0334348678589
0.0339620113373
0.0347599983215
0.037750005722
0.0421731472015
0.0424931049347
0.0419020652771
0.0424699783325
0.0435190200806
0.0457799434662
0.0332851409912
0.0335869789124
0.0338480472565
0.0341041088104
0.0410079956055
0.0411729812622
0.0413239002228
0.0415229797363
0.0323519706726
0.0325150489807
0.0326640605927
0.0328340530396
0.0267248153687
0.0268859863281
0.0270388126373
0.0271828174591
0.0264101028442
0.0266180038452
0.0268061161041
0.0269858837128
0.0250630378723
0.0254092216492
0.0257441997528
0.026034116745
0.0222821235657
0.0225019