0.0348200798035
0.0355181694031
0.0362491607666
0.0372960567474
0.0261378288269
0.0267148017883
0.0271639823914
0.0288209915161
0.0290811061859
0.0295631885529
0.0302829742432
0.0437209606171
0.0289251804352
0.029107093811
0.0292620658875
0.0294280052185
0.0372850894928
0.0374629497528
0.0376269817352
0.0377879142761
0.0264630317688
0.0266790390015
0.0268499851227
0.0270109176636
0.0301830768585
0.0303649902344
0.0305230617523
0.0309031009674
0.0320198535919
0.0322349071503
0.032399892807
0.0325708389282
0.0321319103241
0.0325939655304
0.0331029891968
0.0333919525146
0.0274322032928
0.028135061264
0.0285680294037
0.0289850234985
0.032457113266
0.0326020717621
0.0330531597137
0.0334391593933
0.0329339504242
0.0331339836121
0.0333378314972
0.0335237979889
0.0265181064606
0.0267009735107
0.0268659591675
0.0270280838013
0.026713848114
0.0268959999084
0.0299928188324
0.0306038856506
0.0341169834137
0.0344200134277
0.0347049236298
0.0349779129028
0.0295128822327
0.0301079750061
0.0307409763336
0.0313849449158
0.0340559482574
0.0346639156342
0.0352039337158
0.0416297912598
0.0319559574127
0.0325040817261
0.0330319404602
0.0335578918457
0.0287790298462
0.0293650627136
0.0299270153046
0.0304279327393
0.0395410060883
0.0398008823395
0.0400369167328
0.0413620471954
0.0328979492188
0.033775806427
0.0357058048248
0.0371639728546
0.0230600833893
0.0239241123199
0.0247640609741
0.0274391174316
0.0280709266663
0.0286519527435
0.0291848182678
0.0297029018402
0.0327219963074
0.0345821380615
0.0359480381012
0.0370161533356
0.0269029140472
0.0278038978577
0.0287787914276
0.0330748558044
0.0314500331879
0.0326459407806
0.0352680683136
0.0372250080109
0.0404179096222
0.0410161018372
0.041620016098
0.042289018631
0.0327229499817
0.0332670211792
0.0337707996368
0.0343589782715
0.0291478633881
0.0299608707428
0.0304839611053
0.0309979915619
0.0323078632355
0.0328550338745
0.0333750247955
0.0338969230652
0.0293519496918
0.030072927475
0.0310080051422
0.0315229892731
0.0327739715576
0.0333728790283
0.0339617729187
0.0345408916473
0.0300362110138
0.031503200531
0.0325820446014
0.0331890583038
0.0285539627075
0.0293650627136
0.0299830436707
0.0306220054626
0.0349569320679
0.0351848602295
0.0354080200195
0.0356259346008
0.0359869003296
0.0362620353699
0.0364789962769
0.0366599559784
0.0316588878632
0.0318379402161
0.0319950580597
0.0321559906006
0.0228698253632
0.0235719680786
0.0245368480682
0.028226852417
0.0257289409637
0.0259509086609
0.0261490345001
0.0263390541077
0.0262367725372
0.0308539867401
0.0313899517059
0.0319118499756
0.0292940139771
0.0298781394958
0.0304319858551
0.0309391021729
0.0313148498535
0.0318977832794
0.0324637889862
0.0330069065094
0.0267770290375
0.0273840427399
0.0278949737549
0.0284140110016
0.0324499607086
0.0333120822906
0.0342810153961
0.0353670120239
0.0296618938446
0.0298659801483
0.030042886734
0.0302238464355
0.0359771251678
0.0361380577087
0.0362830162048
0.0364210605621
0.0314660072327
0.0316231250763
0.0317769050598
0.0330879688263
0.0366291999817
0.0368270874023
0.0370140075684
0.037201166153
0.0320909023285
0.0322649478912
0.0324280261993
0.0325880050659
0.0265731811523
0.0273461341858
0.0282120704651
0.031289100647
0.0287342071533
0.0290431976318
0.0293550491333
0.0334680080414
0.026524066925
0.0266830921173
0.0268230438232
0.0269660949707
0.0254409313202
0.0256178379059
0.030996799469
0.0336709022522
0.0317041873932
0.0318801403046
0.0320451259613
0.032201051712
0.0350868701935
0.0352590084076
0.0354199409485
0.0355780124664
0.0348079204559
0.0349810123444
0.0351340770721
0.0352909564972
0.0269730091095
0.0272359848022
0.0275390148163
0.030935049057
0.0273129940033
0.0281000137329
0.0288200378418
0.0294241905212
0.0255270004272
0.0258328914642
0.0280420780182
0.0283350944519
0.0368630886078
0.0370309352875
0.0371820926666
0.0373330116272
0.032320022583
0.0324931144714
0.032998085022
0.0342781543732
0.029876947403
0.0300858020782
0.0302858352661
0.030473947525
0.037290096283
0.0374660491943
0.0376260280609
0.037780046463
0.0386860370636
0.0388691425323
0.0390300750732
0.039183139801
0.0356409549713
0.0362138748169
0.0367648601532
0.0372889041901
0.0218899250031
0.0228278636932
0.0237100124359
0.0244958400726
0.0303020477295
0.0308511257172
0.0314049720764
0.0320661067963
0.0274829864502
0.028303861618
0.0292630195618
0.0300188064575
0.0275609493256
0.028617143631
0.0294761657715
0.030415058136
0.0348138809204
0.0355408191681
0.0363049507141
0.0369968414307
0.0355582237244
0.0362830162048
0.0369851589203
0.03773021698
0.0306298732758
0.0315549373627
0.0323820114136
0.0330798625946
0.0331079959869
0.0338940620422
0.034511089325
0.0351819992065
0.0373129844666
0.0382220745087
0.0391750335693
0.0402150154114
0.0276460647583
0.0285949707031
0.029345035553
0.0300741195679
0.0322868824005
0.0330529212952
0.0336608886719
0.0343589782715
0.0339031219482
0.0354609489441
0.037661075592
0.0389940738678
0.0340158939362
0.0347399711609
0.0353779792786
0.0360388755798
0.0373718738556
0.0381269454956
0.0387539863586
0.0394260883331
0.0322780609131
0.0324449539185
0.032616853714
0.0327780246735
0.0315160751343
0.0316910743713
0.0318560600281
0.0320150852203
0.031044960022
0.0312209129333
0.0313799381256
0.0315399169922
0.0341639518738
0.0343399047852
0.034500837326
0.0346438884735
0.0359139442444
0.0361559391022
0.0363309383392
0.0364758968353
0.0290927886963
0.0293459892273
0.0295348167419
0.0312609672546
0.0288000106812
0.0289809703827
0.0291361808777
0.0292930603027
0.0260760784149
0.0262629985809
0.0264830589294
0.026652097702
0.0318579673767
0.0320320129395
0.0321941375732
0.0327770709991
0.0305950641632
0.0307528972626
0.0308978557587
0.0310349464417
0.031742811203
0.0320258140564
0.0322959423065
0.0325617790222
0.0285241603851
0.0288820266724
0.0291340351105
0.0293970108032
0.0338599681854
0.0343008041382
0.0348749160767
0.0353298187256
0.0252311229706
0.0261869430542
0.0271120071411
0.0279741287231
0.0341730117798
0.0347011089325
0.0353310108185
0.0360491275787
0.0295820236206
0.0299251079559
0.0301480293274
0.0303461551666
0.0313467979431
0.0315678119659
0.0317888259888
0.0319519042969
0.0274591445923
0.0280859470367
0.0286149978638
0.029158115387
0.0734238624573
0.0739598274231
0.0752749443054
0.0762009620667
0.0250730514526
0.0252368450165
0.0253849029541
0.0255260467529
0.0235240459442
0.0236809253693
0.0238289833069
0.0248038768768
0.0223338603973
0.0225019454956
0.0226609706879
0.027715921402
0.0311939716339
0.0313670635223
0.0315299034119
0.0316820144653
0.0250670909882
0.0252459049225
0.025603055954
0.0279378890991
0.0239109992981
0.0241520404816
0.024491071701
0.0399911403656
0.0301518440247
0.0303618907928
0.0305368900299
0.0312299728394
0.0269207954407
0.0271279811859
0.0273048877716
0.0277299880981
0.0329549312592
0.0331671237946
0.0333371162415
0.0335059165955
0.0318369865417
0.0321578979492
0.0324029922485
0.0325789451599
0.0238180160522
0.0239760875702
0.0241191387177
0.0242650508881
0.0413410663605
0.0415761470795
0.0417821407318
0.0419759750366
0.0282728672028
0.0285139083862
0.0288119316101
0.0290939807892
0.0226979255676
0.022891998291
0.0230588912964
0.0232338905334
0.0306949615479
0.0308730602264
0.0310530662537
0.0312149524689
0.022864818573
0.0230469703674
0.0232157707214
0.0297608375549
0.0228772163391
0.0231201648712
0.0245821475983
0.027092218399
0.0259449481964
0.0271728038788
0.0298998355865
0.0320699214935
0.0269830226898
0.027440071106
0.0278670787811
0.0280869007111
0.0271310806274
0.0277070999146
0.0282130241394
0.0287220478058
0.0290439128876
0.0295717716217
0.0301628112793
0.0306739807129
0.0275609493256
0.028244972229
0.028904914856
0.0297138690948
0.0228099822998
0.0233998298645
0.0239109992981
0.0244698524475
0.0262980461121
0.0264639854431
0.0266141891479
0.0267632007599
0.0288398265839
0.0290138721466
0.0291647911072
0.029317855835
0.0369079113007
0.0376319885254
0.0382609367371
0.0388150215149
0.0379338264465
0.0384199619293
0.0390050411224
0.0394070148468
0.0281329154968
0.0285770893097
0.0294289588928
0.0298480987549
0.025918006897
0.0275800228119
0.028183221817
0.0290410518646
0.0316619873047
0.0321650505066
0.0328691005707
0.0334279537201
0.0355358123779
0.0360939502716
0.0364239215851
0.0404160022736
0.0278830528259
0.0285489559174
0.0289471149445
0.0293569564819
0.0267980098724
0.0279080867767
0.0292541980743
0.032341003418
0.0268888473511
0.0275838375092
0.0280909538269
0.0285978317261
0.0294029712677
0.0299320220947
0.0304419994354
0.036239862442
0.0212979316711
0.0219559669495
0.0226080417633
0.0337538719177
0.0316779613495
0.0332119464874
0.0342578887939
0.0352988243103
0.0318999290466
0.0325450897217
0.0330510139465
0.0335578918457
0.0293509960175
0.0299401283264
0.0304799079895
0.0309870243073
0.025985956192
0.0265719890594
0.0271348953247
0.0276560783386
0.0285720825195
0.0288541316986
0.0290441513062
0.029228925705
0.0260810852051
0.0262620449066
0.0264270305634
0.0265879631042
0.0253090858459
0.0254828929901
0.0256459712982
0.0258100032806
0.028039932251
0.0282189846039
0.0283858776093
0.0285429954529
0.0283780097961
0.028557062149
0.0287220478058
0.0288801193237
0.0307540893555
0.030935049057
0.0311009883881
0.031259059906
0.0288829803467
0.0290598869324
0.0292208194733
0.029373884201
0.0219309329987
0.0225470066071
0.0229158401489
0.0234439373016
0.0262551307678
0.0266530513763
0.0272741317749
0.0276250839233
0.0273730754852
0.0276429653168
0.0284650325775
0.0290701389313
0.0221841335297
0.022369146347
0.0225310325623
0.0231790542603
0.0323679447174
0.0325620174408
0.0327379703522
0.0329060554504
0.0253729820251
0.0255651473999
0.0257120132446
0.0258691310883
0.0250849723816
0.0252549648285
0.025416135788
0.0255749225616
0.027391910553
0.0288820266724
0.0290498733521
0.0294070243835
0.0232729911804
0.023512840271
0.0237419605255
0.025505065918
0.0323009490967
0.0324778556824
0.0326399803162
0.0327978134155
0.029098033905
0.0292749404907
0.0294289588928
0.0295770168304
0.0375878810883
0.0389997959137
0.0456638336182
0.0467348098755
0.0500800609589
0.0512630939484
0.0523660182953
0.0535321235657
0.0321028232574
0.0328409671783
0.0335319042206
0.0343949794769
0.0274748802185
0.0282428264618
0.0289349555969
0.0297408103943
0.0391969680786
0.0394580364227
0.0396780967712
0.0400738716125
0.0242459774017
0.0246591567993
0.0250730514526
0.0252950191498
0.026664018631
0.0270068645477
0.0271928310394
0.027596950531
0.0247740745544
0.0253369808197
0.0259230136871
0.0264439582825
0.0264730453491
0.0269079208374
0.0276188850403
0.0280349254608
0.0300669670105
0.0304861068726
0.0309131145477
0.0313990116119
0.0339119434357
0.0341050624847
0.034255027771
0.0343978404999
0.0325310230255
0.0327081680298
0.0328731536865
0.0330381393433
0.0329639911652
0.0331909656525
0.0333878993988
0.0335960388184
0.0273780822754
0.0275869369507
0.0277700424194
0.0279569625854
0.0265560150146
0.0267360210419
0.0268981456757
0.0270681381226
0.0579071044922
0.0581061840057
0.0582890510559
0.0584700107574
0.0272991657257
0.0274720191956
0.0276341438293
0.0277931690216
0.0293669700623
0.0295689105988
0.0297288894653
0.0298798084259
0.0253410339355
0.0255291461945
0.0257160663605
0.0258891582489
0.0290110111237
0.0293409824371
0.0296530723572
0.0299558639526
0.0296280384064
0.0348041057587
0.0359270572662
0.0369861125946
0.0291569232941
0.0298109054565
0.0304028987885
0.0309507846832
0.0270700454712
0.0277578830719
0.0283260345459
0.0288529396057
0.0336780548096
0.0347819328308
0.0361149311066
0.0374450683594
0.0254559516907
0.0266408920288
0.0290539264679
0.0322940349579
0.0273649692535
0.0282099246979
0.0290319919586
0.030081987381
0.0237700939178
0.0246081352234
0.0253229141235
0.0259630680084
0.0277228355408
0.0284399986267
0.0290579795837
0.0297079086304
0.0274608135223
0.0285229682922
0.0295338630676
0.0329608917236
0.0318720340729
0.0326061248779
0.0332541465759
0.0342700481415
0.0275070667267
0.0276801586151
0.0278251171112
0.0279631614685
0.036003112793
0.0361640453339
0.0363330841064
0.0409710407257
0.022341966629
0.0226099491119
0.022864818573
0.0231118202209
0.0253849029541
0.0260429382324
0.0267009735107
0.0286450386047
0.0270638465881
0.0285258293152
0.0292458534241
0.030021905899
0.0295150279999
0.0297269821167
0.0298840999603
0.0300478935242
0.0212869644165
0.0214838981628
0.0216448307037
0.0247628688812
0.0368120670319
0.0370919704437
0.0425670146942
0.044741153717
0.0371820926666
0.0374338626862
0.0376598834991
0.039458990097
0.0293898582458
0.0295610427856
0.0297050476074
0.0393359661102
0.0329089164734
0.0330839157104
0.0332458019257
0.0334029197693
0.0325989723206
0.0327789783478
0.0329401493073
0.0331010818481
0.0363249778748
0.0364980697632
0.0366530418396
0.0368070602417
0.0295929908752
0.0297629833221
0.0299479961395
0.0301361083984
0.0251789093018
0.0253889560699
0.0255329608917
0.0260369777679
0.0440149307251
0.0442459583282
0.0444419384003
0.0446829795837
0.0330600738525
0.0332381725311
0.0333931446075
0.0335531234741
0.0288021564484
0.029009103775
0.0291819572449
0.0293531417847
0.0290999412537
0.0293860435486
0.0296370983124
0.0299119949341
0.027979850769
0.0281639099121
0.0285220146179
0.0289118289948
0.0256080627441
0.0261631011963
0.0266890525818
0.0272171497345
0.022570848465
0.0227749347687
0.0229709148407
0.0231449604034
0.0268831253052
0.0280721187592
0.0282402038574
0.0284051895142
0.0352010726929
0.0366401672363
0.0380330085754
0.0394930839539
0.0323791503906
0.0330810546875
0.0338060855865
0.0345430374146
0.0195009708405
0.0200989246368
0.0206120014191
0.0211598873138
0.0265409946442
0.0270638465881
0.0276379585266
0.0282859802246
0.0297389030457
0.0302720069885
0.0307879447937
0.0313107967377
0.0278248786926
0.0287258625031
0.0296678543091
0.0308780670166
0.028911113739
0.0294549465179
0.0299620628357
0.0304720401764
0.0284609794617
0.0293538570404
0.0299170017242
0.0313968658447
0.0304698944092
0.030996799469
0.0315008163452
0.0320088863373
0.0301179885864
0.0307381153107
0.0315849781036
0.0345830917358
0.0342779159546
0.0348560810089
0.0354070663452
0.0520949363708
0.0275478363037
0.028126001358
0.0286920070648
0.0292367935181
0.0351781845093
0.0369300842285
0.0393950939178
0.0405812263489
0.0346150398254
0.0348970890045
0.0358710289001
0.0477459430695
0.028706073761
0.029000043869
0.0292730331421
0.029541015625
0.0253071784973
0.0255692005157
0.0258121490479
0.0278730392456
0.0284271240234
0.0292150974274
0.0298519134521
0.0305299758911
0.0247819423676
0.0249829292297
0.0251779556274
0.0271580219269
0.0257999897003
0.0260090827942
0.0261991024017
0.0263891220093
0.030259847641
0.0304930210114
0.0306580066681
0.0308630466461
0.0251700878143
0.0253751277924
0.0255320072174
0.0276510715485
0.0281538963318
0.0283508300781
0.0290338993073
0.0292239189148
0.0303289890289
0.0308339595795
0.0319159030914
0.0341789722443
0.0307919979095
0.0309839248657
0.0311341285706
0.0318169593811
0.0283370018005
0.0284960269928
0.0286400318146
0.0287790298462
0.0255589485168
0.0259940624237
0.026428937912
0.0266580581665
0.0236787796021
0.0238678455353
0.0242629051208
0.0246958732605
0.0285811424255
0.0290322303772
0.029422044754
0.0296421051025
0.0315551757812
0.0317261219025
0.032329082489
0.0326941013336
0.0227382183075
0.0229761600494
0.0233790874481
0.0246531963348
0.0260889530182
0.0266659259796
0.0272119045258
0.027774810791
0.0274839401245
0.0280120372772
0.0291130542755
0.0297029018402
0.0223369598389
0.0232059955597
0.0241658687592
0.0247268676758
0.0277709960938
0.0284581184387
0.0290269851685
0.0295741558075
0.0281820297241
0.0291309356689
0.0296988487244
0.0302548408508
0.0291929244995
0.030956029892
0.0351288318634
0.0356488227844
0.0515348911285
0.0518379211426
0.0524039268494
0.0539028644562
0.0222291946411
0.0225880146027
0.0228831768036
0.0231699943542
0.0261409282684
0.0264348983765
0.0267429351807
0.0272629261017
0.0329909324646
0.033570766449
0.0341348648071
0.0346548557281
0.0334520339966
0.0340321063995
0.0345890522003
0.0351259708405
0.0254559516907
0.0260329246521
0.02654504776
0.0270819664001
0.0260150432587
0.0265700817108
0.0271129608154
0.0276629924774
0.0284810066223
0.0290379524231
0.0295748710632
0.0301079750061
0.0341820716858
0.0349361896515
0.0355920791626
0.0362570285797
0.025022983551
0.0271580219269
0.0299758911133
0.0307250022888
0.0298171043396
0.0305280685425
0.03116106987
0.0318238735199
0.034019947052
0.0347390174866
0.0354480743408
0.0363070964813
0.0300760269165
0.0302369594574
0.030387878418
0.0305569171906
0.0219950675964
0.022157907486
0.0223190784454
0.022469997406
0.0274078845978
0.0276880264282
0.027932882309
0.030081987381
0.0296771526337
0.0304470062256
0.0311551094055
0.0319149494171
0.0386879444122
0.0395138263702
0.0402338504791
0.0409269332886
0.032616853714
0.0327718257904
0.0329179763794
0.035099029541
0.0280380249023
0.0282609462738
0.0345799922943
0.0362029075623
0.0294101238251
0.0295760631561
0.0297229290009
0.0298631191254
0.0332441329956
0.0334341526031
0.0335981845856
0.033753156662
0.0367958545685
0.0370988845825
0.0444009304047
0.0470249652863
0.0321390628815
0.032329082489
0.0325090885162
0.0326919555664
0.0315461158752
0.0317060947418
0.0318579673767
0.03200507164
0.033863067627
0.034040927887
0.0342040061951
0.0343608856201
0.0292799472809
0.0294630527496
0.0296289920807
0.0297870635986
0.0291440486908
0.0293190479279
0.0294828414917
0.029639005661
0.0364420413971
0.0366449356079
0.0368371009827
0.0370230674744
0.0365130901337
0.0366930961609
0.0368590354919
0.0370171070099
0.0261700153351
0.0263638496399
0.0265369415283
0.0267028808594
0.0407891273499
0.0409681797028
0.041127204895
0.0412859916687
0.0341141223907
0.0342719554901
0.0344181060791
0.034560918808
0.0336451530457
0.0338230133057
0.033979177475
0.0341391563416
0.0325179100037
0.0327007770538
0.0328598022461
0.0330197811127
0.0320711135864
0.0322549343109
0.0324320793152
0.0325899124146
0.0305631160736
0.0307161808014
0.0308599472046
0.0309979915619
0.036740064621
0.036906003952
0.0370790958405
0.0373020172119
0.0341591835022
0.0346021652222
0.0350341796875
0.0352580547333
0.0242719650269
0.0248398780823
0.0253789424896
0.0259230136871
0.0226888656616
0.0233850479126
0.0240859985352
0.0247659683228
0.0325810909271
0.0332040786743
0.0337109565735
0.0400819778442
0.0319769382477
0.0325798988342
0.0331139564514
0.0336589813232
0.03977394104
0.0402998924255
0.0408279895782
0.0413339138031
0.0270071029663
0.0276079177856
0.0281789302826
0.0284938812256
0.0328130722046
0.0330140590668
0.033203125
0.0342071056366
0.0252540111542
0.0254411697388
0.0256180763245
0.0257911682129
0.0316488742828
0.0318150520325
0.0319809913635
0.0321300029755
0.030956029892
0.0311200618744
0.0312640666962
0.0314090251923
0.0268530845642
0.0270330905914
0.0271890163422
0.0273470878601
0.031534910202
0.0317139625549
0.0318670272827
0.0320150852203
0.0313560962677
0.0315270423889
0.0316829681396
0.031830072403
0.0285968780518
0.0287759304047
0.0289399623871
0.0291039943695
0.0345959663391
0.0347700119019
0.0349309444427
0.0350909233093
0.0300350189209
0.0301978588104
0.0303599834442
0.0305027961731
0.0355629920959
0.0357248783112
0.0359048843384
0.0360760688782
0.0336158275604
0.0337929725647
0.0339570045471
0.0341188907623
0.034373998642
0.0348010063171
0.0352399349213
0.0356538295746
0.0284290313721
0.029011964798
0.0394570827484
0.0400519371033
0.0302400588989
0.0308241844177
0.0313460826874
0.0319020748138
0.0285501480103
0.0292971134186
0.0300540924072
0.043377161026
0.0325379371643
0.032723903656
0.0328929424286
0.0330548286438
0.0305280685425
0.0311141014099
0.0316870212555
0.0322761535645
0.0369668006897
0.0375468730927
0.0380859375
0.0386328697205
0.0285949707031
0.0291790962219
0.0297310352325
0.0302770137787
0.0339670181274
0.0350430011749
0.0360660552979
0.0369791984558
0.0399289131165
0.0401048660278
0.0402698516846
0.0404288768768
0.0308811664581
0.0310840606689
0.0312609672546
0.0316841602325
0.0271000862122
0.028263092041
0.0290081501007
0.0297930240631
0.0337469577789
0.0339760780334
0.0343580245972
0.0345239639282
0.0305478572845
0.0307958126068
0.0310127735138
0.0391597747803
0.03293800354
0.033282995224
0.0334820747375
0.0338699817657
0.0310029983521
0.0315759181976
0.0320990085602
0.0326581001282
0.0273239612579
0.0280079841614
0.0287549495697
0.0295679569244
0.0310471057892
0.0318450927734
0.0329060554504
0.0336229801178
0.0372622013092
0.0379431247711
0.0386102199554
0.0393152236938
0.0397291183472
0.0404560565948
0.0412681102753
0.0419871807098
0.0385010242462
0.0412299633026
0.0419228076935
0.0426099300385
0.0236728191376
0.024829864502
0.0255768299103
0.0263409614563
0.0356919765472
0.0370061397552
0.0379769802094
0.0386171340942
0.0340960025787
0.034677028656
0.035266160965
0.0358140468597
0.0227501392365
0.0229680538177
0.0231730937958
0.0233161449432
0.0284969806671
0.0288548469543
0.0291199684143
0.0316870212555
0.0316760540009
0.0318520069122
0.0320179462433
0.0321760177612
0.0294671058655
0.0296339988708
0.0297842025757
0.0299301147461
0.0303549766541
0.0310871601105
0.0318169593811
0.0324311256409
0.0254900455475
0.0261971950531
0.0269060134888
0.0277991294861
0.0331029891968
0.0341649055481
0.0349280834198
0.0355699062347
0.0273079872131
0.0280630588531
0.0289759635925
0.0296931266785
0.0307071208954
0.0308752059937
0.0310201644897
0.031270980835
0.0268898010254
0.0271918773651
0.0275068283081
0.0278089046478
0.0275149345398
0.0277030467987
0.0278680324554
0.0280289649963
0.0305151939392
0.0307002067566
0.0308661460876
0.0313761234283
0.0370469093323
0.0378358364105
0.0385589599609
0.0392279624939
0.0276961326599
0.0278651714325
0.0280179977417
0.0281760692596
0.0298480987549
0.0300321578979
0.0301930904388
0.0303490161896
0.0244379043579
0.0246429443359
0.0248899459839
0.025120973587
0.0224239826202
0.0229980945587
0.0235481262207
0.0241260528564
0.0230600833893
0.0237729549408
0.0244319438934
0.0251169204712
0.0299921035767
0.0302350521088
0.0324399471283
0.0325930118561
0.0263171195984
0.0264971256256
0.0266609191895
0.0268189907074
0.0261850357056
0.0263810157776
0.0265610218048
0.0267400741577
0.0300190448761
0.0305440425873
0.0311639308929
0.0313761234283
0.024994134903
0.0253281593323
0.028088092804
0.0313460826874
0.0338079929352
0.0342559814453
0.034600019455
0.0350749492645
0.0276927947998
0.0281717777252
0.0285778045654
0.0288188457489
0.0325121879578
0.0332670211792
0.0365631580353
0.0374150276184
0.0353670120239
0.0359909534454
0.036847114563
0.0377519130707
0.0342509746552
0.0347871780396
0.0353920459747
0.035964012146
0.0349400043488
0.0351438522339
0.0353360176086
0.0357689857483
0.0348799228668
0.0351300239563
0.0353670120239
0.03560090065
0.0348029136658
0.0355339050293
0.0362000465393
0.0368769168854
0.0339138507843
0.0350458621979
0.0352289676666
0.0354340076447
0.0326688289642
0.0331268310547
0.0334208011627
0.0335929393768
0.0369880199432
0.0375730991364
0.0381510257721
0.0420520305634
0.0287110805511
0.0293231010437
0.0299170017242
0.0305199623108
0.0366668701172
0.0371887683868
0.0377278327942
0.0408709049225
0.0322251319885
0.0327410697937
0.03329205513
0.0385630130768
0.0329959392548
0.0335409641266
0.0341200828552
0.0346829891205
0.0290470123291
0.029571056366
0.0300760269165
0.0306251049042
0.0333092212677
0.0338761806488
0.0344932079315
0.0350301265717
0.0259289741516
0.0261859893799
0.0263829231262
0.0265800952911
0.0346899032593
0.0351819992065
0.0355868339539
0.0360720157623
0.0355229377747
0.0357320308685
0.0359261035919
0.0361161231995
0.0308308601379
0.031023979187
0.0312008857727
0.031368970871
0.0348289012909
0.035099029541
0.035336971283
0.0355770587921
0.0284168720245
0.0287330150604
0.0290348529816
0.029314994812
0.0277400016785
0.0279371738434
0.0281021595001
0.0284821987152
0.0318839550018
0.0320799350739
0.0324840545654
0.0328381061554
0.0290930271149
0.0295860767365
0.0300540924072
0.0304119586945
0.0297880172729
0.0302810668945
0.0308609008789
0.0314230918884
0.0265860557556
0.0275001525879
0.0282151699066
0.0290641784668
0.0289771556854
0.0298352241516
0.0305390357971
0.0312440395355
0.0398468971252
0.040030002594
0.0401940345764
0.0403530597687
0.0298020839691
0.0300052165985
0.0301861763
0.0303590297699
0.0260980129242
0.0262799263
0.0264620780945
0.0266280174255
0.0277528762817
0.0280039310455
0.0281817913055
0.0283598899841
0.032567024231
0.032744884491
0.0329110622406
0.0330710411072
0.0274169445038
0.0283150672913
0.0293600559235
0.0300199985504
0.0240640640259
0.0254590511322
0.0262129306793
0.0269420146942
0.0261678695679
0.0267460346222
0.0273170471191
0.0280349254608
0.0246269702911
0.0248680114746
0.0250461101532
0.0252091884613
0.0290369987488
0.0292642116547
0.0294380187988
0.0323672294617
0.0266919136047
0.0269310474396
0.0271060466766
0.0272738933563
0.0219910144806
0.0221729278564
0.0308129787445
0.0332291126251
0.0297949314117
0.0299909114838
0.0301609039307
0.0303328037262
0.0236339569092
0.0253820419312
0.0259959697723
0.0275049209595
0.0296740531921
0.0302419662476
0.0308048725128
0.0313999652863
0.0291531085968
0.0294511318207
0.0296959877014
0.0301749706268
0.0310730934143
0.0319931507111
0.0326480865479
0.0333549976349
0.0253229141235
0.0259599685669
0.0265839099884
0.0271270275116
0.0373339653015
0.0374910831451
0.0376570224762
0.037801027298
0.0269889831543
0.0271549224854
0.0273101329803
0.0274589061737
0.0265069007874
0.0267000198364
0.0268669128418
0.0270249843597
0.0335848331451
0.0337698459625
0.0339679718018
0.0341379642487
0.0267391204834
0.0276291370392
0.028382062912
0.0290780067444
0.0336129665375
0.0337879657745
0.0339720249176
0.0342018604279
0.0265891551971
0.0267701148987
0.0269370079041
0.0271000862122
0.028272151947
0.0284330844879
0.0285751819611
0.0287170410156
0.0324280261993
0.0326600074768
0.0328588485718
0.0330460071564
0.0326728820801
0.0328419208527
0.0330429077148
0.0331990718842
0.036365032196
0.0367739200592
0.0372860431671
0.0374989509583
0.0272550582886
0.0276880264282
0.0281100273132
0.0285348892212
0.0291709899902
0.0297789573669
0.0305600166321
0.0311739444733
0.0229148864746
0.0235688686371
0.0242509841919
0.0248868465424
0.0297019481659
0.0319979190826
0.0329968929291
0.0351378917694
0.0304658412933
0.0311579704285
0.031751871109
0.0323040485382
0.030592918396
0.0313501358032
0.032007932663
0.0327360630035
0.0260479450226
0.0267608165741
0.0275559425354
0.0283370018005
0.0293688774109
0.0301389694214
0.0307099819183
0.0312569141388
0.0286219120026
0.0294361114502
0.029993057251
0.0305650234222
0.0240881443024
0.0243170261383
0.0244619846344
0.0246160030365
0.0225250720978
0.0227539539337
0.0229661464691
0.0231671333313
0.0292389392853
0.030336856842
0.0313498973846
0.0339970588684
0.0279130935669
0.0286660194397
0.0293970108032
0.0302739143372
0.0256350040436
0.0257840156555
0.0259289741516
0.0260939598083
0.0280480384827
0.0282590389252
0.0284090042114
0.0285630226135
0.0205230712891
0.0206911563873
0.0208501815796
0.0210070610046
0.0335428714752
0.033754825592
0.0339248180389
0.0341019630432
0.0263440608978
0.0265419483185
0.0267019271851
0.0273380279541
0.0318219661713
0.0319929122925
0.0321559906006
0.0323140621185
0.0262069702148
0.0264909267426
0.0299980640411
0.0320498943329
0.0272080898285
0.0302751064301
0.0336110591888
0.0366520881653
0.0215940475464
0.0226500034332
0.0249128341675
0.0274560451508
0.0373868942261
0.0388369560242
0.0398108959198
0.0409150123596
0.0258510112762
0.0266900062561
0.0275890827179
0.028254032135
0.0282139778137
0.0285069942474
0.0287499427795
0.030592918396
0.026163816452
0.0263409614563
0.0264987945557
0.0266568660736
0.0271100997925
0.0291249752045
0.0346460342407
0.0362780094147
0.0292320251465
0.0302300453186
0.0312190055847
0.0337610244751
0.0264239311218
0.030916929245
0.0332489013672
0.0363228321075
0.0257151126862
0.0271661281586
0.0294101238251
0.0313792228699
0.0282661914825
0.0290172100067
0.0297610759735
0.0324430465698
0.0351779460907
0.0353488922119
0.0354979038239
0.0356638431549
0.0242969989777
0.0265829563141
0.0365450382233
0.0373251438141
0.0382840633392
0.0400321483612
0.0415961742401
0.0494210720062
0.0277438163757
0.0285029411316
0.0291559696198
0.0298919677734
0.0223939418793
0.0232210159302
0.0240349769592
0.0249269008636
0.0303139686584
0.0312769412994
0.0321178436279
0.0329599380493
0.0289900302887
0.0298490524292
0.0306589603424
0.0314769744873
0.0284519195557
0.029079914093
0.0297269821167
0.0303838253021
0.0312139987946
0.0321888923645
0.0330679416656
0.0338649749756
0.0281589031219
0.0288639068604
0.0296161174774
0.030247926712
0.0442910194397
0.0444629192352
0.0446169376373
0.0448050498962
0.0267429351807
0.0269520282745
0.0281000137329
0.0412600040436
0.0257251262665
0.0259120464325
0.0260610580444
0.0262100696564
0.0210771560669
0.0212671756744
0.0214490890503
0.021625995636
0.0289669036865
0.0291249752045
0.0292930603027
0.0294308662415
0.0272369384766
0.0273959636688
0.0275518894196
0.027713060379
0.0213780403137
0.0223200321198
0.0238571166992
0.0258519649506
0.0318288803101
0.0326769351959
0.033597946167
0.03440284729
0.0328531265259
0.0339751243591
0.034658908844
0.0353529453278
0.0327570438385
0.0329301357269
0.0330891609192
0.0332322120667
0.0308969020844
0.0310750007629
0.0312488079071
0.0314149856567
0.0288009643555
0.0289878845215
0.0291559696198
0.0293209552765
0.0281929969788
0.0284130573273
0.0286040306091
0.0287961959839
0.0257008075714
0.0259339809418
0.0261449813843
0.0263469219208
0.0357511043549
0.0359311103821
0.0360760688782
0.0362141132355
0.0288860797882
0.0293219089508
0.0295779705048
0.0300650596619
0.0727801322937
0.0731680393219
0.0736019611359
0.0738010406494
0.0287368297577
0.0291659832001
0.0293889045715
0.029736995697
0.0231018066406
0.0233199596405
0.0235269069672
0.023738861084
0.0294651985168
0.029657125473
0.02996301651
0.0306842327118
0.0293469429016
0.029736995697
0.0301411151886
0.0304701328278
0.0351121425629
0.036071062088
0.0366191864014
0.0371561050415
0.0274879932404
0.028037071228
0.028548002243
0.0291531085968
0.0234761238098
0.0241301059723
0.0251889228821
0.029552936554
0.0278599262238
0.028440952301
0.0290250778198
0.0295798778534
0.032644033432
0.0332329273224
0.0338449478149
0.0344178676605
0.0333428382874
0.0336830615997
0.0339820384979
0.0342879295349
0.0391628742218
0.039361000061
0.0395269393921
0.039694070816
0.0327730178833
0.03302693367
0.0332350730896
0.0335960388184
0.0365610122681
0.0373728275299
0.0383348464966
0.0422518253326
0.0226409435272
0.024227142334
0.0243771076202
0.0245201587677
0.0279831886292
0.0281569957733
0.0283241271973
0.0284850597382
0.0256509780884
0.0258219242096
0.0259718894958
0.0261240005493
0.0286459922791
0.0288259983063
0.028981924057
0.0291409492493
0.0276899337769
0.0278489589691
0.0280060768127
0.0288350582123
0.0259401798248
0.0262570381165
0.0265531539917
0.0271079540253
0.0294301509857
0.0300509929657
0.0305800437927
0.0310890674591
0.0280630588531
0.0286791324615
0.0292890071869
0.030088186264
0.0253200531006
0.0260760784149
0.0266900062561
0.0273239612579
0.0275270938873
0.0282130241394
0.0290491580963
0.0305550098419
0.0273499488831
0.0277891159058
0.0282199382782
0.0286271572113
0.0514149665833
0.0521700382233
0.0530741214752
0.0538020133972
0.0373959541321
0.0382790565491
0.039134979248
0.0401620864868
0.0285420417786
0.0292870998383
0.0299530029297
0.0306599140167
0.0284440517426
0.0292611122131
0.0300331115723
0.0309550762177
0.0384821891785
0.0387020111084
0.0389151573181
0.0391781330109
0.0345778465271
0.0347549915314
0.0349168777466
0.0350759029388
0.0287489891052
0.0290517807007
0.0293309688568
0.0393478870392
0.0315139293671
0.0323679447174
0.033056974411
0.0368440151215
0.0253090858459
0.0256290435791
0.0259201526642
0.0262091159821
0.0256099700928
0.0260329246521
0.0263488292694
0.0271048545837
0.0271458625793
0.0274658203125
0.0276470184326
0.027792930603
0.0198302268982
0.0200312137604
0.0202071666718
0.0203840732574
0.0215499401093
0.0218160152435
0.0232040882111
0.0254619121552
0.0276629924774
0.0278799533844
0.0281488895416
0.028352022171
0.0278491973877
0.0280160903931
0.0281660556793
0.0283122062683
0.0269389152527
0.0271418094635
0.0273330211639
0.02751994133
0.0262699127197
0.0264539718628
0.0266098976135
0.0267729759216
0.030858039856
0.0310771465302
0.0312721729279
0.0320510864258
0.0293788909912
0.02956199646
0.0297229290009
0.0298759937286
0.0277109146118
0.0279140472412
0.0281100273132
0.0282919406891
0.0291540622711
0.0293290615082
0.029482126236
0.0296289920807
0.0210230350494
0.0212650299072
0.0300149917603
0.0321369171143
0.0402820110321
0.0408840179443
0.041435956955
0.0421040058136
0.0315370559692
0.0321221351624
0.0326681137085
0.0331699848175
0.0381119251251
0.038722038269
0.0393579006195
0.040109872818
0.025074005127
0.0257298946381
0.0263969898224
0.0270400047302
0.0200819969177
0.0207269191742
0.0213620662689
0.0219569206238
0.0281641483307
0.0287871360779
0.0293710231781
0.0299029350281
0.0337238311768
0.0343480110168
0.0349249839783
0.0355000495911
0.0279519557953
0.0287837982178
0.0300049781799
0.0313889980316
0.0273320674896
0.0275259017944
0.0276930332184
0.0279228687286
0.0235948562622
0.0238218307495
0.0240190029144
0.0242300033569
0.0260500907898
0.0262520313263
0.0264601707458
0.0266451835632
0.0285930633545
0.0287752151489
0.0289270877838
0.0290729999542
0.0255670547485
0.0257411003113
0.0259029865265
0.0260679721832
0.0271048545837
0.0273079872131
0.0274560451508
0.0275979042053
0.0309920310974
0.0311779975891
0.0313391685486
0.0315141677856
0.0257818698883
0.0259778499603
0.0261569023132
0.0263688564301
0.0264699459076
0.02663397789
0.0268049240112
0.026969909668
0.0309929847717
0.0312700271606
0.0334370136261
0.0358219146729
0.0311510562897
0.0313100814819
0.0314509868622
0.0315959453583
0.0269029140472
0.0271189212799
0.0273389816284
0.0275328159332
0.0255401134491
0.0257449150085
0.0259499549866
0.0261418819427
0.0327558517456
0.0329167842865
0.0330829620361
0.0333979129791
0.0272600650787
0.0274579524994
0.0276329517365
0.0278189182281
0.0292789936066
0.0294549465179
0.0296170711517
0.0297710895538
0.0380098819733
0.038635969162
0.0392248630524
0.0395560264587
0.0338451862335
0.034478187561
0.0350151062012
0.0356149673462
0.027517080307
0.0278291702271
0.0280120372772
0.0284039974213
0.0261859893799
0.0263991355896
0.0268211364746
0.0273101329803
0.0300080776215
0.0306570529938
0.0312519073486
0.0318400859833
0.0244081020355
0.024845123291
0.0250420570374
0.0252501964569
0.0444989204407
0.0448009967804
0.0450398921967
0.0454649925232
0.0239779949188
0.0245509147644
0.0250618457794
0.0287599563599
0.0283010005951
0.029139995575
0.0301120281219
0.0460300445557
0.0397660732269
0.0403730869293
0.0409650802612
0.0423250198364
0.0327839851379
0.0336580276489
0.0343520641327
0.0350210666656
0.0281901359558
0.0289721488953
0.029571056366
0.0301630496979
0.0403039455414
0.0412340164185
0.0422699451447
0.0432739257812
0.0375299453735
0.038064956665
0.0386888980865
0.0394039154053
0.0398578643799
0.0404829978943
0.0409970283508
0.0415060520172
0.0339028835297
0.034432888031
0.0349450111389
0.0354628562927
0.0356719493866
0.0362749099731
0.0368449687958
0.0374050140381
0.0337688922882
0.0343508720398
0.0350630283356
0.0356080532074
0.0334930419922
0.0340449810028
0.0345499515533
0.0350511074066
0.0393841266632
0.0399489402771
0.0404710769653
0.040990114212
0.0276029109955
0.0277888774872
0.0279939174652
0.0281598567963
0.0327529907227
0.0329401493073
0.0331151485443
0.0332901477814
0.030483007431
0.0312881469727
0.0319051742554
0.0323910713196
0.0342910289764
0.0347940921783
0.0355110168457
0.0359299182892
0.0312161445618
0.0351819992065
0.0354650020599
0.0357441902161
0.03080701828
0.0310821533203
0.0313329696655
0.0315611362457
0.0350971221924
0.0354201793671
0.0359740257263
0.0366151332855
0.02845287323
0.0301258563995
0.0314600467682
0.0331020355225
0.0280339717865
0.0284280776978
0.0302381515503
0.0310430526733
0.0298230648041
0.0301661491394
0.0443079471588
0.0450930595398
0.0315868854523
0.0319631099701
0.032252073288
0.0403978824615
0.0314471721649
0.0317671298981
0.0320811271667
0.0454452037811
0.0338768959045
0.0341939926147
0.0344729423523
0.0422630310059
0.0314807891846
0.0381050109863
0.0383639335632
0.0390129089355
0.0324711799622
0.0326931476593
0.03289103508
0.0330791473389
0.0276169776917
0.0278170108795
0.0279970169067
0.0281541347504
0.0259628295898
0.0261678695679
0.0263450145721
0.026517868042
0.0331041812897
0.0332741737366
0.0334730148315
0.0338079929352
0.0235188007355
0.0236859321594
0.0242929458618
0.0262458324432
0.0239148139954
0.0241389274597
0.0383310317993
0.0416808128357
0.0279381275177
0.0287210941315
0.0294070243835
0.0300440788269
0.0307838916779
0.0309979915619
0.0311958789825
0.0315618515015
0.0296101570129
0.0300559997559
0.0303151607513
0.0306899547577
0.022420167923
0.0236370563507
0.0251500606537
0.0310699939728
0.0240099430084
0.0242559909821
0.0244219303131
0.0298581123352
0.0263772010803
0.0265510082245
0.0266981124878
0.0268402099609
0.022392988205
0.0227310657501
0.0233120918274
0.0238380432129
0.0274968147278
0.027804851532
0.0280849933624
0.0283608436584
0.0319588184357
0.0322289466858
0.0326609611511
0.0333127975464
0.027510881424
0.0281620025635
0.0287539958954
0.0305619239807
0.0303030014038
0.0305268764496
0.0306878089905
0.0308399200439
0.0253369808197
0.0255479812622
0.0257360935211
0.0262041091919
0.0323550701141
0.032958984375
0.0337800979614
0.0344469547272
0.0321550369263
0.0323259830475
0.0324869155884
0.0326478481293
0.0318880081177
0.0320789813995
0.0322439670563
0.0323979854584
0.0275249481201
0.027724981308
0.0278980731964
0.0280649662018
0.0313050746918
0.0314869880676
0.031641960144
0.0317921638489
0.0357630252838
0.0359189510345
0.0360660552979
0.0362110137939
0.0300879478455
0.0302798748016
0.0304398536682
0.0305988788605
0.0257539749146
0.0259420871735
0.026104927063
0.0262610912323
0.0411460399628
0.0414390563965
0.047012090683
0.0472500324249
0.0282409191132
0.0284290313721
0.0285890102386
0.0287508964539
0.0275139808655
0.0277030467987
0.0278539657593
0.028018951416
0.0290551185608
0.0292451381683
0.0294020175934
0.02956199646
0.027037858963
0.0272438526154
0.0274119377136
0.0275769233704
0.0291891098022
0.0293719768524
0.0295350551605
0.0296950340271
0.0275089740753
0.0276830196381
0.02783203125
0.0299668312073
0.0267949104309
0.0269730091095
0.0271289348602
0.0273189544678
0.0268588066101
0.0274398326874
0.0278379917145
0.0283639431
0.0334460735321
0.033655166626
0.0341920852661
0.0346021652222
0.027951002121
0.0287430286407
0.0296058654785
0.0300960540771
0.0244870185852
0.0254249572754
0.0262670516968
0.0270659923553
0.0268020629883
0.0279541015625
0.028715133667
0.0293982028961
0.0276370048523
0.0283629894257
0.0289540290833
0.029529094696
0.0314700603485
0.0321881771088
0.032888174057
0.0335612297058
0.0264921188354
0.0273461341858
0.0277769565582
0.0299770832062
0.0261309146881
0.0273900032043
0.0276639461517
0.0284988880157
0.0270628929138
0.0278499126434
0.0286300182343
0.0292220115662
0.0264818668365
0.0271849632263
0.0278599262238
0.0285439491272
0.0333688259125
0.0341339111328
0.0351028442383
0.0357959270477
0.028491973877
0.0300641059875
0.0309109687805
0.0316121578217
0.0305171012878
0.0311770439148
0.0317840576172
0.032233953476
0.028226852417
0.0290899276733
0.0299739837646
0.0306088924408
0.0365991592407
0.036945104599
0.0375950336456
0.0387051105499
0.027330160141
0.0275020599365
0.0276629924774
0.0278179645538
0.0288670063019
0.0290589332581
0.029237985611
0.0294079780579
0.027724981308
0.0279269218445
0.0280959606171
0.028303861618
0.0294380187988
0.0295920372009
0.0297379493713
0.0298810005188
0.0268120765686
0.0269689559937
0.027116060257
0.0272800922394
0.0265991687775
0.0273191928864
0.0279262065887
0.0285620689392
0.0270869731903
0.0287039279938
0.0297250747681
0.0304350852966
0.0284788608551
0.0298628807068
0.0309398174286
0.0317349433899
0.0280900001526
0.0287129878998
0.0295209884644
0.0303068161011
0.0238621234894
0.0267391204834
0.0280811786652
0.0285639762878
0.0318238735199
0.0319797992706
0.0321249961853
0.0344820022583
0.0279350280762
0.0280909538269
0.0282399654388
0.0312550067902
0.0301668643951
0.0303919315338
0.0306029319763
0.0308020114899
0.0242230892181
0.0244879722595
0.0250899791718
0.0261590480804
0.0290250778198
0.0297410488129
0.0303530693054
0.0311970710754
0.0284099578857
0.0287699699402
0.0289738178253
0.0302438735962
0.0323858261108
0.0326678752899
0.0338459014893
0.036278963089
0.023854970932
0.0240409374237
0.0242011547089
0.0295579433441
0.0363171100616
0.0365190505981
0.0366861820221
0.0368571281433
0.0256571769714
0.0270810127258
0.0280940532684
0.0291969776154
0.0262291431427
0.0265259742737
0.028235912323
0.0297520160675
0.0167009830475
0.0299911499023
0.0302309989929
0.0304350852966
0.0266559123993
0.0273849964142
0.0280518531799
0.0287530422211
0.0283830165863
0.0298991203308
0.030816078186
0.0318040847778
0.0348699092865
0.0360879898071
0.0370788574219
0.0382838249207
0.028501033783
0.0295610427856
0.0302710533142
0.0309638977051
0.0429110527039
0.0434460639954
0.0440120697021
0.0445649623871
0.0247149467468
0.0253369808197
0.0259339809418
0.0265319347382
0.0309150218964
0.0314769744873
0.0320219993591
0.0437319278717
0.0324699878693
0.033066034317
0.0336430072784
0.0342218875885
0.0292160511017
0.0297660827637
0.0303139686584
0.0366160869598
0.0285909175873
0.0293040275574
0.0323450565338
0.0338208675385
0.0376760959625
0.0378429889679
0.0380051136017
0.0381770133972
0.0645060539246
0.0646939277649
0.0648610591888
0.0690059661865
0.0280261039734
0.0282800197601
0.02849817276
0.0330331325531
0.0234580039978
0.0236699581146
0.0238630771637
0.024050951004
0.0353610515594
0.0355508327484
0.035719871521
0.0358939170837
0.0262742042542
0.0264701843262
0.0266211032867
0.0267751216888
0.0236477851868
0.0239088535309
0.0241138935089
0.0243048667908
0.028755903244
0.0289368629456
0.0291028022766
0.0292639732361
0.0523691177368
0.0530610084534
0.0537540912628
0.0541441440582
0.0411639213562
0.0417330265045
0.0422420501709
0.0427589416504
0.0282759666443
0.0289959907532
0.0296959877014
0.0303921699524
0.0247750282288
0.0252928733826
0.0258159637451
0.0264439582825
0.0267999172211
0.0276799201965
0.0283160209656
0.0289950370789
0.0393278598785
0.0404770374298
0.0415010452271
0.0427629947662
0.0341970920563
0.034451007843
0.0346841812134
0.0349090099335
0.0271081924438
0.0274331569672
0.0277450084686
0.0280430316925
0.0241959095001
0.0251350402832
0.0257740020752
0.0276830196381
0.027382850647
0.0275938510895
0.0330328941345
0.0344259738922
0.0291368961334
0.0308499336243
0.0384140014648
0.0393760204315
0.0322549343109
0.0328810214996
0.033390045166
0.0338990688324
0.0277469158173
0.0283348560333
0.0289008617401
0.0294308662415
0.0265130996704
0.0274150371552
0.0282621383667
0.0291421413422
0.028468132019
0.029196023941
0.0298609733582
0.0304751396179
0.0277488231659
0.0279188156128
0.0280809402466
0.0282368659973
0.0242419242859
0.0244300365448
0.0252690315247
0.0269501209259
0.031261920929
0.0314319133759
0.0315937995911
0.0317509174347
0.0228610038757
0.0230150222778
0.0231599807739
0.0233011245728
0.0264360904694
0.0266051292419
0.026762008667
0.0269229412079
0.0316600799561
0.0318319797516
0.0319881439209
0.0321381092072
0.0336709022522
0.0338439941406
0.0339949131012
0.0341489315033
0.0290098190308
0.0291788578033
0.0293200016022
0.0294709205627
0.0286660194397
0.0288310050964
0.0289809703827
0.0291249752045
0.0323820114136
0.0325500965118
0.0327091217041
0.0328640937805
0.0313491821289
0.0315210819244
0.0316829681396
0.0318410396576
0.0315101146698
0.031800031662
0.0320820808411
0.0323600769043
0.0270590782166
0.027351140976
0.0276181697845
0.0278840065002
0.0268089771271
0.0272328853607
0.0392880439758
0.0395638942719
0.0264139175415
0.0269639492035
0.0276098251343
0.0280809402466
0.0283529758453
0.0285489559174
0.0287098884583
0.041512966156
0.0261769294739
0.0266699790955
0.0269739627838
0.0273568630219
0.0307729244232
0.0318698883057
0.0331199169159
0.033842086792
0.0281589031219
0.0295398235321
0.0305018424988
0.031142950058
0.0390410423279
0.0392181873322
0.0393781661987
0.0395321846008
0.0235140323639
0.023689031601
0.023845911026
0.0239949226379
0.0253489017487
0.0255091190338
0.0256609916687
0.0258040428162
0.0292551517487
0.0300300121307
0.0312221050262
0.0344090461731
0.0294439792633
0.0301208496094
0.0313329696655
0.0352449417114
0.0227530002594
0.0233769416809
0.0262429714203
0.0322940349579
0.0222010612488
0.0224390029907
0.0226540565491
0.0276250839233
0.021605014801
0.0218501091003
0.022066116333
0.0229380130768
0.0332679748535
0.0335578918457
0.0340039730072
0.0347540378571
0.0285730361938
0.0288801193237
0.0291631221771
0.0294551849365
0.0293669700623
0.029657125473
0.0299270153046
0.0301940441132
0.0321660041809
0.0324649810791
0.0327479839325
0.033038854599
0.0265800952911
0.026871919632
0.027163028717
0.0299370288849
0.0379061698914
0.038074016571
0.0382361412048
0.0384020805359
0.0262839794159
0.0264639854431
0.0266201496124
0.0267989635468
0.0235059261322
0.0236768722534
0.0247459411621
0.025731086731
0.0311880111694
0.0315999984741
0.0317919254303
0.0322320461273
0.0268528461456
0.0270159244537
0.0273649692535
0.0288670063019
0.0284960269928
0.0286700725555
0.0288319587708
0.0298821926117
0.0260400772095
0.0262980461121
0.0281100273132
0.0311830043793
0.033655166626
0.0338160991669
0.0344130992889
0.0367791652679
0.0226459503174
0.0229139328003
0.0261888504028
0.0287239551544
0.0265829563141
0.0268120765686
0.0270121097565
0.0282499790192
0.0340011119843
0.0341620445251
0.035248041153
0.0443570613861
0.0315630435944
0.0317242145538
0.0318810939789
0.0333201885223
0.0313820838928
0.0331978797913
0.036495923996
0.0410079956055
0.0323610305786
0.0330910682678
0.033744096756
0.0345861911774
0.0332410335541
0.0334029197693
0.0335619449615
0.0337159633636
0.0290629863739
0.0293378829956
0.0295479297638
0.0297458171844
0.0270268917084
0.0276598930359
0.0282530784607
0.028774023056
0.025955915451
0.0265510082245
0.0271549224854
0.0276699066162
0.0312299728394
0.0322890281677
0.0328838825226
0.0335209369659
0.0279479026794
0.0287411212921
0.0293600559235
0.0300760269165
0.0326268672943
0.0329360961914
0.033194065094
0.0334239006042
0.0264029502869
0.0265829563141
0.0267379283905
0.0268988609314
0.0222170352936
0.0223989486694
0.0225608348846
0.0227248668671
0.0269589424133
0.0271348953247
0.0272979736328
0.0274519920349
0.0293598175049
0.0295379161835
0.0296909809113
0.0298500061035
0.0272741317749
0.0274529457092
0.0276110172272
0.0277690887451
0.0320618152618
0.0326437950134
0.0331609249115
0.0336639881134
0.032958984375
0.0334959030151
0.0340099334717
0.0345230102539
0.0244400501251
0.0249900817871
0.0280981063843
0.0339179039001
0.0325920581818
0.0335140228271
0.034441947937
0.0354239940643
0.0243899822235
0.0246050357819
0.0247728824615
0.0249519348145
0.0402882099152
0.0408291816711
0.0413382053375
0.0431060791016
0.0282509326935
0.028904914856
0.0295369625092
0.0301740169525
0.0309879779816
0.0315580368042
0.0321071147919
0.0326111316681
0.0370750427246
0.0376281738281
0.0381729602814
0.0387060642242
0.0308229923248
0.0316071510315
0.0323090553284
0.0330221652985
0.0230829715729
0.0232598781586
0.0234160423279
0.0235738754272
0.0333521366119
0.0335299968719
0.0336909294128
0.0338521003723
0.0256910324097
0.0258710384369
0.026034116745
0.02619099617
0.0228807926178
0.0231468677521
0.0233747959137
0.0374178886414
0.0311899185181
0.0313930511475
0.0317599773407
0.0320198535919
0.0325601100922
0.032751083374
0.0331029891968
0.0332880020142
0.0384700298309
0.0390372276306
0.0395720005035
0.0401952266693
0.0310652256012
0.0316421985626
0.0322291851044
0.0327432155609
0.0371749401093
0.0377540588379
0.0382640361786
0.0387718677521
0.0275540351868
0.0277369022369
0.0278980731964
0.0280590057373
0.0249469280243
0.0252149105072
0.025426864624
0.0280458927155
0.048877954483
0.049654006958
0.050311088562
0.0509588718414
0.0231029987335
0.0232801437378
0.0234529972076
0.0236220359802
0.0220282077789
0.0269341468811
0.0271022319794
0.0276222229004
0.0363700389862
0.0365290641785
0.0366761684418
0.0368189811707
0.0324769020081
0.0327429771423
0.0329480171204
0.0334820747375
0.0229530334473
0.023148059845
0.0233180522919
0.0234839916229
0.0288429260254
0.0293958187103
0.0299079418182
0.0304179191589
0.0306811332703
0.0314280986786
0.0322589874268
0.0330719947815
0.0326950550079
0.0332789421082
0.0337839126587
0.0342929363251
0.025682926178
0.0258610248566
0.0260109901428
0.0262069702148
0.0265169143677
0.0267050266266
0.0268709659576
0.0270309448242
0.0391838550568
0.0393948554993
0.0395739078522
0.0397248268127
0.0266559123993
0.0268678665161
0.0270738601685
0.0272347927094
0.0227999687195
0.0245139598846
0.0279848575592
0.0289628505707
0.0329260826111
0.0331048965454
0.0332629680634
0.0334360599518
0.0267250537872
0.0269091129303
0.0270781517029
0.0272381305695
0.0367910861969
0.0380239486694
0.0413229465485
0.0440521240234
0.0285701751709
0.028724193573
0.0288782119751
0.0290241241455
0.0322170257568
0.032378911972
0.032527923584
0.032702922821
0.0276110172272
0.0277881622314
0.0279500484467
0.0281100273132
0.0225331783295
0.0239210128784
0.0399219989777
0.040549993515
0.0410971641541
0.041314125061
0.0416491031647
0.0441501140594
0.048574924469
0.0487480163574
0.0489101409912
0.0490701198578
0.0224838256836
0.0226449966431
0.0227978229523
0.0244488716125
0.0282819271088
0.0284640789032
0.0286259651184
0.0287880897522
0.02303814888
0.0239381790161
0.0247039794922
0.0253171920776
0.028737783432
0.0289089679718
0.0290699005127
0.0292239189148
0.0283260345459
0.0286629199982
0.028972864151
0.0292730331421
0.0280299186707
0.0282049179077
0.0283689498901
0.0285310745239
0.0272870063782
0.0274398326874
0.0276029109955
0.0277459621429
0.0282418727875
0.0284199714661
0.028578042984
0.0287399291992
0.0315220355988
0.0316791534424
0.0318210124969
0.0416541099548
0.033411026001
0.0335640907288
0.0337300300598
0.0338740348816
0.0287289619446
0.0289058685303
0.0290639400482
0.0292220115662
0.0409100055695
0.0430409908295
0.0458850860596
0.047434091568
0.0309081077576
0.0311589241028
0.0313849449158
0.0316030979156
0.0280530452728
0.0282261371613
0.0283880233765
0.0285420417786
0.0282020568848
0.0284299850464
0.0286478996277
0.0288619995117
0.0230588912964
0.0233709812164
0.0252199172974
0.0276420116425
0.0395348072052
0.0397388935089
0.0398848056793
0.0400288105011
0.0266959667206
0.0268800258636
0.0270819664001
0.0272619724274
0.0318820476532
0.0320401191711
0.0321860313416
0.0323491096497
0.025768995285
0.0259671211243
0.0263350009918
0.0265321731567
0.0280179977417
0.0284428596497
0.0288898944855
0.0293519496918
0.0275549888611
0.0280048847198
0.0282580852509
0.0284519195557
0.0460920333862
0.0463309288025
0.0465948581696
0.0468049049377
0.0293519496918
0.0295248031616
0.0296909809113
0.0298509597778
0.0268619060516
0.027037858963
0.0271968841553
0.0273568630219
0.0304498672485
0.0306859016418
0.0308539867401
0.0310158729553
0.0260779857635
0.0262489318848
0.0263960361481
0.0265500545502
0.0322029590607
0.0324668884277
0.0338950157166
0.034460067749
0.0373849868774
0.0382499694824
0.0390059947968
0.0398390293121
0.0214290618896
0.0222289562225
0.0230350494385
0.0238680839539
0.0208470821381
0.0211720466614
0.0214641094208
0.0270571708679
0.0355808734894
0.0364198684692
0.0370309352875
0.0377299785614
0.0353870391846
0.0375320911407
0.0382258892059
0.0387508869171
0.0365469455719
0.0372068881989
0.0377089977264
0.0384168624878
0.0334408283234
0.0339088439941
0.0344669818878
0.0350279808044
0.0294361114502
0.0298199653625
0.0301630496979
0.0303530693054
0.0463972091675
0.0466802120209
0.0468571186066
0.0470039844513
0.0234360694885
0.0236799716949
0.0239009857178
0.0241138935089
0.0214290618896
0.022136926651
0.0228259563446
0.0239539146423
0.0371720790863
0.0378019809723
0.0384161472321
0.0390300750732
0.0364561080933
0.0370330810547
0.0375440120697
0.0380530357361
0.0369958877563
0.0375118255615
0.0380158424377
0.0385138988495
0.0278589725494
0.0283780097961
0.0319027900696
0.0324399471283
0.0316359996796
0.0322229862213
0.0331530570984
0.0337810516357
0.0397520065308
0.0402660369873
0.0481550693512
0.0486700534821
0.0298230648041
0.0303611755371
0.0309031009674
0.0364110469818
0.0340778827667
0.0346639156342
0.035227060318
0.0357570648193
0.0355679988861
0.0361881256104
0.0367209911346
0.0372240543365
0.0292859077454
0.0299870967865
0.0306639671326
0.031583070755
0.0232310295105
0.0249981880188
0.0257840156555
0.0264360904694
0.0259230136871
0.0267641544342
0.027734041214
0.02858710289
0.0307381153107
0.0314521789551
0.0321459770203
0.0328559875488
0.0321881771088
0.0323631763458
0.0325131416321
0.0326681137085
0.0299191474915
0.0302259922028
0.0304889678955
0.0307600498199
0.0292110443115
0.0294539928436
0.029648065567
0.029855966568
0.0330648422241
0.0332429409027
0.0334060192108
0.0335669517517
0.031751871109
0.0320558547974
0.0323288440704
0.0325930118561
0.0330979824066
0.033271074295
0.0334329605103
0.0335929393768
0.0243580341339
0.0246350765228
0.0248589515686
0.0250909328461
0.0251889228821
0.0253598690033
0.0255119800568
0.0256578922272
0.045135974884
0.0453150272369
0.0454888343811
0.0456609725952
0.0283818244934
0.0286459922791
0.028872013092
0.0290718078613
0.0230770111084
0.0232729911804
0.0246179103851
0.0294320583344
0.0211548805237
0.0214028358459
0.023631811142
0.0263040065765
0.0321078300476
0.0323259830475
0.0325219631195
0.0328168869019
0.0250470638275
0.0252320766449
0.0253999233246
0.0255661010742
0.0292310714722
0.0294148921967
0.0295639038086
0.0297091007233
0.0252268314362
0.0253920555115
0.0255599021912
0.0257179737091
0.0274050235748
0.0276441574097
0.0278542041779
0.0426621437073
0.0252559185028
0.0254378318787
0.0255968570709
0.0257608890533
0.0273001194
0.0275061130524
0.0276720523834
0.0278279781342
0.02450299263
0.0246779918671
0.024829864502
0.0249779224396
0.0238869190216
0.0240440368652
0.0241899490356
0.0310950279236
0.021073102951
0.0212421417236
0.0217800140381
0.0253691673279
0.0249390602112
0.025120973587
0.0252690315247
0.0261299610138
0.0312390327454
0.0314202308655
0.0315790176392
0.0317389965057
0.0233721733093
0.023540019989
0.0236902236938
0.0238440036774
0.0291261672974
0.0293221473694
0.0295081138611
0.029736995697
0.0296158790588
0.0297939777374
0.0299417972565
0.0300929546356
0.0291938781738
0.0293958187103
0.029541015625
0.0296900272369
0.0261778831482
0.0263948440552
0.0282549858093
0.0352640151978
0.0293698310852
0.0295879840851
0.0297927856445
0.0299890041351
0.0293250083923
0.029510974884
0.0297429561615
0.0299100875854
0.0317671298981
0.031946182251
0.0321061611176
0.0322639942169
0.0260620117188
0.0268259048462
0.027517080307
0.0282919406891
0.0306620597839
0.0314030647278
0.0322580337524
0.0329921245575
0.0344481468201
0.03524518013
0.0360021591187
0.0366590023041
0.0254719257355
0.0278511047363
0.0287070274353
0.0300109386444
0.0321228504181
0.0331468582153
0.0339779853821
0.0347158908844
0.026566028595
0.0275318622589
0.0283570289612
0.0290820598602
0.0283651351929
0.0291500091553
0.029904127121
0.0305860042572
0.0269739627838
0.0283579826355
0.028990983963
0.0295429229736
0.0307700634003
0.0317399501801
0.0327179431915
0.0337650775909
0.0328919887543
0.033704996109
0.0346128940582
0.035404920578
0.0341248512268
0.0352029800415
0.0362589359283
0.0372838973999
0.0267169475555
0.0274488925934
0.0282490253448
0.0289940834045
0.0356011390686
0.036285161972
0.0369930267334
0.0378530025482
0.0431129932404
0.0440971851349
0.0449380874634
0.0457761287689
0.0366101264954
0.0367841720581
0.036936044693
0.0370860099792
0.0258650779724
0.0260970592499
0.0263049602509
0.0265169143677
0.0252017974854
0.0253829956055
0.0255448818207
0.0256998538971
0.0283398628235
0.0285170078278
0.0286810398102
0.0288400650024
0.0294389724731
0.0296370983124
0.0298140048981
0.0299921035767
0.0338218212128
0.0340309143066
0.0341889858246
0.03435587883
0.0286459922791
0.0288248062134
0.0289809703827
0.0291488170624
0.0253889560699
0.0256779193878
0.0384459495544
0.0399730205536
0.0327711105347
0.0334579944611
0.0339670181274
0.0344669818878
0.0361139774323
0.0367021560669
0.0372650623322
0.0378341674805
0.0358729362488
0.0363988876343
0.0369160175323
0.0374209880829
0.0457401275635
0.0463540554047
0.0469510555267
0.0475430488586
0.0337600708008
0.0346279144287
0.0354769229889
0.0361189842224
0.0291500091553
0.0296700000763
0.0301790237427
0.0307061672211
0.033047914505
0.0336418151855
0.034245967865
0.0348048210144
0.0217390060425
0.0218970775604
0.0220420360565
0.0221900939941
0.0277540683746
0.0280740261078
0.0283019542694
0.0284621715546
0.0296750068665
0.029876947403
0.0300619602203
0.0302588939667
0.0258641242981
0.0260410308838
0.0263049602509
0.0266079902649
0.0222601890564
0.0278241634369
0.0279750823975
0.0281221866608
0.0318670272827
0.0320839881897
0.0322709083557
0.032438993454
0.0322949886322
0.0324730873108
0.0326330661774
0.0327851772308
0.0280499458313
0.0288419723511
0.02965092659
0.0302889347076
0.0265309810638
0.0267040729523
0.0268640518188
0.0270230770111
0.0218319892883
0.0220370292664
0.0222229957581
0.0224049091339
0.0292840003967
0.0294868946075
0.0296950340271
0.0298688411713
0.0281181335449
0.0282909870148
0.0284450054169
0.0285940170288
0.0322749614716
0.0324859619141
0.0328149795532
0.0333359241486
0.0379800796509
0.0385940074921
0.039351940155
0.039834022522
0.0301630496979
0.031317949295
0.0333430767059
0.0347499847412
0.037682056427
0.0380721092224
0.0384590625763
0.0386760234833
0.0338809490204
0.0343639850616
0.0347788333893
0.0352299213409
0.033280134201
0.0338010787964
0.0343041419983
0.0348129272461
0.0309062004089
0.0316841602325
0.033860206604
0.0340981483459
0.0303781032562
0.0309691429138
0.03151512146
0.0320200920105
0.0300040245056
0.0305600166321
0.0310950279236
0.0316078662872
0.0417380332947
0.0422699451447
0.0427978038788
0.0433278083801
0.0349848270416
0.0355570316315
0.0361068248749
0.0366139411926
0.0278270244598
0.0328321456909
0.0398681163788
0.0416970252991
0.0256729125977
0.0258460044861
0.025995016098
0.0261468887329
0.0236070156097
0.0237860679626
0.0291919708252
0.0307190418243
0.0293908119202
0.0295689105988
0.029727935791
0.0298669338226
0.0322370529175
0.0324521064758
0.0326550006866
0.0328531265259
0.0274930000305
0.0276710987091
0.0278379917145
0.0279929637909
0.029559135437
0.0297870635986
0.029953956604
0.0301220417023
0.0312640666962
0.0314481258392
0.0316059589386
0.0317690372467
0.0226578712463
0.0229339599609
0.0232000350952
0.0233778953552
0.0248191356659
0.0250840187073
0.0253839492798
0.0256271362305
0.0328090190887
0.0333750247955
0.033961057663
0.0345420837402
0.0314140319824
0.0319390296936
0.0324461460114
0.0330271720886
0.0353591442108
0.0358219146729
0.0361371040344
0.0365269184113
0.0299508571625
0.0301489830017
0.0303359031677
0.030492067337
0.0364670753479
0.0366520881653
0.0368280410767
0.0369911193848
0.0392978191376
0.0394999980927
0.040198802948
0.0407638549805
0.0359890460968
0.0365710258484
0.0371141433716
0.0376460552216
0.0315539836884
0.0328829288483
0.0336570739746
0.0343239307404
0.0264699459076
0.0271608829498
0.0278170108795
0.0285198688507
0.0261600017548
0.0267069339752
0.0272350311279
0.0277819633484
0.033704996109
0.0342998504639
0.0348060131073
0.0353128910065
0.0372169017792
0.0378088951111
0.0383129119873
0.0388860702515
0.035628080368
0.0362110137939
0.0367691516876
0.0373361110687
0.0308239459991
0.031406879425
0.0319550037384
0.0325038433075
0.0301189422607
0.030898809433
0.0315709114075
0.032322883606
0.0220429897308
0.0239500999451
0.0249981880188
0.0257802009583
0.0284769535065
0.0292649269104
0.0299820899963
0.0306129455566
0.0401930809021
0.0403439998627
0.0404970645905
0.040657043457
0.0293800830841
0.0295870304108
0.0297319889069
0.029883146286
0.0224289894104
0.0226058959961
0.022763967514
0.0245850086212
0.0332081317902
0.0334830284119
0.0337200164795
0.0338859558105
0.0279459953308
0.0282101631165
0.028361082077
0.0285079479218
0.0265729427338
0.0267379283905
0.0269179344177
0.0270810127258
0.0344209671021
0.0346140861511
0.0347850322723
0.0349531173706
0.0267839431763
0.0275008678436
0.0281488895416
0.0290009975433
0.0306401252747
0.0308871269226
0.0310690402985
0.031238079071
0.0356500148773
0.0364511013031
0.0371639728546
0.0377240180969
0.0294349193573
0.0296559333801
0.0298619270325
0.0300569534302
0.0246639251709
0.0248410701752
0.0250101089478
0.0251750946045
0.0306529998779
0.0308640003204
0.0310440063477
0.0312170982361
0.0218589305878
0.0224149227142
0.0229289531708
0.0234479904175
0.0370759963989
0.0376870632172
0.0381970405579
0.0410740375519
0.0364651679993
0.0372400283813
0.0377511978149
0.0385851860046
0.0261521339417
0.0263209342957
0.026664018631
0.0268459320068
0.0287570953369
0.0289430618286
0.029107093811
0.0292630195618
0.0332729816437
0.0334899425507
0.0336668491364
0.0338389873505
0.0357990264893
0.0376970767975
0.0385251045227
0.0521559715271
0.044095993042
0.0453209877014
0.0465641021729
0.0477850437164
0.02934217453
0.0294940471649
0.0296380519867
0.0298202037811
0.025593996048
0.0257968902588
0.0259740352631
0.0261449813843
0.0289919376373
0.0292868614197
0.0295369625092
0.0297458171844
0.0252339839935
0.0254118442535
0.0256848335266
0.0258870124817
0.0290741920471
0.0292401313782
0.0293900966644
0.029541015625
0.0214829444885
0.0216538906097
0.0218019485474
0.0226428508759
0.0282700061798
0.0287249088287
0.0291650295258
0.0294160842896
0.0241281986237
0.0246741771698
0.02