0.0259809494019
0.0267260074615
0.0273869037628
0.0277440547943
0.031033039093
0.0314750671387
0.0318400859833
0.0320289134979
0.0299201011658
0.0303661823273
0.031152009964
0.0314800739288
0.0236880779266
0.0239081382751
0.0241010189056
0.0243570804596
0.0404119491577
0.0405728816986
0.040981054306
0.0413649082184
0.0299010276794
0.0302231311798
0.0305421352386
0.0308439731598
0.0322649478912
0.0325939655304
0.0328669548035
0.0331499576569
0.0343699455261
0.0345690250397
0.0347189903259
0.0348699092865
0.0280151367188
0.0282580852509
0.0284700393677
0.0287730693817
0.0480790138245
0.0482730865479
0.0484259128571
0.0485708713531
0.0270111560822
0.0271990299225
0.0273649692535
0.0275251865387
0.0263338088989
0.0265078544617
0.026664018631
0.0351619720459
0.0241968631744
0.0244059562683
0.0254559516907
0.0264999866486
0.0308210849762
0.0309951305389
0.0312359333038
0.0314900875092
0.025505065918
0.025671005249
0.0258231163025
0.0260059833527
0.0334489345551
0.0336289405823
0.0337858200073
0.0339968204498
0.0278010368347
0.028715133667
0.0319731235504
0.0331010818481
0.0267028808594
0.0276408195496
0.0283789634705
0.0303399562836
0.0277049541473
0.0280699729919
0.0284130573273
0.0287599563599
0.0310800075531
0.0314152240753
0.0317242145538
0.033135175705
0.0243561267853
0.0246419906616
0.0265481472015
0.0298690795898
0.023717880249
0.0238969326019
0.025622844696
0.0283620357513
0.0253291130066
0.0256130695343
0.0267632007599
0.0294780731201
0.0262310504913
0.026880979538
0.0274431705475
0.0283479690552
0.0375180244446
0.0381710529327
0.0387940406799
0.039412021637
0.0290019512177
0.0295338630676
0.0301530361176
0.0306768417358
0.0299031734467
0.030552148819
0.0310640335083
0.0315771102905
0.0277769565582
0.0279760360718
0.028146982193
0.0283350944519
0.0244369506836
0.024619102478
0.0252358913422
0.0276889801025
0.0270018577576
0.0271668434143
0.0273759365082
0.0275428295135
0.0300409793854
0.0302121639252
0.0303740501404
0.0305261611938
0.0274908542633
0.027676820755
0.0281579494476
0.0286958217621
0.02960896492
0.0297708511353
0.0319089889526
0.032194852829
0.0288531780243
0.0290260314941
0.0291900634766
0.0293471813202
0.0273821353912
0.0275671482086
0.0277230739594
0.0278961658478
0.0253868103027
0.02556681633
0.0257098674774
0.0258529186249
0.0241830348969
0.0243399143219
0.024512052536
0.0246880054474
0.0304169654846
0.0305778980255
0.0307400226593
0.0308880805969
0.0314078330994
0.0316028594971
0.031769990921
0.0319299697876
0.027281999588
0.0274810791016
0.0276579856873
0.0278251171112
0.0287120342255
0.0289068222046
0.029079914093
0.0294799804688
0.0279901027679
0.0287940502167
0.0296370983124
0.0303909778595
0.0277740955353
0.0285220146179
0.0291850566864
0.0298221111298
0.0230340957642
0.0237920284271
0.0243601799011
0.0282790660858
0.0323970317841
0.0332758426666
0.0339369773865
0.0345799922943
0.0440170764923
0.0448949337006
0.0457060337067
0.0463528633118
0.0280179977417
0.0292329788208
0.029953956604
0.0307099819183
0.0371880531311
0.0381140708923
0.0390570163727
0.0397670269012
0.031751871109
0.032527923584
0.0331909656525
0.0338368415833
0.0321497917175
0.0328269004822
0.034087896347
0.0349459648132
0.0288078784943
0.0290319919586
0.0292348861694
0.0295679569244
0.0266380310059
0.0268280506134
0.0269968509674
0.0271768569946
0.0263481140137
0.0265440940857
0.0267109870911
0.0268969535828
0.029149055481
0.0293350219727
0.029559135437
0.0298480987549
0.0288000106812
0.0289790630341
0.0291440486908
0.029314994812
0.0248939990997
0.0250630378723
0.0252292156219
0.0254030227661
0.0300271511078
0.0302681922913
0.0305080413818
0.0307371616364
0.0354089736938
0.0355880260468
0.0357460975647
0.0359199047089
0.0303092002869
0.0315051078796
0.0323190689087
0.0332281589508
0.0299379825592
0.0306358337402
0.0310468673706
0.0317687988281
0.0268819332123
0.0273499488831
0.0277788639069
0.0282170772552
0.0306711196899
0.0313429832458
0.0317890644073
0.0322411060333
0.0289549827576
0.02956199646
0.0301687717438
0.0307278633118
0.0306808948517
0.0308768749237
0.0310440063477
0.0312027931213
0.0258691310883
0.0260601043701
0.0262091159821
0.026458978653
0.0316038131714
0.0317888259888
0.0319650173187
0.0321288108826
0.0324568748474
0.032830953598
0.0330429077148
0.033243894577
0.0242869853973
0.0246560573578
0.0255630016327
0.0291981697083
0.0396230220795
0.0405139923096
0.0411047935486
0.0414998531342
0.0404570102692
0.0407140254974
0.0410871505737
0.0415661334991
0.0366411209106
0.0372579097748
0.0379559993744
0.0386049747467
0.0378351211548
0.0384449958801
0.0389380455017
0.0396749973297
0.0303421020508
0.0305171012878
0.0306680202484
0.0375819206238
0.0228130817413
0.0229940414429
0.0231649875641
0.0314359664917
0.025337934494
0.0259130001068
0.0271768569946
0.0285019874573
0.0267670154572
0.0270981788635
0.0275881290436
0.0284910202026
0.0277841091156
0.028382062912
0.0288820266724
0.0294229984283
0.0315699577332
0.032634973526
0.0337347984314
0.034569978714
0.0291459560394
0.029599905014
0.0302700996399
0.0305440425873
0.0284979343414
0.0296440124512
0.0308530330658
0.0317630767822
0.0327270030975
0.0330111980438
0.033280134201
0.034893989563
0.0281529426575
0.0284838676453
0.0288090705872
0.0293629169464
0.0346431732178
0.0349671840668
0.0440289974213
0.0466351509094
0.0256509780884
0.0267839431763
0.0347139835358
0.0385310649872
0.0373599529266
0.0380549430847
0.0389039516449
0.0395698547363
0.0276789665222
0.0281708240509
0.0283999443054
0.0286159515381
0.027487039566
0.0282900333405
0.0289359092712
0.0296139717102
0.0319359302521
0.0322508811951
0.032488822937
0.0329768657684
0.0260879993439
0.0299100875854
0.0328311920166
0.0359690189362
0.0292439460754
0.0296459197998
0.0320379734039
0.0323619842529
0.0360040664673
0.03630900383
0.0365040302277
0.0366680622101
0.0321190357208
0.0324311256409
0.033921957016
0.036630153656
0.0305938720703
0.0308039188385
0.0309839248657
0.0312099456787
0.0311748981476
0.0313858985901
0.0315520763397
0.0317230224609
0.0269317626953
0.0271198749542
0.0272858142853
0.0274438858032
0.0356879234314
0.0360770225525
0.0365591049194
0.0369961261749
0.0305352210999
0.0311281681061
0.0315780639648
0.0320420265198
0.0289371013641
0.0297899246216
0.0308821201324
0.0316150188446
0.0285911560059
0.0292060375214
0.0298030376434
0.0301811695099
0.0323231220245
0.032527923584
0.0327169895172
0.0329120159149
0.0281019210815
0.0282618999481
0.0284090042114
0.0285530090332
0.0262820720673
0.026458978653
0.0266220569611
0.0267720222473
0.0282280445099
0.0284190177917
0.0285949707031
0.0287611484528
0.0303330421448
0.0305328369141
0.0306949615479
0.0308568477631
0.0282230377197
0.0284099578857
0.0285539627075
0.0412900447845
0.0311779975891
0.0313749313354
0.0315430164337
0.0319859981537
0.0370440483093
0.0382130146027
0.0393688678741
0.040510892868
0.0279009342194
0.0302238464355
0.0313539505005
0.0320689678192
0.0285000801086
0.0286700725555
0.0393049716949
0.039519071579
0.0225868225098
0.0227839946747
0.0229489803314
0.0231099128723
0.0304358005524
0.0306789875031
0.0308928489685
0.0310959815979
0.034343957901
0.0345239639282
0.0346949100494
0.0348689556122
0.0281682014465
0.0286800861359
0.0291872024536
0.029865026474
0.0271589756012
0.0277128219604
0.0281429290771
0.0289189815521
0.0302848815918
0.030473947525
0.0306489467621
0.0308239459991
0.0244340896606
0.0245990753174
0.0248439311981
0.0250020027161
0.0247931480408
0.0249671936035
0.0251400470734
0.0252950191498
0.0369040966034
0.0370900630951
0.0372560024261
0.0374300479889
0.0324749946594
0.0326631069183
0.0328269004822
0.0329909324646
0.0293710231781
0.0295600891113
0.0297250747681
0.0298888683319
0.0290751457214
0.0292401313782
0.0293951034546
0.029541015625
0.0311849117279
0.0319590568542
0.0327129364014
0.0333759784698
0.0305089950562
0.0307519435883
0.0311808586121
0.0318639278412
0.0267629623413
0.0274260044098
0.0278878211975
0.0286118984222
0.0289630889893
0.0297181606293
0.0303812026978
0.030944108963
0.0266630649567
0.0268449783325
0.0270040035248
0.0271651744843
0.029923915863
0.0300900936127
0.0302391052246
0.0381999015808
0.0347168445587
0.034903049469
0.0350639820099
0.035218000412
0.0299398899078
0.0301179885864
0.0302789211273
0.0304348468781
0.0258738994598
0.0260980129242
0.026300907135
0.0264990329742
0.0296628475189
0.0300300121307
0.0303599834442
0.0306749343872
0.0253469944
0.0255360603333
0.025691986084
0.0258388519287
0.0372889041901
0.037449836731
0.0376009941101
0.0377559661865
0.0299952030182
0.0309171676636
0.0317080020905
0.032445192337
0.0254209041595
0.0261609554291
0.0309410095215
0.0325648784637
0.0266590118408
0.026832818985
0.0269868373871
0.027135848999
0.0287079811096
0.0288989543915
0.0290598869324
0.0292139053345
0.0268189907074
0.0270330905914
0.0272150039673
0.0274810791016
0.0310409069061
0.0315799713135
0.0321028232574
0.0326218605042
0.0314650535583
0.0320689678192
0.0326189994812
0.0331358909607
0.0275831222534
0.0277609825134
0.0279040336609
0.0317358970642
0.0337748527527
0.03440284729
0.0352568626404
0.0401468276978
0.0452370643616
0.0454039573669
0.0455520153046
0.0470609664917
0.0294489860535
0.0296311378479
0.0297939777374
0.0299541950226
0.0328049659729
0.0329790115356
0.033145904541
0.0343828201294
0.0318658351898
0.0320708751678
0.0322480201721
0.0324258804321
0.0301978588104
0.0303959846497
0.030571937561
0.0307469367981
0.0279359817505
0.0281391143799
0.0283210277557
0.0285041332245
0.0269491672516
0.0274860858917
0.0279941558838
0.0285141468048
0.0250618457794
0.0259439945221
0.026743888855
0.0273058414459
0.034087896347
0.0346028804779
0.0350658893585
0.0358259677887
0.0208880901337
0.0210831165314
0.0212709903717
0.0214459896088
0.0311710834503
0.0316359996796
0.0319540500641
0.0325210094452
0.0249650478363
0.0252649784088
0.0268349647522
0.0300569534302
0.0309958457947
0.0311989784241
0.0440108776093
0.044193983078
0.0399990081787
0.0401680469513
0.0403451919556
0.0405220985413
0.0476298332214
0.0479609966278
0.0483739376068
0.0485949516296
0.0348348617554
0.0352408885956
0.0357899665833
0.0363178253174
0.0328779220581
0.0334129333496
0.0336918830872
0.0340619087219
0.0315310955048
0.0321810245514
0.0326890945435
0.0334849357605
0.0337581634521
0.0344710350037
0.0351829528809
0.0357530117035
0.0292520523071
0.0301270484924
0.0308990478516
0.0315570831299
0.0370030403137
0.0376350879669
0.0381500720978
0.0386610031128
0.0322160720825
0.0324559211731
0.0326790809631
0.0328929424286
0.0298731327057
0.0300540924072
0.0302159786224
0.0303709506989
0.0293369293213
0.0294988155365
0.0296618938446
0.0298199653625
0.0320539474487
0.0325660705566
0.0328221321106
0.0332219600677
0.0261421203613
0.0269260406494
0.027575969696
0.0282139778137
0.03262591362
0.0334799289703
0.0340609550476
0.0346689224243
0.0276799201965
0.0278480052948
0.0283660888672
0.0289189815521
0.0279638767242
0.0283479690552
0.0286478996277
0.0289249420166
0.0316689014435
0.0322868824005
0.0328450202942
0.0336120128632
0.027095079422
0.0273489952087
0.0275030136108
0.0276639461517
0.0229070186615
0.0231049060822
0.0232810974121
0.0235741138458
0.0309948921204
0.0312058925629
0.0314009189606
0.0315999984741
0.0454039573669
0.0455660820007
0.0457170009613
0.0458660125732
0.0251870155334
0.0253880023956
0.0255839824677
0.0297939777374
0.032488822937
0.0326428413391
0.0327877998352
0.0329518318176
0.0298089981079
0.0300130844116
0.0301949977875
0.0303750038147
0.0307660102844
0.0309591293335
0.0311441421509
0.0313410758972
0.0283629894257
0.0285370349884
0.0287041664124
0.0288701057434
0.0272271633148
0.0274150371552
0.032576084137
0.0346879959106
0.0321979522705
0.0323588848114
0.032506942749
0.0326669216156
0.0284430980682
0.0286500453949
0.0288500785828
0.0290410518646
0.030788898468
0.0309910774231
0.0311679840088
0.0313470363617
0.0370681285858
0.0372431278229
0.0373990535736
0.0375559329987
0.035710811615
0.0359258651733
0.0361199378967
0.0363519191742
0.0366809368134
0.0368428230286
0.0369868278503
0.037125825882
0.0573830604553
0.0576050281525
0.0578010082245
0.0591650009155
0.0318779945374
0.0320410728455
0.0321879386902
0.0323309898376
0.0328838825226
0.0331778526306
0.0348980426788
0.0357999801636
0.0339350700378
0.0341579914093
0.0343430042267
0.034775018692
0.0271639823914
0.0273180007935
0.0274758338928
0.0276248455048
0.0308809280396
0.031063079834
0.0312571525574
0.0314199924469
0.0314240455627
0.0316059589386
0.0317640304565
0.031928062439
0.0269298553467
0.0273749828339
0.0278849601746
0.0281529426575
0.0448877811432
0.045361995697
0.0456027984619
0.0460588932037
0.025416135788
0.025603055954
0.0257670879364
0.027496099472
0.0299391746521
0.0301899909973
0.0304520130157
0.0421600341797
0.0254819393158
0.0260818004608
0.0265769958496
0.0269918441772
0.0294890403748
0.0296659469604
0.0298359394073
0.0299961566925
0.0344078540802
0.0346248149872
0.0350918769836
0.0361068248749
0.0221040248871
0.0223529338837
0.0225808620453
0.0228099822998
0.0288548469543
0.0293769836426
0.0295939445496
0.0299408435822
0.0339260101318
0.0342240333557
0.0344800949097
0.0347208976746
0.0370528697968
0.0373339653015
0.0375559329987
0.0377700328827
0.0252571105957
0.030403137207
0.0312840938568
0.0318820476532
0.0281231403351
0.0284030437469
0.0286090373993
0.0289649963379
0.0283448696136
0.0285468101501
0.0287139415741
0.028874874115
0.0323169231415
0.0328619480133
0.0333819389343
0.0339150428772
0.0319919586182
0.0324258804321
0.0326600074768
0.03284907341
0.0282759666443
0.0287981033325
0.0293219089508
0.0298340320587
0.0331718921661
0.0337679386139
0.0343630313873
0.0351810455322
0.029317855835
0.0298550128937
0.0303809642792
0.0309000015259
0.037467956543
0.0382308959961
0.0388429164886
0.0394048690796
0.0291471481323
0.0297119617462
0.0302259922028
0.0307321548462
0.0256330966949
0.0261869430542
0.0267360210419
0.0272791385651
0.0290911197662
0.0296149253845
0.0301599502563
0.030709028244
0.0255341529846
0.0260779857635
0.0266501903534
0.0271639823914
0.0330908298492
0.0337438583374
0.0342519283295
0.0347728729248
0.0274758338928
0.0282738208771
0.0289239883423
0.0294890403748
0.0315430164337
0.0320701599121
0.0326790809631
0.0331931114197
0.0329389572144
0.0335807800293
0.0341858863831
0.0347847938538
0.0244379043579
0.0246200561523
0.0247859954834
0.0249488353729
0.0261950492859
0.0263781547546
0.0265471935272
0.0267221927643
0.0268919467926
0.0270979404449
0.0272929668427
0.0274829864502
0.0260810852051
0.0262629985809
0.026426076889
0.0266032218933
0.0303518772125
0.03058385849
0.0308918952942
0.0310978889465
0.0267670154572
0.026939868927
0.0271008014679
0.027251958847
0.0316169261932
0.0333549976349
0.0361089706421
0.0389838218689
0.0290429592133
0.0295169353485
0.0301859378815
0.0449090003967
0.0432407855988
0.0434567928314
0.0436329841614
0.0438008308411
0.0380320549011
0.0388970375061
0.0403652191162
0.0416460037231
0.0371718406677
0.0373377799988
0.037496805191
0.0376508235931
0.021066904068
0.0213050842285
0.024069070816
0.0260720252991
0.028391122818
0.0285711288452
0.0287160873413
0.0288610458374
0.03782081604
0.0379838943481
0.0381200313568
0.0382559299469
0.0276780128479
0.0278599262238
0.0280220508575
0.0283930301666
0.0290389060974
0.0292458534241
0.0294978618622
0.02969789505
0.035984992981
0.0361750125885
0.0535049438477
0.0537118911743
0.0294790267944
0.0297231674194
0.0299491882324
0.0301651954651
0.0279159545898
0.0285260677338
0.0290379524231
0.0426969528198
0.0321099758148
0.0326290130615
0.0331370830536
0.0336391925812
0.0300991535187
0.03071808815
0.0310590267181
0.0314409732819
0.0314879417419
0.0316638946533
0.0318379402161
0.032007932663
0.0302810668945
0.0305080413818
0.0306880474091
0.0308699607849
0.0312511920929
0.0314431190491
0.0316190719604
0.031779050827
0.0259940624237
0.0261740684509
0.0263459682465
0.0265030860901
0.0364019870758
0.0366051197052
0.0367910861969
0.037043094635
0.0336151123047
0.0342011451721
0.0347640514374
0.0353310108185
0.0260298252106
0.0267248153687
0.0273818969727
0.0280539989471
0.0316300392151
0.0338151454926
0.0364511013031
0.0384840965271
0.0276942253113
0.0279071331024
0.0280601978302
0.0282270908356
0.0261030197144
0.026319026947
0.0265219211578
0.0345149040222
0.0277788639069
0.028214931488
0.0286219120026
0.0290088653564
0.0257480144501
0.025936126709
0.0261089801788
0.0262749195099
0.0281879901886
0.0283660888672
0.0285310745239
0.0300450325012
0.02943110466
0.0300209522247
0.0305559635162
0.0311160087585
0.0242009162903
0.0247449874878
0.0257830619812
0.027074098587
0.0272500514984
0.0280120372772
0.0287129878998
0.0293970108032
0.0437061786652
0.0443150997162
0.0450701713562
0.0455980300903
0.0260338783264
0.026624917984
0.0271339416504
0.0276429653168
0.0257530212402
0.0259571075439
0.0263040065765
0.028370141983
0.0361590385437
0.0364260673523
0.0366590023041
0.0368800163269
0.0292859077454
0.0294528007507
0.0296008586884
0.0297529697418
0.0408279895782
0.0410120487213
0.0411729812622
0.0413339138031
0.0330328941345
0.0332388877869
0.0334160327911
0.0336010456085
0.0282778739929
0.0287749767303
0.0291950702667
0.0296139717102
0.0280299186707
0.0282688140869
0.0284388065338
0.0286099910736
0.0298731327057
0.0300500392914
0.0302131175995
0.0303740501404
0.0275089740753
0.0277299880981
0.0278930664062
0.0280570983887
0.024817943573
0.0249810218811
0.0251491069794
0.0253109931946
0.0235650539398
0.0238449573517
0.0240969657898
0.0264849662781
0.0276250839233
0.0285229682922
0.0296649932861
0.0307769775391
0.032112121582
0.0328841209412
0.0335240364075
0.0344290733337
0.0382030010223
0.0390150547028
0.0396938323975
0.0403950214386
0.0321881771088
0.0330080986023
0.0336441993713
0.0343670845032
0.0348660945892
0.0361919403076
0.0379650592804
0.0389308929443
0.0302958488464
0.0315568447113
0.0330128669739
0.0340518951416
0.0334539413452
0.0342400074005
0.0349040031433
0.0357179641724
0.037043094635
0.0377080440521
0.0386400222778
0.0392770767212
0.0293428897858
0.029510974884
0.0296659469604
0.0298368930817
0.0507440567017
0.050920009613
0.0510890483856
0.0512480735779
0.0223250389099
0.0225601196289
0.0227701663971
0.0245790481567
0.0368890762329
0.0372099876404
0.0374519824982
0.0376801490784
0.0318558216095
0.0320489406586
0.0322289466858
0.0324048995972
0.0231611728668
0.0233101844788
0.0248520374298
0.0286149978638
0.0279371738434
0.0291759967804
0.0310480594635
0.0315680503845
0.0295679569244
0.029767036438
0.0304839611053
0.031044960022
0.0368461608887
0.0370202064514
0.0371961593628
0.0373520851135
0.0283780097961
0.0285420417786
0.0286860466003
0.0288331508636
0.0313801765442
0.0315871238708
0.0317671298981
0.0321869850159
0.0218751430511
0.022390127182
0.022567987442
0.0229389667511
0.0267260074615
0.026939868927
0.0271308422089
0.0272960662842
0.0285539627075
0.0288379192352
0.0337469577789
0.0350620746613
0.0261220932007
0.0263240337372
0.0265100002289
0.0266571044922
0.0226728916168
0.02286195755
0.0231499671936
0.023344039917
0.0280809402466
0.0282588005066
0.0284278392792
0.0285940170288
0.0261318683624
0.0262899398804
0.0264620780945
0.0266089439392
0.0247898101807
0.0250070095062
0.0251998901367
0.0254108905792
0.0392091274261
0.039519071579
0.0398080348969
0.0399820804596
0.0306379795074
0.0308380126953
0.0310189723969
0.031191110611
0.0340769290924
0.0342409610748
0.0343890190125
0.0345740318298
0.0274829864502
0.0277960300446
0.0280718803406
0.028345823288
0.0322709083557
0.0324468612671
0.032607793808
0.0327668190002
0.0307729244232
0.0309529304504
0.0311069488525
0.0312600135803
0.0306341648102
0.0308129787445
0.0309801101685
0.0311460494995
0.0260298252106
0.0277619361877
0.0279200077057
0.028312921524
0.0353870391846
0.0355670452118
0.0357358455658
0.0359079837799
0.0224571228027
0.0237140655518
0.0245110988617
0.0251870155334
0.0295510292053
0.0302641391754
0.031023979187
0.0316729545593
0.0331680774689
0.0333468914032
0.0336649417877
0.0338339805603
0.0264768600464
0.02663397789
0.0267848968506
0.0269460678101
0.02800989151
0.0281980037689
0.0283620357513
0.0285260677338
0.0322659015656
0.0324828624725
0.0326390266418
0.0327830314636
0.0226328372955
0.022794008255
0.0229468345642
0.027626991272
0.0582811832428
0.05846118927
0.0586321353912
0.0591089725494
0.039263010025
0.0399799346924
0.0407090187073
0.0414750576019
0.0296039581299
0.0305578708649
0.0313758850098
0.0322749614716
0.0478830337524
0.049544095993
0.0510809421539
0.0525710582733
0.0288569927216
0.0296251773834
0.0304710865021
0.0312621593475
0.0340650081635
0.0348360538483
0.0356960296631
0.0363931655884
0.0380058288574
0.0381770133972
0.0383520126343
0.0385057926178
0.0366499423981
0.0368239879608
0.0369870662689
0.0371470451355
0.0304679870605
0.0306441783905
0.03080701828
0.030965089798
0.0262022018433
0.0265460014343
0.026908159256
0.0271310806274
0.0300278663635
0.0302119255066
0.0303728580475
0.0305349826813
0.0381338596344
0.0383169651031
0.038477897644
0.0386319160461
0.0165429115295
0.0167329311371
0.016893863678
0.0170409679413
0.0303630828857
0.0305490493774
0.0307149887085
0.0308759212494
0.0353031158447
0.0354681015015
0.0356321334839
0.0358130931854
0.0367350578308
0.0369169712067
0.0370829105377
0.0372500419617
0.030179977417
0.0303580760956
0.0305240154266
0.0306940078735
0.0313308238983
0.0315098762512
0.0316729545593
0.0318319797516
0.0327680110931
0.0329391956329
0.0368630886078
0.0375730991364
0.0275421142578
0.0278639793396
0.0281600952148
0.0283269882202
0.0264241695404
0.0268001556396
0.0270640850067
0.0275020599365
0.0338969230652
0.0340759754181
0.0342237949371
0.0435128211975
0.0321249961853
0.0323030948639
0.0324590206146
0.0326170921326
0.0357608795166
0.0359408855438
0.036101102829
0.0362620353699
0.0269720554352
0.0271580219269
0.0273180007935
0.02747797966
0.0251379013062
0.0253319740295
0.0254919528961
0.0256819725037
0.0271909236908
0.0273520946503
0.0275020599365
0.039314031601
0.0297811031342
0.0299601554871
0.030121088028
0.0302841663361
0.0429768562317
0.0432138442993
0.0434229373932
0.0436878204346
0.0303130149841
0.0304942131042
0.0306520462036
0.0308141708374
0.0289549827576
0.029266834259
0.0295028686523
0.0296578407288
0.0278329849243
0.0280179977417
0.0281798839569
0.0283358097076
0.0291368961334
0.0293049812317
0.0294518470764
0.0295948982239
0.0324370861053
0.032623052597
0.0327920913696
0.032968044281
0.0347678661346
0.0349419116974
0.0351037979126
0.0352568626404
0.0339570045471
0.034129858017
0.0342919826508
0.0344529151917
0.0322620868683
0.0324749946594
0.0343730449677
0.03457903862
0.0228521823883
0.0258600711823
0.0288560390472
0.0300371646881
0.0373389720917
0.0376341342926
0.0514121055603
0.0515639781952
0.0325319766998
0.0326950550079
0.032840013504
0.0330080986023
0.0307760238647
0.030965089798
0.031131029129
0.0313119888306
0.0316469669342
0.0318050384521
0.0319449901581
0.0320980548859
0.0307581424713
0.0309619903564
0.0313460826874
0.0317809581757
0.0264608860016
0.026731967926
0.0269720554352
0.0279629230499
0.0267012119293
0.026890039444
0.0270581245422
0.0272290706635
0.0329110622406
0.0335290431976
0.0341339111328
0.0347058773041
0.0271229743958
0.0277180671692
0.0282831192017
0.0287890434265
0.0276069641113
0.0288608074188
0.0295658111572
0.035936832428
0.0268170833588
0.0269980430603
0.027153968811
0.0273180007935
0.0286259651184
0.0288510322571
0.0307528972626
0.0311980247498
0.0274231433868
0.0279021263123
0.0283560752869
0.0291299819946
0.0263521671295
0.026741027832
0.0269839763641
0.0271890163422
0.0305891036987
0.0307860374451
0.0311810970306
0.0313999652863
0.0251750946045
0.0254600048065
0.025691986084
0.0292251110077
0.0288479328156
0.0290191173553
0.0291669368744
0.0373129844666
0.0331659317017
0.0340209007263
0.0348460674286
0.0365118980408
0.0351150035858
0.0359010696411
0.0371921062469
0.0386350154877
0.0377678871155
0.0400459766388
0.0408489704132
0.0417098999023
0.0347979068756
0.0354740619659
0.0360670089722
0.0367579460144
0.0319468975067
0.0328149795532
0.0335578918457
0.0343539714813
0.0419371128082
0.0432620048523
0.0451011657715
0.0466430187225
0.0352010726929
0.0353729724884
0.0359351634979
0.0366230010986
0.0291728973389
0.0298459529877
0.0305190086365
0.0312221050262
0.051558971405
0.0517139434814
0.0518589019775
0.0520000457764
0.0268559455872
0.0271019935608
0.0273249149323
0.0300509929657
0.024218082428
0.0244140625
0.0245599746704
0.0308301448822
0.0232198238373
0.0234160423279
0.0239999294281
0.0259828567505
0.0224540233612
0.0226719379425
0.0285320281982
0.0323960781097
0.0288920402527
0.029069185257
0.0292401313782
0.0293979644775
0.0246930122375
0.0249300003052
0.0251469612122
0.0271909236908
0.0641050338745
0.0642790794373
0.0644721984863
0.0646271705627
0.0433669090271
0.0436160564423
0.0437839031219
0.0439438819885
0.0334677696228
0.03364777565
0.0338189601898
0.0339829921722
0.0285029411316
0.0286719799042
0.0288219451904
0.0306649208069
0.0426850318909
0.0429179668427
0.0466718673706
0.0472319126129
0.0257091522217
0.0260410308838
0.0265021324158
0.0433180332184
0.038055896759
0.0383589267731
0.0402958393097
0.044105052948
0.0247709751129
0.0249359607697
0.0250859260559
0.0252559185028
0.0242857933044
0.0244829654694
0.0246438980103
0.0247960090637
0.0437090396881
0.0440020561218
0.0442428588867
0.0444929599762
0.0314810276031
0.0316569805145
0.0318188667297
0.0319740772247
0.0371799468994
0.0373618602753
0.0375168323517
0.0376620292664
0.0311880111694
0.0314881801605
0.0348041057587
0.0390911102295
0.0283131599426
0.0284931659698
0.0286750793457
0.0288641452789
0.0238618850708
0.0241088867188
0.0348179340363
0.03502202034
0.026673078537
0.027291059494
0.0283091068268
0.029079914093
0.0371949672699
0.0374290943146
0.0376439094543
0.0378611087799
0.0343430042267
0.0345439910889
0.0347218513489
0.0348930358887
0.0255010128021
0.025722026825
0.025908946991
0.0260999202728
0.0223488807678
0.0231308937073
0.0239379405975
0.026538848877
0.0304319858551
0.0306107997894
0.0307760238647
0.0309309959412
0.021733045578
0.0219101905823
0.0220730304718
0.0222520828247
0.0246779918671
0.0249259471893
0.031142950058
0.0347499847412
0.0284910202026
0.0286819934845
0.0288479328156
0.029011964798
0.0307610034943
0.0310530662537
0.0312190055847
0.0374119281769
0.0269858837128
0.0276689529419
0.0283408164978
0.0289900302887
0.0272710323334
0.0278589725494
0.0284869670868
0.0290179252625
0.0301508903503
0.0307738780975
0.0312798023224
0.0317888259888
0.0252809524536
0.0254609584808
0.0256278514862
0.0260589122772
0.0358679294586
0.0368049144745
0.037458896637
0.0408658981323
0.0422859191895
0.0429649353027
0.043576002121
0.0442280769348
0.044517993927
0.0452320575714
0.0458650588989
0.0465860366821
0.0428688526154
0.0435299873352
0.0442039966583
0.0448298454285
0.0348320007324
0.0351710319519
0.0354909896851
0.0358018875122
0.0329780578613
0.0332760810852
0.0350470542908
0.0388209819794
0.0383780002594
0.0385539531708
0.038703918457
0.0388548374176
0.0326850414276
0.032949924469
0.0331900119781
0.0342090129852
0.0319211483002
0.0321049690247
0.0322670936584
0.0324330329895
0.0313370227814
0.0315301418304
0.0317130088806
0.0318930149078
0.0277981758118
0.0282530784607
0.02867603302
0.0318570137024
0.0147609710693
0.01509308815
0.0154390335083
0.0157809257507
0.0477020740509
0.0478799343109
0.049113035202
0.0512170791626
0.0279688835144
0.0281438827515
0.0339050292969
0.0356888771057
0.0286741256714
0.0288450717926
0.029009103775
0.0291681289673
0.0318720340729
0.0320639610291
0.0322270393372
0.0323879718781
0.0259749889374
0.0261368751526
0.0263149738312
0.0313618183136
0.0284190177917
0.0286059379578
0.0287840366364
0.0289239883423
0.0295610427856
0.029736995697
0.0299000740051
0.0300550460815
0.0334978103638
0.0339889526367
0.0342378616333
0.0343849658966
0.0264711380005
0.0266439914703
0.0268070697784
0.0269749164581
0.041571855545
0.0417439937592
0.0418918132782
0.0420379638672
0.0295238494873
0.0301167964935
0.0306868553162
0.0312259197235
0.0255329608917
0.0261199474335
0.0267019271851
0.0272469520569
0.0345771312714
0.0353741645813
0.0361671447754
0.0445010662079
0.0307412147522
0.0314190387726
0.0322241783142
0.0328772068024
0.0317950248718
0.0319790840149
0.0323481559753
0.0336790084839
0.0249819755554
0.0251998901367
0.0261468887329
0.0267109870911
0.0274209976196
0.0276041030884
0.027764081955
0.0279250144958
0.0350759029388
0.0352928638458
0.0354518890381
0.0356619358063
0.0319299697876
0.0320909023285
0.0322380065918
0.0323808193207
0.0299520492554
0.0301401615143
0.0303092002869
0.0392169952393
0.0280590057373
0.0297110080719
0.0317780971527
0.0333199501038
0.0306329727173
0.0314109325409
0.0321660041809
0.0328588485718
0.0302140712738
0.0309979915619
0.0317821502686
0.0326280593872
0.0305089950562
0.0311839580536
0.0319850444794
0.0326631069183
0.0376040935516
0.0380580425262
0.0408070087433
0.0411560535431
0.0264921188354
0.0269179344177
0.0274090766907
0.0277619361877
0.0276041030884
0.0280990600586
0.0285651683807
0.0289630889893
0.0260999202728
0.026547908783
0.026871919632
0.0272328853607
0.0283269882202
0.0287799835205
0.0292620658875
0.0297269821167
0.0311751365662
0.0315380096436
0.0318801403046
0.0321991443634
0.0390560626984
0.0392189025879
0.0393629074097
0.0395081043243
0.0345039367676
0.035453081131
0.0361580848694
0.036954164505
0.0311250686646
0.0313010215759
0.0314660072327
0.0330860614777
0.0294241905212
0.0296111106873
0.0297801494598
0.0299429893494
0.0320720672607
0.0322289466858
0.0323839187622
0.0325500965118
0.0300848484039
0.0302448272705
0.0303869247437
0.0305619239807
0.0303530693054
0.030531167984
0.0306990146637
0.0309720039368
0.0296409130096
0.0298230648041
0.0299689769745
0.0301110744476
0.0181319713593
0.0337488651276
0.0347018241882
0.0357799530029
0.0383911132812
0.0393331050873
0.0412828922272
0.0441079139709
0.0312337875366
0.0325019359589
0.0334408283234
0.034129858017
0.0442349910736
0.0452527999878
0.0460329055786
0.0465989112854
0.026086807251
0.0268127918243
0.027529001236
0.0282289981842
0.030207157135
0.0308010578156
0.0313739776611
0.0318961143494
0.0258331298828
0.026435136795
0.0270090103149
0.0275549888611
0.0289652347565
0.0302751064301
0.0311341285706
0.0319881439209
0.0389280319214
0.0404860973358
0.0411920547485
0.0443820953369
0.0261719226837
0.0263438224792
0.0266687870026
0.0268549919128
0.0351569652557
0.0353109836578
0.0354781150818
0.0356211662292
0.0302529335022
0.0307478904724
0.0312178134918
0.0316879749298
0.0312411785126
0.0318040847778
0.0323240756989
0.03289103508
0.0242869853973
0.0292339324951
0.0297899246216
0.0303559303284
0.0329179763794
0.0365378856659
0.0378708839417
0.0391550064087
0.029659986496
0.0302860736847
0.0313329696655
0.0319900512695
0.0323288440704
0.0332579612732
0.0345199108124
0.0356299877167
0.0300900936127
0.0312860012054
0.0322320461273
0.0331909656525
0.0361769199371
0.0368480682373
0.0375130176544
0.0381259918213
0.0503330230713
0.0521550178528
0.0528471469879
0.0537970066071
0.029834985733
0.0300137996674
0.0301790237427
0.0303449630737
0.0346150398254
0.0347969532013
0.0349519252777
0.0351090431213
0.0267140865326
0.0268790721893
0.0270578861237
0.0272119045258
0.0339939594269
0.0373899936676
0.0393900871277
0.0428659915924
0.0342578887939
0.0344738960266
0.0346610546112
0.0348420143127
0.0312900543213
0.0314540863037
0.031601190567
0.0317471027374
0.0268092155457
0.0269680023193
0.0271141529083
0.0272581577301
0.0307698249817
0.031005859375
0.0327048301697
0.0364439487457
0.0255630016327
0.0258419513702
0.0260570049286
0.0269410610199
0.024875164032
0.0255990028381
0.0287640094757
0.0321102142334
0.0260179042816
0.0263290405273
0.0266580581665
0.0290100574493
0.0281879901886
0.0283718109131
0.0285429954529
0.0287098884583
0.0272221565247
0.0280981063843
0.028783082962
0.0295190811157
0.0309221744537
0.0318191051483
0.0326750278473
0.0334260463715
0.0339879989624
0.0350279808044
0.0358610153198
0.0365779399872
0.0326840877533
0.032900094986
0.0331029891968
0.033301115036
0.0286409854889
0.0288941860199
0.0290801525116
0.0307731628418
0.0269329547882
0.0271980762482
0.030298948288
0.0327658653259
0.0242538452148
0.0255379676819
0.0263760089874
0.0271689891815
0.028636932373
0.0288009643555
0.0290219783783
0.0292959213257
0.0329840183258
0.0334038734436
0.0337829589844
0.0341649055481
0.0231609344482
0.0253200531006
0.0259280204773
0.0265851020813
0.0271151065826
0.03395819664
0.0342390537262
0.0344591140747
0.0279858112335
0.0281729698181
0.0283370018005
0.0285069942474
0.0272409915924
0.0274350643158
0.0276141166687
0.0277771949768
0.026741027832
0.0276420116425
0.0281610488892
0.0292279720306
0.0292689800262
0.0302379131317
0.0309309959412
0.0315389633179
0.0239570140839
0.0251460075378
0.0269041061401
0.0285320281982
0.0321128368378
0.0323219299316
0.0324659347534
0.0326039791107
0.0343489646912
0.0345158576965
0.0346848964691
0.0348408222198
0.0256960391998
0.0260589122772
0.0304319858551
0.0308320522308
0.0293259620667
0.0296349525452
0.0300679206848
0.0346150398254
0.0362830162048
0.0367958545685
0.0372719764709
0.0377898216248
0.027302980423
0.0278310775757
0.0283210277557
0.0287759304047
0.0309019088745
0.0318009853363
0.0322098731995
0.032634973526
0.0365748405457
0.0371940135956
0.0377810001373
0.0383548736572
0.0271260738373
0.0276629924774
0.0286099910736
0.030946969986
0.025682926178
0.0277998447418
0.0290038585663
0.033175945282
0.0281088352203
0.0287909507751
0.0294468402863
0.0301048755646
0.0327949523926
0.033322095871
0.0338289737701
0.0343370437622
0.0340981483459
0.0344779491425
0.0348610877991
0.0377020835876
0.0261800289154
0.0263600349426
0.0265440940857
0.0267059803009
0.0289039611816
0.0290839672089
0.0292518138885
0.0294189453125
0.0350730419159
0.0354180335999
0.0356180667877
0.0357758998871
0.0309438705444
0.0311298370361
0.0313849449158
0.0316808223724
0.029324054718
0.0297250747681
0.0298850536346
0.0300681591034
0.0264270305634
0.0272388458252
0.0278759002686
0.0285699367523
0.0268220901489
0.0275690555573
0.0281121730804
0.0285291671753
0.0268421173096
0.0270440578461
0.0272259712219
0.0273990631104
0.0292100906372
0.029944896698
0.0305459499359
0.031219959259
0.0269830226898
0.027645111084
0.0283119678497
0.0292711257935
0.0292110443115
0.0298299789429
0.0327758789062
0.0335440635681
0.0268018245697
0.0278689861298
0.0288019180298
0.0297958850861
0.0363500118256
0.0365529060364
0.0366978645325
0.0368640422821
0.0319209098816
0.0328080654144
0.0333940982819
0.0339820384979
0.0274519920349
0.0276148319244
0.0277647972107
0.0279059410095
0.0410430431366
0.0416359901428
0.042191028595
0.0427050590515
0.0358998775482
0.0387840270996
0.0395839214325
0.0402820110321
0.0293660163879
0.0306880474091
0.0313820838928
0.0322949886322
0.0251471996307
0.0259840488434
0.0268061161041
0.0275762081146
0.0335760116577
0.0337688922882
0.0339448451996
0.0358848571777
0.0425851345062
0.0428149700165
0.0430240631104
0.0432260036469
0.0402429103851
0.0404379367828
0.0406019687653
0.0407619476318
0.0486149787903
0.0488049983978
0.0489709377289
0.0491309165955
0.054859161377
0.0550601482391
0.0552320480347
0.0553901195526
0.0389668941498
0.0391328334808
0.0392777919769
0.0394239425659
0.0418741703033
0.042797088623
0.043475151062
0.044102191925
0.0465230941772
0.0474810600281
0.0481100082397
0.0486211776733
0.0272741317749
0.0279371738434
0.0285830497742
0.0292282104492
0.0298268795013
0.0300009250641
0.0301640033722
0.0303108692169
0.0216388702393
0.0218670368195
0.0226998329163
0.0260999202728
0.032772064209
0.0330338478088
0.0335328578949
0.0366320610046
0.039125919342
0.0398271083832
0.0404479503632
0.0408589839935
0.0655100345612
0.0657079219818
0.065887928009
0.0662658214569
0.0366439819336
0.0368440151215
0.037024974823
0.0372960567474
0.0236160755157
0.023796081543
0.0253639221191
0.0274269580841
0.0410640239716
0.0412549972534
0.0414261817932
0.0417590141296
0.0674839019775
0.0683500766754
0.0731348991394
0.078085899353
0.0287139415741
0.0289058685303
0.029070854187
0.0292320251465
0.0238211154938
0.0248889923096
0.0253081321716
0.0254621505737
0.0326709747314
0.0328509807587
0.0330171585083
0.0331780910492
0.0262799263
0.0264708995819
0.02663397789
0.0268030166626
0.0315270423889
0.0318331718445
0.0320880413055
0.0322420597076
0.0265500545502
0.0267460346222
0.0269150733948
0.0270891189575
0.0292980670929
0.0294609069824
0.0296320915222
0.0297830104828
0.0286388397217
0.0288228988647
0.0289850234985
0.0291469097137
0.0314040184021
0.0327460765839
0.0338599681854
0.0349731445312
0.0370759963989
0.0378329753876
0.0387790203094
0.0395090579987
0.0295150279999
0.0302090644836
0.0308449268341
0.031672000885
0.0393300056458
0.0397989749908
0.0400331020355
0.0402460098267
0.0255010128021
0.0263509750366
0.0270369052887
0.0277299880981
0.0292749404907
0.0299229621887
0.0305140018463
0.0310750007629
0.028844833374
0.0298099517822
0.0303869247437
0.0331568717957
0.0310578346252
0.0317859649658
0.0325748920441
0.033360004425
0.0283679962158
0.032604932785
0.0332329273224
0.0339820384979
0.0404989719391
0.0406649112701
0.0408389568329
0.0409851074219
0.0341601371765
0.0344250202179
0.0347940921783
0.0350439548492
0.0359899997711
0.0364999771118
0.0369589328766
0.0372400283813
0.0343630313873
0.0348370075226
0.0351619720459
0.0355250835419
0.0290598869324
0.0295169353485
0.0300059318542
0.0304160118103
0.0268230438232
0.0274910926819
0.0281209945679
0.0286900997162
0.0345449447632
0.0352220535278
0.0356600284576
0.0361139774323
0.0317277908325
0.0319077968597
0.0328209400177
0.0332298278809
0.026643037796
0.029219865799
0.0325560569763
0.0357120037079
0.0262579917908
0.028776884079
0.0310509204865
0.0335290431976
0.0254848003387
0.0257558822632
0.0260198116302
0.0262598991394
0.0317778587341
0.0319859981537
0.0321578979492
0.0323388576508
0.0297749042511
0.0303149223328
0.0306730270386
0.0308640003204
0.0351669788361
0.0356359481812
0.0376899242401
0.0384938716888
0.0407269001007
0.0411558151245
0.0418138504028
0.0479869842529
0.0356268882751
0.0362188816071
0.0368480682373
0.0375609397888
0.0288870334625
0.0301079750061
0.0308790206909
0.0315339565277
0.0308909416199
0.0310659408569
0.0312309265137
0.0314218997955
0.0295231342316
0.0301520824432
0.0312371253967
0.0321781635284
0.022901058197
0.0238261222839
0.0247871875763
0.0254189968109
0.0311999320984
0.0317358970642
0.0323569774628
0.0330920219421
0.0295989513397
0.029816865921
0.0299980640411
0.030149936676
0.0278129577637
0.0285601615906
0.0294029712677
0.0301179885864
0.0305109024048
0.0311160087585
0.0317950248718
0.0325260162354
0.0313191413879
0.0315201282501
0.0317010879517
0.0321700572968
0.0331909656525
0.035089969635
0.0367519855499
0.0374069213867
0.0340631008148
0.0351581573486
0.035875082016
0.0377819538116
0.0452170372009
0.0460019111633
0.0469310283661
0.0477969646454
0.0312411785126
0.0322370529175
0.0329270362854
0.0337250232697
0.0359840393066
0.0361518859863
0.0363109111786
0.0364730358124
0.0302460193634
0.0305571556091
0.0310609340668
0.0317261219025
0.0308961868286
0.0323491096497
0.0330941677094
0.0340030193329
0.0254640579224
0.027724981308
0.0281360149384
0.028333902359
0.0358209609985
0.0360059738159
0.0361769199371
0.0363388061523
0.0276889801025
0.0278630256653
0.0280261039734
0.0281870365143
0.0283050537109
0.0284860134125
0.0286538600922
0.0288228988647
0.029109954834
0.0293121337891
0.0294890403748
0.0296700000763
0.0284671783447
0.02867603302
0.0288531780243
0.0290381908417
0.0318999290466
0.0320680141449
0.0322170257568
0.0323669910431
0.0269701480865
0.0271492004395
0.0273170471191
0.0274910926819
0.0268089771271
0.0269980430603
0.027144908905
0.027293920517
0.0282490253448
0.028431892395
0.0285909175873
0.0287508964539
0.0270068645477
0.02769780159
0.0288507938385
0.0289969444275
0.0337550640106
0.0352249145508
0.036406993866
0.0374159812927
0.0301289558411
0.0306298732758
0.0308089256287
0.0309808254242
0.0270490646362
0.0272481441498
0.027410030365
0.027909040451
0.0305352210999
0.0307672023773
0.0309720039368
0.031179189682
0.028636932373
0.0288279056549
0.028990983963
0.0291440486908
0.0359029769897
0.036073923111
0.036229133606
0.0363869667053
0.0351719856262
0.03533411026
0.0354859828949
0.0356359481812
0.0302908420563
0.030455827713
0.0305998325348
0.0307519435883
0.0294449329376
0.0297291278839
0.029981136322
0.0302209854126
0.0281598567963
0.0283579826355
0.0285439491272
0.0287299156189
0.0295829772949
0.0297620296478
0.0299279689789
0.0300989151001
0.0290150642395
0.0390391349792
0.0393040180206
0.0398991107941
0.0482361316681
0.0484049320221
0.0485639572144
0.0487239360809
0.0425441265106
0.0428860187531
0.0431830883026
0.0435261726379
0.0363590717316
0.0365641117096
0.0369400978088
0.0374212265015
0.028354883194
0.0286149978638
0.0295588970184
0.0325739383698
0.0315108299255
0.0319399833679
0.0323610305786
0.0325808525085
0.0514369010925
0.0518329143524
0.0520610809326
0.0524549484253
0.0286979675293
0.0293819904327
0.0301401615143
0.0307660102844
0.027361869812
0.0275099277496
0.0276539325714
0.0277969837189
0.0285470485687
0.0289599895477
0.0293400287628
0.0297291278839
0.0331699848175
0.0337710380554
0.0343511104584
0.0350151062012
0.034511089325
0.0349471569061
0.0353710651398
0.0359129905701
0.0283718109131
0.0295848846436
0.0302379131317
0.030898809433
0.0285749435425
0.0301640033722
0.0308558940887
0.0314729213715
0.0665638446808
0.0674748420715
0.0683479309082
0.06889295578
0.0613369941711
0.0616629123688
0.0619640350342
0.0622670650482
0.0397629737854
0.0400609970093
0.0409049987793
0.0411839485168
0.0745611190796
0.0748751163483
0.0751841068268
0.0754799842834
0.0373010635376
0.0376100540161
0.0422930717468
0.0425238609314
0.0575888156891
0.0586290359497
0.0598349571228
0.0606918334961
0.0334379673004
0.0338160991669
0.0345818996429
0.0369749069214
0.0317070484161
0.0320200920105
0.0326960086823
0.0367231369019
0.0437200069427
0.0440309047699
0.0443260669708
0.0454618930817
0.03014087677
0.0304908752441
0.032989025116
0.035740852356
0.030403137207
0.0307040214539
0.0309810638428
0.0312600135803
0.0256760120392
0.026004076004
0.0267241001129
0.0299451351166
0.0216629505157
0.0220358371735
0.0241780281067
0.0274510383606
0.029452085495
0.0297949314117
0.030189037323
0.0341589450836
0.0289580821991
0.0293340682983
0.0299439430237
0.0328409671783
0.0271270275116
0.0274331569672
0.0280480384827
0.0290880203247
0.0295140743256
0.0299160480499
0.0302269458771
0.0305349826813
0.0298678874969
0.0301699638367
0.0304508209229
0.0307309627533
0.03165102005
0.0319700241089
0.0322539806366
0.0325338840485
0.0287191867828
0.0290200710297
0.0293321609497
0.0296339988708
0.0285987854004
0.0289208889008
0.0292479991913
0.0308589935303
0.0250980854034
0.0254199504852
0.0256969928741
0.0330309867859
0.0310361385345
0.031592130661
0.0321431159973
0.049220085144
0.025425195694
0.0259530544281
0.0264630317688
0.0333790779114
0.0297842025757
0.0305721759796
0.0311071872711
0.0316431522369
0.0283739566803
0.0291719436646
0.0296878814697
0.0301940441132
0.0294229984283
0.0302441120148
0.0310521125793
0.0317220687866
0.0295569896698
0.0304090976715
0.0312221050262
0.0333399772644
0.0320789813995
0.0323259830475
0.0324940681458
0.0326590538025
0.021409034729
0.0216209888458
0.0218160152435
0.0220341682434
0.0303220748901
0.030503988266
0.0306680202484
0.030825138092
0.0257368087769
0.025899887085
0.0260479450226
0.026193857193
0.0366277694702
0.0368118286133
0.0369808673859
0.0371527671814
0.0312449932098
0.0314631462097
0.0316529273987
0.0405991077423
0.0443041324615
0.045135974884
0.0459311008453
0.046718120575
0.0273320674896
0.0279750823975
0.0286400318146
0.0292639732361
0.0265529155731
0.0281779766083
0.0299971103668
0.0316231250763
0.0350558757782
0.0359039306641
0.0366990566254
0.0373899936676
0.0363168716431
0.0375249385834
0.0383148193359
0.0389428138733
0.0348870754242
0.0356299877167
0.0363099575043
0.0373101234436
0.0315577983856
0.0324449539185
0.0331428050995
0.0340669155121
0.0305619239807
0.0312538146973
0.0323348045349
0.0329608917236
0.0431079864502
0.0433311462402
0.0435471534729
0.0437591075897
0.0366959571838
0.0370290279388
0.0373470783234
0.0402851104736
0.0268340110779
0.0271220207214
0.027293920517
0.0287599563599
0.0300259590149
0.030219078064
0.0304579734802
0.0306310653687
0.0267169475555
0.0269730091095
0.0273289680481
0.040696144104
0.0300211906433
0.0305950641632
0.0311050415039
0.0316140651703
0.0358071327209
0.0363941192627
0.037220954895
0.0379331111908
0.0584201812744
0.0593290328979
0.060024023056
0.0607631206512
0.034285068512
0.0344550609589
0.0346200466156
0.0350069999695
0.0298340320587
0.0305240154266
0.0313589572906
0.0321359634399
0.0296080112457
0.0302131175995
0.0308260917664
0.0314450263977
0.0296919345856
0.0303859710693
0.0310888290405
0.031751871109
0.0318098068237
0.033029794693
0.0341799259186
0.03528881073
0.0335640907288
0.0338220596313
0.0340709686279
0.0343511104584
0.0359728336334
0.0361528396606
0.0363118648529
0.0364739894867
0.0266251564026
0.0268061161041
0.0269629955292
0.0271210670471
0.0264818668365
0.026960849762
0.0273947715759
0.0276439189911
0.0298891067505
0.0306921005249
0.0345740318298
0.0367109775543
0.0281720161438
0.0283420085907
0.0285000801086
0.0286681652069
0.0261299610138
0.0263040065765
0.0286071300507
0.0294630527496
0.0315890312195
0.0318109989166
0.0320119857788
0.0322051048279
0.032655954361
0.032842874527
0.0330140590668
0.0332069396973
0.0281808376312
0.0283758640289
0.0285358428955
0.0286967754364
0.027214050293
0.0273871421814
0.0275511741638
0.0277111530304
0.0346360206604
0.0349769592285
0.0352120399475
0.0396971702576
0.0310750007629
0.0316441059113
0.0321922302246
0.032763004303
0.0292098522186
0.0297319889069
0.0302429199219
0.0307509899139
0.0370218753815
0.0376508235931
0.0401499271393
0.0424478054047
0.0306370258331
0.0312368869781
0.0317878723145
0.0322959423065
0.0254549980164
0.0257830619812
0.0259540081024
0.0263068675995
0.0325438976288
0.0331020355225
0.0335338115692
0.0340230464935
0.0349390506744
0.0351531505585
0.0353031158447
0.0354449748993
0.0329549312592
0.033684015274
0.0343930721283
0.0350580215454
0.0372791290283
0.0374639034271
0.0377180576324
0.0381379127502
0.0293970108032
0.030168056488
0.030592918396
0.0316059589386
0.0342879295349
0.0345230102539
0.0347878932953
0.0350208282471
0.0256428718567
0.0258228778839
0.0259890556335
0.0261569023132
0.0333671569824
0.0335471630096
0.0337150096893
0.033872127533
0.0407409667969
0.0410099029541
0.0412659645081
0.0415160655975
0.0287330150604
0.0319590568542
0.0330700874329
0.0342109203339
0.0309720039368
0.0312869548798
0.0315890312195
0.0318598747253
0.0241219997406
0.0413010120392
0.0501081943512
0.0545060634613
0.0263879299164
0.026713848114
0.0270118713379
0.0296700000763
0.0305669307709
0.0318179130554
0.0453128814697
0.0469379425049
0.0269720554352
0.0282950401306
0.0296549797058
0.0330810546875
0.0325741767883
0.0404109954834
0.0432221889496
0.0442960262299
0.0283949375153
0.0290811061859
0.029748916626
0.030543088913
0.0276880264282
0.0289709568024
0.0296969413757
0.031033039093
0.0350551605225
0.0355830192566
0.0360910892487
0.0366032123566
0.0267279148102
0.0272598266602
0.0278208255768
0.0283579826355
0.0368111133575
0.0373511314392
0.0378711223602
0.0384261608124
0.0350890159607
0.0358030796051
0.0363471508026
0.03688621521
0.0283250808716
0.0288469791412
0.0293509960175
0.0363669395447
0.0261480808258
0.0281250476837
0.028834104538
0.0294830799103
0.0289380550385
0.0297470092773
0.0304410457611
0.0311989784241
0.0267510414124
0.0274050235748
0.0285170078278
0.0302000045776
0.0282731056213
0.0291020870209
0.0297520160675
0.03040599823
0.0363519191742
0.0372259616852
0.0378959178925
0.0387070178986
0.0262010097504
0.0271520614624
0.0279819965363
0.0287442207336
0.0289440155029
0.0298540592194
0.0304560661316
0.0310990810394
0.0388669967651
0.0390591621399
0.0392360687256
0.0394051074982
0.0265259742737
0.0267291069031
0.0268969535828
0.0270550251007
0.0324559211731
0.0326368808746
0.0327978134155
0.0329599380493
0.0282180309296
0.0284030437469
0.0285651683807
0.0287270545959
0.0267961025238
0.0269980430603
0.0271708965302
0.0273470878601
0.0274391174316
0.0281529426575
0.0295920372009
0.030956029892
0.0227880477905
0.0229601860046
0.0281281471252
0.0312640666962
0.0340869426727
0.0346701145172
0.0352149009705
0.0357639789581
0.0331740379333
0.0333518981934
0.0335159301758
0.0336928367615
0.0350041389465
0.0355930328369
0.0361521244049
0.0370259284973
0.0376811027527
0.0381960868835
0.0389950275421
0.0394320487976
0.0318229198456
0.0320639610291
0.0323009490967
0.0325191020966
0.0420048236847
0.0424058437347
0.0429508686066
0.0433988571167
0.0375671386719
0.0381071567535
0.0385451316833
0.038978099823
0.0328090190887
0.0334899425507
0.0341680049896
0.0350120067596
0.0348660945892
0.0357601642609
0.0371689796448
0.0382790565491
0.0441019535065
0.0447881221771
0.0453870296478
0.0460560321808
0.0432529449463
0.0440220832825
0.0447549819946
0.0454208850861
0.0384860038757
0.0389280319214
0.0393550395966
0.0399670600891
0.0329329967499
0.0333697795868
0.0342309474945
0.0349028110504
0.0384199619293
0.0386569499969
0.0388309955597
0.0392329692841
0.0230100154877
0.0231838226318
0.0234098434448
0.0256688594818
0.0263030529022
0.0264790058136
0.0266630649567
0.0268080234528
0.0289261341095
0.0291230678558
0.0293061733246
0.0295190811157
0.0337500572205
0.0339260101318
0.0340940952301
0.034255027771
0.0266211032867
0.0268089771271
0.0271439552307
0.0277941226959
0.0304639339447
0.0306489467621
0.0308029651642
0.0309748649597
0.0272030830383
0.0273661613464
0.0275111198425
0.0276510715485
0.0271830558777
0.0273771286011
0.0275399684906
0.0277049541473
0.0326600074768
0.0328330993652
0.0329959392548
0.0331580638885
0.0314378738403
0.0316119194031
0.0317749977112
0.0319349765778
0.0262820720673
0.0265221595764
0.0267350673676
0.027820110321
0.0265171527863
0.0281980037689
0.0331151485443
0.0364899635315
0.0333528518677
0.034322977066
0.0350408554077
0.0360479354858
0.0285620689392
0.0301740169525
0.0331909656525
0.0347108840942
0.0228660106659
0.0237150192261
0.0246119499207
0.0254120826721
0.0276129245758
0.0277819633484
0.0279428958893
0.0281019210815
0.0249061584473
0.0250890254974
0.0252552032471
0.0254139900208
0.0263640880585
0.0265531539917
0.0267159938812
0.0268700122833
0.0215578079224
0.0217428207397
0.0224759578705
0.0317997932434
0.0333578586578
0.0343489646912
0.0350198745728
0.035651922226
0.0373549461365
0.0375270843506
0.0376749038696
0.0378420352936
0.0330491065979
0.0332279205322
0.0333790779114
0.0335259437561
0.0297510623932
0.0299370288849
0.0301029682159
0.0302639007568
0.0278778076172
0.0280439853668
0.0281929969788
0.0283348560333
0.0323951244354
0.0325741767883
0.0327429771423
0.0329082012177
0.0281281471252
0.0283119678497
0.0284750461578
0.0286381244659
0.0279500484467
0.0281369686127
0.0282800197601
0.0284290313721
0.030289888382
0.0304689407349
0.0306270122528
0.0307898521423
0.0301990509033
0.0304019451141
0.030571937561
0.0309851169586
0.0284130573273
0.0292830467224
0.0301449298859
0.0310890674591
0.0293040275574
0.030590057373
0.0314440727234
0.0328691005707
0.0302350521088
0.0309751033783
0.0315871238708
0.0325291156769
0.0283310413361
0.0291750431061
0.0300629138947
0.0305728912354
0.035728931427
0.0370309352875
0.0376720428467
0.0383880138397
0.0329139232635
0.0336210727692
0.0345530509949
0.035679101944
0.031672000885
0.032527923584
0.0333158969879
0.0344009399414
0.032742023468
0.0329298973083
0.0331001281738
0.033271074295
0.0399780273438
0.0401639938354
0.0403790473938
0.040561914444
0.0326628684998
0.0328409671783
0.0330059528351
0.0331709384918
0.0297288894653
0.0300269126892
0.0303730964661
0.0451390743256
0.0283288955688
0.0298359394073
0.0308258533478
0.0317709445953
0.026661157608
0.0280230045319
0.0323371887207
0.0326111316681
0.0314671993256
0.0328061580658
0.0340161323547
0.0353569984436
0.0270838737488
0.0277390480042
0.0288949012756
0.029767036438
0.0291628837585
0.0304899215698
0.0320239067078
0.03315782547
0.0254349708557
0.0261960029602
0.0267939567566
0.0273649692535
0.0307099819183
0.0308811664581
0.0310399532318
0.0311930179596
0.0310049057007
0.0311758518219
0.0313260555267
0.0314688682556
0.0341598987579
0.0343899726868
0.0345950126648
0.034786939621
0.0291330814362
0.0294809341431
0.0297079086304
0.0299229621887
0.0275661945343
0.0277481079102
0.0278940200806
0.0280389785767
0.0295989513397
0.0297849178314
0.0299479961395
0.0301139354706
0.0296621322632
0.0298280715942
0.0299940109253
0.0302011966705
0.0318961143494
0.0320739746094
0.0322299003601
0.0323898792267
0.0226261615753
0.0228180885315
0.0239911079407
0.0241470336914
0.0331888198853
0.0333619117737
0.0335190296173
0.0336618423462
0.0310230255127
0.0312190055847
0.0313920974731
0.0318109989166
0.0344200134277
0.034893989563
0.0356769561768
0.036306142807
0.0363121032715
0.0369341373444
0.03755402565
0.0382339954376
0.0287849903107
0.0289759635925
0.0291440486908
0.0293121337891
0.0228090286255
0.0229780673981
0.0231540203094
0.0233070850372
0.0233180522919
0.0235929489136
0.0292670726776
0.0437080860138
0.0242729187012
0.0255689620972
0.0263800621033
0.0272018909454
0.0299558639526
0.0305638313293
0.0311717987061
0.0317969322205
0.0222799777985
0.0228559970856
0.0234289169312
0.0249078273773
0.0290620326996
0.0292608737946
0.0294258594513
0.0295889377594
0.0285449028015
0.0287299156189
0.0289099216461
0.0290830135345
0.0275738239288
0.0277538299561
0.0279037952423
0.0280499458313
0.0220720767975
0.0222659111023
0.0225338935852
0.0227150917053
0.0277879238129
0.0279529094696
0.0281050205231
0.028256893158
0.0297119617462
0.0304629802704
0.0312731266022
0.0321140289307
0.0349600315094
0.0356380939484
0.0362989902496
0.0369939804077
0.0266218185425
0.0272870063782
0.0279829502106
0.0286438465118
0.0253610610962
0.025545835495
0.02570104599
0.0258588790894
0.0214321613312
0.0216910839081
0.0219252109528
0.022185087204
0.0252668857574
0.0254518985748
0.0256180763245
0.0258131027222
0.0265400409698
0.0267090797424
0.0268700122833
0.0270180702209
0.0279030799866
0.0280981063843
0.0282809734344
0.0284609794617
0.0328640937805
0.0330431461334
0.0332269668579
0.0402801036835
0.0383388996124
0.0385110378265
0.0386610031128
0.0388028621674
0.0318739414215
0.0320501327515
0.0322120189667
0.0323688983917
0.0270462036133
0.0272271633148
0.0273880958557
0.0275480747223
0.0349719524384
0.0351359844208
0.0352799892426
0.035425901413
0.0321528911591
0.032331943512
0.0330438613892
0.0333218574524
0.0255689620972
0.0257868766785
0.0259869098663
0.0262050628662
0.0274200439453
0.0275831222534
0.0277371406555
0.0278861522675
0.0191128253937
0.0193028450012
0.0194718837738
0.019642829895
0.0295119285583
0.02969789505
0.0298638343811
0.0300328731537
0.0277760028839
0.0279610157013
0.0281279087067
0.0282919406891
0.0260949134827
0.0263419151306
0.0265588760376
0.0292870998383
0.0319309234619
0.0326089859009
0.0335938930511
0.0352358818054
0.0350170135498
0.0360569953918
0.0366971492767
0.0377252101898
0.0357370376587
0.0364711284637
0.0379040241241
0.0391380786896
0.0309710502625
0.0330560207367
0.0336978435516
0.0343658924103
0.0306758880615
0.0312550067902
0.0319719314575
0.0326669216156
0.0309309959412
0.0311272144318
0.0312950611115
0.0314650535583
0.0265870094299
0.0267860889435
0.0269510746002
0.0271079540253
0.0299339294434
0.0301430225372
0.0303359031677
0.0305490493774
0.0319459438324
0.0321278572083
0.0322878360748
0.0324487686157
0.0352051258087
0.0353670120239
0.0356011390686
0.0357530117035
0.024512052536
0.0247030258179
0.0248730182648
0.0328559875488
0.0309910774231
0.0311870574951
0.0313558578491
0.0315220355988
0.0326218605042
0.0328159332275
0.0329778194427
0.0331408977509
0.0309100151062
0.0311100482941
0.0312941074371
0.0314691066742
0.0263440608978
0.0268731117249
0.0273230075836
0.0275919437408
0.0333621501923
0.0337660312653
0.0341739654541
0.0351741313934
0.0254859924316
0.0274980068207
0.0301439762115
0.0325081348419
0.0291969776154
0.0305671691895
0.0313131809235
0.0334980487823
0.0282609462738
0.0287189483643
0.0293898582458
0.0300538539886
0.0293381214142
0.0299389362335
0.03080701828
0.0314321517944
0.0295259952545
0.0311229228973
0.0336670875549
0.0343110561371
0.0407838821411
0.0413210391998
0.0420908927917
0.0427589416504
0.0281229019165
0.0293200016022
0.0298268795013
0.0309708118439
0.0313370227814
0.0320720672607
0.0327429771423
0.0333559513092
0.0301940441132
0.030944108963
0.0316400527954
0.0323801040649
0.0332860946655
0.0334441661835
0.0335972309113
0.0337460041046
0.0319330692291
0.0321018695831
0.0322659015656
0.032427072525
0.0354268550873
0.0356349945068
0.0358159542084
0.0359869003296
0.0311100482941
0.0312869548798
0.0314860343933
0.0316519737244
0.0313401222229
0.0320060253143
0.0326490402222
0.0333001613617
0.0268888473511
0.0270988941193
0.0272839069366
0.027468919754
0.0275840759277
0.0279171466827
0.0282189846039
0.0285160541534
0.0267510414124
0.0275161266327
0.027951002121
0.0285401344299
0.0289378166199
0.0293598175049
0.0297169685364
0.0403637886047
0.0354540348053
0.0366399288177
0.0377538204193
0.0390038490295
0.0279760360718
0.0289311408997
0.0297701358795
0.0364651679993
0.0278799533844
0.028165102005
0.0284340381622
0.028697013855
0.033331155777
0.0374240875244
0.0379869937897
0.0392510890961
0.0272190570831
0.0275568962097
0.0278780460358
0.0315270423889
0.0223660469055
0.0226809978485
0.0252201557159
0.0326201915741
0.032026052475
0.0321900844574
0.0323669910431
0.0326051712036
0.0245578289032
0.0247828960419
0.0250158309937
0.0252227783203
0.0298309326172
0.0300030708313
0.0301640033722
0.0303211212158
0.029266834259
0.0294229984283
0.0295708179474
0.0297358036041
0.0317950248718
0.0319859981537
0.0321559906006
0.0323259830475
0.0301830768585
0.0325150489807
0.0416970252991
0.0427350997925
0.0261878967285
0.0268619060516
0.0273199081421
0.0278189182281
0.0302391052246
0.0304369926453
0.030620098114
0.0312972068787
0.0281569957733
0.0286159515381
0.0290219783783
0.0294499397278
0.0272588729858
0.0274388790131
0.02760887146
0.0277869701385
0.0210239887238
0.0212488174438
0.021467924118
0.0260059833527
0.0259890556335
0.0266120433807
0.0271260738373
0.0276300907135
0.0259418487549
0.0261359214783
0.026330947876
0.0265119075775
0.0274860858917
0.027694940567
0.0344769954681
0.0369501113892
0.0303411483765
0.0306661128998
0.0309691429138
0.0312721729279
0.0272479057312
0.027538061142
0.0278129577637
0.0280878543854
0.0310790538788
0.0313730239868
0.0316731929779
0.0319440364838
0.0263500213623
0.026643037796
0.0269141197205
0.0357961654663
0.0337250232697
0.0339789390564
0.0342099666595
0.0345139503479
0.0308880805969
0.0310840606689
0.0312309265137
0.031485080719
0.0295968055725
0.0297977924347
0.029956817627
0.0301179885864
0.0312938690186
0.0315339565277
0.0317599773407
0.0319828987122
0.0303509235382
0.030553817749
0.0307328701019
0.0309278964996
0.0335080623627
0.0337271690369
0.0338690280914
0.0340120792389
0.027312040329
0.0274958610535
0.0276389122009
0.0277848243713
0.0232539176941
0.024158000946
0.0243239402771
0.0244889259338
0.0393738746643
0.0396418571472
0.0398559570312
0.0400748252869
0.0267779827118
0.0269651412964
0.0272190570831
0.0275371074677
0.03178191185
0.0320620536804
0.032231092453
0.0378329753876
0.0284099578857
0.029501914978
0.0333938598633
0.0335459709167
0.0247981548309
0.0249910354614
0.0251522064209
0.0257761478424
0.0272090435028
0.0276629924774
0.0280621051788
0.028284072876
0.0289299488068
0.0293669700623
0.0300109386444
0.0304429531097
0.0335500240326
0.0337238311768
0.0338859558105
0.0340478420258
0.0353541374207
0.0355331897736
0.0403571128845
0.0421721935272
0.0345821380615
0.0347561836243
0.0349261760712
0.0350761413574
0.0371108055115
0.0375258922577
0.0377159118652
0.0386309623718
0.0348019599915
0.0351729393005
0.03595495224
0.0386500358582
0.0329749584198
0.0331308841705
0.0349099636078
0.0354278087616
0.0349729061127
0.0351769924164
0.0353889465332
0.0355858802795
0.037162065506
0.0379600524902
0.0389342308044
0.0441811084747
0.0319719314575
0.0331649780273
0.0337450504303
0.0404849052429
0.0394170284271
0.0404801368713
0.0411331653595
0.0419280529022
0.0375947952271
0.0382828712463
0.038920879364
0.039696931839
0.031986951828
0.0327949523926
0.033586025238
0.0344440937042
0.0269570350647
0.0313520431519
0.0315220355988
0.031681060791
0.0237889289856
0.0257849693298
0.0259349346161
0.0260818004608
0.0273611545563
0.0275402069092
0.0277090072632
0.0278751850128
0.025673866272
0.0259048938751
0.0260689258575
0.0278298854828
0.0279748439789
0.0281620025635
0.0283298492432
0.0285060405731
0.0284399986267
0.0286738872528
0.0288829803467
0.0290768146515
0.0260140895844
0.0261940956116
0.0263650417328
0.0265390872955
0.0289130210876
0.0290670394897
0.0292439460754
0.029412984848
0.0299291610718
0.0300991535187
0.0302481651306
0.030394077301
0.025801897049
0.0260488986969
0.0262598991394
0.0264179706573
0.0270500183105
0.0272719860077
0.0274930000305
0.0276579856873
0.0261549949646
0.0263638496399
0.0265710353851
0.0267498493195
0.0226979255676
0.0229728221893
0.0231919288635
0.026762008667
0.0438439846039
0.0446350574493
0.0490119457245
0.0496969223022
0.0348060131073
0.0353920459747
0.0359890460968
0.0365099906921
0.0312581062317
0.0318279266357
0.0323331356049
0.0328431129456
0.0295760631561
0.0297968387604
0.0300078392029
0.0302109718323
0.025074005127
0.0259640216827
0.0342519283295
0.0362651348114
0.0284512042999
0.0291650295258
0.0298140048981
0.0304880142212
0.021791934967
0.0223789215088
0.022922039032
0.0234439373016
0.0276601314545
0.0281360149384
0.0285151004791
0.0288679