0.0281519889832
0.0284271240234
0.0286691188812
0.0289070606232
0.0312221050262
0.0319631099701
0.0321981906891
0.0324831008911
0.0344829559326
0.034786939621
0.0350589752197
0.0354559421539
0.0340979099274
0.0344350337982
0.0347468852997
0.0350170135498
0.0303001403809
0.0306739807129
0.0335521697998
0.0342440605164
0.0401291847229
0.0408260822296
0.0416400432587
0.0431442260742
0.0266041755676
0.0282111167908
0.0317089557648
0.0337769985199
0.0287058353424
0.029730796814
0.0306339263916
0.031448841095
0.0320289134979
0.0323719978333
0.0326619148254
0.0330300331116
0.0353589057922
0.0362110137939
0.037043094635
0.0379149913788
0.0272810459137
0.0280890464783
0.0296139717102
0.032977104187
0.0331878662109
0.0344178676605
0.0355589389801
0.0366179943085
0.02845287323
0.029748916626
0.0307328701019
0.031406879425
0.0275740623474
0.0283169746399
0.0289380550385
0.0295610427856
0.0247640609741
0.025444984436
0.0258510112762
0.0266320705414
0.0254719257355
0.0260989665985
0.026869058609
0.0276329517365
0.0279319286346
0.0287818908691
0.029217004776
0.0295789241791
0.0282950401306
0.0289709568024
0.0294020175934
0.029571056366
0.0249190330505
0.0270099639893
0.0284969806671
0.0286591053009
0.0301611423492
0.0418350696564
0.0429320335388
0.044331073761
0.0251679420471
0.025456905365
0.0273768901825
0.0294618606567
0.0315070152283
0.0316669940948
0.0318150520325
0.0319669246674
0.027163028717
0.0273787975311
0.0275728702545
0.0277659893036
0.0223319530487
0.0225479602814
0.0302391052246
0.0304160118103
0.026134967804
0.0262920856476
0.0264399051666
0.0265820026398
0.0256109237671
0.02578997612
0.0259490013123
0.0261089801788
0.0307509899139
0.0309600830078
0.0311229228973
0.0312850475311
0.0289309024811
0.0291149616241
0.0292768478394
0.0294299125671
0.0276839733124
0.0278780460358
0.0280821323395
0.028254032135
0.0336639881134
0.033842086792
0.0340049266815
0.034166097641
0.0315680503845
0.0317990779877
0.0320069789886
0.0321960449219
0.029139995575
0.0293550491333
0.0295028686523
0.02965092659
0.0218069553375
0.0220539569855
0.0222749710083
0.0247690677643
0.0298678874969
0.0304470062256
0.0309000015259
0.0317549705505
0.0286068916321
0.0290880203247
0.0297009944916
0.030464887619
0.0277650356293
0.0280041694641
0.0281751155853
0.0283451080322
0.0258131027222
0.0259919166565
0.0261580944061
0.0263168811798
0.026967048645
0.0271470546722
0.0273101329803
0.0274651050568
0.0358300209045
0.0360000133514
0.0361618995667
0.0363199710846
0.0257248878479
0.0258979797363
0.0260589122772
0.0262169837952
0.0238101482391
0.0240190029144
0.0242149829865
0.024444103241
0.0219419002533
0.0221378803253
0.0223219394684
0.0225210189819
0.029235124588
0.0294210910797
0.0295701026917
0.0297181606293
0.0276739597321
0.0278370380402
0.0279791355133
0.0370531082153
0.0258009433746
0.0259630680084
0.0261080265045
0.026251077652
0.0278460979462
0.0280330181122
0.0281970500946
0.0283551216125
0.0258378982544
0.0260229110718
0.0261769294739
0.0263240337372
0.0313711166382
0.0315811634064
0.0317671298981
0.0319681167603
0.0280132293701
0.0281801223755
0.0283391475677
0.0425450801849
0.0314931869507
0.0317220687866
0.0319480895996
0.0321440696716
0.0310118198395
0.0326809883118
0.0348448753357
0.036593914032
0.0502860546112
0.0509819984436
0.0517201423645
0.0523779392242
0.0424120426178
0.044126033783
0.0448658466339
0.045511007309
0.0427289009094
0.0433719158173
0.0440230369568
0.0475299358368
0.0531170368195
0.0532710552216
0.0534100532532
0.0536019802094
0.0365478992462
0.03671002388
0.0368928909302
0.037036895752
0.0450630187988
0.0453069210052
0.0455040931702
0.0456690788269
0.0285189151764
0.0286939144135
0.0288510322571
0.0298328399658
0.0302429199219
0.0304570198059
0.0306189060211
0.0309689044952
0.0289399623871
0.029510974884
0.0298109054565
0.0300688743591
0.0270700454712
0.0276198387146
0.0277938842773
0.0279388427734
0.0279538631439
0.0281448364258
0.0283310413361
0.0288069248199
0.0287339687347
0.029219865799
0.0296268463135
0.0297808647156
0.0234220027924
0.0248091220856
0.0282280445099
0.0338051319122
0.0279688835144
0.0281438827515
0.028352022171
0.028548002243
0.0336821079254
0.0339961051941
0.0346021652222
0.0356810092926
0.0322840213776
0.0324459075928
0.0326340198517
0.0327990055084
0.0356578826904
0.0358409881592
0.0360250473022
0.0361878871918
0.0312399864197
0.0314300060272
0.0316150188446
0.0317871570587
0.0356869697571
0.0376739501953
0.0384798049927
0.0393118858337
0.0271048545837
0.0279550552368
0.0286328792572
0.0293829441071
0.0261850357056
0.0263578891754
0.026535987854
0.0266950130463
0.0223460197449
0.022509098053
0.0320551395416
0.0333280563354
0.0288650989532
0.0295481681824
0.029764175415
0.0299260616302
0.0287699699402
0.0289940834045
0.0291450023651
0.0292952060699
0.026312828064
0.0265109539032
0.0267109870911
0.0268650054932
0.0346238613129
0.035169839859
0.0353438854218
0.0355079174042
0.0293309688568
0.0301268100739
0.0312039852142
0.0319888591766
0.039244890213
0.0405509471893
0.0416219234467
0.043329000473
0.0349140167236
0.0356080532074
0.036297082901
0.0371520519257
0.0331761837006
0.0340931415558
0.0348479747772
0.0355851650238
0.040894985199
0.0410430431366
0.0411820411682
0.0413370132446
0.0229089260101
0.0231370925903
0.023943901062
0.0259981155396
0.035502910614
0.0357060432434
0.0358948707581
0.0360779762268
0.0305058956146
0.0307080745697
0.0308940410614
0.0310759544373
0.0283529758453
0.0285489559174
0.028706073761
0.0288670063019
0.0296950340271
0.0396950244904
0.0402269363403
0.0406758785248
0.0288529396057
0.0294139385223
0.0339479446411
0.0348229408264
0.0404181480408
0.0410070419312
0.0415630340576
0.0420761108398
0.077232837677
0.077761888504
0.0782809257507
0.0787918567657
0.0479459762573
0.0485110282898
0.0490260124207
0.0495369434357
0.0614018440247
0.0620160102844
0.0627229213715
0.0632379055023
0.0284278392792
0.0290198326111
0.0295748710632
0.0301258563995
0.0273389816284
0.0280640125275
0.0365579128265
0.0384690761566
0.0394129753113
0.0403838157654
0.0413990020752
0.0423338413239
0.0389909744263
0.039754152298
0.0404980182648
0.0412330627441
0.0317089557648
0.0323081016541
0.0328800678253
0.0333969593048
0.035660982132
0.0366837978363
0.0375528335571
0.0383138656616
0.0408549308777
0.0413820743561
0.0419089794159
0.0425980091095
0.0339770317078
0.0345690250397
0.0351219177246
0.035640001297
0.0384531021118
0.0390410423279
0.0396192073822
0.0401301383972
0.0385310649872
0.0391821861267
0.0398211479187
0.0404920578003
0.0316290855408
0.032219171524
0.0327830314636
0.0333020687103
0.033262014389
0.0339260101318
0.0346879959106
0.0354402065277
0.0279729366302
0.0282120704651
0.0283830165863
0.0285649299622
0.0276770591736
0.0282230377197
0.0289559364319
0.0301079750061
0.0326890945435
0.0328650474548
0.03302693367
0.0331890583038
0.0262699127197
0.0264630317688
0.0266299247742
0.026792049408
0.0340330600739
0.0345101356506
0.0351190567017
0.035581111908
0.0301840305328
0.0303680896759
0.0311779975891
0.0319740772247
0.0256540775299
0.0258359909058
0.0260150432587
0.0261859893799
0.0272932052612
0.027508020401
0.0277090072632
0.0281660556793
0.0236179828644
0.0244109630585
0.0249791145325
0.0275690555573
0.0339810848236
0.0351870059967
0.0363199710846
0.0373740196228
0.0275831222534
0.028557062149
0.0295000076294
0.0304329395294
0.03289103508
0.0330729484558
0.0332381725311
0.0333800315857
0.0267379283905
0.0269079208374
0.0270659923553
0.0272250175476
0.0327229499817
0.0328900814056
0.033035993576
0.033194065094
0.0280070304871
0.0282061100006
0.0284090042114
0.0285909175873
0.0268049240112
0.0269949436188
0.0271570682526
0.0273110866547
0.0282258987427
0.0284199714661
0.028589963913
0.0287449359894
0.0337679386139
0.0339391231537
0.0340991020203
0.0342440605164
0.0246968269348
0.0248849391937
0.0271008014679
0.027783870697
0.0255200862885
0.0260570049286
0.0301299095154
0.0338430404663
0.027899980545
0.0282828807831
0.0286478996277
0.0414369106293
0.0316209793091
0.0319030284882
0.0322139263153
0.0324859619141
0.0248699188232
0.025043964386
0.0252060890198
0.0253639221191
0.0309751033783
0.0312449932098
0.0315010547638
0.031681060791
0.0328059196472
0.0329840183258
0.0331449508667
0.0333108901978
0.0261719226837
0.0263919830322
0.0265550613403
0.0267479419708
0.0250470638275
0.0252871513367
0.0255031585693
0.0257260799408
0.0265300273895
0.0267081260681
0.0268800258636
0.0270431041718
0.028559923172
0.0288228988647
0.0290658473969
0.0292420387268
0.0282349586487
0.0284130573273
0.0285789966583
0.028736114502
0.0274460315704
0.0276238918304
0.0277850627899
0.0290539264679
0.0302760601044
0.0304310321808
0.0305800437927
0.0307440757751
0.0462849140167
0.0472688674927
0.0572748184204
0.0580549240112
0.0334610939026
0.0340170860291
0.0345430374146
0.0350649356842
0.0397121906281
0.0402920246124
0.0408651828766
0.0414011478424
0.063924074173
0.0645999908447
0.0651140213013
0.0656220912933
0.0556738376617
0.0564517974854
0.0572109222412
0.0579719543457
0.0403280258179
0.0409879684448
0.0416190624237
0.0477330684662
0.0618641376495
0.0626699924469
0.0633010864258
0.0640799999237
0.0235090255737
0.0250968933105
0.0263619422913
0.0272488594055
0.0268330574036
0.0275511741638
0.0282671451569
0.0289351940155
0.0392868518829
0.0414378643036
0.0424799919128
0.043380022049
0.0272629261017
0.0281798839569
0.028972864151
0.0297629833221
0.0259339809418
0.0264511108398
0.0269801616669
0.0275580883026
0.0237529277802
0.0246620178223
0.0253279209137
0.0259799957275
0.0351281166077
0.0358250141144
0.0365681648254
0.0373151302338
0.0447340011597
0.0454928874969
0.0472919940948
0.0475189685822
0.0345950126648
0.0348110198975
0.0350699424744
0.0352659225464
0.0332069396973
0.034010887146
0.0347490310669
0.0354700088501
0.038045167923
0.0387771129608
0.0394921302795
0.040195941925
0.0211191177368
0.0216610431671
0.0221660137177
0.0278570652008
0.0311169624329
0.0312829017639
0.0314528942108
0.0316019058228
0.0214951038361
0.0217020511627
0.0218820571899
0.0220539569855
0.0273299217224
0.027508020401
0.027676820755
0.0278329849243
0.0252270698547
0.0253930091858
0.0255479812622
0.0256979465485
0.0272359848022
0.0274150371552
0.027578830719
0.0277390480042
0.033203125
0.033360004425
0.033527135849
0.0336751937866
0.0272090435028
0.0273821353912
0.027547121048
0.0277049541473
0.0252349376678
0.0254209041595
0.0255949497223
0.0257618427277
0.0272290706635
0.0274131298065
0.0275781154633
0.0277371406555
0.0301759243011
0.0303630828857
0.0305240154266
0.0307009220123
0.0252940654755
0.0254619121552
0.0256099700928
0.0257608890533
0.0287401676178
0.0289051532745
0.0290491580963
0.0292160511017
0.0324330329895
0.0325980186462
0.032742023468
0.0329291820526
0.0253710746765
0.0255990028381
0.0257971286774
0.0259971618652
0.0273449420929
0.0275509357452
0.0277569293976
0.0332999229431
0.0326631069183
0.0328199863434
0.0329611301422
0.0331339836121
0.0313739776611
0.0315539836884
0.0317089557648
0.0318658351898
0.0311341285706
0.0313229560852
0.0314960479736
0.0316669940948
0.0265018939972
0.0266790390015
0.0268378257751
0.0269980430603
0.0365128517151
0.0366899967194
0.0368468761444
0.0370049476624
0.0320980548859
0.0322771072388
0.0324330329895
0.0325920581818
0.0315520763397
0.0317349433899
0.031898021698
0.0320611000061
0.031054019928
0.0312180519104
0.0313651561737
0.0315179824829
0.033539056778
0.0337750911713
0.0339779853821
0.0341730117798
0.0312888622284
0.0315248966217
0.0316910743713
0.0318610668182
0.0265209674835
0.0267381668091
0.0368320941925
0.0388450622559
0.0330650806427
0.0338270664215
0.0345060825348
0.0351319313049
0.026880979538
0.0272099971771
0.0275120735168
0.027813911438
0.0230438709259
0.0234570503235
0.0238590240479
0.0242569446564
0.0296280384064
0.0298659801483
0.030091047287
0.0306160449982
0.0251460075378
0.025367975235
0.0269999504089
0.0272109508514
0.0277819633484
0.0279700756073
0.0281429290771
0.0285229682922
0.0280010700226
0.0281989574432
0.0283579826355
0.0286769866943
0.0397000312805
0.0399308204651
0.0401389598846
0.0403549671173
0.0269329547882
0.0273461341858
0.0280179977417
0.0285019874573
0.0351269245148
0.0362510681152
0.0370199680328
0.0381648540497
0.0342969894409
0.0348398685455
0.0354089736938
0.0362958908081
0.037770986557
0.0384860038757
0.0395641326904
0.0401511192322
0.0319921970367
0.0325481891632
0.0338001251221
0.0381791591644
0.0243780612946
0.0245749950409
0.024759054184
0.0249390602112
0.0277709960938
0.027948141098
0.0281090736389
0.0282671451569
0.0298280715942
0.0300359725952
0.0302300453186
0.0304250717163
0.0276591777802
0.027820110321
0.0279631614685
0.0281071662903
0.0217201709747
0.0218939781189
0.0220520496368
0.0286180973053
0.0317490100861
0.0331130027771
0.0334589481354
0.0337359905243
0.0299079418182
0.0303177833557
0.030699968338
0.0457329750061
0.0358171463013
0.0361220836639
0.0364191532135
0.0366971492767
0.0318269729614
0.0320098400116
0.0321769714355
0.0323369503021
0.0302138328552
0.0303959846497
0.0305578708649
0.030711889267
0.0257940292358
0.0259730815887
0.0261340141296
0.0262880325317
0.0416870117188
0.0424900054932
0.0429000854492
0.0432529449463
0.040421962738
0.0407149791718
0.0410058498383
0.0412819385529
0.0263421535492
0.026495218277
0.0266571044922
0.0267980098724
0.0218379497528
0.0228188037872
0.0313889980316
0.0321488380432
0.0294141769409
0.0295951366425
0.0297691822052
0.0431241989136
0.0401918888092
0.0404009819031
0.0405879020691
0.0540790557861
0.0308771133423
0.0310580730438
0.0312170982361
0.0313801765442
0.0419909954071
0.0423030853271
0.0425510406494
0.0430669784546
0.0448479652405
0.0450160503387
0.0451591014862
0.0472581386566
0.0370900630951
0.0373101234436
0.0375092029572
0.0377471446991
0.0593769550323
0.0595588684082
0.0597159862518
0.0600519180298
0.0283560752869
0.02876496315
0.0290548801422
0.0294909477234
0.0274901390076
0.0276730060577
0.0278391838074
0.0280041694641
0.0297110080719
0.0298931598663
0.0302670001984
0.0305290222168
0.0255100727081
0.0257248878479
0.0259349346161
0.0263249874115
0.038104057312
0.0383830070496
0.0385642051697
0.0387461185455
0.0286641120911
0.0288889408112
0.0315730571747
0.0364780426025
0.033873796463
0.0343949794769
0.0350568294525
0.0356249809265
0.0273399353027
0.0281090736389
0.0287690162659
0.0294301509857
0.0252759456635
0.0260939598083
0.0269379615784
0.0275771617889
0.0322940349579
0.0324690341949
0.0326299667358
0.0330159664154
0.0396919250488
0.0398559570312
0.0399980545044
0.0401499271393
0.0345828533173
0.035050868988
0.0356569290161
0.0364198684692
0.0280909538269
0.0288119316101
0.0295538902283
0.0302729606628
0.0339188575745
0.034255027771
0.034786939621
0.0357229709625
0.0361080169678
0.0363309383392
0.0365400314331
0.0389919281006
0.0306861400604
0.0308561325073
0.0310111045837
0.0311830043793
0.0314400196075
0.0316431522369
0.0318200588226
0.0319981575012
0.0302178859711
0.030524969101
0.0308079719543
0.0310881137848
0.0300590991974
0.0302340984344
0.0303871631622
0.0305631160736
0.0329439640045
0.0331439971924
0.0333240032196
0.0335018634796
0.031436920166
0.0316088199615
0.031772851944
0.0319299697876
0.0339369773865
0.0346910953522
0.0354940891266
0.0365641117096
0.0293431282043
0.0295300483704
0.0298480987549
0.0302290916443
0.0268511772156
0.027006149292
0.0271561145782
0.0317401885986
0.0317468643188
0.0320148468018
0.0327520370483
0.0336208343506
0.036810874939
0.0374760627747
0.0384960174561
0.039263010025
0.0233561992645
0.0235171318054
0.0236611366272
0.023805141449
0.0248920917511
0.0250730514526
0.0254609584808
0.0256249904633
0.023469209671
0.0239632129669
0.0245380401611
0.0251111984253
0.0284171104431
0.028657913208
0.0288569927216
0.0290570259094
0.0261800289154
0.0263578891754
0.0265200138092
0.0277318954468
0.0298790931702
0.0301010608673
0.0302929878235
0.0304780006409
0.0377008914948
0.0378758907318
0.0380358695984
0.0381889343262
0.052197933197
0.0523760318756
0.0525331497192
0.0526809692383
0.0296080112457
0.0297679901123
0.0299160480499
0.0300650596619
0.0345239639282
0.0350420475006
0.0352699756622
0.0354218482971
0.0350499153137
0.0352258682251
0.0353889465332
0.0355439186096
0.0311319828033
0.0312929153442
0.031439781189
0.0315787792206
0.0305449962616
0.030827999115
0.0311529636383
0.0314540863037
0.0286231040955
0.0289189815521
0.0364520549774
0.0373311042786
0.0255701541901
0.025945186615
0.0262911319733
0.0376350879669
0.0259530544281
0.0262491703033
0.0265309810638
0.0309591293335
0.0293991565704
0.0297310352325
0.0300140380859
0.0354290008545
0.0307931900024
0.0310821533203
0.0313711166382
0.0328781604767
0.0298171043396
0.0309481620789
0.0320451259613
0.0408980846405
0.0330150127411
0.0333459377289
0.0336680412292
0.0339889526367
0.0263488292694
0.0275909900665
0.0278739929199
0.0309159755707
0.0254600048065
0.0256979465485
0.0259170532227
0.0261380672455
0.0265121459961
0.0267951488495
0.0270941257477
0.0274131298065
0.0267720222473
0.0270581245422
0.0273449420929
0.0276279449463
0.0294578075409
0.0296189785004
0.0297799110413
0.0299229621887
0.0287780761719
0.0289452075958
0.0290970802307
0.0292401313782
0.0220620632172
0.0222299098969
0.0223748683929
0.0228629112244
0.0268149375916
0.0269927978516
0.027153968811
0.0273108482361
0.0296719074249
0.0298619270325
0.0300240516663
0.0301768779755
0.0323970317841
0.0325829982758
0.0327620506287
0.0329298973083
0.0284869670868
0.0288228988647
0.0291290283203
0.0294349193573
0.024218082428
0.0245308876038
0.0247900485992
0.0250658988953
0.0352611541748
0.0354399681091
0.0356030464172
0.0357599258423
0.0228090286255
0.0229840278625
0.0231530666351
0.0264799594879
0.0251832008362
0.025514125824
0.0258312225342
0.0261461734772
0.0211410522461
0.0213189125061
0.0214788913727
0.0216460227966
0.0289480686188
0.0291521549225
0.0293419361115
0.0295300483704
0.0328719615936
0.033047914505
0.0332100391388
0.0333740711212
0.0386989116669
0.0388967990875
0.039057970047
0.0392179489136
0.0220220088959
0.0222837924957
0.0225238800049
0.0277009010315
0.0257399082184
0.0262570381165
0.0271999835968
0.0290949344635
0.0277380943298
0.02800989151
0.0382978916168
0.0401639938354
0.0333569049835
0.0336039066315
0.0338089466095
0.0341360569
0.0319979190826
0.0321850776672
0.0323510169983
0.0325100421906
0.0363428592682
0.0365219116211
0.0366888046265
0.0368549823761
0.035089969635
0.0352659225464
0.0354580879211
0.0356221199036
0.0328829288483
0.0330641269684
0.0332231521606
0.0333840847015
0.0321779251099
0.0323510169983
0.0325059890747
0.0326521396637
0.0365920066833
0.0367829799652
0.0369470119476
0.037101984024
0.0341241359711
0.0349750518799
0.035236120224
0.0359439849854
0.0347950458527
0.0353109836578
0.035768032074
0.0364439487457
0.0371220111847
0.0378890037537
0.0386328697205
0.0394048690796
0.0354120731354
0.0358641147614
0.0363030433655
0.036514043808
0.0256309509277
0.0291979312897
0.0299510955811
0.0355970859528
0.0351920127869
0.0357158184052
0.0362358093262
0.0537350177765
0.0315129756927
0.0316770076752
0.0318350791931
0.0319890975952
0.0357649326324
0.0359449386597
0.0361099243164
0.0362751483917
0.0265629291534
0.0268521308899
0.0271229743958
0.027391910553
0.034117937088
0.0347769260406
0.0358278751373
0.0364480018616
0.0266909599304
0.0271129608154
0.02751994133
0.0296688079834
0.0358438491821
0.0361588001251
0.0364718437195
0.0367708206177
0.0321660041809
0.0326099395752
0.0335109233856
0.0368630886078
0.0319979190826
0.0322940349579
0.0325980186462
0.0328938961029
0.0287711620331
0.0289480686188
0.0291020870209
0.029256105423
0.0281009674072
0.0283720493317
0.0286490917206
0.0288670063019
0.0320029258728
0.0321769714355
0.0323269367218
0.0324831008911
0.0265321731567
0.0269720554352
0.0274121761322
0.0278279781342
0.0314018726349
0.0316479206085
0.0318319797516
0.0319938659668
0.0272970199585
0.0278239250183
0.0283720493317
0.028883934021
0.0256931781769
0.0263321399689
0.026967048645
0.0275921821594
0.0261878967285
0.0263869762421
0.0283207893372
0.0318667888641
0.0291500091553
0.0293049812317
0.0294718742371
0.0296359062195
0.0306282043457
0.0307970046997
0.030956029892
0.0311110019684
0.0306959152222
0.0309309959412
0.0310728549957
0.0312089920044
0.0258769989014
0.0260400772095
0.02619099617
0.0263409614563
0.0314531326294
0.0317010879517
0.0319180488586
0.032998085022
0.0326609611511
0.0328431129456
0.0330009460449
0.0331599712372
0.0288820266724
0.0290639400482
0.029226064682
0.0293920040131
0.0338008403778
0.0339879989624
0.0341508388519
0.0343110561371
0.0289969444275
0.0291788578033
0.0293638706207
0.0295338630676
0.0282249450684
0.0286560058594
0.0330340862274
0.0377011299133
0.0316560268402
0.0319380760193
0.0322079658508
0.0372278690338
0.0268120765686
0.0269861221313
0.0271430015564
0.0272979736328
0.0268161296844
0.0277581214905
0.0315010547638
0.0334451198578
0.0310189723969
0.0312149524689
0.0313909053802
0.0315639972687
0.0347781181335
0.0349540710449
0.0351281166077
0.0352900028229
0.0218830108643
0.0221087932587
0.0341348648071
0.0342888832092
0.0409209728241
0.0412130355835
0.0414819717407
0.050833940506
0.0290100574493
0.0295639038086
0.0302958488464
0.0310089588165
0.032222032547
0.0329971313477
0.0337381362915
0.0343170166016
0.0261840820312
0.0268659591675
0.0275180339813
0.028126001358
0.0232789516449
0.0235869884491
0.0310199260712
0.0323610305786
0.02854180336
0.028993844986
0.029284954071
0.029944896698
0.0222718715668
0.0228269100189
0.0231919288635
0.0257239341736
0.0278091430664
0.0280361175537
0.0282371044159
0.0285639762878
0.027251958847
0.0279009342194
0.0281009674072
0.0283148288727
0.0282678604126
0.0285618305206
0.0287709236145
0.028963804245
0.0269391536713
0.0271880626678
0.0275630950928
0.0277979373932
0.0356669425964
0.0364480018616
0.0371520519257
0.0378699302673
0.0384240150452
0.0392000675201
0.041944026947
0.0428380966187
0.0392880439758
0.0394620895386
0.0396010875702
0.0397429466248
0.030905008316
0.0310809612274
0.0312438011169
0.0314009189606
0.0308818817139
0.0310509204865
0.0312099456787
0.0313639640808
0.0375418663025
0.0377349853516
0.0381178855896
0.0385549068451
0.0290100574493
0.0295310020447
0.0299279689789
0.0301489830017
0.0285911560059
0.0288939476013
0.0291261672974
0.0293350219727
0.0329580307007
0.0331840515137
0.0333468914032
0.0335018634796
0.0330379009247
0.0336670875549
0.0347669124603
0.0357890129089
0.0327498912811
0.0328948497772
0.0330400466919
0.0332250595093
0.0266499519348
0.0268211364746
0.0269830226898
0.0271420478821
0.0317239761353
0.0319240093231
0.032105922699
0.0322937965393
0.0354080200195
0.0355699062347
0.0357158184052
0.0358638763428
0.0287990570068
0.0317380428314
0.0323400497437
0.0327479839325
0.0299620628357
0.0305449962616
0.0310599803925
0.0315699577332
0.0269069671631
0.0271418094635
0.0276029109955
0.0281507968903
0.0326700210571
0.0329320430756
0.033164024353
0.0334179401398
0.031327009201
0.031506061554
0.0316650867462
0.0318231582642
0.0307860374451
0.0309638977051
0.0311279296875
0.0312840938568
0.0248548984528
0.0250318050385
0.0251998901367
0.0253469944
0.0276248455048
0.0277988910675
0.0279619693756
0.028128862381
0.0351300239563
0.0352849960327
0.0354499816895
0.0355980396271
0.033656835556
0.0338318347931
0.0339970588684
0.0341529846191
0.0261690616608
0.0263578891754
0.026515007019
0.0266869068146
0.0290868282318
0.0292677879333
0.0294280052185
0.029590845108
0.0250580310822
0.0253121852875
0.0295760631561
0.0322999954224
0.0342638492584
0.0344378948212
0.0345919132233
0.0347378253937
0.0282678604126
0.0286209583282
0.0351779460907
0.0392107963562
0.0319330692291
0.0321140289307
0.0322811603546
0.0330669879913
0.0234971046448
0.0237159729004
0.0275120735168
0.0303671360016
0.0319840908051
0.0322639942169
0.0325520038605
0.0350902080536
0.0345251560211
0.0347089767456
0.0348539352417
0.0350120067596
0.0382339954376
0.0384140014648
0.038587808609
0.0395479202271
0.0283269882202
0.0285160541534
0.0336990356445
0.0379168987274
0.0439488887787
0.0441298484802
0.0442838668823
0.0444519519806
0.0355808734894
0.0357689857483
0.0359427928925
0.0361149311066
0.0532231330872
0.0533790588379
0.053524017334
0.0536630153656
0.0314559936523
0.0316319465637
0.0317928791046
0.031956911087
0.0312159061432
0.0314249992371
0.0316100120544
0.031790971756
0.0367641448975
0.0369379520416
0.0371050834656
0.0441989898682
0.0375881195068
0.0377509593964
0.0379021167755
0.0380880832672
0.0289440155029
0.0291337966919
0.0293128490448
0.0298039913177
0.0417449474335
0.0424509048462
0.0431220531464
0.0439369678497
0.039458990097
0.0401499271393
0.0407989025116
0.0413949489594
0.0379068851471
0.039036989212
0.0403718948364
0.0410220623016
0.0241010189056
0.0275800228119
0.0391578674316
0.0402789115906
0.0332350730896
0.0340969562531
0.0348749160767
0.0356938838959
0.0400249958038
0.0401909351349
0.0403709411621
0.0405349731445
0.028354883194
0.0285439491272
0.0287199020386
0.0288848876953
0.0358440876007
0.0360300540924
0.036187171936
0.0363590717316
0.035441160202
0.0356240272522
0.0357849597931
0.0359461307526
0.0279309749603
0.0282490253448
0.0285639762878
0.0288650989532
0.0276358127594
0.0280499458313
0.0283389091492
0.0296769142151
0.0253629684448
0.0382118225098
0.0387959480286
0.039137840271
0.0261099338531
0.0264871120453
0.026850938797
0.027184009552
0.0331079959869
0.0346910953522
0.0357780456543
0.0364689826965
0.027419090271
0.0277118682861
0.0279810428619
0.0282490253448
0.0356061458588
0.0358271598816
0.0360140800476
0.036159992218
0.0399580001831
0.0407800674438
0.043329000473
0.044075012207
0.0277740955353
0.028795003891
0.0295820236206
0.034744977951
0.0357370376587
0.0376079082489
0.0395519733429
0.0404920578003
0.0388808250427
0.0406148433685
0.0420248508453
0.0429680347443
0.0274879932404
0.028599023819
0.0297229290009
0.0307879447937
0.0323860645294
0.0333409309387
0.0340838432312
0.0348410606384
0.0331931114197
0.0338680744171
0.034600019455
0.0353209972382
0.0298948287964
0.0309278964996
0.0319049358368
0.0331020355225
0.029011964798
0.0296819210052
0.0303220748901
0.0310349464417
0.0403151512146
0.0408780574799
0.0414199829102
0.0419671535492
0.030378818512
0.0309438705444
0.0314497947693
0.0319578647614
0.0228509902954
0.0243690013885
0.0268979072571
0.0303599834442
0.0290021896362
0.0295650959015
0.0300722122192
0.0305771827698
0.0346260070801
0.0352129936218
0.0358090400696
0.0363581180573
0.0264098644257
0.0269348621368
0.0274438858032
0.0279519557953
0.0289921760559
0.0298330783844
0.0303421020508
0.0308480262756
0.0284271240234
0.0290141105652
0.0295751094818
0.0301370620728
0.0252029895782
0.0264060497284
0.026997089386
0.0283310413361
0.0288369655609
0.0304780006409
0.0321569442749
0.0393419265747
0.0421299934387
0.0428068637848
0.0434939861298
0.0441949367523
0.0171720981598
0.0186538696289
0.0309879779816
0.0315959453583
0.0299739837646
0.0301711559296
0.0303361415863
0.0304911136627
0.0299959182739
0.0302929878235
0.0305709838867
0.0308449268341
0.0321369171143
0.0323219299316
0.0324790477753
0.0326359272003
0.0318310260773
0.0320360660553
0.0322210788727
0.0324020385742
0.0333449840546
0.0335330963135
0.033695936203
0.0338509082794
0.0280787944794
0.0282869338989
0.0300898551941
0.0302348136902
0.0306510925293
0.0308499336243
0.0310060977936
0.03116106987
0.0310640335083
0.0313601493835
0.0316421985626
0.0319430828094
0.0297060012817
0.0302891731262
0.0308001041412
0.0313060283661
0.0248608589172
0.0254728794098
0.0261628627777
0.0269749164581
0.0370750427246
0.0377199649811
0.0383350849152
0.0389959812164
0.0327439308167
0.0329120159149
0.0330748558044
0.0332388877869
0.0350930690765
0.0353209972382
0.0432760715485
0.0439851284027
0.0327060222626
0.0334150791168
0.0336050987244
0.0342240333557
0.0260879993439
0.0264329910278
0.026750087738
0.0269420146942
0.0273048877716
0.0276319980621
0.0280020236969
0.0283968448639
0.0292649269104
0.0297179222107
0.0300400257111
0.0302510261536
0.0307340621948
0.0309119224548
0.0310690402985
0.0312600135803
0.0235981941223
0.0248050689697
0.025276184082
0.0258910655975
0.0410139560699
0.0414800643921
0.0419020652771
0.042366027832
0.0416190624237
0.0422871112823
0.0429511070251
0.0435860157013
0.0267579555511
0.0273818969727
0.0280618667603
0.0291478633881
0.0269889831543
0.0277180671692
0.0284941196442
0.0292639732361
0.0345180034637
0.0356431007385
0.0362451076508
0.0368919372559
0.0313930511475
0.0320651531219
0.0327520370483
0.0376241207123
0.0297100543976
0.0306520462036
0.0314831733704
0.0354890823364
0.0362529754639
0.0370199680328
0.0377781391144
0.0384850502014
0.0282340049744
0.0289978981018
0.0296969413757
0.0302958488464
0.027626991272
0.0278401374817
0.0280430316925
0.0282390117645
0.0325720310211
0.0327320098877
0.032881975174
0.0330288410187
0.0340609550476
0.0347988605499
0.0355548858643
0.0362107753754
0.0362210273743
0.0372378826141
0.0387778282166
0.0395548343658
0.033665895462
0.0343768596649
0.0351810455322
0.0360569953918
0.030837059021
0.0321369171143
0.0345129966736
0.0369319915771
0.0222160816193
0.0231621265411
0.0248880386353
0.0262789726257
0.0295331478119
0.0307950973511
0.0314841270447
0.0321371555328
0.0288200378418
0.0298979282379
0.0307528972626
0.0313720703125
0.0281488895416
0.0290949344635
0.0299558639526
0.0307219028473
0.0338449478149
0.0350830554962
0.03630900383
0.0415630340576
0.0300328731537
0.0303149223328
0.0305969715118
0.0308709144592
0.029364824295
0.0297329425812
0.0299348831177
0.0302398204803
0.0211360454559
0.021299123764
0.0214519500732
0.021605014801
0.03040599823
0.0305647850037
0.0307059288025
0.0309088230133
0.0252530574799
0.0254430770874
0.0256199836731
0.0257639884949
0.0335319042206
0.0337028503418
0.0338640213013
0.0340209007263
0.0310130119324
0.0312149524689
0.0313930511475
0.0315659046173
0.0306069850922
0.030778169632
0.0309891700745
0.0311529636383
0.0240089893341
0.0241761207581
0.0332930088043
0.0350461006165
0.0316171646118
0.0318450927734
0.0320100784302
0.0321741104126
0.032742023468
0.032949924469
0.0331408977509
0.0384588241577
0.029541015625
0.0305650234222
0.0313730239868
0.0322649478912
0.0274019241333
0.027575969696
0.0277400016785
0.0278968811035
0.0311100482941
0.031280040741
0.031436920166
0.0394470691681
0.0299768447876
0.0314679145813
0.0320539474487
0.032634973526
0.0258369445801
0.0262279510498
0.0266129970551
0.0281419754028
0.0294828414917
0.0297818183899
0.0300660133362
0.0309388637543
0.0345649719238
0.0347411632538
0.0349040031433
0.0350661277771
0.03626704216
0.0364460945129
0.0365891456604
0.0367331504822
0.0301628112793
0.0307519435883
0.0312538146973
0.0317618846893
0.0259900093079
0.0267579555511
0.0274560451508
0.0282669067383
0.0299088954926
0.0308079719543
0.0318830013275
0.0328447818756
0.0238180160522
0.0239889621735
0.0246729850769
0.0258610248566
0.0285239219666
0.0287108421326
0.028881072998
0.0290639400482
0.0211410522461
0.0213692188263
0.0215981006622
0.0224862098694
0.030063867569
0.0302488803864
0.030415058136
0.0305750370026
0.0290920734406
0.030210018158
0.0313820838928
0.0324060916901
0.0271191596985
0.0272760391235
0.0275690555573
0.0277199745178
0.0252089500427
0.0254249572754
0.0256149768829
0.0258059501648
0.0338740348816
0.0340621471405
0.0342569351196
0.0344381332397
0.0252990722656
0.0254909992218
0.0256731510162
0.025847196579
0.0287890434265
0.0289771556854
0.0291440486908
0.0293030738831
0.0278720855713
0.028046131134
0.0282089710236
0.0283710956573
0.0278210639954
0.0279901027679
0.0281481742859
0.0283172130585
0.0352730751038
0.0354659557343
0.0356259346008
0.0358490943909
0.0272948741913
0.0280919075012
0.0287959575653
0.0294079780579
0.02960896492
0.0304400920868
0.0309481620789
0.0314290523529
0.0414299964905
0.0416281223297
0.0418050289154
0.0419940948486
0.0246641635895
0.0248630046844
0.0250461101532
0.0252351760864
0.027302980423
0.0274820327759
0.0276401042938
0.0278010368347
0.0340340137482
0.0342118740082
0.0343728065491
0.0345249176025
0.0226228237152
0.0253739356995
0.0276248455048
0.0299468040466
0.0274159908295
0.0277168750763
0.0302059650421
0.0335438251495
0.0302131175995
0.0303771495819
0.0305349826813
0.0438220500946
0.0339770317078
0.0342600345612
0.034893989563
0.0359480381012
0.0381100177765
0.0392639636993
0.0403549671173
0.0414259433746
0.0312969684601
0.0321159362793
0.0328938961029
0.0337910652161
0.0330209732056
0.0337779521942
0.0344130992889
0.0351159572601
0.02725481987
0.0277168750763
0.0285818576813
0.0289368629456
0.0250709056854
0.0259070396423
0.026654958725
0.0273759365082
0.0316379070282
0.0321869850159
0.0327289104462
0.0332429409027
0.0254778862
0.0260450839996
0.0265460014343
0.0270299911499
0.0275368690491
0.0280609130859
0.0285680294037
0.0290780067444
0.0365200042725
0.0370359420776
0.0375609397888
0.0380430221558
0.0330309867859
0.034332036972
0.0353701114655
0.0395591259003
0.0262401103973
0.0264370441437
0.0266220569611
0.0268161296844
0.025651216507
0.0258271694183
0.0259962081909
0.0261600017548
0.0293691158295
0.0322940349579
0.0325980186462
0.0335519313812
0.0327579975128
0.0330510139465
0.0333251953125
0.0337190628052
0.0318870544434
0.0322170257568
0.0325131416321
0.0328130722046
0.027951002121
0.0282299518585
0.0284929275513
0.0287539958954
0.023698091507
0.0240080356598
0.026015996933
0.029443025589
0.0273220539093
0.0281369686127
0.0319120883942
0.0359320640564
0.0301020145416
0.0303409099579
0.0305540561676
0.0307710170746
0.0254337787628
0.02561378479
0.0257709026337
0.0259318351746
0.0320460796356
0.0322670936584
0.0324311256409
0.0326111316681
0.0321788787842
0.032646894455
0.0331079959869
0.0337009429932
0.0258629322052
0.0261600017548
0.0263760089874
0.0265791416168
0.0275919437408
0.0277750492096
0.0279488563538
0.0281229019165
0.029629945755
0.0298368930817
0.0303058624268
0.0307178497314
0.037369966507
0.0379769802094
0.0383169651031
0.0387279987335
0.0272789001465
0.0275988578796
0.0278408527374
0.0280768871307
0.0244379043579
0.0246620178223
0.0248539447784
0.0250449180603
0.0357728004456
0.0360507965088
0.0363519191742
0.0406877994537
0.0313198566437
0.0315148830414
0.0321757793427
0.0345058441162
0.0311458110809
0.031327009201
0.0314898490906
0.0316488742828
0.0301561355591
0.0303289890289
0.0304880142212
0.0306401252747
0.0290901660919
0.0292689800262
0.0294501781464
0.0296170711517
0.033903837204
0.0340750217438
0.0342290401459
0.0343799591064
0.0263900756836
0.0268499851227
0.0272810459137
0.027508020401
0.0324008464813
0.0330848693848
0.0337159633636
0.0345258712769
0.0274639129639
0.0276489257812
0.0278260707855
0.0279939174652
0.0299389362335
0.0304729938507
0.0309610366821
0.0314428806305
0.0276908874512
0.0279080867767
0.0280759334564
0.0282728672028
0.0261900424957
0.0265600681305
0.0268700122833
0.02707695961
0.0238399505615
0.0240499973297
0.025218963623
0.0273380279541
0.0220229625702
0.0223240852356
0.0227410793304
0.0251820087433
0.0305790901184
0.0360300540924
0.0366940498352
0.0373179912567
0.0283119678497
0.029002904892
0.029611825943
0.0304780006409
0.0280759334564
0.028767824173
0.0293908119202
0.0300419330597
0.029324054718
0.0299570560455
0.0303330421448
0.0307960510254
0.0335540771484
0.0337269306183
0.0338850021362
0.0340518951416
0.0261251926422
0.0263531208038
0.0265421867371
0.0267350673676
0.0343918800354
0.0345540046692
0.0347249507904
0.0348680019379
0.0262699127197
0.0264840126038
0.0266599655151
0.026829957962
0.0278680324554
0.0281028747559
0.0283069610596
0.0285160541534
0.0268759727478
0.027065038681
0.0272269248962
0.0273830890656
0.028382062912
0.028568983078
0.0287330150604
0.0288860797882
0.0274169445038
0.0275809764862
0.0277271270752
0.0279071331024
0.0252509117126
0.0255689620972
0.0258288383484
0.0260798931122
0.0252959728241
0.0255229473114
0.0257229804993
0.0305919647217
0.0219299793243
0.0220949649811
0.0222430229187
0.0223920345306
0.0287101268768
0.0288820266724
0.029039144516
0.0291891098022
0.0320391654968
0.0321991443634
0.0323431491852
0.0324821472168
0.0299060344696
0.030109167099
0.0302882194519
0.030463218689
0.0254821777344
0.0256431102753
0.025787115097
0.025936126709
0.0315010547638
0.0316882133484
0.0318531990051
0.0320200920105
0.038006067276
0.0381729602814
0.0383250713348
0.0385010242462
0.0325479507446
0.0327939987183
0.0330150127411
0.041531085968
0.0307860374451
0.0309720039368
0.031133890152
0.0312950611115
0.0259749889374
0.0261509418488
0.0263059139252
0.0264668464661
0.0252258777618
0.0254030227661
0.0255608558655
0.0257160663605
0.0304720401764
0.0311839580536
0.0317850112915
0.0324430465698
0.0260889530182
0.0281579494476
0.0296158790588
0.0305969715118
0.0270631313324
0.0278959274292
0.0287790298462
0.0299160480499
0.0242421627045
0.0243880748749
0.0251741409302
0.0271401405334
0.0295958518982
0.0297539234161
0.0299010276794
0.0300569534302
0.0302419662476
0.0304169654846
0.0305650234222
0.0307121276855
0.028195142746
0.0283899307251
0.028559923172
0.0287289619446
0.0263249874115
0.0265181064606
0.0266840457916
0.0268590450287
0.0281360149384
0.0283379554749
0.0285129547119
0.0286798477173
0.0233969688416
0.0258450508118
0.0288660526276
0.0295560359955
0.0331919193268
0.0339350700378
0.034882068634
0.035649061203
0.0285520553589
0.0295779705048
0.0306990146637
0.0318610668182
0.0326240062714
0.0337471961975
0.034695148468
0.0357310771942
0.0374028682709
0.038421869278
0.0394520759583
0.0407109260559
0.0373809337616
0.0377039909363
0.0380029678345
0.038281917572
0.0278239250183
0.0327959060669
0.0330801010132
0.033360004425
0.0345149040222
0.0346958637238
0.0348520278931
0.0350120067596
0.0321569442749
0.0323441028595
0.0325028896332
0.0326609611511
0.0366239547729
0.03679895401
0.0369489192963
0.0383229255676
0.0280361175537
0.0282170772552
0.0283849239349
0.0285470485687
0.0225629806519
0.0258090496063
0.0273320674896
0.0289590358734
0.0287990570068
0.029464006424
0.0299830436707
0.030552148819
0.0288331508636
0.0292890071869
0.0297100543976
0.030305147171
0.0238308906555
0.0245018005371
0.0251798629761
0.0262877941132
0.0353591442108
0.0355761051178
0.0357429981232
0.0359041690826
0.0281841754913
0.0283620357513
0.0285232067108
0.0286951065063
0.033478975296
0.0336389541626
0.0337870121002
0.0339291095734
0.0321650505066
0.0323419570923
0.0325019359589
0.0326540470123
0.0293629169464
0.0295498371124
0.0297160148621
0.029876947403
0.0291218757629
0.0292909145355
0.0294549465179
0.0303649902344
0.0358028411865
0.0365710258484
0.0372090339661
0.0378580093384
0.0326800346375
0.0333969593048
0.0340859889984
0.0349509716034
0.0320210456848
0.0325758457184
0.0334248542786
0.0338189601898
0.0306408405304
0.0311200618744
0.0317039489746
0.0322458744049
0.0321688652039
0.0323798656464
0.0325319766998
0.0326800346375
0.0407259464264
0.0409009456635
0.0410568714142
0.0420458316803
0.0311779975891
0.0313730239868
0.0315499305725
0.0317220687866
0.0321049690247
0.0323009490967
0.0324659347534
0.0326290130615
0.0291931629181
0.0294330120087
0.0299010276794
0.0310781002045
0.0226550102234
0.0228319168091
0.0282258987427
0.0299189090729
0.0284638404846
0.0286438465118
0.0288100242615
0.0289800167084
0.0318121910095
0.0332591533661
0.0344681739807
0.0355579853058
0.0281450748444
0.0285029411316
0.0288510322571
0.0291800498962
0.0359799861908
0.0362811088562
0.036581993103
0.0368630886078
0.0341041088104
0.0344331264496
0.0346260070801
0.034805059433
0.0227618217468
0.0230100154877
0.0232338905334
0.0234458446503
0.0307919979095
0.030993938446
0.0311470031738
0.0312969684601
0.0246510505676
0.0248219966888
0.0249850749969
0.0251400470734
0.0267159938812
0.0269010066986
0.0270900726318
0.027293920517
0.0258030891418
0.0266098976135
0.0283219814301
0.0321319103241
0.026880979538
0.0270490646362
0.0272099971771
0.0274240970612
0.0328359603882
0.0330030918121
0.0331490039825
0.0417129993439
0.0324831008911
0.0328190326691
0.040109872818
0.0452229976654
0.0320148468018
0.0328299999237
0.0334329605103
0.0337867736816
0.030571937561
0.0308570861816
0.0312130451202
0.0314390659332
0.0381450653076
0.0383319854736
0.0386781692505
0.0389001369476
0.0359489917755
0.0361070632935
0.0362501144409
0.0364110469818
0.0248548984528
0.0250499248505
0.0252280235291
0.0254189968109
0.0265560150146
0.026848077774
0.0271170139313
0.0273840427399
0.0268359184265
0.0270071029663
0.0271708965302
0.0273349285126
0.0249710083008
0.0251481533051
0.0253040790558
0.0254580974579
0.0295588970184
0.0297629833221
0.0299270153046
0.0300970077515
0.0309119224548
0.0310919284821
0.0312559604645
0.0314168930054
0.0271370410919
0.0273082256317
0.0274832248688
0.0276370048523
0.0248301029205
0.0250070095062
0.0251729488373
0.0253450870514
0.0264370441437
0.0266349315643
0.0268120765686
0.0270059108734
0.0270390510559
0.0272340774536
0.0274050235748
0.0275731086731
0.026330947876
0.0273258686066
0.027801990509
0.0283060073853
0.0414590835571
0.0419180393219
0.0423681735992
0.0428161621094
0.0300781726837
0.0307021141052
0.0314919948578
0.0322141647339
0.0283679962158
0.0316340923309
0.0323739051819
0.0331950187683
0.0253410339355
0.0262629985809
0.0270340442657
0.0278260707855
0.0357401371002
0.0360469818115
0.0363421440125
0.0366351604462
0.0242648124695
0.0255599021912
0.0261449813843
0.0284748077393
0.023619890213
0.0263869762421
0.0302081108093
0.0339291095734
0.0331449508667
0.0333080291748
0.0334599018097
0.0403339862823
0.0257039070129
0.0259549617767
0.0265607833862
0.0283188819885
0.0288050174713
0.0289859771729
0.0291519165039
0.0293278694153
0.0562319755554
0.0564150810242
0.0565819740295
0.0569670200348
0.0252599716187
0.0258150100708
0.026930809021
0.0276739597321
0.0362648963928
0.0370140075684
0.0377838611603
0.0385329723358
0.028333902359
0.0289869308472
0.0295488834381
0.03102684021
0.046774148941
0.0472719669342
0.0479869842529
0.0483109951019
0.0490510463715
0.0497720241547
0.0504159927368
0.0511329174042
0.0285310745239
0.0295059680939
0.0302739143372
0.0310380458832
0.0308699607849
0.0315709114075
0.0322349071503
0.032928943634
0.0277659893036
0.0284719467163
0.0291738510132
0.0297749042511
0.0307910442352
0.0317158699036
0.0324418544769
0.0331318378448
0.0293300151825
0.0301160812378
0.0309371948242
0.0320990085602
0.0282521247864
0.0294599533081
0.0301630496979
0.030905008316
0.0315248966217
0.0322389602661
0.0328969955444
0.0335438251495
0.0217208862305
0.022469997406
0.0231549739838
0.0238418579102
0.0275230407715
0.0281999111176
0.028872013092
0.0294799804688
0.0272128582001
0.0278179645538
0.0284428596497
0.0291528701782
0.0278730392456
0.0292451381683
0.0303461551666
0.0312790870667
0.0268061161041
0.0275321006775
0.0281460285187
0.0287470817566
0.0208389759064
0.0350539684296
0.0356938838959
0.0365529060364
0.0300669670105
0.0302410125732
0.0303978919983
0.0305578708649
0.029629945755
0.0301659107208
0.0312628746033
0.0322840213776
0.0282690525055
0.0284168720245
0.0285608768463
0.0301609039307
0.0343458652496
0.0345189571381
0.0346829891205
0.0348520278931
0.0277469158173
0.0279297828674
0.0280959606171
0.0282537937164
0.0271220207214
0.0273070335388
0.0274679660797
0.0276210308075
0.027548789978
0.0279397964478
0.028315782547
0.0287179946899
0.0258719921112
0.0260500907898
0.0262219905853
0.0263860225677
0.0255129337311
0.0259058475494
0.0293169021606
0.029513835907
0.027281999588
0.0274600982666
0.0276200771332
0.0277831554413
0.0297031402588
0.0299251079559
0.0301010608673
0.0302789211273
0.0269160270691
0.0271010398865
0.0272719860077
0.0331871509552
0.0299410820007
0.0302300453186
0.0306448936462
0.0309500694275
0.0639619827271
0.064414024353
0.0646522045135
0.0650300979614
0.0361938476562
0.036386013031
0.0365998744965
0.0369830131531
0.039803981781
0.0402839183807
0.0407381057739
0.0409889221191
0.0556690692902
0.0561950206757
0.0565941333771
0.0568130016327
0.0441429615021
0.0443480014801
0.0457417964935
0.0487279891968
0.030326128006
0.030501127243
0.0310151576996
0.0317440032959
0.0346629619598
0.0351760387421
0.0356719493866
0.0361490249634
0.0314531326294
0.0322961807251
0.0328431129456
0.0344061851501
0.0340039730072
0.0345129966736
0.0350461006165
0.0355269908905
0.0290069580078
0.029559135437
0.0300741195679
0.0306739807129
0.0316228866577
0.0323081016541
0.0328390598297
0.0333800315857
0.0266308784485
0.0272200107574
0.0279150009155
0.0285289287567
0.0397748947144
0.0403790473938
0.0409030914307
0.041384935379
0.050018787384
0.0506498813629
0.051237821579
0.0535168647766
0.0278060436249
0.0290179252625
0.0309190750122
0.0320310592651
0.0279669761658
0.0291500091553
0.0298590660095
0.030524969101
0.0306549072266
0.0312941074371
0.0317709445953
0.0322489738464
0.037615776062
0.041051864624
0.0424659252167
0.0430037975311
0.0356919765472
0.0363910198212
0.0369319915771
0.0374319553375
0.0354330539703
0.0360491275787
0.0365991592407
0.0371141433716
0.031445980072
0.0320200920105
0.0326011180878
0.0331671237946
0.0357201099396
0.0359959602356
0.0362091064453
0.0364060401917
0.0404200553894
0.0408821105957
0.0413110256195
0.0416731834412
0.0317499637604
0.0329849720001
0.0334320068359
0.0336430072784
0.0397319793701
0.0404648780823
0.0411560535431
0.0417249202728
0.0352668762207
0.0358140468597
0.0363399982452
0.0368559360504
0.0318601131439
0.0323870182037
0.0328760147095
0.0371761322021
0.0392909049988
0.0395288467407
0.0400259494781
0.0403089523315
0.0361058712006
0.0365409851074
0.036908864975
0.0391619205475
0.0419728755951
0.0423889160156
0.0428559780121
0.0431380271912
0.0515780448914
0.0517890453339
0.0521240234375
0.0524609088898
0.0306460857391
0.0308239459991
0.0309941768646
0.0311601161957
0.0446751117706
0.0450410842896
0.0453069210052
0.0455269813538
0.029167175293
0.0293731689453
0.0297360420227
0.0300421714783
0.0437650680542
0.0439901351929
0.0443229675293
0.0447840690613
0.0198249816895
0.0322530269623
0.0324521064758
0.0326111316681
0.0224590301514
0.0226261615753
0.0227830410004
0.0229229927063
0.0237600803375
0.0253350734711
0.0267949104309
0.0270619392395
0.0231840610504
0.023383140564
0.0235769748688
0.0237741470337
0.028904914856
0.0290789604187
0.0292360782623
0.0293929576874
0.026939868927
0.0271179676056
0.0272798538208
0.0274438858032
0.0296971797943
0.0298800468445
0.0300250053406
0.0311141014099
0.0274298191071
0.0275847911835
0.0277528762817
0.0279359817505
0.0285630226135
0.0287239551544
0.0298438072205
0.0320479869843
0.025318145752
0.0254809856415
0.0256412029266
0.0258021354675
0.0324330329895
0.0326418876648
0.0328249931335
0.0330300331116
0.0396659374237
0.040363073349
0.0410690307617
0.0415990352631
0.0603229999542
0.0608768463135
0.061411857605
0.0619418621063
0.0312368869781
0.0334169864655
0.0354199409485
0.0356359481812
0.0347819328308
0.0372409820557
0.0405578613281
0.0433778762817
0.0714540481567
0.0724351406097
0.0733370780945
0.0743520259857
0.0290369987488
0.0293228626251
0.0295948982239
0.0298619270325
0.0516879558563
0.0520858764648
0.0524199008942
0.0527789592743
0.0253250598907
0.0256059169769
0.0290660858154
0.0313820838928
0.0256779193878
0.0267961025238
0.0278010368347
0.02876496315
0.0306460857391
0.030974149704
0.0315461158752
0.0321390628815
0.0279269218445
0.0280828475952
0.0283188819885
0.0285978317261
0.0303089618683
0.0304868221283
0.0306298732758
0.0307729244232
0.0287699699402
0.0289568901062
0.0291199684143
0.0292778015137
0.0213589668274
0.0216379165649
0.0219240188599
0.0222060680389
0.0285270214081
0.0287089347839
0.0288758277893
0.029040813446
0.0266768932343
0.0273590087891
0.0279710292816
0.0290288925171
0.0305399894714
0.0306949615479
0.0308420658112
0.0310049057007
0.0263268947601
0.0265109539032
0.0266969203949
0.0268640518188
0.0289959907532
0.0294759273529
0.029983997345
0.0305569171906
0.0321178436279
0.0330309867859
0.0345330238342
0.0354819297791
0.0326960086823
0.0337560176849
0.0344941616058
0.0352921485901
0.0287971496582
0.0310831069946
0.0317831039429
0.0331439971924
0.0262360572815
0.0269439220428
0.0274829864502
0.0280249118805
0.026829957962
0.0274720191956
0.0281448364258
0.0288178920746
0.033998966217
0.0350339412689
0.0357789993286
0.0365388393402
0.0279779434204
0.0286591053009
0.0292870998383
0.0300600528717
0.0399792194366
0.0401260852814
0.0402731895447
0.0404160022736
0.0336949825287
0.0338728427887
0.0340359210968
0.0341968536377
0.0284831523895
0.0286622047424
0.0288262367249
0.0289812088013
0.0268499851227
0.0271558761597
0.0274338722229
0.041928768158
0.0371370315552
0.0384500026703
0.0413320064545
0.0456330776215
0.0487558841705
0.0489509105682
0.0499119758606
0.0501608848572
0.0314099788666
0.0319929122925
0.0323779582977
0.0327899456024
0.0297169685364
0.0305399894714
0.0310618877411
0.0330488681793
0.0288059711456
0.0293579101562
0.0299599170685
0.0304520130157
0.043007850647
0.0456368923187
0.0468788146973
0.0477528572083
0.0314619541168
0.0321319103241
0.0328738689423
0.0338709354401
0.0287549495697
0.0289220809937
0.0290780067444
0.0293879508972
0.0264179706573
0.0266408920288
0.026832818985
0.0270278453827
0.0291750431061
0.0296709537506
0.0301570892334
0.0306398868561
0.0453059673309
0.0458018779755
0.0462830066681
0.0467569828033
0.0543591976166
0.0549080371857
0.0604090690613
0.0619521141052
0.0422360897064
0.042876958847
0.0434808731079
0.0441088676453
0.0255470275879
0.0264520645142
0.027163028717
0.0278279781342
0.0283119678497
0.0284798145294
0.0286629199982
0.0288109779358
0.032438993454
0.0326311588287
0.0327820777893
0.0329389572144
0.0404679775238
0.0411841869354
0.0422179698944
0.0431900024414
0.0342309474945
0.0356130599976
0.0368580818176
0.037693977356
0.0301060676575
0.0311160087585
0.0321650505066
0.033038854599
0.0296440124512
0.0304980278015
0.0312740802765
0.0319890975952
0.0372629165649
0.0384628772736
0.0392990112305
0.039922952652
0.0281450748444
0.0288791656494
0.0296039581299
0.0303580760956
0.0419337749481
0.0421109199524
0.0422818660736
0.042466878891
0.0330400466919
0.0334589481354
0.0338399410248
0.034215927124
0.0327258110046
0.033341884613
0.0336668491364
0.034108877182
0.0282299518585
0.0285320281982
0.0288219451904
0.029100894928
0.036788225174
0.0369830131531
0.0371420383453
0.0372982025146
0.0237390995026
0.0238981246948
0.0269141197205
0.0272061824799
0.0275318622589
0.0277078151703
0.0278689861298
0.0280289649963
0.028037071228
0.0282180309296
0.0283789634705
0.0285439491272
0.0266008377075
0.0267858505249
0.026948928833
0.0271048545837
0.0319941043854
0.0322630405426
0.0353879928589
0.041225194931
0.0243639945984
0.0245270729065
0.0261600017548
0.0282580852509
0.0300810337067
0.0302901268005
0.0304760932922
0.0306611061096
0.0291950702667
0.029767036438
0.030305147171
0.0308010578156
0.0646131038666
0.0651650428772
0.0656681060791
0.0661520957947
0.0477459430695
0.0483059883118
0.0488269329071
0.0494160652161
0.0761289596558
0.0766220092773
0.0771079063416
0.0776019096375
0.11593914032
0.116493940353
0.117031097412
0.117532968521
0.0281691551208
0.0286691188812
0.0291550159454
0.029639005661
0.0465009212494
0.0470070838928
0.0475399494171
0.0481140613556
0.028461933136
0.0290489196777
0.0295629501343
0.0300920009613
0.0317749977112
0.0323691368103
0.0340220928192
0.0348489284515
0.0264930725098
0.0271570682526
0.0277950763702
0.0284359455109
0.0315339565277
0.0324420928955
0.0334460735321
0.0343599319458
0.0225718021393
0.0237858295441
0.0247550010681
0.0262768268585
0.0286321640015
0.0293271541595
0.0299820899963
0.0306072235107
0.0416870117188
0.0418961048126
0.0420911312103
0.0422699451447
0.0262720584869
0.0264649391174
0.0266699790955
0.0268349647522
0.0264518260956
0.0266299247742
0.0268428325653
0.0318048000336
0.0248410701752
0.0254130363464
0.0298080444336
0.032947063446
0.0275681018829
0.0279881954193
0.0282871723175
0.029589176178
0.0278599262238
0.0280210971832
0.0281620025635
0.0283041000366
0.0271148681641
0.0273818969727
0.0300209522247
0.032280921936
0.0260150432587
0.0261769294739
0.0263719558716
0.0265440940857
0.0290780067444
0.0292429924011
0.0293889045715
0.0295388698578
0.0317411422729
0.0319089889526
0.0320639610291
0.032212972641
0.0310099124908
0.0311789512634
0.03133893013
0.0314810276031
0.0291268825531
0.0297720432281
0.0306329727173
0.0312638282776
0.028116941452
0.0283107757568
0.0284998416901
0.0286870002747
0.0276579856873
0.0279579162598
0.0281589031219
0.0383749008179
0.0300800800323
0.0302629470825
0.0304210186005
0.0305819511414
0.025260925293
0.0258638858795
0.0263760089874
0.027135848999
0.0333049297333
0.0341138839722
0.0355069637299
0.0362558364868
0.0285720825195
0.029639005661
0.0301811695099
0.0319900512695
0.0408809185028
0.0415689945221
0.0422670841217
0.042995929718
0.0371630191803
0.0379140377045
0.0386171340942
0.0393059253693
0.0299379825592
0.0308089256287
0.0314309597015
0.0320839881897
0.0273280143738
0.0281400680542
0.0289239883423
0.0319890975952
0.0309500694275
0.0318539142609
0.0328290462494
0.0335779190063
0.0351099967957
0.0355570316315
0.0358290672302
0.0360310077667
0.035450220108
0.0359921455383
0.0364780426025
0.0367650985718
0.0331079959869
0.0332870483398
0.0334370136261
0.0335791110992
0.0394661426544
0.0397260189056
0.0398950576782
0.0472350120544
0.0308558940887
0.0315480232239
0.0321378707886
0.0328109264374
0.0304148197174
0.0315458774567
0.0323338508606
0.0329868793488
0.025908946991
0.0262808799744
0.0265529155731
0.0294609069824
0.0261740684509
0.0263478755951
0.0264880657196
0.0266308784485
0.0269348621368
0.0271148681641
0.0272769927979
0.0274300575256
0.024885892868
0.025102853775
0.0253078937531
0.0259168148041
0.0310170650482
0.0311930179596
0.0313439369202
0.0314888954163
0.026337146759
0.0265100002289
0.0266690254211
0.0268440246582
0.0252389907837
0.0254240036011
0.0255899429321
0.0257558822632
0.0287928581238
0.0289759635925
0.0291390419006
0.0308289527893
0.0312430858612
0.0315079689026
0.031683921814
0.0345139503479
0.0330848693848
0.0332820415497
0.0334689617157
0.033627986908
0.0172679424286
0.0182220935822
0.0214049816132
0.0220201015472
0.0305559635162
0.030956029892
0.0314199924469
0.0320639610291
0.0421240329742
0.0423119068146
0.0424919128418
0.0426709651947
0.0461111068726
0.0466449260712
0.0469040870667
0.0471680164337
0.035178899765
0.0357918739319
0.0360329151154
0.0387489795685
0.0320150852203
0.032191991806
0.0323660373688
0.0326340198517
0.0382640361786
0.03848695755
0.0386691093445
0.0388329029083
0.0286660194397
0.0288281440735
0.0289750099182
0.0304410457611
0.0407350063324
0.0409269332886
0.0410768985748
0.0412378311157
0.0253930091858
0.0256848335266
0.0258929729462
0.0260679721832
0.0251088142395
0.0253009796143
0.0254678726196
0.0256299972534
0.0253059864044
0.0275020599365
0.0287101268768
0.0296051502228
0.0275881290436
0.0278339385986
0.0280430316925
0.0282471179962
0.0295181274414
0.0297031402588
0.0298631191254
0.0300190448761
0.027715921402
0.0278859138489
0.0280470848083
0.0282001495361
0.0237801074982
0.0244369506836
0.0246040821075
0.0247600078583
0.0243039131165
0.0244929790497
0.0246820449829
0.0251519680023
0.0310130119324
0.0311930179596
0.0313560962677
0.0315091609955
0.0243051052094
0.0245220661163
0.0247330665588
0.0250902175903
0.033499956131
0.0337631702423
0.0340781211853
0.0342581272125
0.0482850074768
0.0487501621246
0.0493550300598
0.0496320724487
0.0306689739227
0.0312368869781
0.0317919254303
0.032301902771
0.0563068389893
0.0568828582764
0.0573890209198
0.0578758716583
0.0653290748596
0.065906047821
0.0664591789246
0.0670051574707
0.0434970855713
0.0439920425415
0.04447889328
0.0461270809174
0.0510578155518
0.0519399642944
0.0525269508362
0.0532188415527
0.0349841117859
0.035628080368
0.0365309715271
0.0371470451355
0.0270898342133
0.0275309085846
0.0277538299561
0.0279610157013
0.0491969585419
0.0494878292084
0.0499179363251
0.0501658916473
0.0333621501923
0.0335412025452
0.0339641571045
0.0341341495514
0.0346539020538
0.0351059436798
0.0354840755463
0.0357449054718
0.0398218631744
0.0400319099426
0.0402269363403
0.0404369831085
0.0419671535492
0.0421390533447
0.0423409938812
0.0426621437073
0.0317850112915
0.0319771766663
0.0324079990387
0.0328631401062
0.0455050468445
0.0456910133362
0.0458428859711
0.0460090637207
0.0258820056915
0.0260629653931
0.0262260437012
0.026389837265
0.0253169536591
0.0255191326141
0.0256960391998
0.0258750915527
0.0257530212402
0.0259430408478
0.026113986969
0.0262758731842
0.0288898944855
0.0291409492493
0.0293757915497
0.029629945755
0.0252239704132
0.025398015976
0.0255610942841
0.0257198810577
0.0258400440216
0.0260100364685
0.0261740684509
0.0263359546661
0.0330710411072
0.0332698822021
0.0334420204163
0.0336148738861
0.0235209465027
0.023717880249
0.0239059925079
0.0240859985352
0.0276861190796
0.0279500484467
0.0281989574432
0.0299971103668
0.0236551761627
0.0238151550293
0.0249271392822
0.0275740623474
0.0679938793182
0.0681729316711
0.0683310031891
0.0692548751831
0.0894138813019
0.0896129608154
0.0899350643158
0.0902888774872
0.0334639549255
0.033763885498
0.0341939926147
0.0346078872681
0.0318870544434
0.032322883606
0.0327360630035
0.0329990386963
0.0424621105194
0.0429980754852
0.0432710647583
0.0456919670105
0.0322651863098
0.0332059860229
0.0336930751801
0.034264087677
0.031121969223
0.0325629711151
0.0331728458405
0.0336308479309
0.0421118736267
0.0422909259796
0.0424559116364
0.0426518917084
0.0358741283417
0.0360510349274
0.0362169742584
0.0363841056824
0.0262639522552
0.0264909267426
0.0267000198364
0.0269370079041
0.0286099910736
0.0298781394958
0.0323829650879
0.0356070995331
0.0708479881287
0.0711560249329
0.0723030567169
0.0748219490051
0.0457031726837
0.0478739738464
0.0501320362091
0.0529940128326
0.0341351032257
0.0344340801239
0.035187959671
0.035660982132
0.033744096756
0.0344109535217
0.0348339080811
0.0350370407104
0.031397819519
0.0318210124969
0.0320608615875
0.0322568416595
0.0457711219788
0.0462040901184
0.0464510917664
0.0466411113739
0.0347590446472
0.0351529121399
0.0355620384216
0.0357780456543
0.0297749042511
0.0299780368805
0.030375957489
0.0306499004364
0.0317149162292
0.0319020748138
0.0321140289307
0.0324809551239
0.0337729454041
0.0339279174805
0.0341169834137
0.0342600345612
0.0323069095612
0.0324928760529
0.0326488018036
0.0328099727631
0.0265471935272
0.0271980762482
0.0278651714325
0.0284922122955
0.0260679721832
0.0268869400024
0.0278630256653
0.0289180278778
0.0261490345001
0.0269961357117
0.0276219844818
0.0284099578857
0.0269339084625
0.0276370048523
0.0282459259033
0.028892993927
0.0287568569183
0.0294809341431
0.0300438404083
0.0306060314178
0.0268750190735
0.0275161266327
0.028088092804
0.028804063797
0.028904914856
0.0296239852905
0.0302460193634
0.0419139862061
0.0360980033875
0.0369510650635
0.03799700737
0.0386950969696
0.0341908931732
0.0347409248352
0.0352399349213
0.0357220172882
0.0336229801178
0.0341260433197
0.0346059799194
0.0351288318634
0.0290350914001
0.0295381546021
0.0300250053406
0.030503988266
0.0310728549957
0.0318949222565
0.0325319766998
0.0331950187683
0.0265910625458
0.0267460346222
0.0268950462341
0.0270450115204
0.0282340049744
0.0284080505371
0.0285720825195
0.0287311077118
0.0331749916077
0.033350944519
0.0335071086884
0.0336608886719
0.0322649478912
0.0332369804382
0.0342049598694
0.0351600646973
0.0329179763794
0.0335960388184
0.0341899394989
0.034793138504
0.0431690216064
0.0439820289612
0.044872045517
0.04549908638
0.0292229652405
0.0299699306488
0.0307109355927
0.0320320129395
0.026643037796
0.026839017868
0.0270171165466
0.0271971225739
0.0285179615021
0.0287039279938
0.028865814209
0.029021024704
0.0264451503754
0.0266261100769
0.0268149375916
0.026978969574
0.0318021774292
0.0320081710815
0.0321710109711
0.0323431491852
0.0302240848541
0.0305190086365
0.0306880474091
0.0308530330658
0.0246658325195
0.024897813797
0.0251049995422
0.025349855423
0.0282421112061
0.0284359455109
0.0285971164703
0.0287599563599
0.0281989574432
0.028883934021
0.0295598506927
0.0301949977875
0.0265710353851
0.0272400379181
0.0278902053833
0.0285940170288
0.0270869731903
0.0277628898621
0.0284469127655
0.0290329456329
0.0182161331177
0.0205731391907
0.0241801738739
0.0274040699005
0.0314970016479
0.031672000885
0.0318260192871
0.0319919586182
0.0245540142059
0.024738073349
0.0248970985413
0.0250670909882
0.035050868988
0.0352218151093
0.0353679656982
0.0384268760681
0.0287210941315
0.0289180278778
0.0290811061859
0.0292339324951
0.0212378501892
0.0214140415192
0.0215790271759
0.0236849784851
0.026426076889
0.026661157608
0.029687166214
0.0322930812836
0.0324659347534
0.0326290130615
0.032772064209
0.0355849266052
0.0223460197449
0.0225689411163
0.022782087326
0.0238089561462
0.0283751487732
0.0291471481323
0.0298089981079
0.0303921699524
0.0323879718781
0.0325889587402
0.0327727794647
0.0329518318176
0.0382330417633
0.0384900569916
0.0387139320374
0.0389370918274
0.0377938747406
0.0379807949066
0.0381419658661
0.0383129119873
0.0306520462036
0.0314080715179
0.0322730541229
0.032830953598
0.0263741016388
0.0269861221313
0.0276570320129
0.0285351276398
0.0307800769806
0.0309450626373
0.0310959815979
0.0312821865082
0.0257019996643
0.0258800983429
0.0260410308838
0.0262022018433
0.0268518924713
0.0387849807739
0.0389568805695
0.0394020080566
0.0248467922211
0.025022983551
0.0251879692078
0.0253529548645
0.0322489738464
0.0325379371643
0.0328390598297
0.0367059707642
0.0311930179596
0.0314381122589
0.0316519737244
0.0318651199341
0.0260350704193
0.0262470245361
0.0264320373535
0.0266239643097
0.028196811676
0.0283708572388
0.0285367965698
0.0286979675293
0.0330600738525
0.0337610244751
0.0343379974365
0.0348930358887
0.0295369625092
0.0305030345917
0.031121969223
0.0318341255188
0.0311369895935
0.0316829681396
0.0321731567383
0.0327031612396
0.0318069458008
0.0323839187622
0.0328640937805
0.0334630012512
0.0274209976196
0.0276389122009
0.0278849601746
0.0280871391296
