0.0648789405823
0.0654330253601
0.0675518512726
0.0690760612488
0.0356240272522
0.0362269878387
0.0401759147644
0.0423288345337
0.0455842018127
0.0463891029358
0.0470921993256
0.0536601543427
0.0282509326935
0.0288410186768
0.0293819904327
0.0298988819122
0.06090092659
0.0618898868561
0.0629370212555
0.0780279636383
0.0291531085968
0.0299179553986
0.0304911136627
0.0311141014099
0.0283198356628
0.0292239189148
0.0299198627472
0.0305178165436
0.0237989425659
0.0252358913422
0.0260429382324
0.0280878543854
0.0324819087982
0.0330588817596
0.0359489917755
0.0414440631866
0.0351848602295
0.0357358455658
0.0363218784332
0.0377218723297
0.0278978347778
0.0284299850464
0.0289900302887
0.0295000076294
0.0265290737152
0.0274219512939
0.0280921459198
0.0298449993134
0.0433111190796
0.0439851284027
0.0445160865784
0.0451049804688
0.0275847911835
0.0283279418945
0.0291159152985
0.0299079418182
0.0293309688568
0.0301580429077
0.0308780670166
0.0316321849823
0.0303359031677
0.0305180549622
0.0306630134583
0.0308060646057
0.0289452075958
0.0291531085968
0.0293459892273
0.0295350551605
0.027074098587
0.0273289680481
0.0275371074677
0.0277359485626
0.029659986496
0.0299949645996
0.0302848815918
0.0305678844452
0.0295338630676
0.0358500480652
0.0362319946289
0.0365369319916
0.0643801689148
0.0645701885223
0.0647430419922
0.0649812221527
0.0303628444672
0.0305650234222
0.0319910049438
0.0335519313812
0.0316669940948
0.031909942627
0.0323169231415
0.0329439640045
0.0326318740845
0.0331509113312
0.0335919857025
0.0340030193329
0.0343289375305
0.0345189571381
0.0346970558167
0.0348749160767
0.0400609970093
0.0402410030365
0.0404109954834
0.0405712127686
0.0415389537811
0.0417668819427
0.0420079231262
0.0423398017883
0.0264852046967
0.0266551971436
0.026792049408
0.0269310474396
0.0364270210266
0.0366740226746
0.0370149612427
0.0374341011047
0.033029794693
0.0332169532776
0.0333738327026
0.0335299968719
0.0325300693512
0.033035993576
0.0334300994873
0.0336720943451
0.0481119155884
0.048681974411
0.0492060184479
0.0497138500214
0.0397589206696
0.0406930446625
0.0414941310883
0.0422639846802
0.041121006012
0.0416598320007
0.0422058105469
0.0427079200745
0.0685040950775
0.069109916687
0.0697178840637
0.0703980922699
0.0299990177155
0.0306539535522
0.0312309265137
0.0317831039429
0.0366718769073
0.0372679233551
0.0378520488739
0.0384559631348
0.0310139656067
0.0315840244293
0.0321199893951
0.0326821804047
0.0610909461975
0.0625410079956
0.0634100437164
0.0704739093781
0.0309829711914
0.031170129776
0.0313279628754
0.0314929485321
0.0323212146759
0.0324811935425
0.0326240062714
0.0327651500702
0.0276498794556
0.0278379917145
0.0279989242554
0.0281610488892
0.0347511768341
0.0350430011749
0.0352849960327
0.0355081558228
0.033704996109
0.034500837326
0.0352909564972
0.0361428260803
0.0262899398804
0.026871919632
0.027398109436
0.0279340744019
0.0279788970947
0.0282390117645
0.0284140110016
0.0285909175873
0.0321779251099
0.0323600769043
0.0325260162354
0.0329079627991
0.0296678543091
0.0307080745697
0.031455039978
0.0335419178009
0.0412321090698
0.0414049625397
0.0415549278259
0.0417160987854
0.0570039749146
0.0571639537811
0.0573129653931
0.0590088367462
0.036504983902
0.0376329421997
0.0384249687195
0.0391480922699
0.0284769535065
0.0308790206909
0.0347850322723
0.0378921031952
0.0278670787811
0.0286481380463
0.0293371677399
0.0300030708313
0.0274169445038
0.0275819301605
0.0277349948883
0.0278878211975
0.0416579246521
0.0418360233307
0.0420360565186
0.0423460006714
0.0326008796692
0.0328478813171
0.0330410003662
0.0334448814392
0.0279009342194
0.0280709266663
0.0282208919525
0.0283679962158
0.0463891029358
0.0472609996796
0.0479331016541
0.0485329627991
0.0288670063019
0.0294549465179
0.0300190448761
0.0305490493774
0.027811050415
0.0319800376892
0.0321300029755
0.0322890281677
0.0279409885406
0.0281119346619
0.0283780097961
0.0285549163818
0.0256991386414
0.0259220600128
0.0260810852051
0.0262310504913
0.028135061264
0.0283010005951
0.0284519195557
0.0291471481323
0.0309419631958
0.0311110019684
0.0312669277191
0.0314140319824
0.0367889404297
0.0369668006897
0.0371367931366
0.0372920036316
0.0283060073853
0.028480052948
0.0286381244659
0.028795003891
0.039580821991
0.0403108596802
0.0411279201508
0.0418179035187
0.0314950942993
0.0324130058289
0.0330770015717
0.0337002277374
0.0308120250702
0.0309898853302
0.0311739444733
0.0313658714294
0.0270190238953
0.0272941589355
0.0275161266327
0.0277271270752
0.0329718589783
0.0332779884338
0.0336129665375
0.03391289711
0.0326919555664
0.0332260131836
0.0334520339966
0.0336389541626
0.0281739234924
0.0289740562439
0.0295329093933
0.0301029682159
0.0226621627808
0.0234441757202
0.0242261886597
0.0318231582642
0.0331408977509
0.0337338447571
0.0342860221863
0.0347919464111
0.0228559970856
0.0234768390656
0.0251989364624
0.0272328853607
0.0284819602966
0.0287480354309
0.0289649963379
0.0329828262329
0.0250978469849
0.0263090133667
0.0270140171051
0.0276939868927
0.0349049568176
0.0357627868652
0.0367360115051
0.0374999046326
0.0390009880066
0.0397109985352
0.0403800010681
0.0410010814667
0.0313048362732
0.0320298671722
0.0327939987183
0.0335288047791
0.0439581871033
0.0445029735565
0.045037984848
0.0455470085144
0.0305359363556
0.0311589241028
0.0316989421844
0.0322399139404
0.0266411304474
0.0272400379181
0.0277891159058
0.0282990932465
0.0271608829498
0.0277519226074
0.0282859802246
0.0295720100403
0.0261600017548
0.0267639160156
0.0273499488831
0.0279870033264
0.0262279510498
0.0268170833588
0.0273849964142
0.027969121933
0.0261600017548
0.0267379283905
0.027302980423
0.0278539657593
0.0259830951691
0.0265719890594
0.0271129608154
0.0276629924774
0.0274782180786
0.0280721187592
0.0286450386047
0.029196023941
0.0284662246704
0.0289061069489
0.0293481349945
0.0297620296478
0.0258419513702
0.0263359546661
0.0266749858856
0.044105052948
0.0383930206299
0.0386171340942
0.0387780666351
0.0389461517334
0.0387561321259
0.0390121936798
0.0437841415405
0.0454721450806
0.0253908634186
0.0258560180664
0.0262520313263
0.0265078544617
0.0266439914703
0.026839017868
0.0270118713379
0.0271859169006
0.0252449512482
0.0258820056915
0.0287017822266
0.0303189754486
0.027055978775
0.0273461341858
0.0276072025299
0.0291171073914
0.0271859169006
0.0274319648743
0.0276589393616
0.0281009674072
0.0240390300751
0.0242121219635
0.0243761539459
0.024530172348
0.0345690250397
0.034982919693
0.0354599952698
0.0358769893646
0.0502789020538
0.0504608154297
0.052102804184
0.0546789169312
0.0278968811035
0.0280759334564
0.028333902359
0.0349791049957
0.0537941455841
0.05397605896
0.0541160106659
0.0666041374207
0.0394580364227
0.0399599075317
0.0412800312042
0.0414900779724
0.0228807926178
0.0231039524078
0.0232818126678
0.0265398025513
0.0271360874176
0.0274031162262
0.0275959968567
0.0279550552368
0.023668050766
0.0243129730225
0.0252320766449
0.0262830257416
0.0418200492859
0.0425269603729
0.0433330535889
0.0439310073853
0.0348768234253
0.0351419448853
0.0353879928589
0.0356340408325
0.0715618133545
0.0717389583588
0.0719029903412
0.0720589160919
0.0270311832428
0.0272071361542
0.0273690223694
0.0275220870972
0.0480809211731
0.0482740402222
0.0492961406708
0.0497760772705
0.0423979759216
0.0425770282745
0.0427460670471
0.042906999588
0.0612831115723
0.0663311481476
0.0664739608765
0.0666320323944
0.0383369922638
0.0385270118713
0.0386829376221
0.0388419628143
0.0714111328125
0.0715730190277
0.0717179775238
0.0738670825958
0.0306379795074
0.0308017730713
0.0309479236603
0.0310919284821
0.0229549407959
0.0231339931488
0.0291430950165
0.0295670032501
0.028697013855
0.0294880867004
0.0301969051361
0.0309689044952
0.0297999382019
0.0306451320648
0.031378030777
0.0321791172028
0.0368030071259
0.0374658107758
0.0381369590759
0.0387899875641
0.0414679050446
0.0423150062561
0.0431759357452
0.0440609455109
0.0344860553741
0.0352158546448
0.0358428955078
0.0365889072418
0.0386569499969
0.0412240028381
0.0419950485229
0.0428168773651
0.0253999233246
0.0263061523438
0.0272669792175
0.0279259681702
0.0335741043091
0.0343780517578
0.0370681285858
0.0378720760345
0.0371608734131
0.0382950305939
0.0393719673157
0.0402638912201
0.036071062088
0.0369069576263
0.0377089977264
0.0383720397949
0.030907869339
0.0313100814819
0.0314810276031
0.0316939353943
0.0300230979919
0.0303070545197
0.0304911136627
0.0306692123413
0.0271489620209
0.0273308753967
0.0274999141693
0.0276830196381
0.02756690979
0.0277400016785
0.0279030799866
0.0282490253448
0.0290780067444
0.0300199985504
0.0305330753326
0.030944108963
0.0283489227295
0.0288739204407
0.0295929908752
0.0301721096039
0.0335249900818
0.0339961051941
0.0348410606384
0.0356390476227
0.0251741409302
0.0253620147705
0.0255792140961
0.0261120796204
0.0313069820404
0.0314629077911
0.0316159725189
0.0317540168762
0.0344998836517
0.0346779823303
0.0348389148712
0.0349910259247
0.0293500423431
0.0295791625977
0.0297830104828
0.0299949645996
0.0244309902191
0.0276758670807
0.0326600074768
0.0333960056305
0.0277230739594
0.0278768539429
0.0280170440674
0.0281598567963
0.0268790721893
0.0274250507355
0.0285050868988
0.0294480323792
0.0302469730377
0.0309791564941
0.03165102005
0.0323009490967
0.0267310142517
0.027526140213
0.0283319950104
0.0290660858154
0.0269908905029
0.0278677940369
0.0286099910736
0.0293369293213
0.0370349884033
0.0373740196228
0.0376760959625
0.0380160808563
0.0274050235748
0.0276980400085
0.0279920101166
0.0282940864563
0.0313680171967
0.0317151546478
0.0319972038269
0.0413131713867
0.0267550945282
0.027116060257
0.0273289680481
0.0354559421539
0.0320289134979
0.0329689979553
0.0335669517517
0.0342109203339
0.0336508750916
0.0347537994385
0.0354909896851
0.0369229316711
0.0344598293304
0.0351228713989
0.0356628894806
0.0361659526825
0.0319170951843
0.0325710773468
0.0331561565399
0.0335509777069
0.0319230556488
0.0333919525146
0.0339829921722
0.0345098972321
0.0298340320587
0.0304470062256
0.0310909748077
0.0394020080566
0.0314819812775
0.0325920581818
0.0336489677429
0.0343279838562
0.0325479507446
0.0333421230316
0.034285068512
0.0352339744568
0.0266499519348
0.0273430347443
0.0281829833984
0.0289089679718
0.0316200256348
0.0317990779877
0.0319590568542
0.0321109294891
0.024894952774
0.0250749588013
0.0252690315247
0.028153181076
0.0315248966217
0.0327129364014
0.0339188575745
0.034698009491
0.0313041210175
0.0314540863037
0.0315980911255
0.0317459106445
0.0264480113983
0.0266289710999
0.0267870426178
0.026948928833
0.0454280376434
0.0456080436707
0.0457580089569
0.0460739135742
0.0269420146942
0.0279049873352
0.0286240577698
0.0294551849365
0.0238170623779
0.0253911018372
0.026505947113
0.0273361206055
0.0335941314697
0.0344240665436
0.0352110862732
0.0360910892487
0.0372178554535
0.0373730659485
0.0375130176544
0.0376498699188
0.0475490093231
0.0477559566498
0.0479388237
0.0482959747314
0.0300650596619
0.0305321216583
0.0309381484985
0.0313432216644
0.0241611003876
0.0255291461945
0.0267770290375
0.0296969413757
0.0228369235992
0.0239298343658
0.0254638195038
0.0283739566803
0.0269639492035
0.0280017852783
0.0290968418121
0.0300679206848
0.0331921577454
0.0340170860291
0.0352261066437
0.0377089977264
0.0320310592651
0.033215045929
0.0348029136658
0.0390090942383
0.0300290584564
0.0308110713959
0.0315320491791
0.0321450233459
0.0260059833527
0.0268988609314
0.0277118682861
0.0284729003906
0.0408091545105
0.0410041809082
0.0411520004272
0.0413131713867
0.0207500457764
0.0209240913391
0.0210859775543
0.0212469100952
0.0273239612579
0.0274939537048
0.028815984726
0.0357580184937
0.0279121398926
0.0280900001526
0.0282559394836
0.0284299850464
0.0245881080627
0.024759054184
0.0249218940735
0.0250780582428
0.0348560810089
0.0350570678711
0.0352239608765
0.0353829860687
0.0261149406433
0.0262920856476
0.0264539718628
0.0266270637512
0.0291838645935
0.0293710231781
0.0310339927673
0.0320398807526
0.0553979873657
0.0555748939514
0.0566318035126
0.0593769550323
0.0995571613312
0.0998160839081
0.10005903244
0.100491046906
0.0360360145569
0.0371909141541
0.0380890369415
0.0390179157257
0.0665531158447
0.0670630931854
0.0672850608826
0.0676550865173
0.0681819915771
0.068382024765
0.0685930252075
0.0689041614532
0.0310778617859
0.0313928127289
0.0321269035339
0.0326969623566
0.0371181964874
0.0377871990204
0.0383641719818
0.0387511253357
0.0283358097076
0.028865814209
0.0316479206085
0.032331943512
0.0268940925598
0.0275659561157
0.0282258987427
0.0288820266724
0.0322930812836
0.033007144928
0.0336921215057
0.0344290733337
0.0227530002594
0.0240559577942
0.0256628990173
0.0280249118805
0.0278499126434
0.0293200016022
0.0302798748016
0.0309588909149
0.0277318954468
0.0285890102386
0.0292539596558
0.0299088954926
0.0297839641571
0.0305240154266
0.0312240123749
0.0319018363953
0.0293800830841
0.0304811000824
0.0318171977997
0.0331270694733
0.0262808799744
0.0270779132843
0.027872800827
0.0286757946014
0.0252771377563
0.0261571407318
0.0270011425018
0.0277271270752
0.0268979072571
0.0277709960938
0.0285458564758
0.0294878482819
0.0290720462799
0.0297870635986
0.0304200649261
0.0312168598175
0.0415461063385
0.0423901081085
0.043231010437
0.0440189838409
0.0312809944153
0.0319139957428
0.032655954361
0.0340139865875
0.0269219875336
0.027107000351
0.0272650718689
0.0274209976196
0.029009103775
0.0297241210938
0.0305149555206
0.0312230587006
0.0694708824158
0.070524930954
0.0715439319611
0.072557926178
0.0273931026459
0.0289070606232
0.0295450687408
0.0303270816803
0.0285317897797
0.0295209884644
0.0302639007568
0.0309629440308
0.032557964325
0.0335841178894
0.0345270633698
0.0363569259644
0.0273170471191
0.0274910926819
0.0276479721069
0.031683921814
0.0315401554108
0.031720161438
0.0331101417542
0.0375080108643
0.0329871177673
0.0331699848175
0.0345830917358
0.0377230644226
0.0267019271851
0.0269248485565
0.027086019516
0.0272409915924
0.02494597435
0.0251460075378
0.0253279209137
0.0254979133606
0.0308439731598
0.0310518741608
0.031219959259
0.0314009189606
0.0331609249115
0.0336589813232
0.0341300964355
0.0345869064331
0.0642991065979
0.0647311210632
0.064994096756
0.0653932094574
0.0325429439545
0.032763004303
0.03293800354
0.0331070423126
0.0393691062927
0.0404689311981
0.0406379699707
0.0424299240112
0.0539491176605
0.054172039032
0.0587661266327
0.0618951320648
0.088595867157
0.0890300273895
0.0892419815063
0.0894238948822
0.0271561145782
0.0273451805115
0.0313160419464
0.0337300300598
0.0273129940033
0.0275039672852
0.0276601314545
0.0278151035309
0.0263152122498
0.0265171527863
0.0266971588135
0.0268771648407
0.0303869247437
0.0305941104889
0.0307750701904
0.0309491157532
0.0281510353088
0.0283629894257
0.0285131931305
0.0286540985107
0.0259168148041
0.0261209011078
0.0262858867645
0.0264320373535
0.0220589637756
0.0233039855957
0.0236220359802
0.0252029895782
0.0321950912476
0.0324511528015
0.0326821804047
0.0407531261444
0.0246908664703
0.0248520374298
0.0253140926361
0.0272960662842
0.0274472236633
0.0276031494141
0.0277481079102
0.0278902053833
0.0230631828308
0.0232961177826
0.0240139961243
0.0255870819092
0.0248639583588
0.0250511169434
0.0265870094299
0.0288200378418
0.0264439582825
0.0266060829163
0.0267510414124
0.0269029140472
0.0295391082764
0.0297291278839
0.0299100875854
0.0348269939423
0.0283651351929
0.0285489559174
0.0287110805511
0.028872013092
0.0242719650269
0.024482011795
0.0260128974915
0.0291368961334
0.0340900421143
0.0343010425568
0.0344698429108
0.0346488952637
0.0221581459045
0.0223219394684
0.0224800109863
0.0229489803314
0.0279622077942
0.0281481742859
0.0283031463623
0.0284640789032
0.0272200107574
0.0273921489716
0.0275490283966
0.0277070999146
0.0278351306915
0.0279881954193
0.0281481742859
0.0283081531525
0.0259289741516
0.0261080265045
0.0262849330902
0.0264480113983
0.0256569385529
0.0258469581604
0.0260140895844
0.0261940956116
0.0266270637512
0.0268349647522
0.0270318984985
0.0272228717804
0.0398228168488
0.0399949550629
0.0401608943939
0.040323972702
0.0286498069763
0.0288228988647
0.0289759635925
0.0291237831116
0.0261738300323
0.0264039039612
0.0266089439392
0.0268149375916
0.0267341136932
0.0268921852112
0.0270371437073
0.027184009552
0.0873198509216
0.0879099369049
0.0884928703308
0.0890769958496
0.0252659320831
0.0260019302368
0.0267190933228
0.0274329185486
0.0388350486755
0.0394458770752
0.0437009334564
0.0468320846558
0.0592288970947
0.0602459907532
0.0612280368805
0.0622160434723
0.0609550476074
0.0661458969116
0.0667181015015
0.067272901535
0.0621321201324
0.0626740455627
0.0671591758728
0.0721700191498
0.0636229515076
0.0642120838165
0.0647580623627
0.0652780532837
0.0314891338348
0.0320689678192
0.0326371192932
0.0331990718842
0.0276439189911
0.0281589031219
0.0286347866058
0.029079914093
0.0283169746399
0.0286149978638
0.0363070964813
0.0380589962006
0.0285518169403
0.0287358760834
0.0289030075073
0.0290739536285
0.0221199989319
0.0223360061646
0.0225300788879
0.0245790481567
0.0286250114441
0.028932094574
0.0292160511017
0.0294959545135
0.0343761444092
0.034716129303
0.035019159317
0.0352971553802
0.0310251712799
0.0313351154327
0.0316150188446
0.0318870544434
0.0271599292755
0.0277848243713
0.0283029079437
0.0343568325043
0.042631149292
0.0430660247803
0.0432960987091
0.0436611175537
0.0445420742035
0.0449600219727
0.0454051494598
0.0456399917603
0.0419139862061
0.0428740978241
0.043329000473
0.0435218811035
0.0433320999146
0.0435791015625
0.0438170433044
0.0441610813141
0.0316660404205
0.0318570137024
0.0320320129395
0.0321888923645
0.0707659721375
0.0711538791656
0.0715410709381
0.0717380046844
0.0281579494476
0.0286889076233
0.0290200710297
0.0293588638306
0.0392549037933
0.0394999980927
0.0396800041199
0.0398499965668
0.0376989841461
0.0380959510803
0.03852891922
0.0387759208679
0.0335059165955
0.0339550971985
0.0341610908508
0.0343210697174
0.0317041873932
0.0318691730499
0.0320270061493
0.032252073288
0.0347929000854
0.0349678993225
0.0351278781891
0.0352828502655
0.0400462150574
0.0402591228485
0.0404601097107
0.0406541824341
0.0318160057068
0.0320000648499
0.0321578979492
0.0323169231415
0.0317351818085
0.0319499969482
0.0321450233459
0.0374112129211
0.0307149887085
0.0308961868286
0.0310580730438
0.0312170982361
0.0296869277954
0.0298619270325
0.0300109386444
0.0301599502563
0.0310490131378
0.0312139987946
0.0313649177551
0.0315079689026
0.0349490642548
0.0351181030273
0.0352709293365
0.0354149341583
0.0283069610596
0.0285270214081
0.0287480354309
0.0289368629456
0.0311770439148
0.031387090683
0.0315861701965
0.0317761898041
0.0400710105896
0.0403740406036
0.0406649112701
0.0452840328217
0.0293579101562
0.0295279026031
0.0296730995178
0.0298309326172
0.0431299209595
0.0434160232544
0.0435919761658
0.0438408851624
0.0299820899963
0.0303890705109
0.0306260585785
0.0308010578156
0.0256741046906
0.0258560180664
0.026022195816
0.0261840820312
0.0340991020203
0.0346488952637
0.0348980426788
0.0355889797211
0.0351929664612
0.035796880722
0.0367538928986
0.0376667976379
0.0318219661713
0.0324420928955
0.0337359905243
0.0345010757446
0.0319418907166
0.0349719524384
0.0357508659363
0.0364098548889
0.028116941452
0.0290620326996
0.0296950340271
0.0303239822388
0.0316479206085
0.0327010154724
0.0333108901978
0.0335910320282
0.0428380966187
0.0435230731964
0.0440089702606
0.0448451042175
0.0264279842377
0.0266349315643
0.0268580913544
0.0279581546783
0.0304079055786
0.0305690765381
0.0307190418243
0.0308799743652
0.0500321388245
0.0507810115814
0.0511991977692
0.0517821311951
0.0320842266083
0.0326790809631
0.0331170558929
0.0335822105408
0.0307340621948
0.0318610668182
0.0328710079193
0.0340011119843
0.0264749526978
0.0273280143738
0.0281620025635
0.029109954834
0.0324370861053
0.0333161354065
0.0341780185699
0.0350830554962
0.0317230224609
0.0325210094452
0.033182144165
0.0338251590729
0.0325560569763
0.0331490039825
0.0335779190063
0.0375938415527
0.0443820953369
0.0450789928436
0.0455410480499
0.0465159416199
0.0444390773773
0.0453939437866
0.046373128891
0.0472559928894
0.0320739746094
0.0327279567719
0.033392906189
0.0340371131897
0.0348210334778
0.0356578826904
0.0364260673523
0.0371909141541
0.0326108932495
0.0333268642426
0.0342099666595
0.0350799560547
0.0345728397369
0.0353689193726
0.0361797809601
0.0398569107056
0.0448751449585
0.0451281070709
0.0455300807953
0.0459871292114
0.0332939624786
0.0339481830597
0.0346040725708
0.0352439880371
0.0348827838898
0.0355567932129
0.0363628864288
0.0371038913727
0.0300898551941
0.0307719707489
0.0315389633179
0.0323300361633
0.0265729427338
0.0273950099945
0.0279660224915
0.0289089679718
0.0427260398865
0.0429048538208
0.0430529117584
0.0432028770447
0.0270199775696
0.0271909236908
0.0273399353027
0.0274829864502
0.0239489078522
0.0241730213165
0.0243530273438
0.0245628356934
0.026652097702
0.0268120765686
0.0269720554352
0.0271339416504
0.0259890556335
0.0261499881744
0.0263330936432
0.0264749526978
0.0282649993896
0.0292890071869
0.0300779342651
0.0307478904724
0.0247540473938
0.0253419876099
0.0260090827942
0.0282459259033
0.0369760990143
0.0378510951996
0.0385789871216
0.0391850471497
0.0450208187103
0.0457048416138
0.0463588237762
0.0471107959747
0.0378198623657
0.0384938716888
0.0392410755157
0.0398750305176
0.0299549102783
0.0307989120483
0.0327508449554
0.0368947982788
0.0328629016876
0.0337300300598
0.0343508720398
0.0350029468536
0.0308978557587
0.0318179130554
0.0325520038605
0.033262014389
0.0256719589233
0.0258989334106
0.0332429409027
0.0357098579407
0.0294160842896
0.0296590328217
0.0298712253571
0.0300710201263
0.0325539112091
0.0337979793549
0.0345420837402
0.0352129936218
0.0333371162415
0.0345780849457
0.0355870723724
0.0365061759949
0.025897026062
0.0267429351807
0.0274360179901
0.0282979011536
0.0271039009094
0.0278260707855
0.0284910202026
0.0291419029236
0.0329020023346
0.0336120128632
0.0343689918518
0.0350689888
0.028636932373
0.0293810367584
0.0300118923187
0.0306289196014
0.0353491306305
0.0365469455719
0.0373480319977
0.0381300449371
0.0285248756409
0.0292990207672
0.0299019813538
0.0306069850922
0.0296900272369
0.0304269790649
0.031142950058
0.0318698883057
0.0363750457764
0.0365788936615
0.036759853363
0.0369338989258
0.0704669952393
0.0709960460663
0.0711979866028
0.0714201927185
0.0324370861053
0.0326371192932
0.0347461700439
0.0378401279449
0.0283410549164
0.0285880565643
0.028776884079
0.0289509296417
0.0231559276581
0.023973941803
0.0254919528961
0.0267288684845
0.0417230129242
0.0549299716949
0.0551090240479
0.0552659034729
0.0314769744873
0.0316469669342
0.0323510169983
0.0332050323486
0.0292341709137
0.029942035675
0.0304980278015
0.0309171676636
0.0294380187988
0.0300271511078
0.0306100845337
0.0311810970306
0.0331799983978
0.0340368747711
0.0348839759827
0.0356619358063
0.0316500663757
0.032567024231
0.0331761837006
0.033910036087
0.0421719551086
0.0429999828339
0.0437240600586
0.0443859100342
0.0333318710327
0.0339848995209
0.0346398353577
0.0352408885956
0.0266020298004
0.0272600650787
0.0278038978577
0.0283989906311
0.022561788559
0.0236737728119
0.0257229804993
0.0272278785706
0.0285398960114
0.02911901474
0.0299379825592
0.0304448604584
0.0260560512543
0.0270011425018
0.0279979705811
0.0290350914001
0.0321521759033
0.032860994339
0.0335001945496
0.034154176712
0.0705471038818
0.0730090141296
0.0736749172211
0.0743999481201
0.02406001091
0.0247740745544
0.0255179405212
0.0263140201569
0.0344099998474
0.0351550579071
0.0358700752258
0.0365471839905
0.0332138538361
0.0340390205383
0.0347559452057
0.0353980064392
0.0727369785309
0.0730469226837
0.0736219882965
0.0785160064697
0.0274040699005
0.027694940567
0.0279769897461
0.028254032135
0.0256578922272
0.0259010791779
0.0260701179504
0.02623295784
0.0254621505737
0.0256361961365
0.0257840156555
0.0259301662445
0.0371668338776
0.0377290248871
0.0386497974396
0.0454468727112
0.0329101085663
0.0364689826965
0.0367829799652
0.0379629135132
0.0340721607208
0.0347921848297
0.0356771945953
0.0363900661469
0.0245950222015
0.0253000259399
0.0259599685669
0.0266070365906
0.0259110927582
0.026535987854
0.027312040329
0.0279529094696
0.029027223587
0.0298271179199
0.0306351184845
0.0457091331482
0.0267548561096
0.0273189544678
0.0278248786926
0.0283448696136
0.0298240184784
0.0300369262695
0.0302150249481
0.03040599823
0.0274651050568
0.028459072113
0.0296421051025
0.0302820205688
0.0271019935608
0.0272860527039
0.0274331569672
0.0276160240173
0.0288259983063
0.0290169715881
0.0291998386383
0.0293779373169
0.0289840698242
0.0292780399323
0.0295660495758
0.0298960208893
0.0274710655212
0.0276339054108
0.0277800559998
0.0279588699341
0.0273959636688
0.0275721549988
0.0277509689331
0.0279030799866
0.0269141197205
0.0271129608154
0.0272741317749
0.027440071106
0.0262989997864
0.0265130996704
0.0267131328583
0.026908159256
0.0287730693817
0.0289721488953
0.0291440486908
0.0293090343475
0.0272481441498
0.0280599594116
0.0288140773773
0.0295770168304
0.0329160690308
0.0335099697113
0.0340740680695
0.0346190929413
0.0365619659424
0.0368089675903
0.0371980667114
0.0374109745026
0.035138130188
0.0353031158447
0.0354571342468
0.0356199741364
0.0339319705963
0.034411907196
0.0352659225464
0.0360929965973
0.0350549221039
0.0357658863068
0.0365908145905
0.0373449325562
0.0269169807434
0.0270969867706
0.0272381305695
0.0274040699005
0.0284140110016
0.0285949707031
0.0287518501282
0.0289158821106
0.0276539325714
0.0278329849243
0.0279860496521
0.0281391143799
0.0326769351959
0.0328838825226
0.0422990322113
0.0448551177979
0.0269858837128
0.0271830558777
0.0273640155792
0.0407660007477
0.0252180099487
0.0257019996643
0.0263500213623
0.0266129970551
0.0246798992157
0.0254778862
0.0263249874115
0.027370929718
0.0338020324707
0.0348091125488
0.0378630161285
0.0402541160583
0.0267999172211
0.0272469520569
0.0278079509735
0.0285429954529
0.0369000434875
0.0376570224762
0.0385320186615
0.0394089221954
0.0272710323334
0.0274641513824
0.0276260375977
0.0278141498566
0.0224289894104
0.0225830078125
0.0227270126343
0.0229618549347
0.0291872024536
0.0294442176819
0.0296771526337
0.0298850536346
0.0327379703522
0.0329251289368
0.0345001220703
0.0350489616394
0.0371310710907
0.0373251438141
0.0374870300293
0.0379459857941
0.0292489528656
0.0306529998779
0.0316829681396
0.0334210395813
0.032044172287
0.0363411903381
0.0390901565552
0.0397760868073
0.0271241664886
0.027291059494
0.0274441242218
0.0275940895081
0.0290989875793
0.0292708873749
0.0294239521027
0.0295670032501
0.0281720161438
0.028333902359
0.0284798145294
0.0286269187927
0.0270709991455
0.027293920517
0.0274980068207
0.0278949737549
0.0291600227356
0.0293369293213
0.029501914978
0.0296609401703
0.0276699066162
0.0278880596161
0.0280900001526
0.0282919406891
0.0277419090271
0.0284049510956
0.0291740894318
0.0315089225769
0.024689912796
0.0248720645905
0.0250339508057
0.025239944458
0.0326371192932
0.0329120159149
0.0331490039825
0.0335440635681
0.0536820888519
0.0550780296326
0.0559689998627
0.061243057251
0.0259840488434
0.0272669792175
0.0282869338989
0.0293810367584
0.0490081310272
0.0491750240326
0.0493371486664
0.0494940280914
0.0300340652466
0.0321829319
0.0324950218201
0.0343551635742
0.0310230255127
0.0313239097595
0.038113117218
0.039400100708
0.0369970798492
0.0372271537781
0.0374350547791
0.0376319885254
0.0402672290802
0.0404331684113
0.0405821800232
0.0414280891418
0.0301079750061
0.0308079719543
0.0314691066742
0.0320870876312
0.0290899276733
0.0299699306488
0.030641078949
0.0312988758087
0.0289349555969
0.0298597812653
0.0308589935303
0.0325489044189
0.0260021686554
0.0267350673676
0.0274021625519
0.028106212616
0.0304670333862
0.0311648845673
0.0318810939789
0.0327389240265
0.0402760505676
0.0422520637512
0.0431921482086
0.0441172122955
0.0403678417206
0.0405538082123
0.0407428741455
0.0409228801727
0.0334420204163
0.0336961746216
0.033931016922
0.0341579914093
0.0257289409637
0.0259120464325
0.0260710716248
0.026230096817
0.0240750312805
0.0242488384247
0.0244028568268
0.0253939628601
0.0255670547485
0.0257411003113
0.0258960723877
0.0260500907898
0.0281240940094
0.0283100605011
0.0284950733185
0.0286591053009
0.0258247852325
0.0259897708893
0.0261387825012
0.0262849330902
0.0276010036469
0.0277779102325
0.0279450416565
0.0281081199646
0.025887966156
0.0260648727417
0.0262110233307
0.0263559818268
0.0257790088654
0.0259580612183
0.026104927063
0.0262470245361
0.0255899429321
0.0257699489594
0.0259149074554
0.0260539054871
0.0283608436584
0.0285420417786
0.0287048816681
0.0290548801422
0.0361700057983
0.0369071960449
0.037721157074
0.0383670330048
0.0267119407654
0.0278389453888
0.0288228988647
0.0295858383179
0.0356888771057
0.0360870361328
0.0364589691162
0.0368938446045
0.0281231403351
0.0284209251404
0.0288350582123
0.0293030738831
0.0263741016388
0.0271129608154
0.0277609825134
0.0284209251404
0.0315110683441
0.0420370101929
0.0425789356232
0.0431730747223
0.0306899547577
0.0313429832458
0.0319931507111
0.0327761173248
0.0397720336914
0.0409240722656
0.0436420440674
0.0442960262299
0.0299108028412
0.0305578708649
0.0311839580536
0.031790971756
0.0315520763397
0.0323340892792
0.0329961776733
0.033842086792
0.0329618453979
0.0331599712372
0.0333399772644
0.0335268974304
0.0321929454803
0.0323779582977
0.0325679779053
0.0328798294067
0.0397548675537
0.0402829647064
0.0409829616547
0.0416219234467
0.0378711223602
0.0391891002655
0.0397951602936
0.0405280590057
0.029000043869
0.0320110321045
0.0330028533936
0.0337588787079
0.0413780212402
0.0424580574036
0.0431530475616
0.0461690425873
0.0324401855469
0.0332159996033
0.0339350700378
0.0346601009369
0.0279779434204
0.0284509658813
0.0291218757629
0.0298268795013
0.0319721698761
0.0327651500702
0.0333840847015
0.0340511798859
0.0287492275238
0.0291540622711
0.0295600891113
0.0298111438751
0.0393650531769
0.0399270057678
0.0408198833466
0.0415930747986
0.0261569023132
0.0270259380341
0.0275731086731
0.0285530090332
0.028312921524
0.0287079811096
0.0288889408112
0.0290608406067
0.0269739627838
0.0277981758118
0.0285711288452
0.0292870998383
0.0319850444794
0.0327839851379
0.0335800647736
0.0345611572266
0.0305490493774
0.0310840606689
0.0313460826874
0.031760931015
0.0497958660126
0.0501530170441
0.0532078742981
0.0553998947144
0.0822260379791
0.0826418399811
0.083065032959
0.0834820270538
0.045902967453
0.046648979187
0.0472588539124
0.0479209423065
0.0458559989929
0.0466268062592
0.0480978488922
0.0487937927246
0.0463700294495
0.0480840206146
0.048574924469
0.0489020347595
0.0266580581665
0.027440071106
0.0281081199646
0.0287499427795
0.0323550701141
0.0328090190887
0.0333669185638
0.033919095993
0.0294229984283
0.0295989513397
0.0297608375549
0.0306959152222
0.031702041626
0.0325889587402
0.0332911014557
0.0340321063995
0.0338840484619
0.0396790504456
0.0402801036835
0.040796995163
0.0273041725159
0.0274829864502
0.0276570320129
0.0278191566467
0.0348529815674
0.0351629257202
0.0362219810486
0.0368440151215
0.0325889587402
0.0327870845795
0.0329461097717
0.0331060886383
0.029776096344
0.0299310684204
0.0301139354706
0.0302550792694
0.0296928882599
0.0299768447876
0.0311048030853
0.0334529876709
0.0329968929291
0.0332090854645
0.0333540439606
0.0334990024567
0.02818608284
0.028373003006
0.0285339355469
0.0286939144135
0.0303070545197
0.0305030345917
0.0306651592255
0.0308179855347
0.0253028869629
0.0255060195923
0.025680065155
0.0258500576019
0.0273818969727
0.0277638435364
0.0279729366302
0.0300319194794
0.0324699878693
0.0347249507904
0.0370647907257
0.0394129753113
0.0284070968628
0.0289070606232
0.0295560359955
0.0301730632782
0.0254468917847
0.0256149768829
0.0257649421692
0.0259118080139
0.0289299488068
0.0291240215302
0.0293030738831
0.0294740200043
0.0245819091797
0.0248029232025
0.0249609947205
0.0323688983917
0.0275030136108
0.0276718139648
0.0278179645538
0.0279669761658
0.0310430526733
0.0312950611115
0.0315370559692
0.0317490100861
0.0266602039337
0.0268251895905
0.0269730091095
0.0271329879761
0.046648979187
0.0468239784241
0.0469889640808
0.0471489429474
0.0636370182037
0.0638558864594
0.0688359737396
0.0708589553833
0.0288751125336
0.036484003067
0.03799700737
0.0428640842438
0.0290939807892
0.0293309688568
0.0295331478119
0.0297050476074
0.0297269821167
0.0335290431976
0.0343790054321
0.0351469516754
0.0591011047363
0.0599360466003
0.0606100559235
0.0613441467285
0.0308170318604
0.0315611362457
0.0321900844574
0.0329070091248
0.0326421260834
0.0335371494293
0.0342490673065
0.0350301265717
0.0351598262787
0.0358459949493
0.0364949703217
0.0373578071594
0.0351779460907
0.0357949733734
0.0366668701172
0.0390207767487
0.0289092063904
0.0297350883484
0.0304980278015
0.0311710834503
0.0369098186493
0.0374598503113
0.0382628440857
0.0389938354492
0.0296609401703
0.0477089881897
0.0481131076813
0.0486509799957
0.0320651531219
0.0332901477814
0.034471988678
0.0356011390686
0.0576770305634
0.0583300590515
0.0593619346619
0.0599858760834
0.0440971851349
0.0443320274353
0.0444881916046
0.0446381568909
0.0341098308563
0.0342748165131
0.0344188213348
0.034569978714
0.0295250415802
0.0297088623047
0.0298709869385
0.0300419330597
0.0330059528351
0.0331890583038
0.0333459377289
0.033506155014
0.0287239551544
0.0289030075073
0.0290629863739
0.0292150974274
0.0272650718689
0.0275540351868
0.0277252197266
0.0418419837952
0.032684803009
0.0328869819641
0.0330498218536
0.0332088470459
0.0279819965363
0.028156042099
0.0283031463623
0.028440952301
0.0286688804626
0.0288460254669
0.0290069580078
0.0291659832001
0.0266189575195
0.0267908573151
0.0269508361816
0.0271158218384
0.0278160572052
0.0285329818726
0.0292000770569
0.0298120975494
0.0347759723663
0.0353229045868
0.0358500480652
0.0363690853119
0.0325818061829
0.0327718257904
0.0329349040985
0.0330958366394
0.0274610519409
0.0276601314545
0.0278379917145
0.0280001163483
0.0251250267029
0.0253221988678
0.0254950523376
0.0256631374359
0.021959066391
0.0221440792084
0.0223119258881
0.0224721431732
0.0275909900665
0.0277700424194
0.0279259681702
0.0280840396881
0.0253369808197
0.0255861282349
0.0258190631866
0.0260369777679
0.0321290493011
0.0323240756989
0.0325040817261
0.0327000617981
0.0476620197296
0.0478591918945
0.0480160713196
0.0484421253204
0.0514049530029
0.0518901348114
0.0523581504822
0.0526120662689
0.0448348522186
0.0453608036041
0.0461118221283
0.0467908382416
0.0716149806976
0.0721621513367
0.0725541114807
0.07310795784
0.0343599319458
0.0348460674286
0.0355679988861
0.036299943924
0.0274531841278
0.0282151699066
0.0286350250244
0.0291512012482
0.0257539749146
0.0265278816223
0.0273239612579
0.028256893158
0.0374391078949
0.0383820533752
0.039263010025
0.040344953537
0.0441410541534
0.04474401474
0.0453109741211
0.0458719730377
0.0212340354919
0.0214369297028
0.0216100215912
0.021782875061
0.0325081348419
0.0334250926971
0.0337810516357
0.0346221923828
0.0422420501709
0.0424199104309
0.0425848960876
0.0427529811859
0.0289928913116
0.0297610759735
0.0303859710693
0.0341069698334
0.0308618545532
0.031672000885
0.0324788093567
0.0332379341125
0.0302810668945
0.0314991474152
0.0322890281677
0.0329821109772
0.0325300693512
0.0333330631256
0.0340511798859
0.0347821712494
0.023491859436
0.0243799686432
0.0252280235291
0.0259020328522
0.0257239341736
0.0265848636627
0.0272698402405
0.0280258655548
0.028687953949
0.0295679569244
0.0305089950562
0.0315299034119
0.0327730178833
0.0334601402283
0.0341770648956
0.0348269939423
0.0281920433044
0.0293169021606
0.0302679538727
0.0312879085541
0.0283398628235
0.0290389060974
0.0297780036926
0.0304939746857
0.0315260887146
0.0323250293732
0.0330278873444
0.0337040424347
0.0624420642853
0.0630130767822
0.0635828971863
0.0641400814056
0.0583500862122
0.0590240955353
0.0596830844879
0.0603370666504
0.0258479118347
0.026458978653
0.0271010398865
0.0276370048523
0.0368690490723
0.0374441146851
0.0379781723022
0.0384910106659
0.038565158844
0.0390920639038
0.0396029949188
0.0401060581207
0.0373499393463
0.0378711223602
0.038379907608
0.0461559295654
0.0284020900726
0.0290999412537
0.0297491550446
0.0303790569305
0.0316071510315
0.0318140983582
0.0320110321045
0.0322041511536
0.0254588127136
0.0256569385529
0.025839805603
0.0260019302368
0.0365588665009
0.036740064621
0.0368988513947
0.0370590686798
0.0327861309052
0.0332930088043
0.0337111949921
0.0341100692749
0.0304930210114
0.0327160358429
0.0335278511047
0.0344760417938
0.0721018314362
0.0726020336151
0.0730829238892
0.0734689235687
0.0272269248962
0.0279719829559
0.0310008525848
0.0340819358826
0.0396111011505
0.0397939682007
0.0399570465088
0.0401389598846
0.038595199585
0.0389120578766
0.0396800041199
0.0431730747223
0.0360689163208
0.0362529754639
0.0364089012146
0.0365669727325
0.0310649871826
0.0312631130219
0.0366640090942
0.0376331806183
0.0281500816345
0.0290269851685
0.0297040939331
0.0303189754486
0.0461809635162
0.0469279289246
0.0475609302521
0.0485508441925
0.0366129875183
0.0368101596832
0.0369920730591
0.0371680259705
0.0275402069092
0.0277450084686
0.0278861522675
0.0280311107635
0.0303380489349
0.0305490493774
0.0307788848877
0.0311629772186
0.0367770195007
0.0370848178864
0.0372889041901
0.0378079414368
0.0552971363068
0.0558040142059
0.0562300682068
0.0568470954895
0.0328989028931
0.0330739021301
0.033243894577
0.0334119796753
0.0318379402161
0.0320098400116
0.032173871994
0.0323348045349
0.0356600284576
0.0358440876007
0.0360131263733
0.036187171936
0.0315389633179
0.0317318439484
0.0319390296936
0.0321159362793
0.0286350250244
0.0288088321686
0.0290038585663
0.0304279327393
0.0362560749054
0.0364391803741
0.0365991592407
0.0367641448975
0.0356471538544
0.0358860492706
0.0360980033875
0.0363101959229
0.0303161144257
0.0305080413818
0.0306739807129
0.0308411121368
0.0300118923187
0.0307059288025
0.0311698913574
0.0317859649658
0.0284578800201
0.0292739868164
0.0298528671265
0.0304620265961
0.0259540081024
0.0266740322113
0.0272221565247
0.0278911590576
0.0264911651611
0.0269620418549
0.0279531478882
0.029139995575
0.0294690132141
0.0296199321747
0.029757976532
0.0299298763275
0.0494990348816
0.0496900081635
0.0498881340027
0.0500512123108
0.0282909870148
0.0284678936005
0.0286350250244
0.0287969112396
0.0519368648529
0.0521008968353
0.0522439479828
0.0524079799652
0.035285949707
0.0354690551758
0.0356299877167
0.0357921123505
0.0303859710693
0.0305500030518
0.0306987762451
0.0308508872986
0.0300641059875
0.0302419662476
0.0346910953522
0.0358829498291
0.0298540592194
0.0300750732422
0.0302889347076
0.0320661067963
0.0328190326691
0.0331439971924
0.0333950519562
0.0338051319122
0.028048992157
0.0282521247864
0.0285840034485
0.0301971435547
0.0272269248962
0.0275859832764
0.0277829170227
0.0287549495697
0.0310912132263
0.0312762260437
0.0316801071167
0.0319042205811
0.0266678333282
0.0272397994995
0.0284399986267
0.0320718288422
0.029326915741
0.0314679145813
0.0344009399414
0.0361409187317
0.0345430374146
0.0347411632538
0.0349071025848
0.0351281166077
0.0265529155731
0.0273098945618
0.0282819271088
0.0289928913116
0.0220861434937
0.0229439735413
0.0237600803375
0.0249061584473
0.0256369113922
0.0267789363861
0.0282118320465
0.033716917038
0.040342092514
0.040990114212
0.0414979457855
0.0420100688934
0.0301101207733
0.0306341648102
0.0440821647644
0.0446569919586
0.0332782268524
0.0338401794434
0.0343911647797
0.0363841056824
0.0259940624237
0.0306911468506
0.0327711105347
0.0340030193329
0.0280230045319
0.0285592079163
0.0290820598602
0.0425910949707
0.0244448184967
0.0266349315643
0.0279619693756
0.0290448665619
0.0368888378143
0.0370378494263
0.0371689796448
0.0373039245605
0.0327589511871
0.0329210758209
0.033066034317
0.0332288742065
0.0351228713989
0.0357859134674
0.0363450050354
0.0368859767914
0.0323419570923
0.0331449508667
0.0337929725647
0.0344910621643
0.0345878601074
0.0356779098511
0.0366659164429
0.0388300418854
0.0371541976929
0.0380790233612
0.0396971702576
0.040431022644
0.0396189689636
0.0397639274597
0.0399069786072
0.0400769710541
0.0337948799133
0.033971786499
0.0341339111328
0.0342919826508
0.0534338951111
0.0536079406738
0.0537700653076
0.053925037384
0.032931804657
0.0331900119781
0.0394058227539
0.0402488708496
0.0314419269562
0.0316770076752
0.0318880081177
0.032564163208
0.0310831069946
0.0313391685486
0.0315721035004
0.0322721004486
0.034823179245
0.034991979599
0.0351350307465
0.0360021591187
0.0340299606323
0.0342009067535
0.0343508720398
0.034500837326
0.0266308784485
0.0277278423309
0.028450012207
0.029317855835
0.03773188591
0.0386698246002
0.03937292099
0.0427570343018
0.0385940074921
0.0395910739899
0.0413100719452
0.0423049926758
0.0326430797577
0.0333888530731
0.0340950489044
0.0347208976746
0.0419280529022
0.0421779155731
0.0423228740692
0.0424609184265
0.0351819992065
0.0353760719299
0.0355379581451
0.0356991291046
0.0895600318909
0.0897300243378
0.0901861190796
0.0920519828796
0.02681183815
0.0273478031158
0.0279068946838
0.0284960269928
0.0344970226288
0.0383501052856
0.039852142334
0.0429830551147
0.0478389263153
0.0485289096832
0.0493137836456
0.0499308109283
0.0587089061737
0.0592927932739
0.059889793396
0.0606009960175
0.0318131446838
0.0324940681458
0.034187078476
0.0356590747833
0.0309770107269
0.0316751003265
0.0323340892792
0.0330419540405
0.0273599624634
0.028028011322
0.0287139415741
0.0294089317322
0.032172203064
0.0329260826111
0.0335540771484
0.0341911315918
0.0377368927002
0.0379328727722
0.0380799770355
0.0382268428802
0.0581290721893
0.0583121776581
0.067449092865
0.0696930885315
0.0703248977661
0.0705480575562
0.0707449913025
0.0709359645844
0.0318789482117
0.0320379734039
0.0321888923645
0.0323269367218
0.0356211662292
0.0357990264893
0.0359652042389
0.0361220836639
0.031023979187
0.0311958789825
0.0313429832458
0.0317599773407
0.0349209308624
0.0352020263672
0.0354499816895
0.0356991291046
0.0242550373077
0.0244789123535
0.02468085289
0.0248730182648
0.0337519645691
0.033931016922
0.0340938568115
0.0342478752136
0.025356054306
0.0255310535431
0.0270621776581
0.0285971164703
0.0306859016418
0.0308418273926
0.0310039520264
0.0311498641968
0.0343050956726
0.0344860553741
0.0346450805664
0.0348069667816
0.0271639823914
0.0273311138153
0.0274770259857
0.0276429653168
0.0338008403778
0.0339608192444
0.034108877182
0.0342478752136
0.0320248603821
0.0322158336639
0.0326008796692
0.0332078933716
0.0229420661926
0.0234010219574
0.023668050766
0.0242199897766
0.0269041061401
0.027095079422
0.0272660255432
0.0276200771332
0.024955034256
0.0251350402832
0.0252938270569
0.0302238464355
0.0270788669586
0.0274090766907
0.0277469158173
0.0280900001526
0.0315709114075
0.0318608283997
0.0324239730835
0.03271484375
0.0359599590302
0.0370998382568
0.0378639698029
0.0386128425598
0.035542011261
0.0362350940704
0.0368590354919
0.0375790596008
0.0272397994995
0.0281507968903
0.0288469791412
0.0295968055725
0.0396881103516
0.0401930809021
0.0406699180603
0.0409741401672
0.0278429985046
0.0282559394836
0.0284998416901
0.0286679267883
0.0317471027374
0.0319559574127
0.0321381092072
0.0323190689087
0.0287909507751
0.0289750099182
0.0291719436646
0.029522895813
0.0241951942444
0.024393081665
0.0245962142944
0.0249261856079
0.0276010036469
0.0278491973877
0.0282361507416
0.0286512374878
0.0264608860016
0.0269689559937
0.0274450778961
0.0278968811035
0.0311810970306
0.031375169754
0.0410351753235
0.0445330142975
0.0283329486847
0.0291850566864
0.0298280715942
0.0305650234222
0.0515639781952
0.0517649650574
0.0519640445709
0.0521581172943
0.0661580562592
0.0663111209869
0.0676779747009
0.0687539577484
0.0467870235443
0.0469510555267
0.0470979213715
0.0472469329834
0.0437581539154
0.0439159870148
0.0479981899261
0.0526990890503
0.0273149013519
0.0274939537048
0.0276570320129
0.0278098583221
0.0534718036652
0.0536649227142
0.0538468360901
0.0624508857727
0.0310709476471
0.0319950580597
0.032881975174
0.0337679386139
0.0356209278107
0.0372619628906
0.0385119915009
0.0409150123596
0.0265200138092
0.0268158912659
0.0271389484406
0.0299689769745
0.0348119735718
0.035120010376
0.04900598526
0.0492839813232
0.0312118530273
0.0313940048218
0.0347318649292
0.0348980426788
0.0331289768219
0.0339019298553
0.0438659191132
0.044499874115
0.0475070476532
0.0482909679413
0.0489149093628
0.0497419834137
0.0444657802582
0.0452699661255
0.0459308624268
0.0466017723083
0.0698449611664
0.0706100463867
0.0713350772858
0.0720329284668
0.0378389358521
0.0386168956757
0.0392708778381
0.039932012558
0.0368330478668
0.0375421047211
0.0382289886475
0.038910150528
0.0278789997101
0.0285308361053
0.0291938781738
0.0298647880554
0.0387020111084
0.0388598442078
0.0462288856506
0.0464079380035
0.0390071868896
0.03919506073
0.039361000061
0.0395200252533
0.0529689788818
0.0531489849091
0.053307056427
0.0534780025482
0.0326578617096
0.036288022995
0.0398278236389
0.0412559509277
0.0291810035706
0.0297300815582
0.0302410125732
0.034234046936
0.0263118743896
0.0272850990295
0.0278079509735
0.0311880111694
0.0277178287506
0.0278768539429
0.0280208587646
0.0281620025635
0.0295000076294
0.0296659469604
0.0298368930817
0.0300030708313
0.0316109657288
0.0324311256409
0.0333430767059
0.03431391716
0.0359950065613
0.0390870571136
0.040785074234
0.045126914978
0.0429511070251
0.043121099472
0.0432698726654
0.0434138774872
0.0325570106506
0.0327360630035
0.0329110622406
0.0330650806427
0.0322139263153
0.0333499908447
0.0344319343567
0.0355260372162
0.0312459468842
0.0314228534698
0.0315868854523
0.0317468643188
0.0277590751648
0.02827501297
0.0285670757294
0.0289359092712
0.0260090827942
0.0269770622253
0.0278601646423
0.0320360660553
0.0259158611298
0.0270268917084
0.027195930481
0.0273470878601
0.0345690250397
0.0347471237183
0.0349102020264
0.0350701808929
0.0277121067047
0.0278921127319
0.0280570983887
0.028223991394
0.0265538692474
0.0267269611359
0.0268878936768
0.0270779132843
0.0290160179138
0.0292830467224
0.029482126236
0.0321731567383
0.0490419864655
0.0493280887604
0.0496199131012
0.0604050159454
0.0243110656738
0.0294809341431
0.0297899246216
0.030072927475
0.0260770320892
0.0262379646301
0.0263819694519
0.0265698432922
0.0368671417236
0.0370481014252
0.0372262001038
0.0373871326447
0.0252847671509
0.0255808830261
0.0257427692413
0.0259268283844
0.0388240814209
0.039057970047
0.0392730236053
0.0404260158539
0.0350120067596
0.0352940559387
0.0355629920959
0.0422132015228
0.0282180309296
0.0283939838409
0.0285460948944
0.0287001132965
0.0279240608215
0.0281031131744
0.0282649993896
0.0296359062195
0.0349628925323
0.0351638793945
0.0353128910065
0.0354549884796
0.036299943924
0.0365889072418
0.0440728664398
0.0471489429474
0.0343999862671
0.0347459316254
0.0350239276886
0.0354161262512
0.0332961082458
0.0336620807648
0.033951997757
0.0349860191345
0.0301120281219
0.0338008403778
0.0368008613586
0.0395970344543
0.0332899093628
0.0344390869141
0.0353360176086
0.0364990234375
0.0330209732056
0.0331830978394
0.0333631038666
0.0335330963135
0.0324158668518
0.032655954361
0.0329339504242
0.0331079959869
0.0271699428558
0.0273478031158
0.02751994133
0.0276899337769
0.0329489707947
0.0331308841705
0.0332839488983
0.0334520339966
0.0314040184021
0.0315971374512
0.0319831371307
0.0325059890747
0.0264201164246
0.0265791416168
0.0267210006714
0.0283191204071
0.0253460407257
0.0257480144501
0.0261821746826
0.0267341136932
0.0328149795532
0.0332090854645
0.0336651802063
0.034077167511
0.029944896698
0.0303838253021
0.0307970046997
0.0312459468842
0.0227708816528
0.0232989788055
0.0236058235168
0.0289919376373
0.0282130241394
0.0283889770508
0.0285489559174
0.0287189483643
0.0284562110901
0.0286521911621
0.0288321971893
0.0290031433105
0.026731967926
0.0272099971771
0.0278670787811
0.0283019542694
0.0284838676453
0.0286738872528
0.028844833374
0.0292370319366
0.0233118534088
0.0235319137573
0.0237250328064
0.0239200592041
0.0264568328857
0.0266869068146
0.0268888473511
0.0274028778076
0.030314207077
0.0308191776276
0.0312430858612
0.0316321849823
0.0265648365021
0.0267798900604
0.0269730091095
0.0273818969727
0.0285110473633
0.0287039279938
0.0290648937225
0.0295391082764
0.0346128940582
0.034795999527
0.0349588394165
0.0352849960327
0.028804063797
0.0290009975433
0.0291769504547
0.0293569564819
0.0346689224243
0.0348629951477
0.0350439548492
0.0354030132294
0.0306169986725
0.0308640003204
0.0310678482056
0.0312659740448
0.0329389572144
0.0336980819702
0.0343720912933
0.0350329875946
0.0359170436859
0.0367090702057
0.0372970104218
0.0380289554596
0.0355448722839
0.0358738899231
0.0361859798431
0.0388269424438
0.0261268615723
0.0267179012299
0.027251958847
0.0278499126434
0.0404949188232
0.0411570072174
0.0417928695679
0.0424408912659
0.0244958400726
0.0250298976898
0.0255379676819
0.0261318683624
0.0364167690277
0.0377547740936
0.0405368804932
0.0439867973328
0.0317878723145
0.032613992691
0.033430814743
0.0342628955841
0.0335609912872
0.0344369411469
0.0352740287781
0.0361731052399
0.0266618728638
0.0277090072632
0.0288009643555
0.0295658111572
0.023097038269
0.0241439342499
0.0253930091858
0.0264959335327
0.0332129001617
0.0334649085999
0.0336539745331
0.0338718891144
0.0304520130157
0.0315570831299
0.0322451591492
0.0329191684723
0.0340778827667
0.0342559814453
0.0344319343567
0.0345888137817
0.0324158668518
0.0326719284058
0.0329048633575
0.0331289768219
0.0319228172302
0.0321018695831
0.0322608947754
0.0324139595032
0.0394990444183
0.039803981781
0.0400350093842
0.0402588844299
0.035856962204
0.0360419750214
0.0361888408661
0.0373377799988
0.0270099639893
0.0271871089935
0.0273540019989
0.0274930000305
0.0420489311218
0.0422089099884
0.0423729419708
0.0425119400024
0.0221028327942
0.0222659111023
0.0224118232727
0.0225520133972
0.0273687839508
0.0275268554688
0.0276927947998
0.0322828292847
0.0382709503174
0.0384390354156
0.0430791378021
0.0433709621429
0.0479509830475
0.0489780902863
0.049889087677
0.0511660575867
0.0286109447479
0.0294239521027
0.0302090644836
0.031121969223
0.0317301750183
0.0325920581818
0.0333120822906
0.044988155365
0.0483598709106
0.049252986908
0.050183057785
0.0512149333954
0.0334191322327
0.0335869789124
0.033732175827
0.038134098053
0.0359039306641
0.0360610485077
0.0362110137939
0.0423460006714
0.028223991394
0.0297110080719
0.0306358337402
0.0319027900696
0.0268349647522
0.0276610851288
0.0284659862518
0.0290899276733
0.0305387973785
0.0313799381256
0.0320708751678
0.0327768325806
0.0307519435883
0.0310161113739
0.0311980247498
0.0313429832458
0.0255160331726
0.0257351398468
0.0259931087494
0.0262041091919
0.0399627685547
0.0401418209076
0.0403039455414
0.0404648780823
0.0273611545563
0.0275321006775
0.027684211731
0.0278291702271
0.0391461849213
0.0393061637878
0.0394501686096
0.0404291152954
0.02911901474
0.0292911529541
0.0294511318207
0.0296051502228
0.0329561233521
0.0331521034241
0.0333280563354
0.0334949493408
0.0362520217896
0.0364339351654
0.0365898609161
0.0367488861084
0.0273110866547
0.0274801254272
0.027633190155
0.0277831554413
0.0344939231873
0.03466796875
0.0348341464996
0.0349941253662
0.0323798656464
0.0325529575348
0.0327019691467
0.032851934433
0.0314979553223
0.0316798686981
0.0318419933319
0.031996011734
0.029088973999
0.0292699337006
0.0294308662415
0.0295879840851
0.0319571495056
0.0321400165558
0.0323040485382
0.0324490070343
0.027302980423
0.0274980068207
0.0276660919189
0.0278401374817
0.0415189266205
0.0416789054871
0.0418200492859
0.041965007782
0.08069896698
0.0808758735657
0.0810358524323
0.0811920166016
0.0389108657837
0.0390827655792
0.0392339229584
0.0393829345703
0.030237197876
0.030552148819
0.0308561325073
0.0312480926514
0.0287570953369
0.0301010608673
0.0310480594635
0.0331611633301
0.0294830799103
0.0296530723572
0.0298118591309
0.0299689769745
0.0343790054321
0.0347540378571
0.0351040363312
0.0425870418549
0.0298700332642
0.0302069187164
0.0308721065521
0.0319130420685
0.0286819934845
0.0297648906708
0.0304808616638
0.0309669971466
0.0340340137482
0.0342319011688
0.0346500873566
0.0351510047913
0.0301539897919
0.0304071903229
0.0306279659271
0.031179189682
0.0285449028015
0.02969789505
0.0306169986725
0.0329368114471
0.0251030921936
0.0252830982208
0.0254280567169
0.0255701541901
0.0271599292755
0.0273199081421
0.0275120735168
0.0276820659637
0.0262141227722
0.0264019966125
0.0265619754791
0.0267181396484
0.0252599716187
0.0254650115967
0.0256440639496
0.0258140563965
0.0210630893707
0.0212500095367
0.0215129852295
0.0238661766052
0.023383140564
0.023540019989
0.0332090854645
0.0336480140686
0.0261077880859
0.0268309116364
0.0274817943573
0.0282869338989
0.0274901390076
0.0277621746063
0.0300490856171
0.0327730178833
0.0376560688019
0.0386741161346
0.0396900177002
0.0406839847565
0.0266571044922
0.0273761749268
0.0280129909515
0.0287339687347
0.028687953949
0.0297980308533
0.0321569442749
0.0328228473663
0.0282859802246
0.0294778347015
0.0318989753723
0.0331530570984
0.0226368904114
0.0237829685211
0.0273809432983
0.0300319194794
0.033038854599
0.0342588424683
0.0349299907684
0.0356049537659
0.0287001132965
0.0293700695038
0.0299439430237
0.0317089557648
0.0257761478424
0.0263710021973
0.0337212085724
0.0342609882355
0.0447671413422
0.0450232028961
0.0452442169189
0.0454571247101
0.0420529842377
0.0425229072571
0.0429899692535
0.0432441234589
0.0439739227295
0.0441589355469
0.0447859764099
0.0472769737244
0.0223231315613
0.0237641334534
0.0285789966583
0.0311460494995
0.0331199169159
0.0333108901978
0.0334689617157
0.033618927002
0.0618381500244
0.0620000362396
0.0630609989166
0.0650060176849
0.121328830719
0.1217648983
0.122210979462
0.122908830643
0.0252430438995
0.0260660648346
0.0268151760101
0.0276551246643
0.0244529247284
0.0247640609741
0.0250389575958
0.0253739356995
0.0255079269409
0.0257680416107
0.0259299278259
0.0260899066925
0.0287120342255
0.0294239521027
0.0298190116882
0.0304388999939
0.031790971756
0.0333027839661
0.0339798927307
0.0347228050232
0.0281050205231
0.0288240909576
0.0300381183624
0.0307111740112
0.0275762081146
0.0281801223755
0.0286750793457
0.0292291641235
0.0270168781281
0.0272288322449
0.0274159908295
0.0277459621429
0.0304090976715
0.0306141376495
0.0308561325073
0.0399580001831
0.0292191505432
0.0294020175934
0.0295691490173
0.0297341346741
0.0223948955536
0.0226030349731
0.023020029068
0.0247619152069
0.0284600257874
0.0290129184723
0.029767036438
0.0303790569305
0.0277919769287
0.0279479026794
0.0281178951263
0.028265953064
0.0270869731903
0.027361869812
0.0276370048523
0.03005194664
0.0278179645538
0.0279729366302
0.0281178951263
0.0282578468323
0.0278279781342
0.0280270576477
0.028272151947
0.0344851016998
0.0358140468597
0.0359969139099
0.036159992218
0.0363168716431
0.0316579341888
0.0318398475647
0.0320048332214
0.0321598052979
0.0264139175415
0.0266289710999
0.0268177986145
0.0270090103149
0.0277290344238
0.0278868675232
0.028048992157
0.0281920433044
0.0279498100281
0.0281720161438
0.0283639431
0.028559923172
0.0295000076294
0.0303359031677
0.0310859680176
0.0317690372467
0.0289089679718
0.0303599834442
0.0310509204865
0.0317969322205
0.0276861190796
0.0288181304932
0.029797077179
0.0309200286865
0.0267899036407
0.0274920463562
0.028167963028
0.0288059711456
0.0275180339813
0.028538942337
0.0295598506927
0.0304219722748
0.0466151237488
0.046795129776
0.0478701591492
0.048063993454
0.0262498855591
0.0269458293915
0.0274798870087
0.0279719829559
0.0258219242096
0.0260028839111
0.0261669158936
0.0263240337372
0.0256950855255
0.0259010791779
0.0260920524597
0.0262770652771
0.0281281471252
0.0289080142975
0.0295751094818
0.0302791595459
0.0253629684448
0.0255291461945
0.025680065155
0.0258300304413
0.0254979133606
0.0260188579559
0.0264298915863
0.0268177986145
0.0726339817047
0.0727980136871
0.0729610919952
0.0731189250946
0.0734288692474
0.0736079216003
0.0737688541412
0.0739319324493
0.0344009399414
0.0346989631653
0.0351300239563
0.0353088378906
0.0666489601135
0.0671699047089
0.0676748752594
0.0681838989258
0.0322458744049
0.0327389240265
0.0329389572144
0.0331389904022
0.034520149231
0.034686088562
0.0348410606384
0.0353710651398
0.0317149162292
0.0319349765778
0.0321450233459
0.0331869125366
0.0293021202087
0.0295181274414
0.0297129154205
0.0347349643707
0.035187959671
0.0353639125824
0.0355279445648
0.0356869697571
0.0344278812408
0.0350120067596
0.0364999771118
0.0370278358459
0.0316200256348
0.0324490070343
0.0331158638
0.0337710380554
0.0313200950623
0.0319039821625
0.0325100421906
0.0331540107727
0.0278289318085
0.0284309387207
0.0290160179138
0.0296280384064
0.0308330059052
0.0315492153168
0.0323162078857
0.0331552028656
0.0337150096893
0.034460067749
0.0352020263672
0.0358719825745
0.0313200950623
0.031494140625
0.0316390991211
0.031809091568
0.0295372009277
0.0296921730042
0.0298380851746
0.029993057251
0.0292408466339
0.0294139385223
0.0295758247375
0.029730796814
0.0361850261688
0.0363409519196
0.0364880561829
0.036633014679
0.0320792198181
0.0322420597076
0.0323841571808
0.0325381755829
0.0391120910645
0.0392861366272
0.0396480560303
0.0403292179108
0.0295939445496
0.029748916626
0.0299258232117
0.0300688743591
0.0368769168854
0.0370559692383
0.0372140407562
0.0373749732971
0.0319969654083
0.0322120189667
0.032378911972
0.032947063446
0.0330979824066
0.0332798957825
0.0334420204163
0.0342140197754
0.0263381004333
0.026515007019
0.0267479419708
0.0269360542297
0.0243289470673
0.0258491039276
0.0377061367035
0.042062997818
0.0413720607758
0.0415580272675
0.0420920848846
0.0422439575195
0.0372550487518
0.037416934967
0.0375609397888
0.037712097168
0.0387659072876
0.0389440059662
0.0391008853912
0.0392599105835
0.0309000015259
0.0310781002045
0.0312330722809
0.0313889980316
0.0388169288635
0.0389919281006
0.039186000824
0.0393328666687
0.0309658050537
0.0316228866577
0.0318148136139
0.0323557853699
0.0283880233765
0.028580904007
0.0304811000824
0.0319559574127
0.0262801647186
0.0265300273895
0.026878118515
0.0272960662842
0.0249488353729
0.0251679420471
0.0253949165344
0.025563955307
0.0266439914703
0.0268228054047
0.0269780158997
0.0271339416504
0.0492691993713
0.052276134491
0.0531921386719
0.0533440113068
0.0334920883179
0.0338180065155
0.03551197052
0.0380170345306
0.0302710533142
0.0406489372253
0.0412819385529
0.0415570735931
0.0592119693756
0.0597248077393
0.0601868629456
0.0607998371124
0.0314700603485
0.0321230888367
0.0326080322266
0.033438205719
0.0326960086823
0.0328691005707
0.0330369472504
0.033203125
0.0320470333099
0.0322229862213
0.0324070453644
0.0325911045074
0.0309600830078
0.0314829349518
0.0320069789886
0.0325651168823
0.0268278121948
0.0274198055267
0.027988910675
0.0285658836365
0.0263710021973
0.0272610187531
0.0280051231384
0.0341351032257
0.0315749645233
0.032478094101
0.0330410003662
0.0335690975189
0.0288259983063
0.0290179252625
0.0291650295258
0.0327489376068
0.0274679660797
0.0276470184326
0.0278148651123
0.0281028747559
0.0266392230988
0.0273871421814
0.0280520915985
0.0289030075073
0.0283620357513
0.0291020870209
0.029895067215
0.0305309295654
0.0446991920471
0.0481259822845
0.0488080978394
0.0495390892029
0.055321931839
0.0555019378662
0.0556619167328
0.0558078289032
0.05335688591
0.0536160469055
0.0538470745087
0.0689859390259
0.0355770587921
0.0357639789581
0.0359280109406
0.0360929965973
0.0325028896332
0.0327019691467
0.0328710079193
0.033035993576
0.0375049114227
0.0377140045166
0.0395328998566
0.0410969257355
0.031524181366
0.0316970348358
0.031839132309
0.0319840908051
0.0772130489349
0.0774080753326
0.0775690078735
0.0777199268341
0.0246598720551
0.0248110294342
0.024955034256
0.0276048183441
0.0267810821533
0.0269601345062
0.0282480716705
0.0301821231842
0.0337610244751
0.0339229106903
0.0340631008148
0.0342059135437
0.0288989543915
0.0290749073029
0.0292248725891
0.0293779373169
0.0334329605103
0.0336389541626
0.0338020324707
0.0339670181274
0.0282039642334
0.028391122818
0.028548002243
0.0287070274353
0.0315120220184
0.0316910743713
0.0318360328674
0.0330169200897
0.0328969955444
0.03306889534
0.0332148075104
0.033401966095
0.0319571495056
0.0321280956268
0.0322849750519
0.0336151123047
0.0346479415894
0.0348389148712
0.0350170135498
0.0468599796295
0.036453962326
0.0368530750275
0.0371870994568
0.0374000072479
0.0340728759766
0.0342350006104
0.0343768596649
0.0345208644867
0.0253789424896
0.0269448757172
0.0293259620667
0.0294909477234
0.0353119373322
0.0355498790741
0.0357699394226
0.0461230278015
0.0327990055084
0.0329661369324
0.0331139564514
0.0332629680634
0.0292718410492
0.0294349193573
0.0295758247375
0.0297520160675
0.0275039672852
0.027792930603
0.0280199050903
0.0282309055328
0.0213570594788
0.0215570926666
0.0217461585999
0.0219461917877
0.0320601463318
0.032233953476
0.0323979854584
0.0325629711151
0.0307710170746
0.0315229892731
0.0322959423065
0.0330009460449
0.0365409851074
0.0379989147186
0.0391750335693
0.0398380756378
0.0260059833527
0.0261747837067
0.0263299942017
0.0264778137207
0.0255899429321
0.0257749557495
0.0259370803833
0.0260989665985
0.0322251319885
0.0324740409851
0.0326759815216
0.0329251289368
0.0302200317383
0.0304269790649
0.0306148529053
0.0307939052582
0.0313990116119
0.031574010849
0.031720161438
0.0318620204926
0.0268168449402
0.0269908905029
0.027153968811
0.0273118019104
0.0460259914398
0.046196937561
0.046345949173
0.0464968681335
0.0716500282288
0.0718739032745
0.0720579624176
0.0722470283508
0.0260398387909
0.0262169837952
0.0263648033142
0.0265138149261
0.0587859153748
0.0594069957733
0.0614910125732
0.0639510154724
0.0282890796661
0.028776884079
0.028960943222
0.0291459560394
0.0260219573975
0.0262808799744
0.0264868736267
0.0268540382385
0.0321080684662
0.0328531265259
0.0332660675049
0.0353519916534
0.0269961357117
0.0271670818329
0.0273320674896
0.0275070667267
0.0253899097443
0.0255808830261
0.02574