0.0281331539154
0.0285360813141
0.0288951396942
0.0293161869049
0.110622882843
0.110803842545
0.110966920853
0.111142873764
0.0309970378876
0.0311529636383
0.0312941074371
0.0315299034119
0.0250861644745
0.0252389907837
0.0253779888153
0.0330190658569
0.0278930664062
0.0288789272308
0.0304050445557
0.0310769081116
0.0305788516998
0.0307359695435
0.0309197902679
0.0310649871826
0.0304491519928
0.030601978302
0.0307440757751
0.0308921337128
0.0287251472473
0.0289011001587
0.0290491580963
0.0291941165924
0.027508020401
0.0276730060577
0.027841091156
0.0292589664459
0.0284411907196
0.028608083725
0.0287520885468
0.0371110439301
0.0281720161438
0.0284039974213
0.0437431335449
0.0439040660858
0.0323700904846
0.0325291156769
0.0326809883118
0.0547890663147
0.0380780696869
0.0385930538177
0.0391061306
0.0397469997406
0.0279438495636
0.0287659168243
0.0294299125671
0.0301949977875
0.0369551181793
0.0374131202698
0.0376420021057
0.0378499031067
0.0458641052246
0.0503458976746
0.0511190891266
0.0518140792847
0.0346128940582
0.043869972229
0.0443608760834
0.0447618961334
0.0349390506744
0.0361030101776
0.0367200374603
0.037367105484
0.0223970413208
0.0418040752411
0.0422630310059
0.0427138805389
0.0342860221863
0.0347769260406
0.0352919101715
0.0357310771942
0.032594203949
0.0329201221466
0.0332779884338
0.0337359905243
0.0386729240417
0.0392889976501
0.0401270389557
0.0407519340515
0.030483007431
0.0310049057007
0.0407819747925
0.0417020320892
0.0305640697479
0.0312910079956
0.0324940681458
0.0331728458405
0.0299799442291
0.0311269760132
0.0319170951843
0.0328059196472
0.0280818939209
0.0282518863678
0.0284030437469
0.0285558700562
0.0254108905792
0.0256078243256
0.0372478961945
0.0377697944641
0.0344769954681
0.0346460342407
0.0347938537598
0.0367040634155
0.0298278331757
0.0299868583679
0.030131816864
0.0302758216858
0.0262050628662
0.0263900756836
0.0265538692474
0.0273690223694
0.0591580867767
0.0602099895477
0.0609340667725
0.0623061656952
0.0362429618835
0.0367951393127
0.0373060703278
0.0392050743103
0.0437619686127
0.0445997714996
0.0537118911743
0.0562479496002
0.0354318618774
0.0362689495087
0.037036895752
0.0375709533691
0.0303809642792
0.0310900211334
0.0330131053925
0.0339090824127
0.0339779853821
0.0345690250397
0.0361680984497
0.0377280712128
0.0566499233246
0.0572149753571
0.0577359199524
0.063952922821
0.0508251190186
0.054132938385
0.0547051429749
0.0552570819855
0.0289618968964
0.0296139717102
0.0302219390869
0.0308220386505
0.0583610534668
0.0588920116425
0.0594041347504
0.0599780082703
0.069244146347
0.0695240497589
0.0697720050812
0.0750091075897
0.0368371009827
0.0371210575104
0.037369966507
0.0376129150391
0.0524079799652
0.052591085434
0.0527420043945
0.0528919696808
0.0304670333862
0.0306210517883
0.0307650566101
0.0309221744537
0.0335810184479
0.0337409973145
0.0338912010193
0.0353231430054
0.0264329910278
0.0265929698944
0.0267388820648
0.0268850326538
0.0250670909882
0.025249004364
0.0254180431366
0.0255780220032
0.0331449508667
0.0362050533295
0.0450360774994
0.0495281219482
0.0360670089722
0.0364389419556
0.0369009971619
0.0374138355255
0.0295419692993
0.0297241210938
0.0341489315033
0.0345640182495
0.0292358398438
0.0298779010773
0.0304839611053
0.031023979187
0.0274219512939
0.0278549194336
0.0450768470764
0.046238899231
0.0328800678253
0.0332498550415
0.0335838794708
0.0486009120941
0.0375869274139
0.0384919643402
0.0392000675201
0.0402948856354
0.0300550460815
0.0302939414978
0.0305008888245
0.0307478904724
0.0252349376678
0.0280060768127
0.0289678573608
0.0297138690948
0.0411691665649
0.0449459552765
0.0554320812225
0.0560629367828
0.0297439098358
0.0299770832062
0.0301871299744
0.0303890705109
0.0296108722687
0.0298268795013
0.0300099849701
0.0301959514618
0.0250689983368
0.0252468585968
0.0254049301147
0.0255630016327
0.0284008979797
0.0286200046539
0.0287809371948
0.0356440544128
0.0274949073792
0.027664899826
0.0278198719025
0.0369639396667
0.0306279659271
0.0308549404144
0.0310029983521
0.0311460494995
0.0338060855865
0.0339770317078
0.0341401100159
0.0343081951141
0.0294630527496
0.0296189785004
0.0297858715057
0.0314269065857
0.0296649932861
0.0321338176727
0.032438993454
0.0327467918396
0.026792049408
0.0270221233368
0.0272212028503
0.0274250507355
0.02996301651
0.0301399230957
0.030287027359
0.030464887619
0.0314629077911
0.0316400527954
0.0318150520325
0.0320699214935
0.0296678543091
0.0298588275909
0.0300238132477
0.0301899909973
0.0267329216003
0.0268979072571
0.0270519256592
0.0271999835968
0.0236830711365
0.0371499061584
0.0392968654633
0.0436198711395
0.0267908573151
0.0269539356232
0.0271289348602
0.0272839069366
0.023246049881
0.0234019756317
0.0400269031525
0.0402290821075
0.0341610908508
0.0343351364136
0.034481048584
0.0346319675446
0.0298202037811
0.030002117157
0.0301570892334
0.0303101539612
0.0353121757507
0.0354909896851
0.0356380939484
0.0357940196991
0.0257089138031
0.0260150432587
0.0262169837952
0.0264320373535
0.0356421470642
0.0358510017395
0.0360071659088
0.0361831188202
0.0358741283417
0.0360741615295
0.0362720489502
0.0364410877228
0.0266668796539
0.0268759727478
0.0297169685364
0.0301179885864
0.0374190807343
0.0376679897308
0.0380029678345
0.040060043335
0.0367760658264
0.0372998714447
0.0374789237976
0.044529914856
0.035169839859
0.0397999286652
0.0422868728638
0.0444388389587
0.0286550521851
0.0296618938446
0.0309329032898
0.0336389541626
0.0321061611176
0.0332970619202
0.0341601371765
0.0348551273346
0.0288441181183
0.0292201042175
0.0294489860535
0.0296041965485
0.0356669425964
0.03586602211
0.036013841629
0.0361618995667
0.0283529758453
0.0285229682922
0.0286889076233
0.0288429260254
0.0305819511414
0.0315229892731
0.0316979885101
0.0318448543549
0.025810956955
0.0259869098663
0.0261468887329
0.0262989997864
0.0281360149384
0.028293132782
0.0284419059753
0.0380160808563
0.0280480384827
0.028223991394
0.0283751487732
0.035747051239
0.0366640090942
0.0368371009827
0.0369920730591
0.0371489524841
0.0314590930939
0.0316350460052
0.0318059921265
0.0319681167603
0.0292589664459
0.0294189453125
0.0295698642731
0.0316519737244
0.0321819782257
0.0327649116516
0.0333240032196
0.033921957016
0.0399069786072
0.0400958061218
0.0433959960938
0.0458269119263
0.0343861579895
0.0351531505585
0.035872220993
0.0365312099457
0.0266678333282
0.0273900032043
0.0281138420105
0.0288398265839
0.0273990631104
0.0282938480377
0.0293860435486
0.0302629470825
0.0297410488129
0.0305058956146
0.0317718982697
0.0325908660889
0.0290629863739
0.0292830467224
0.0294508934021
0.0361640453339
0.0309309959412
0.0323970317841
0.0335719585419
0.0347111225128
0.0289359092712
0.029109954834
0.0292718410492
0.0294468402863
0.030100107193
0.0304629802704
0.0306179523468
0.0363831520081
0.0266468524933
0.0268518924713
0.031317949295
0.0395147800446
0.0387408733368
0.0404529571533
0.0415329933167
0.0427029132843
0.0294170379639
0.0295820236206
0.0316829681396
0.036908864975
0.0304419994354
0.0306310653687
0.0307900905609
0.0309500694275
0.0309410095215
0.0311198234558
0.0312759876251
0.0314199924469
0.0272340774536
0.0274369716644
0.0393998622894
0.0395948886871
0.0301451683044
0.0303180217743
0.0304691791534
0.0311031341553
0.0321118831635
0.0324139595032
0.0330879688263
0.0362620353699
0.0258538722992
0.0260338783264
0.0261878967285
0.027291059494
0.0393159389496
0.0394868850708
0.0433299541473
0.046257019043
0.0262198448181
0.0264089107513
0.027685880661
0.0309889316559
0.0358731746674
0.0360331535339
0.03617811203
0.0363390445709
0.0235111713409
0.0248131752014
0.0279910564423
0.0313730239868
0.0319910049438
0.0321869850159
0.0409209728241
0.0478498935699
0.0261030197144
0.0314681529999
0.033863067627
0.0353820323944
0.0326690673828
0.0329740047455
0.03329205513
0.033821105957
0.034784078598
0.0353031158447
0.0359661579132
0.036523103714
0.027351140976
0.028195142746
0.0288429260254
0.0316140651703
0.0302181243896
0.0303761959076
0.030757188797
0.0334730148315
0.0258460044861
0.0260291099548
0.0262079238892
0.0263769626617
0.029226064682
0.0294001102448
0.029552936554
0.0339419841766
0.0262558460236
0.026417016983
0.0265910625458
0.0267369747162
0.0312829017639
0.0317258834839
0.0320899486542
0.032331943512
0.0297360420227
0.0299971103668
0.0301990509033
0.0440211296082
0.0328969955444
0.0339488983154
0.0347490310669
0.0353949069977
0.0264708995819
0.0271799564362
0.0279049873352
0.028520822525
0.0303330421448
0.0310711860657
0.0318140983582
0.0325310230255
0.0281579494476
0.0287809371948
0.0293729305267
0.0299940109253
0.0268371105194
0.0275130271912
0.0282111167908
0.0361630916595
0.0300600528717
0.030846118927
0.0316231250763
0.0322690010071
0.0321300029755
0.0328691005707
0.0335700511932
0.0341839790344
0.0313282012939
0.0314919948578
0.0316450595856
0.0341830253601
0.027939081192
0.0282399654388
0.0286998748779
0.0306670665741
0.0301821231842
0.0307340621948
0.032634973526
0.0332632064819
0.0288960933685
0.0295779705048
0.0306990146637
0.0327460765839
0.0324368476868
0.0331439971924
0.0339319705963
0.0381898880005
0.027006149292
0.0298111438751
0.0477871894836
0.0489339828491
0.0340030193329
0.0341639518738
0.0343060493469
0.0344479084015
0.0302429199219
0.0327210426331
0.0380809307098
0.0443501472473
0.044203042984
0.044960975647
0.053004026413
0.0616190433502
0.0313038825989
0.0314619541168
0.0316038131714
0.0317459106445
0.0298788547516
0.0301728248596
0.0303359031677
0.0304899215698
0.0289158821106
0.0293469429016
0.0295360088348
0.0297129154205
0.0354549884796
0.0360021591187
0.0371131896973
0.0417060852051
0.0270390510559
0.0280108451843
0.029326915741
0.030690908432
0.0266308784485
0.0267908573151
0.0269458293915
0.0270957946777
0.03151512146
0.0316948890686
0.0318610668182
0.0320239067078
0.0297920703888
0.0307710170746
0.0318169593811
0.032702922821
0.0303549766541
0.0314528942108
0.0320868492126
0.0327799320221
0.0320801734924
0.0329160690308
0.0337061882019
0.0344390869141
0.0295329093933
0.0297260284424
0.0299088954926
0.0300850868225
0.0355370044708
0.035749912262
0.0359029769897
0.0360460281372
0.0311269760132
0.0312831401825
0.0314290523529
0.0329411029816
0.0364601612091
0.0366520881653
0.0368180274963
0.0370299816132
0.0292181968689
0.0293741226196
0.0295240879059
0.029990196228
0.0276410579681
0.0278310775757
0.0280199050903
0.0281970500946
0.0531220436096
0.0533010959625
0.0534660816193
0.0538790225983
0.0382161140442
0.0389239788055
0.0417630672455
0.0424659252167
0.0299708843231
0.0301249027252
0.0304119586945
0.0306549072266
0.0352990627289
0.0354609489441
0.0359480381012
0.0364191532135
0.0248491764069
0.0329689979553
0.0331230163574
0.0332980155945
0.0296721458435
0.0304942131042
0.0314140319824
0.032133102417
0.0312080383301
0.0319001674652
0.0329351425171
0.0462090969086
0.0371890068054
0.0380589962006
0.0386888980865
0.0392479896545
0.0486571788788
0.0494329929352
0.0529441833496
0.0594410896301
0.0269219875336
0.0271890163422
0.027487039566
0.0277788639069
0.0341238975525
0.0349640846252
0.0353579521179
0.0364348888397
0.0296719074249
0.0304927825928
0.0312287807465
0.0320398807526
0.027272939682
0.0274348258972
0.0275869369507
0.0277290344238
0.0284328460693
0.0285959243774
0.0287508964539
0.0308468341827
0.028039932251
0.0282008647919
0.0283460617065
0.0305368900299
0.0258729457855
0.026086807251
0.0279259681702
0.0310440063477
0.0387601852417
0.0389239788055
0.0390791893005
0.0392310619354
0.0327889919281
0.0332119464874
0.0335028171539
0.0347278118134
0.0335669517517
0.0337400436401
0.0339031219482
0.0340621471405
0.0287780761719
0.028990983963
0.0291781425476
0.0293519496918
0.0248169898987
0.0249948501587
0.0269839763641
0.0290188789368
0.0292999744415
0.0294740200043
0.0296380519867
0.0297989845276
0.0385568141937
0.038792848587
0.0389997959137
0.0391957759857
0.0572199821472
0.0573818683624
0.0575289726257
0.0601809024811
0.0276401042938
0.0278089046478
0.0279591083527
0.0326550006866
0.0242388248444
0.0301439762115
0.031790971756
0.0336380004883
0.0261878967285
0.0263888835907
0.0266728401184
0.0269730091095
0.034686088562
0.0351259708405
0.0355989933014
0.0359721183777
0.0322968959808
0.0324809551239
0.0326538085938
0.0492830276489
0.0652551651001
0.0658361911774
0.0665040016174
0.0670311450958
0.0341060161591
0.0347590446472
0.0354571342468
0.0501720905304
0.0624318122864
0.0630159378052
0.0635528564453
0.0641238689423
0.0526471138
0.0533781051636
0.0541040897369
0.0548129081726
0.0466668605804
0.0617308616638
0.0637249946594
0.0645418167114
0.0360760688782
0.0366790294647
0.0372531414032
0.0379149913788
0.0411231517792
0.0416939258575
0.0422189235687
0.0429971218109
0.036563873291
0.0380418300629
0.0431528091431
0.0435378551483
0.027067899704
0.0273978710175
0.0276370048523
0.0278840065002
0.0307309627533
0.0310509204865
0.0313348770142
0.0410490036011
0.0315442085266
0.0322670936584
0.036493062973
0.0371601581573
0.0286221504211
0.0291759967804
0.0296909809113
0.0303001403809
0.0326170921326
0.0371310710907
0.0374240875244
0.0377330780029
0.0258431434631
0.02605509758
0.0262541770935
0.0264439582825
0.0287051200867
0.029862165451
0.0310020446777
0.0329370498657
0.0392878055573
0.0416829586029
0.0448589324951
0.0500659942627
0.0286180973053
0.0295150279999
0.0307841300964
0.0337500572205
0.0308389663696
0.0327908992767
0.0348570346832
0.0376210212708
0.0297749042511
0.0304698944092
0.031082868576
0.0400049686432
0.038165807724
0.0392248630524
0.0405578613281
0.0436768531799
0.0262939929962
0.0272369384766
0.0297508239746
0.0408749580383
0.0306959152222
0.0313789844513
0.0320119857788
0.037829875946
0.0366370677948
0.0375831127167
0.0382301807404
0.0388000011444
0.0529489517212
0.0534880161285
0.0624549388885
0.0638659000397
0.0239460468292
0.0241470336914
0.0243499279022
0.0245289802551
0.0340299606323
0.0344829559326
0.0390470027924
0.0446848869324
0.0353291034698
0.035581111908
0.0357339382172
0.035875082016
0.0227591991425
0.0229210853577
0.023068189621
0.0232131481171
0.0432288646698
0.0434238910675
0.0436060428619
0.0438139438629
0.026869058609
0.0271589756012
0.0274510383606
0.0320670604706
0.0325751304626
0.0327861309052
0.0329561233521
0.0397291183472
0.0358481407166
0.0360379219055
0.0362010002136
0.0363550186157
0.0313448905945
0.0315089225769
0.0316760540009
0.0417568683624
0.0336968898773
0.0338659286499
0.0340139865875
0.036731004715
0.0268988609314
0.0338799953461
0.0340368747711
0.0341918468475
0.0357160568237
0.0358731746674
0.0360140800476
0.0361671447754
0.0315659046173
0.0320210456848
0.0322360992432
0.032438993454
0.0287799835205
0.0291941165924
0.0295150279999
0.0299499034882
0.0362570285797
0.0368211269379
0.0373361110687
0.0378069877625
0.0452418327332
0.0457558631897
0.0464859008789
0.04696393013
0.0341131687164
0.0344851016998
0.0349500179291
0.035462141037
0.0312829017639
0.0318059921265
0.032331943512
0.0329220294952
0.0303821563721
0.0310089588165
0.0316290855408
0.0321960449219
0.0267250537872
0.0292310714722
0.0311281681061
0.032252073288
0.0320320129395
0.032607793808
0.0331528186798
0.0336709022522
0.030788898468
0.0313680171967
0.0319118499756
0.0324709415436
0.0328998565674
0.0335879325867
0.0341708660126
0.0359809398651
0.0288410186768
0.0305018424988
0.0315849781036
0.0369129180908
0.032201051712
0.0330240726471
0.0418379306793
0.043468952179
0.028223991394
0.0294411182404
0.0303289890289
0.0315260887146
0.0359418392181
0.0367619991302
0.0376229286194
0.0387849807739
0.0309631824493
0.0311381816864
0.0312922000885
0.0316240787506
0.0318009853363
0.0320739746094
0.0324168205261
0.0394809246063
0.0289270877838
0.0290801525116
0.0327241420746
0.0329790115356
0.0396189689636
0.039932012558
0.0402429103851
0.0405280590057
0.0339820384979
0.0404689311981
0.0406219959259
0.040785074234
0.0388541221619
0.0390338897705
0.0391910076141
0.0393500328064
0.0380849838257
0.0382609367371
0.0383958816528
0.0386137962341
0.0262460708618
0.0264539718628
0.0266399383545
0.0268259048462
0.0308201313019
0.0309901237488
0.0311341285706
0.039920091629
0.0254969596863
0.0256628990173
0.0258159637451
0.0260369777679
0.021763086319
0.0219831466675
0.0226311683655
0.0256581306458
0.0528450012207
0.0532360076904
0.0539028644562
0.0543479919434
0.030534029007
0.0307550430298
0.0311570167542
0.0313818454742
0.0288980007172
0.029100894928
0.0292708873749
0.0294420719147
0.0486159324646
0.049859046936
0.0507318973541
0.0516400337219
0.0317628383636
0.0321650505066
0.0323810577393
0.0327649116516
0.0273411273956
0.0348501205444
0.0354881286621
0.0362689495087
0.0259549617767
0.0265009403229
0.0270249843597
0.0283768177032
0.0284910202026
0.0290701389313
0.0296552181244
0.0302450656891
0.0320661067963
0.0339801311493
0.0370171070099
0.0405640602112
0.0360019207001
0.0366339683533
0.0539078712463
0.0545408725739
0.0420711040497
0.0423681735992
0.0426452159882
0.0429251194
0.0342400074005
0.0350592136383
0.0386960506439
0.0413300991058
0.028902053833
0.0312428474426
0.032527923584
0.0337500572205
0.0296769142151
0.0319159030914
0.0328559875488
0.033707857132
0.0361499786377
0.037061214447
0.0395472049713
0.0399301052094
0.0318460464478
0.0320620536804
0.0322320461273
0.0336248874664
0.0267729759216
0.0276629924774
0.028195142746
0.0287709236145
0.0294940471649
0.0304939746857
0.0310571193695
0.0315809249878
0.0251829624176
0.0262179374695
0.0270340442657
0.0276808738708
0.0278418064117
0.0280129909515
0.0281817913055
0.0283308029175
0.0242269039154
0.0249488353729
0.0255420207977
0.028981924057
0.0294559001923
0.0307140350342
0.0364198684692
0.0375609397888
0.0313251018524
0.0316309928894
0.0318250656128
0.0334141254425
0.0258831977844
0.0260519981384
0.0262031555176
0.0263562202454
0.0216941833496
0.0218660831451
0.0222051143646
0.0223760604858
0.0325407981873
0.0327749252319
0.0329658985138
0.0331327915192
0.0323469638824
0.0325231552124
0.0440981388092
0.0460300445557
0.0317070484161
0.031888961792
0.0321769714355
0.0324339866638
0.0316410064697
0.0341510772705
0.0356550216675
0.0366320610046
0.0279269218445
0.0281829833984
0.0284628868103
0.0318148136139
0.060348033905
0.0620050430298
0.0630240440369
0.0639750957489
0.0336799621582
0.0340929031372
0.0345978736877
0.0350558757782
0.0313589572906
0.0317449569702
0.0320999622345
0.0324749946594
0.0410039424896
0.0414259433746
0.0418620109558
0.042188167572
0.0280890464783
0.0287981033325
0.0294330120087
0.0300991535187
0.033833026886
0.033989906311
0.0341360569
0.0342810153961
0.0354449748993
0.0356688499451
0.0369009971619
0.0388078689575
0.0291159152985
0.0298109054565
0.0302920341492
0.0308151245117
0.0305659770966
0.0309700965881
0.0318691730499
0.0322601795197
0.0286540985107
0.0308439731598
0.0317850112915
0.0347490310669
0.0307230949402
0.03746509552
0.0378909111023
0.0382039546967
0.0301790237427
0.0305140018463
0.0309219360352
0.0337769985199
0.0272841453552
0.0278100967407
0.0283651351929
0.0291521549225
0.0295689105988
0.0298850536346
0.0306029319763
0.0312829017639
0.0303411483765
0.0313420295715
0.0320029258728
0.0326161384583
0.0370178222656
0.0373268127441
0.0375499725342
0.0381798744202
0.0448479652405
0.0450489521027
0.0452361106873
0.0453889369965
0.0372438430786
0.0377759933472
0.0382418632507
0.038715839386
0.0420401096344
0.0430490970612
0.0438499450684
0.0445990562439
0.0405719280243
0.0407199859619
0.0408658981323
0.0410099029541
0.0338201522827
0.0342531204224
0.0346331596375
0.035019159317
0.0292339324951
0.0297958850861
0.0378680229187
0.0380320549011
0.0279400348663
0.0281140804291
0.0282771587372
0.0284421443939
0.0305318832397
0.0307359695435
0.0308849811554
0.0310299396515
0.0362310409546
0.0367760658264
0.0371539592743
0.0377249717712
0.0361399650574
0.0368509292603
0.037202835083
0.0376658439636
0.0389399528503
0.0447669029236
0.0464420318604
0.0472309589386
0.0360000133514
0.0380430221558
0.0387351512909
0.0393710136414
0.0363621711731
0.0468471050262
0.0521411895752
0.0524311065674
0.0349948406219
0.0355098247528
0.0358459949493
0.0361988544464
0.0276520252228
0.0279269218445
0.0281419754028
0.0283858776093
0.0331020355225
0.0337281227112
0.0340321063995
0.0343060493469
0.0248379707336
0.0251019001007
0.0252568721771
0.0254039764404
0.0382330417633
0.0385661125183
0.0388669967651
0.0412590503693
0.0363290309906
0.0367820262909
0.0371241569519
0.0374059677124
0.0260269641876
0.0262060165405
0.0263650417328
0.0355939865112
0.0262041091919
0.0263650417328
0.0265340805054
0.0266950130463
0.0242738723755
0.0259268283844
0.0294809341431
0.0363659858704
0.0313470363617
0.0315320491791
0.0316920280457
0.0318489074707
0.0303130149841
0.0305061340332
0.0306739807129
0.0312521457672
0.0376570224762
0.0379810333252
0.0392169952393
0.040333032608
0.0377020835876
0.0378940105438
0.0380611419678
0.0382261276245
0.0288298130035
0.0298500061035
0.0306508541107
0.0314497947693
0.032347202301
0.0330591201782
0.0352990627289
0.0360400676727
0.026960849762
0.0271129608154
0.02725481987
0.027391910553
0.0288989543915
0.0409979820251
0.0418660640717
0.0426061153412
0.0224759578705
0.0278360843658
0.0281510353088
0.0286889076233
0.0406699180603
0.0408420562744
0.0410120487213
0.0411629676819
0.0360789299011
0.0363428592682
0.0370578765869
0.0376369953156
0.0285909175873
0.0287549495697
0.0289039611816
0.0291380882263
0.029550075531
0.0297331809998
0.0298869609833
0.0300509929657
0.0333528518677
0.0335268974304
0.0336790084839
0.0338299274445
0.0419859886169
0.042505979538
0.0429589748383
0.0435700416565
0.0290169715881
0.0292110443115
0.0293691158295
0.0295310020447
0.0284039974213
0.0285902023315
0.0287561416626
0.0289180278778
0.0237059593201
0.0240440368652
0.0252749919891
0.0324630737305
0.0397400856018
0.0408630371094
0.0416910648346
0.0423510074615
0.025279045105
0.0254490375519
0.0256040096283
0.0257489681244
0.0271120071411
0.0272750854492
0.0274460315704
0.0277030467987
0.0307490825653
0.0314800739288
0.0321400165558
0.0330040454865
0.0256481170654
0.0258829593658
0.0267331600189
0.0290830135345
0.032723903656
0.0329160690308
0.0475330352783
0.0476958751678
0.0262720584869
0.0264620780945
0.0266170501709
0.0267751216888
0.0260241031647
0.0261890888214
0.0276601314545
0.0278341770172
0.0258479118347
0.0260198116302
0.0261828899384
0.0263419151306
0.0333800315857
0.0417230129242
0.0429530143738
0.0444550514221
0.0263240337372
0.0265219211578
0.0266909599304
0.0304088592529
0.0260689258575
0.029709815979
0.029876947403
0.0307338237762
0.0280251502991
0.0291590690613
0.0305280685425
0.0309779644012
0.0312759876251
0.0314378738403
0.0315790176392
0.0398550033569
0.0256040096283
0.0266170501709
0.0271351337433
0.027704000473
0.0249218940735
0.025111913681
0.0252819061279
0.0254909992218
0.0309491157532
0.0314800739288
0.0319881439209
0.0325472354889
0.0346372127533
0.0348250865936
0.035001039505
0.0359251499176
0.0385708808899
0.0389058589935
0.0392119884491
0.041387796402
0.0269820690155
0.0271501541138
0.027302980423
0.0341041088104
0.0364830493927
0.0368320941925
0.0371029376984
0.037348985672
0.0263438224792
0.0270960330963
0.02783203125
0.0283198356628
0.0276861190796
0.0278470516205
0.0281050205231
0.0291409492493
0.0288698673248
0.0291700363159
0.0293848514557
0.0296349525452
0.033910036087
0.0340800285339
0.0343370437622
0.0345499515533
0.0266470909119
0.0268859863281
0.0271010398865
0.0336730480194
0.0256021022797
0.0257720947266
0.0259201526642
0.0260689258575
0.0260457992554
0.0262429714203
0.0264108181
0.0265698432922
0.0315220355988
0.0316801071167
0.0318911075592
0.0320620536804
0.0293099880219
0.0305459499359
0.03169298172
0.033194065094
0.0415561199188
0.0427100658417
0.0439171791077
0.0447790622711
0.0338020324707
0.0339949131012
0.0341598987579
0.0343310832977
0.033303976059
0.0335228443146
0.033674955368
0.0338230133057
0.0312688350677
0.0390939712524
0.0392599105835
0.0394139289856
0.0247740745544
0.0249321460724
0.0258390903473
0.0285661220551
0.0273590087891
0.0275280475616
0.0352411270142
0.0367910861969
0.0289249420166
0.0295689105988
0.0301311016083
0.0306711196899
0.0339560508728
0.034707069397
0.0411281585693
0.063844203949
0.0278961658478
0.0285329818726
0.03142619133
0.0384011268616
0.0306038856506
0.0308659076691
0.0397908687592
0.0413379669189
0.0296700000763
0.0298500061035
0.0299899578094
0.0301330089569
0.0314700603485
0.0316841602325
0.0360891819
0.0390431880951
0.0298318862915
0.0300118923187
0.030179977417
0.0305740833282
0.0569820404053
0.0576388835907
0.0585579872131
0.0596408843994
0.0404601097107
0.0411820411682
0.0417370796204
0.0496912002563
0.0357439517975
0.035952091217
0.0361640453339
0.0363249778748
0.0267579555511
0.0269269943237
0.0270760059357
0.0290958881378
0.0296359062195
0.0298538208008
0.0393068790436
0.040766954422
0.0319998264313
0.032233953476
0.0324008464813
0.0325629711151
0.0281910896301
0.0283749103546
0.0285310745239
0.0357329845428
0.033607006073
0.0344970226288
0.0354540348053
0.0384230613708
0.0337409973145
0.0339460372925
0.0358119010925
0.0392398834229
0.0386638641357
0.0449049472809
0.047926902771
0.0485830307007
0.0233449935913
0.0235030651093
0.0236659049988
0.0238108634949
0.0225210189819
0.02272605896
0.0267601013184
0.0280261039734
0.0270748138428
0.0272779464722
0.0301079750061
0.0386068820953
0.036159992218
0.0367381572723
0.037369966507
0.0379459857941
0.0362160205841
0.0364961624146
0.0373170375824
0.0556380748749
0.0269570350647
0.0271492004395
0.0273151397705
0.0333511829376
0.0269370079041
0.0272200107574
0.0280749797821
0.0384829044342
0.0297219753265
0.0300459861755
0.0379810333252
0.0398318767548
0.0258491039276
0.0264019966125
0.0266830921173
0.0277400016785
0.0464539527893
0.0467889308929
0.0518078804016
0.0548369884491
0.0258951187134
0.0273039340973
0.0289890766144
0.0431160926819
0.0408389568329
0.0414018630981
0.0422110557556
0.0426418781281
0.0303339958191
0.0306789875031
0.0310018062592
0.031327009201
0.0389590263367
0.0392370223999
0.0394518375397
0.0437040328979
0.0284469127655
0.02876496315
0.0290060043335
0.0292658805847
0.038318157196
0.0386471748352
0.0388581752777
0.039076089859
0.036162853241
0.0378699302673
0.038587808609
0.0391848087311
0.0310020446777
0.0319211483002
0.0328841209412
0.0334820747375
0.0274291038513
0.0280320644379
0.0549070835114
0.0554242134094
0.0306508541107
0.0346670150757
0.035392999649
0.0419869422913
0.0282669067383
0.0335738658905
0.038370847702
0.0415217876434
0.0271110534668
0.0273711681366
0.0304160118103
0.0338039398193
0.0324549674988
0.0326619148254
0.0354008674622
0.0388760566711
0.033126115799
0.0372800827026
0.0429699420929
0.0474519729614
0.0410931110382
0.0802979469299
0.0854580402374
0.0958480834961
0.0262939929962
0.0289011001587
0.0392510890961
0.0425360202789
0.0322880744934
0.0329830646515
0.0383648872375
0.0417768955231
0.029422044754
0.0301969051361
0.0318210124969
0.0389158725739
0.0394110679626
0.0411150455475
0.0419669151306
0.0437231063843
0.0262451171875
0.0288450717926
0.0333061218262
0.0381720066071
0.0274300575256
0.0294961929321
0.0328991413116
0.0427901744843
0.0311648845673
0.0350208282471
0.0397169589996
0.0434110164642
0.034551858902
0.0355749130249
0.0395648479462
0.0424389839172
0.031172990799
0.0362169742584
0.0403640270233
0.043792963028
0.0335998535156
0.0369679927826
0.0395758152008
0.0450429916382
0.0343959331512
0.0388309955597
0.0415759086609
0.0454320907593
0.0371448993683
0.0384049415588
0.0449249744415
0.0481429100037
0.0317389965057
0.0319390296936
0.0321199893951
0.0488209724426
0.0299429893494
0.0314087867737
0.0341248512268
0.0365209579468
0.0267100334167
0.0272440910339
0.0292880535126
0.0314071178436
0.0296809673309
0.030898809433
0.0335659980774
0.0590689182281
0.0297019481659
0.0299379825592
0.0303480625153
0.0307490825653
0.0415217876434
0.0417249202728
0.0424687862396
0.0434107780457
0.0356118679047
0.0357749462128
0.0359358787537
0.0382838249207
0.0267720222473
0.0425369739532
0.0431530475616
0.0437450408936
0.0283849239349
0.028571844101
0.0287208557129
0.0304238796234
0.0284769535065
0.0288269519806
0.0375139713287
0.0388059616089
0.0221729278564
0.0223920345306
0.0289399623871
0.0291540622711
0.0263500213623
0.0265300273895
0.0331149101257
0.0363130569458
0.0261189937592
0.026624917984
0.0272490978241
0.0276610851288
0.0275099277496
0.0278298854828
0.0281369686127
0.0284168720245
0.0288019180298
0.0289788246155
0.0291409492493
0.029305934906
0.0285911560059
0.0288991928101
0.0291872024536
0.0369322299957
0.026428937912
0.026627779007
0.0267899036407
0.0273339748383
0.0342829227448
0.0344369411469
0.0345840454102
0.0347261428833
0.0267131328583
0.0270409584045
0.0273449420929
0.0364019870758
0.025475025177
0.0256581306458
0.025826215744
0.0259940624237
0.0345010757446
0.0346920490265
0.0348401069641
0.0349850654602
0.029412984848
0.0295820236206
0.0297319889069
0.0316460132599
0.0247349739075
0.0249168872833
0.0355010032654
0.0383658409119
0.0309541225433
0.0322930812836
0.0350871086121
0.0426821708679
0.0336511135101
0.034431219101
0.0395441055298
0.0515902042389
0.0344929695129
0.0402729511261
0.0456340312958
0.0500190258026
0.0284090042114
0.0309090614319
0.0343010425568
0.0382740497589
0.0314879417419
0.0356409549713
0.0378270149231
0.0434939861298
0.0262451171875
0.0301339626312
0.0351359844208
0.0382430553436
0.0306010246277
0.033234834671
0.0352189540863
0.0410659313202
0.0328569412231
0.034040927887
0.0409209728241
0.0455739498138
0.0229890346527
0.0264849662781
0.0309369564056
0.0346739292145
0.0301270484924
0.0316209793091
0.0349040031433
0.0399768352509
0.0290820598602
0.0321578979492
0.0360419750214
0.0407769680023
0.0296709537506
0.0326678752899
0.0361139774323
0.040816783905
0.0372531414032
0.0385110378265
0.0390701293945
0.0445671081543
0.0334579944611
0.0348930358887
0.0381410121918
0.0474090576172
0.0352709293365
0.0364360809326
0.03875207901
0.0468399524689
0.030953168869
0.0314931869507
0.0352849960327
0.0397040843964
0.0296099185944
0.0298049449921
0.0419540405273
0.0421240329742
0.0284440517426
0.0287590026855
0.0292689800262
0.0347061157227
0.0283319950104
0.0284969806671
0.0286428928375
0.0288019180298
0.0227520465851
0.022961139679
0.0231440067291
0.0241930484772
0.0254938602448
0.0256669521332
0.0258178710938
0.0259628295898
0.0251290798187
0.0253081321716
0.0255191326141
0.0370049476624
0.0296001434326
0.0297842025757
0.0299451351166
0.0301120281219
0.0284249782562
0.0287418365479
0.0289468765259
0.0373787879944
0.0289349555969
0.0291049480438
0.0292520523071
0.0294020175934
0.0381081104279
0.0387990474701
0.0394110679626
0.040342092514
0.0313968658447
0.0325000286102
0.0368509292603
0.0402770042419
0.022430896759
0.0243020057678
0.0286500453949
0.0321550369263
0.0292370319366
0.0309011936188
0.0343160629272
0.0388031005859
0.0270087718964
0.0282437801361
0.031192779541
0.0340349674225
0.0338621139526
0.035138130188
0.0377271175385
0.0440411567688
0.0265550613403
0.029000043869
0.0335001945496
0.0364580154419
0.0330159664154
0.0334730148315
0.0365240573883
0.0404040813446
0.0278968811035
0.0326800346375
0.037458896637
0.0413198471069
0.0326809883118
0.0340230464935
0.0384891033173
0.0428650379181
0.0242519378662
0.0289380550385
0.0338840484619
0.0396659374237
0.0318441390991
0.0387551784515
0.0481381416321
0.04829621315
0.0289030075073
0.0290970802307
0.0292520523071
0.0302641391754
0.0326969623566
0.0328860282898
0.033087015152
0.0340349674225
0.0259099006653
0.0260879993439
0.0262448787689
0.0263969898224
0.0344429016113
0.0349569320679
0.0352230072021
0.0354828834534
0.0267989635468
0.0269701480865
0.0271229743958
0.0272681713104
0.026839017868
0.0270459651947
0.0272350311279
0.0274319648743
0.0453948974609
0.04558801651
0.0457408428192
0.0459289550781
0.0323910713196
0.0326240062714
0.0328509807587
0.0368309020996
0.0388369560242
0.0391869544983
0.042366027832
0.0507440567017
0.033182144165
0.0333821773529
0.0355939865112
0.0389189720154
0.0293231010437
0.0307850837708
0.0345170497894
0.042405128479
0.0285608768463
0.0291240215302
0.0297160148621
0.0335240364075
0.0307829380035
0.0328090190887
0.0365190505981
0.0415279865265
0.0291249752045
0.0330538749695
0.0369489192963
0.0442957878113
0.0376632213593
0.0389161109924
0.0394661426544
0.0407750606537
0.0334560871124
0.0377020835876
0.0435240268707
0.0473611354828
0.0409231185913
0.0417511463165
0.0423541069031
0.0429589748383
0.0334320068359
0.0337560176849
0.0342679023743
0.0344560146332
0.0263500213623
0.0265429019928
0.0267140865326
0.0268678665161
0.0271580219269
0.0277688503265
0.04669880867
0.0476949214935
0.029648065567
0.0300199985504
0.0304720401764
0.036945104599
0.027174949646
0.0275518894196
0.0279309749603
0.028247833252
0.0253319740295
0.0261240005493
0.027251958847
0.0313928127289
0.0263249874115
0.0271580219269
0.0280539989471
0.0285148620605
0.0328729152679
0.0331819057465
0.0337560176849
0.0365698337555
0.0326371192932
0.0328030586243
0.0350160598755
0.0361540317535
0.0272448062897
0.0308928489685
0.0342400074005
0.038801908493
0.0216698646545
0.0283529758453
0.0333530902863
0.0369009971619
0.0323920249939
0.0356850624084
0.0395359992981
0.0475339889526
0.0259010791779
0.0288491249084
0.0334761142731
0.0364801883698
0.0255007743835
0.028990983963
0.0308609008789
0.0343129634857
0.0324850082397
0.0383570194244
0.0398080348969
0.0406050682068
0.0301430225372
0.0303690433502
0.0305418968201
0.0307290554047
0.0325748920441
0.0327908992767
0.0355069637299
0.0381588935852
0.0276319980621
0.0326697826385
0.0339708328247
0.0387539863586
0.0282740592957
0.0291459560394
0.0320100784302
0.0344099998474
0.0225970745087
0.0255579948425
0.0304169654846
0.0364940166473
0.0284731388092
0.0305509567261
0.0349609851837
0.0383450984955
0.0313911437988
0.0346329212189
0.0389540195465
0.0425629615784
0.0257530212402
0.027636051178
0.0321679115295
0.0354490280151
0.0305540561676
0.0339910984039
0.0373549461365
0.0401999950409
0.0348720550537
0.040088891983
0.0452539920807
0.0468728542328
0.0348408222198
0.0364527702332
0.038694858551
0.0397698879242
0.0346088409424
0.0348260402679
0.0429110527039
0.0430479049683
0.0334148406982
0.0339238643646
0.0371129512787
0.0404119491577
0.0269320011139
0.0274360179901
0.0290520191193
0.0306210517883
0.0298149585724
0.0300099849701
0.0302679538727
0.0321450233459
0.0232880115509
0.0289030075073
0.0290880203247
0.0292539596558
0.0287499427795
0.0319619178772
0.0321338176727
0.0390160083771
0.0264649391174
0.0266380310059
0.0269770622253
0.0273089408875
0.022280216217
0.023912191391
0.0270571708679
0.0338060855865
0.033851146698
0.0349040031433
0.0358340740204
0.0403201580048
0.027606010437
0.0304000377655
0.0343079566956
0.0383160114288
0.0278959274292
0.0304880142212
0.0350148677826
0.0392730236053
0.0319840908051
0.0330920219421
0.0341820716858
0.0479462146759
0.032191991806
0.0334951877594
0.0369482040405
0.0493211746216
0.0381960868835
0.0385329723358
0.0388231277466
0.0391130447388
0.0216948986053
0.0241448879242
0.0272350311279
0.0326209068298
0.0262680053711
0.0264410972595
0.0265910625458
0.0267419815063
0.0281839370728
0.0284428596497
0.0286688804626
0.02889585495
0.0254850387573
0.0256500244141
0.0257999897003
0.0262069702148
0.0306551456451
0.0309941768646
0.0312020778656
0.031366109848
0.0247690677643
0.0261490345001
0.0298810005188
0.0319759845734
0.0400619506836
0.0420548915863
0.0458738803864
0.0530118942261
0.0254371166229
0.0256340503693
0.0261940956116
0.0292491912842
0.02956199646
0.0298759937286
0.0497879981995
0.0515489578247
0.0308239459991
0.031280040741
0.0317151546478
0.0321171283722
0.0390319824219
0.0392119884491
0.0393710136414
0.0395288467407
0.0279121398926
0.0280990600586
0.0282599925995
0.0284209251404
0.030287027359
0.0317690372467
0.0324099063873
0.0341410636902
0.0404160022736
0.0409982204437
0.0415451526642
0.0420842170715
0.0395879745483
0.0406470298767
0.0550229549408
0.0562589168549
0.0251920223236
0.0253469944
0.0255081653595
0.0256600379944
0.0282340049744
0.0291628837585
0.0320868492126
0.0335450172424
0.0332419872284
0.0335800647736
0.0338990688324
0.034677028656
0.0256531238556
0.0260009765625
0.0305621623993
0.0371429920197
0.0326910018921
0.0329899787903
0.035521030426
0.0389490127563
0.0325081348419
0.0327489376068
0.032900094986
0.0330500602722
0.0290770530701
0.0292410850525
0.0293900966644
0.029541015625
0.0287849903107
0.0290238857269
0.0389800071716
0.0391569137573
0.0344281196594
0.0384500026703
0.0386900901794
0.0425179004669
0.0322289466858
0.0407409667969
0.0420470237732
0.0423009395599
0.0348708629608
0.0350379943848
0.0351960659027
0.0353848934174
0.029079914093
0.0292708873749
0.029433965683
0.02960896492
0.0261368751526
0.0263800621033
0.0265920162201
0.0267999172211
0.0294251441956
0.0297529697418
0.0300431251526
0.0303230285645
0.0309579372406
0.0312879085541
0.0314989089966
0.0316908359528
0.0357089042664
0.0359120368958
0.0360949039459
0.0367660522461
0.0336680412292
0.0379230976105
0.0422360897064
0.0474150180817
0.0427141189575
0.0434730052948
0.0440771579742
0.0447511672974
0.0389549732208
0.0391390323639
0.0398819446564
0.0400378704071
0.0259299278259
0.0273730754852
0.0309960842133
0.031219959259
0.0302760601044
0.0309000015259
0.0373549461365
0.0408411026001
0.0292830467224
0.0305740833282
0.0367259979248
0.038008928299
0.0325078964233
0.0332248210907
0.034539937973
0.0363309383392
0.0356740951538
0.0370831489563
0.0384089946747
0.0470490455627
0.0326728820801
0.0338280200958
0.0354149341583
0.0370378494263
0.0377418994904
0.0398998260498
0.0463318824768
0.0486979484558
0.0302650928497
0.0320839881897
0.0355000495911
0.042732000351
0.0337800979614
0.0339369773865
0.0378620624542
0.0449879169464
0.0376930236816
0.038253068924
0.0387620925903
0.0393440723419
0.044823884964
0.0449998378754
0.0451498031616
0.0462839603424
0.0353009700775
0.0355150699615
0.0358951091766
0.0364420413971
0.0330920219421
0.0333077907562
0.0334889888763
0.0336689949036
0.02587890625
0.0260770320892
0.0264608860016
0.0299808979034
0.0324070453644
0.032586812973
0.0327408313751
0.0329358577728
0.0266280174255
0.0268540382385
0.0270109176636
0.027163028717
0.0237028598785
0.0248980522156
0.0376629829407
0.038290977478
0.036633014679
0.0396671295166
0.0449731349945
0.045923948288
0.0352900028229
0.0363841056824
0.0371150970459
0.0427610874176
0.0454819202423
0.0461840629578
0.0468859672546
0.0475780963898
0.0446820259094
0.0453751087189
0.0463840961456
0.0469942092896
0.0281760692596
0.029314994812
0.0298480987549
0.0348610877991
0.0257427692413
0.0259699821472
0.0262718200684
0.0264279842377
0.0291569232941
0.0293319225311
0.0294809341431
0.0296421051025
0.0311000347137
0.0312638282776
0.0314128398895
0.0315580368042
0.0280768871307
0.0282537937164
0.0284140110016
0.0374708175659
0.0285081863403
0.028685092926
0.0288619995117
0.0290122032166
0.0276279449463
0.0279848575592
0.0281739234924
0.0283389091492
0.0325810909271
0.0338830947876
0.03498005867
0.0391690731049
0.0462789535522
0.0465550422668
0.0467209815979
0.0468668937683
0.024582862854
0.025444984436
0.0283968448639
0.0315039157867
0.0249791145325
0.0293800830841
0.0489089488983
0.0500590801239
0.0324928760529
0.0335190296173
0.0342509746552
0.0506319999695
0.0308678150177
0.0310909748077
0.0312809944153
0.0314660072327
0.0299739837646
0.0303230285645
0.037458896637
0.040855884552
0.032634973526
0.033951997757
0.0356509685516
0.0394308567047
0.0324599742889
0.0337131023407
0.0353441238403
0.0389859676361
0.0272929668427
0.0309801101685
0.035187959671
0.0386409759521
0.0343501567841
0.0348961353302
0.0370049476624
0.0438449382782
0.0324909687042
0.0339448451996
0.0362470149994
0.0435209274292
0.0363419055939
0.0365068912506
0.0366499423981
0.0395200252533
0.0502300262451
0.0503859519958
0.0505330562592
0.0526671409607
0.0339710712433
0.0341439247131
0.0342979431152
0.039568901062
0.0269811153412
0.0275189876556
0.0285201072693
0.0310809612274
0.0264499187469
0.0319259166718
0.0375699996948
0.041356086731
0.0328059196472
0.0329768657684
0.0363080501556
0.0451638698578
0.0283980369568
0.0318121910095
0.0341000556946
0.0369219779968
0.0277569293976
0.029876947403
0.0329029560089
0.0353078842163
0.0280091762543
0.030308008194
0.0338830947876
0.0364480018616
0.0269980430603
0.0278949737549
0.0281329154968
0.0306069850922
0.0305609703064
0.0307559967041
0.033814907074
0.0410299301147
0.0252301692963
0.0300080776215
0.0357580184937
0.0401179790497
0.0287430286407
0.0302078723907
0.0364229679108
0.0396299362183
0.0266220569611
0.0339441299438
0.0390582084656
0.0429830551147
0.0218389034271
0.0273430347443
0.031368970871
0.0345728397369
0.0327479839325
0.0342071056366
0.0429770946503
0.0468211174011
0.0270268917084
0.0277810096741
0.0322639942169
0.0386588573456
0.0282270908356
0.0304570198059
0.0341231822968
0.0379230976105
0.025652885437
0.0282039642334
0.0335359573364
0.0371448993683
0.0377941131592
0.038113117218
0.0383741855621
0.039537191391
0.0333099365234
0.0347249507904
0.0376210212708
0.0402159690857
0.0233590602875
0.0238440036774
0.0253469944
0.0318260192871
0.0310549736023
0.0329549312592
0.0365579128265
0.0396800041199
0.0332651138306
0.0337021350861
0.0357410907745
0.0389950275421
0.0363872051239
0.0365450382233
0.0367031097412
0.0414080619812
0.026458978653
0.0266759395599
0.028932094574
0.0323369503021
0.0362570285797
0.0365431308746
0.0381469726562
0.0413191318512
0.0382659435272
0.0394399166107
0.0396449565887
0.0605340003967
0.0378930568695
0.0490350723267
0.0494010448456
0.0564329624176
0.0277030467987
0.027871131897
0.0280451774597
0.0282499790192
0.0319700241089
0.0321459770203
0.0323469638824
0.0353910923004
0.0254929065704
0.0256669521332
0.0258269309998
0.0409100055695
0.0366489887238
0.037880897522
0.0423150062561
0.0493199825287
0.025955915451
0.0297749042511
0.0324158668518
0.0370199680328
0.0248990058899
0.0293829441071
0.0339961051941
0.0513141155243
0.0255701541901
0.0322060585022
0.0402820110321
0.0442080497742
0.0287990570068
0.0302181243896
0.0349071025848
0.0387780666351
0.0263359546661
0.0306220054626
0.0358209609985
0.0401170253754
0.0384900569916
0.0410981178284
0.0450429916382
0.05020403862
0.0273191928864
0.0282990932465
0.0304851531982
0.03449010849
0.0340130329132
0.0380580425262
0.0409610271454
0.052882194519
0.0565049648285
0.05668592453
0.0568759441376
0.057049036026
0.0285489559174
0.028892993927
0.0291018486023
0.0293028354645
0.0318810939789
0.0320510864258
0.0347280502319
0.0409898757935
0.0344469547272
0.0349049568176
0.0352509021759
0.0437788963318
0.0351269245148
0.0358810424805
0.0394208431244
0.0434138774872
0.0321850776672
0.0323541164398
0.033420085907
0.0451431274414
0.0357928276062
0.0359578132629
0.0361130237579
0.0386219024658
0.0395460128784
0.0397069454193
0.0398609638214
0.0496060848236
0.0325191020966
0.0359220504761
0.0367090702057
0.0377399921417
0.0327939987183
0.0329918861389
0.0331380367279
0.0332980155945
0.0263259410858
0.0264868736267
0.02663397789
0.0267939567566
0.0326111316681
0.0327699184418
0.0329399108887
0.0341238975525
0.0331628322601
0.0333318710327
0.0334858894348
0.0336339473724
0.0382099151611
0.0391039848328
0.0397889614105
0.0431609153748
0.0331029891968
0.0397729873657
0.042956829071
0.0475208759308
0.0277960300446
0.0315420627594
0.0349590778351
0.0382931232452
0.0318429470062
0.0320401191711
0.0322041511536
0.0323481559753
0.0389971733093
0.0393459796906
0.0395309925079
0.0424540042877
0.0399670600891
0.0401630401611
0.0483639240265
0.0485329627991
0.0383331775665
0.0385241508484
0.0402750968933
0.0433940887451
0.0304579734802
0.0306878089905
0.0308709144592
0.0310299396515
0.0281710624695
0.0287961959839
0.0293490886688
0.0432820320129
0.0283761024475
0.0289011001587
0.0294549465179
0.0337979793549
0.0293698310852
0.0295739173889
0.0300869941711
0.058623790741
0.0319850444794
0.0322539806366
0.032623052597
0.0330221652985
0.0265171527863
0.0267231464386
0.027153968811
0.0273370742798
0.0279719829559
0.0281569957733
0.0283329486847
0.0285058021545
0.025927066803
0.0262122154236
0.0264091491699
0.0265960693359
0.0321249961853
0.0322978496552
0.0324478149414
0.0344758033752
0.0278170108795
0.0314350128174
0.0323538780212
0.0329928398132
0.029219865799
0.0297429561615
0.0302488803864
0.0308020114899
0.0297250747681
0.0302920341492
0.0307989120483
0.0313239097595
0.0289769172668
0.0296289920807
0.0306649208069
0.0361859798431
0.0301430225372
0.0306808948517
0.0461950302124
0.0471539497375
0.0264980792999
0.0283191204071
0.0291841030121
0.0313329696655
0.0434801578522
0.0442280769348
0.0483231544495
0.0507991313934
0.0367538928986
0.036936044693
0.0404179096222
0.0415968894958
0.0390532016754
0.0393440723419
0.0468060970306
0.0475959777832
0.0275340080261
0.0315799713135
0.0317339897156
0.03875207901
0.0289368629456
0.0291049480438
0.0292518138885
0.0325109958649
0.0265278816223
0.0267488956451
0.0297420024872
0.0355370044708
0.0272998809814
0.0281269550323
0.0305638313293
0.0342860221863
0.0263159275055
0.0264859199524
0.0278179645538
0.0370519161224
0.0340139865875
0.034322977066
0.0370230674744
0.0428321361542
0.0342960357666
0.0344529151917
0.0367288589478
0.0418860912323
0.0326108932495
0.0329818725586
0.034775018692
0.0362479686737
0.0297381877899
0.029981136322
0.0303010940552
0.0431091785431
0.0317838191986
0.0320417881012
0.0325899124146
0.0469448566437
0.0336949825287
0.0342528820038
0.034744977951
0.0351369380951
0.0356822013855
0.0362591743469
0.0391461849213
0.0429730415344
0.0273320674896
0.028510093689
0.0290429592133
0.035756111145
0.0309369564056
0.0311288833618
0.0313007831573
0.0314698219299
0.0350120067596
0.0369219779968
0.0377759933472
0.0384380817413
0.0266170501709
0.0314471721649
0.0340211391449
0.0385019779205
0.0358850955963
0.0366671085358
0.0373451709747
0.0380530357361
0.0295250415802
0.029806137085
0.0360050201416
0.0398540496826
0.0253100395203
0.0270719528198
0.0375111103058
0.0377759933472
0.0337061882019
0.0378041267395
0.0394020080566
0.0395801067352
0.0293970108032
0.0296139717102
0.0297830104828
0.0348839759827
0.0387070178986
0.0393891334534
0.040146112442
0.0409619808197
0.0290360450745
0.0366501808167
0.0375680923462
0.0384180545807
0.0281682014465
0.0283441543579
0.0285131931305
0.0286800861359
0.0280039310455
0.0283110141754
0.0388460159302
0.049332857132
0.0407259464264
0.041640996933
0.0425329208374
0.0479218959808
0.0341529846191
0.0356419086456
0.0364511013031
0.0419330596924
0.036737203598
0.0378441810608
0.0385210514069
0.0444002151489
0.0297150611877
0.0326800346375
0.0364170074463
0.0426170825958
0.0354819297791
0.0390410423279
0.0435719490051
0.04763007164
0.0317358970642
0.0319130420685
0.0320649147034
0.0331039428711
0.0271208286285
0.0278029441833
0.0413889884949
0.0458028316498
0.0292408466339
0.0298969745636
0.0305588245392
0.0311617851257
0.0261771678925
0.0267531871796
0.0332901477814
0.0358331203461
0.0351328849792
0.0362839698792
0.0422258377075
0.0457210540771
0.0313839912415
0.0350761413574
0.0388209819794
0.0422830581665
0.0248410701752
0.0278589725494
0.0322360992432
0.035530090332
0.0417699813843
0.0424559116364
0.0429840087891
0.043506860733
0.0309679508209
0.0314888954163
0.0320007801056
0.0325689315796
0.034411907196
0.0349559783936
0.0354719161987
0.0376329421997
0.0229489803314
0.0276231765747
0.0303671360016
0.0329201221466
0.0255489349365
0.0260498523712
0.0283329486847
0.0313439369202
0.0296130180359
0.0297830104828
0.0309309959412
0.0377759933472
0.0332541465759
0.0334730148315
0.0344531536102
0.0372231006622
0.0372750759125
0.0378880500793
0.0380611419678
0.0397970676422
0.029139995575
0.0294370651245
0.0296840667725
0.0299069881439
0.0311341285706
0.0313050746918
0.0314509868622
0.0322329998016
0.0371370315552
0.0373060703278
0.0375180244446
0.0377581119537
0.0216782093048
0.021861076355
0.0225930213928
0.0266070365906
0.0275988578796
0.0277760028839
0.0279369354248
0.0284960269928
0.0426690578461
0.0428411960602
0.0429961681366
0.0431580543518
0.0294439792633
0.0296471118927
0.0298271179199
0.0301899909973
0.0242760181427
0.025908946991
0.028960943222
0.0310840606689
0.0276629924774
0.0314381122589
0.0345590114594
0.0378279685974
0.0373740196228
0.03768491745
0.0393550395966
0.050008058548
0.0209131240845
0.0227129459381
0.0363299846649
0.0403411388397
0.0303299427032
0.0310201644897
0.0316960811615
0.0324151515961
0.02716588974
0.0280599594116
0.0327050685883
0.0386989116669
0.0334041118622
0.0336689949036
0.0339729785919
0.0350451469421
0.0366280078888
0.0367860794067
0.0369689464569
0.0371189117432
0.0328469276428
0.0332248210907
0.0336630344391
0.0341379642487
0.0334060192108
0.0341517925262
0.0348148345947
0.0356149673462
0.0371868610382
0.0385899543762
0.0400319099426
0.040412902832
0.0275709629059
0.0282168388367
0.0286018848419
0.0287668704987
0.0332388877869
0.0346307754517
0.0353138446808
0.0359578132629
0.0332159996033
0.0333800315857
0.0335369110107
0.0336928367615
0.0332820415497
0.0361859798431
0.0369999408722
0.0377011299133
0.0297961235046
0.0301051139832
0.0303170681
0.0306589603424
0.0265619754791
0.0310220718384
0.0316700935364
0.0327529907227
0.0294010639191
0.0296158790588
0.0297689437866
0.0302720069885
0.0294208526611
0.029590845108
0.0297439098358
0.0345280170441
0.0292129516602
0.0294179916382
0.0295708179474
0.0458109378815
0.0267701148987
0.0279431343079
0.0308520793915
0.0421431064606
0.028128862381
0.0283219814301
0.0284879207611
0.0452499389648
0.0288450717926
0.0300581455231
0.0351071357727
0.0395150184631
0.0231330394745
0.0248908996582
0.0277779102325
0.0314691066742
0.0268170833588
0.0296139717102
0.0369741916656
0.0417711734772
0.0394420623779
0.0400369167328
0.0406410694122
0.0500640869141
0.0324578285217
0.0330450534821
0.0388178825378
0.0437779426575
0.0330588817596
0.0368838310242
0.0393049716949
0.051244020462
0.0323338508606
0.0325329303741
0.0326900482178
0.0358068943024
0.0279297828674
0.0295009613037
0.0340178012848
0.0425748825073
0.0265538692474
0.0267179012299
0.0268650054932
0.0270140171051
0.0298161506653
0.0309011936188
0.0316641330719
0.0322890281677
0.0395531654358
0.0418860912323
0.0425801277161
0.043251991272
0.036092042923
0.0362839698792
0.0364589691162
0.036642074585
0.0305140018463
0.0309429168701
0.0311789512634
0.0315470695496
0.0260448455811
0.0265619754791
0.0489268302917
0.0495810508728
0.0291011333466
0.0293669700623
0.0296900272369
0.0299551486969
0.037761926651
0.0418939590454
0.0457549095154
0.0468008518219
0.0359988212585
0.0403368473053
0.041916847229
0.0434548854828
0.0322558879852
0.0324130058289
0.0341210365295
0.0350739955902
0.0349869728088
0.0351760387421
0.035325050354
0.0354781150818
0.0275430679321
0.0279660224915
0.0285589694977
0.0313150882721
0.0369307994843
0.0374388694763
0.0380239486694
0.0384588241577
0.0401740074158
0.0403490066528
0.0405139923096
0.0406739711761
0.0267441272736
0.0269901752472
0.0271461009979
0.0275421142578
0.0280768871307
0.0304720401764
0.0365369319916
0.0376250743866
0.0400478839874
0.0402200222015
0.0403831005096
0.0405390262604
0.0318691730499
0.0320780277252
0.0324649810791
0.0326240062714
0.029990196228
0.0375602245331
0.0392291545868
0.0461699962616
0.0259602069855
0.0271420478821
0.0336120128632
0.0345401763916
0.0252139568329
0.026407957077
0.02738904953
0.0372281074524
0.0287990570068
0.0291659832001
0.0296721458435
0.0334661006927
0.0255000591278
0.0257201194763
0.0259070396423
0.0436720848083
0.0299279689789
0.0301101207733
0.0302741527557
0.032347202301
0.0308890342712
0.034765958786
0.0349369049072
0.0350880622864
0.0373430252075
0.037593126297
0.0378401279449
0.0406770706177
0.0308148860931
0.0310559272766
0.0312600135803
0.0333797931671
0.0398979187012
0.0455758571625
0.0458869934082
0.049323797226
0.0364890098572
0.0366590023041
0.0368058681488
0.0369539260864
0.027722120285
0.0279710292816
0.028126001358
0.0282981395721
0.0293519496918
0.0295760631561
0.0298111438751
0.0300490856171
0.0315380096436
0.0317468643188
0.0319337844849
0.0321438312531
0.0299129486084
0.030266046524
0.0305619239807
0.0308558940887
0.032399892807
0.0326159000397
0.0454390048981
0.0456078052521
0.0299019813538
0.0301070213318
0.030277967453
0.0304410457611
0.0320191383362
0.0324041843414
0.0326030254364
0.0329420566559
0.0284259319305
0.0297629833221
0.0326929092407
0.0361349582672
0.033481836319
0.0341689586639
0.0345978736877
0.0347518920898
0.0353600978851
0.0365381240845
0.039057970047
0.0420210361481
0.0355260372162
0.0365550518036
0.0389640331268
0.0606889724731
0.0289490222931
0.0298879146576
0.0311789512634
0.0319380760193
0.0367631912231
0.0396151542664
0.0405740737915
0.0414881706238
0.0290238857269
0.0304400920868
0.0308640003204
0.0336768627167
0.0291321277618
0.0295069217682
0.0298430919647
0.0301320552826
0.0320107936859
0.0325129032135
0.0329558849335
0.0372278690338
0.0311450958252
0.0315110683441
0.0318419933319
0.0473651885986
0.0338699817657
0.034236907959
0.0345940589905
0.034884929657
0.0274789333344
0.0295608043671
0.0304358005524
0.0322618484497
0.0390138626099
0.0419030189514
0.0423028469086
0.0511848926544
0.0332038402557
0.0335519313812
0.0338518619537
0.0341520309448
0.0333440303802
0.0340709686279
0.0343470573425
0.0346550941467
0.0348091125488
0.0356900691986
0.0359699726105
0.0370781421661
0.0236759185791
0.0239670276642
0.024405002594
0.0272099971771
0.026636838913
0.0270068645477
0.0329909324646
0.0347440242767
0.0256869792938
0.0261368751526
0.0454568862915
0.0458190441132
0.0367739200592
0.0371699333191
0.0374939441681
0.0378479957581
0.0302600860596
0.0315260887146
0.0373239517212
0.0398309230804
0.0282690525055
0.0299189090729
0.0327560901642
0.0335159301758
0.0444300174713
0.0448830127716
0.0452899932861
0.0455069541931
0.0376551151276
0.0378570556641
0.0424931049347
0.0453369617462
0.0347549915314
0.0353281497955
0.0358519554138
0.0365631580353
0.0241689682007
0.0252749919891
0.0258629322052
0.0268449783325
0.0317199230194
0.0336849689484
0.0343680381775
0.0351419448853
0.0358839035034
0.0373799800873
0.0383648872375
0.0390470027924
0.0298819541931
0.0303499698639
0.0311460494995
0.0318319797516
0.0413630008698
0.0422720909119
0.0429329872131
0.0435321331024
0.0408179759979
0.0413150787354
0.0416939258575
0.0423030853271
0.0395438671112
0.0403370857239
0.0410299301147
0.0418260097504
0.0400750637054
0.0438950061798
0.0442209243774
0.0450260639191
0.0456321239471
0.0477020740509
0.0487279891968
0.0496590137482
0.0391700267792
0.0393400192261
0.0395319461823
0.0396890640259
0.0348298549652
0.03502202034
0.0352289676666
0.0354008674622
0.0277740955353
0.0279469490051
0.0287539958954
0.0367910861969
0.0274019241333
0.0277569293976
0.0281600952148
0.0290720462799
0.0267071723938
0.0270230770111
0.027232170105
0.0288841724396
0.0363700389862
0.0366821289062
0.0369050502777
0.0379869937897
0.0261368751526
0.0265109539032
0.0268089771271
0.0270879268646
0.0343720912933
0.0345749855042
0.042788028717
0.0429701805115
0.0317430496216
0.032075881958
0.0323300361633
0.0325939655304
0.0310881137848
0.0314910411835
0.0326449871063
0.0348620414734
0.0322759151459
0.0324709415436
0.0326409339905
0.0328028202057
0.0283839702606
0.0299599170685
0.0302700996399
0.0394670963287
0.0345919132233
0.0352420806885
0.0372459888458
0.0401408672333
0.0252931118011
0.025463104248
0.0256130695343
0.0257761478424
0.0281538963318
0.0283558368683
0.0285179615021
0.0286810398102
0.0366840362549
0.0368728637695
0.037036895752
0.0371990203857
0.0295209884644
0.0297079086304
0.0298738479614
0.0300359725952
0.0346400737762
0.034970998764
0.0352051258087
0.0356211662292
0.0293509960175
0.0295760631561
0.0297410488129
0.0299160480499
0.0256240367889
0.0259709358215
0.0262479782104
0.0265090465546
0.034882068634
0.0351982116699
0.037563085556
0.0462770462036
0.0325820446014
0.0330390930176
0.033408164978
0.0337729454041
0.0291090011597
0.0292861461639
0.0294442176819
0.029618024826
0.0295479297638
0.0298388004303
0.0304009914398
0.0345158576965
0.0256950855255
0.0258700847626
0.0260310173035
0.0261859893799
0.0287249088287
0.0288980007172
0.0290508270264
0.0459599494934
0.0296409130096
0.0297989845276
0.0299689769745
0.0301158428192
0.0274138450623
0.0275769233704
0.0277209281921
0.0278878211975
0.0285420417786
0.0299911499023
0.030158996582
0.031574010849
0.0282099246979
0.0287430286407
0.0292689800262
0.0372719764709
0.0393807888031
0.0405600070953
0.042231798172
0.0489928722382
0.0296709537506
0.0323309898376
0.0353028774261
0.0423629283905
0.0400650501251
0.0408229827881
0.0415470600128
0.0476169586182
0.0480720996857
0.0487411022186
0.0495150089264
0.0504992008209
0.057158946991
0.0574870109558
0.0578119754791
0.0581388473511
0.0441970825195
0.0522809028625
0.0531990528107
0.0538859367371
0.0279080867767
0.0357730388641
0.0365660190582
0.0374250411987
0.0346369743347
0.035432100296
0.0356040000916
0.0394170284271
0.0296859741211
0.0298619270325
0.0300109386444
0.030158996582
0.0411510467529
0.0445981025696
0.0492570400238
0.0494039058685
0.0344481468201
0.0348680019379
0.0363121032715
0.0387680530548
0.0287799835205
0.0298159122467
0.0303928852081
0.0309588909149
0.0296950340271
0.0302450656891
0.0308289527893
0.031485080719
0.0385229587555
0.0386919975281
0.0405030250549
0.0420370101929
0.0344769954681
0.0350050926208
0.035523891449
0.0360760688782
0.0294830799103
0.0300869941711
0.0306580066681
0.0311620235443
0.0344250202179
0.0361359119415
0.0375699996948
0.0391030311584
0.0381791591644
0.0383949279785
0.0385401248932
0.0412180423737
0.0350480079651
0.0356338024139
0.0363898277283
0.0368669033051
0.0284290313721
0.0291330814362
0.0296399593353
0.0301451683044
0.0251460075378
0.0257940292358
0.0263860225677
0.0272672176361
0.0281369686127
0.0286660194397
0.0295128822327
0.0302920341492
0.0274059772491
0.0279629230499
0.0284638404846
0.0290279388428
0.0341739654541
0.0356359481812
0.0361571311951
0.0478200912476
0.0427839756012
0.0430111885071
0.0432469844818
0.0434119701385
0.0316700935364
0.0326089859009
0.033331155777
0.0338411331177
0.0260121822357
0.026593208313
0.0271692276001
0.0277390480042
0.0291531085968
0.0297350883484
0.0469369888306
0.0475409030914
0.030198097229
0.0307419300079
0.0473120212555
0.0475211143494
0.0245580673218
0.0247521400452
0.0257041454315
0.0270349979401
0.03826212883
0.0384459495544
0.0385971069336
0.03968501091
0.0373921394348
0.0387721061707
0.0457201004028
0.0531070232391
0.0318009853363
0.0321080684662
0.0324859619141
0.0328450202942
0.0302829742432
0.0305178165436
0.0311319828033
0.0315489768982
0.0250430107117
0.0252289772034
0.0253970623016
0.0255670547485
0.0384721755981
0.0386850833893
0.0388550758362
0.039046049118
0.0325620174408
0.0329859256744
0.0333859920502
0.0337979793549
0.0422439575195
0.042445898056
0.0430839061737
0.0432629585266
0.032646894455
0.0334808826447
0.0341448783875
0.0351359844208
0.0384120941162
0.0393409729004
0.0399570465088
0.040384054184
0.0332288742065
0.0335350036621
0.0508480072021
0.0511498451233
0.0281548500061
0.0284938812256
0.0289440155029
0.0360949039459
0.0344140529633
0.0347211360931
0.0349960327148
0.0352790355682
0.0341649055481
0.0344641208649
0.0347249507904
0.0350639820099
0.0277600288391
0.0281028747559
0.0287308692932
0.0343189239502
0.0328960418701
0.0334300994873
0.0338830947876
0.0342679023743
0.0346319675446
0.0349731445312
0.0352280139923
0.0354650020599
0.0247111320496
0.0265831947327
0.0312731266022
0.0373940467834
0.0324330329895
0.0325989723206
0.0327491760254
0.0371990203857
0.0256381034851
0.0258629322052
0.0346319675446
0.0361309051514
0.0271649360657
0.0303778648376
0.0333619117737
0.0365319252014
0.0303699970245
0.0305540561676
0.0307171344757
0.0308740139008
0.0461990833282
0.052433013916
0.0569880008698
0.0701880455017
0.0289211273193
0.0290729999542
0.029217004776
0.0293610095978
0.0284469127655
0.0378499031067
0.0387179851532
0.0394728183746
0.0325469970703
0.0330979824066
0.0336358547211
0.0342230796814
0.0573329925537
0.0575199127197
0.0576829910278
0.0578429698944
0.0285248756409
0.028687953949
0.02885389328
0.0290138721466
0.0335869789124
0.0337600708008
0.0339140892029
0.0340719223022
0.0278370380402
0.0280659198761
0.0282609462738
0.0297539234161
0.0321002006531
0.0324320793152
0.0358970165253
0.0385680198669
0.0316309928894
0.0317890644073
0.0319340229034
0.0379631519318
0.027626991272
0.027792930603
0.0279679298401
0.0401270389557
0.0250999927521
0.0253388881683
0.0285317897797
0.0348088741302
0.0261080265045
0.0262930393219
0.0269441604614
0.0272221565247
0.029284954071
0.0294921398163
0.0296659469604
0.033175945282
0.0242800712585
0.0250980854034
0.0260529518127
0.0404009819031
0.0282189846039
0.0288450717926
0.0293998718262
0.0349910259247
0.0336232185364
0.0341520309448
0.0348711013794
0.0409510135651
0.0371029376984
0.0383648872375
0.0395228862762
0.0405030250549
0.0311150550842
0.0312929153442
0.0314638614655
0.0316278934479
0.0338280200958
0.0348711013794
0.0358560085297
0.0368061065674
0.0377860069275
0.0386598110199
0.0402688980103
0.0414178371429
0.0340368747711
0.0352730751038
0.037260055542
0.0383250713348
0.0335259437561
0.0336790084839
0.0338299274445
0.0349268913269
0.0326340198517
0.0336740016937
0.0380051136017
0.0395479202271
0.0258681774139
0.026064157486
0.0262081623077
0.0263531208038
0.0280809402466
0.0282380580902
0.0283880233765
0.0288510322571
0.0326340198517
0.0328140258789
0.0341761112213
0.0352330207825
0.0349621772766
0.038122177124
0.042328119278
0.0507781505585
0.0263149738312
0.0300118923187
0.0321369171143
0.0385429859161
0.0367331504822
0.042799949646
0.043487071991
0.0444569587708
0.0388429164886
0.0398907661438
0.0449528694153
0.0461208820343
0.0378189086914
0.0379819869995
0.0381228923798
0.0382678508759
0.0277509689331
0.0279619693756
0.0281388759613
0.028312921524
0.0311410427094
0.0320839881897
0.034688949585
0.0362210273