0.0375981330872
0.0378441810608
0.0380020141602
0.0381481647491
0.0247828960419
0.0317928791046
0.0385520458221
0.0442538261414
0.027988910675
0.0285968780518
0.02911901474
0.0300748348236
0.0290410518646
0.0293209552765
0.0295081138611
0.029736995697
0.0322439670563
0.0324959754944
0.0327520370483
0.0329070091248
0.0324580669403
0.0331380367279
0.0336761474609
0.0416052341461
0.0274999141693
0.0296430587769
0.0308330059052
0.031986951828
0.0260529518127
0.026230096817
0.0297069549561
0.0300769805908
0.0302159786224
0.0310118198395
0.0315768718719
0.0321598052979
0.0342779159546
0.0351319313049
0.0362360477448
0.0369260311127
0.025593996048
0.0266778469086
0.0285849571228
0.0313229560852
0.0365190505981
0.0367920398712
0.0375981330872
0.0397410392761
0.0301508903503
0.0303800106049
0.0306010246277
0.031201839447
0.0468001365662
0.0512890815735
0.0528090000153
0.053524017334
0.0418989658356
0.0421578884125
0.0423419475555
0.0425188541412
0.0288579463959
0.0292868614197
0.0308640003204
0.0323519706726
0.0345318317413
0.0350539684296
0.035336971283
0.0357909202576
0.0295150279999
0.0310928821564
0.0331480503082
0.0338950157166
0.0350208282471
0.0355799198151
0.0359899997711
0.0364038944244
0.0276961326599
0.0281131267548
0.0285041332245
0.0304210186005
0.0295171737671
0.0302650928497
0.031347990036
0.0329670906067
0.0317850112915
0.0320520401001
0.0329151153564
0.0355100631714
0.0343129634857
0.0348439216614
0.0354299545288
0.0459640026093
0.0314321517944
0.0317039489746
0.0416829586029
0.0424740314484
0.0312931537628
0.0315480232239
0.0318040847778
0.0322921276093
0.0316300392151
0.0318620204926
0.0320439338684
0.0323009490967
0.0339372158051
0.0352730751038
0.0362000465393
0.0371911525726
0.0319421291351
0.0332341194153
0.0341989994049
0.037712097168
0.0373687744141
0.0380508899689
0.0392119884491
0.0432469844818
0.0317599773407
0.0319578647614
0.0327110290527
0.0332880020142
0.0312378406525
0.0315918922424
0.0325288772583
0.0355038642883
0.0325050354004
0.0329399108887
0.0335350036621
0.0358059406281
0.0231449604034
0.0236508846283
0.0239388942719
0.0251770019531
0.0423588752747
0.0460770130157
0.0466179847717
0.048054933548
0.0357551574707
0.0363540649414
0.0369651317596
0.0375301837921
0.0289580821991
0.0330469608307
0.0334589481354
0.0339169502258
0.038113117218
0.03830909729
0.0385770797729
0.038861989975
0.0220968723297
0.0222949981689
0.0285170078278
0.0317118167877
0.0297698974609
0.0306339263916
0.0471680164337
0.0473749637604
0.0339479446411
0.0346119403839
0.0429899692535
0.0463929176331
0.0245018005371
0.0300199985504
0.0310969352722
0.0319139957428
0.0264520645142
0.027058839798
0.0277609825134
0.0306420326233
0.0340840816498
0.0349090099335
0.0360109806061
0.0368421077728
0.0349020957947
0.0350780487061
0.0352301597595
0.0353910923004
0.035572052002
0.0440242290497
0.0471382141113
0.0481510162354
0.0386769771576
0.039391040802
0.0401680469513
0.0406980514526
0.0302700996399
0.0332551002502
0.0360720157623
0.0456910133362
0.033262014389
0.0338079929352
0.0386791229248
0.049800157547
0.0297479629517
0.0305280685425
0.0571191310883
0.0580239295959
0.0277750492096
0.0287570953369
0.0304470062256
0.0334959030151
0.0284941196442
0.0297830104828
0.036425113678
0.0374839305878
0.0323438644409
0.0329339504242
0.0335249900818
0.0358979701996
0.0418529510498
0.0420308113098
0.0421869754791
0.0423438549042
0.0304970741272
0.0307991504669
0.036544084549
0.041491985321
0.0337779521942
0.0341489315033
0.0344188213348
0.0466070175171
0.0344290733337
0.0346250534058
0.0347900390625
0.0349519252777
0.0457289218903
0.0466730594635
0.0475211143494
0.0482060909271
0.0282590389252
0.0284149646759
0.0306768417358
0.0343990325928
0.0278639793396
0.028167963028
0.0298879146576
0.0348610877991
0.0326800346375
0.0328381061554
0.0358369350433
0.0408051013947
0.0249590873718
0.0251290798187
0.0296940803528
0.0302441120148
0.0313909053802
0.0315539836884
0.0346570014954
0.0383789539337
0.0287249088287
0.0288870334625
0.0306069850922
0.0370450019836
0.0309188365936
0.0312418937683
0.0315668582916
0.0330069065094
0.0298080444336
0.0318849086761
0.0372240543365
0.0414440631866
0.0319468975067
0.0321049690247
0.0341758728027
0.0411608219147
0.0286300182343
0.0288100242615
0.0311942100525
0.0339682102203
0.0328500270844
0.0331220626831
0.0360419750214
0.0388720035553
0.0205280780792
0.0231142044067
0.0275499820709
0.0339231491089
0.0266051292419
0.0304219722748
0.035336971283
0.0388970375061
0.0255379676819
0.0301549434662
0.0344710350037
0.0389311313629
0.0272159576416
0.033215045929
0.0369250774384
0.045058965683
0.0387048721313
0.0392308235168
0.0398519039154
0.0433869361877
0.0370500087738
0.0395979881287
0.0401759147644
0.0407419204712
0.0290310382843
0.0297000408173
0.0315001010895
0.0344390869141
0.0284738540649
0.0300188064575
0.0364170074463
0.0374100208282
0.0272860527039
0.0288209915161
0.0331189632416
0.0355470180511
0.0332419872284
0.0342669487
0.0370080471039
0.040011882782
0.0275900363922
0.0286979675293
0.0359668731689
0.0367200374603
0.0268437862396
0.0312898159027
0.0371799468994
0.0434639453888
0.0309991836548
0.031574010849
0.0321609973907
0.0328919887543
0.0344469547272
0.0361058712006
0.0366280078888
0.0422399044037
0.0356431007385
0.0362350940704
0.036749124527
0.0372750759125
0.0452511310577
0.0458431243896
0.0463671684265
0.0469071865082
0.035856962204
0.0365109443665
0.0370938777924
0.0376489162445
0.0267639160156
0.027293920517
0.0278658866882
0.0287668704987
0.0263299942017
0.0269200801849
0.0274450778961
0.0279810428619
0.0328440666199
0.0336110591888
0.0343379974365
0.0433309078217
0.0316841602325
0.0322740077972
0.0328710079193
0.0333781242371
0.0321969985962
0.0330560207367
0.0346481800079
0.03568816185
0.0314610004425
0.0320639610291
0.0326390266418
0.0362069606781
0.0328230857849
0.0332989692688
0.0340120792389
0.0347239971161
0.0321431159973
0.0342440605164
0.0348970890045
0.0358850955963
0.0400140285492
0.0441980361938
0.0448458194733
0.045686006546
0.0404880046844
0.0412399768829
0.0419580936432
0.0426080226898
0.0314939022064
0.0329189300537
0.0371198654175
0.0475158691406
0.0376858711243
0.0385849475861
0.044909954071
0.0484399795532
0.0323941707611
0.033035993576
0.0381970405579
0.0447599887848
0.0318231582642
0.0327701568604
0.0340371131897
0.037868976593
0.0259611606598
0.0268080234528
0.0323560237885
0.0379509925842
0.0293707847595
0.0343248844147
0.0382418632507
0.0484788417816
0.0331828594208
0.0341749191284
0.0399799346924
0.0441799163818
0.0325589179993
0.0383589267731
0.044261932373
0.0501868724823
0.0356779098511
0.0411849021912
0.0484127998352
0.0549750328064
0.0297529697418
0.0334198474884
0.0389378070831
0.0432088375092
0.027202129364
0.0314002037048
0.0360360145569
0.0434529781342
0.0287899971008
0.0311858654022
0.0397779941559
0.0428779125214
0.0229060649872
0.0282261371613
0.0342800617218
0.0380589962006
0.027636051178
0.0314199924469
0.0358979701996
0.0466339588165
0.0260951519012
0.0292980670929
0.0372040271759
0.0420150756836
0.0307431221008
0.0349230766296
0.0389699935913
0.0444059371948
0.0267338752747
0.0279660224915
0.0364148616791
0.0371479988098
0.0407838821411
0.0472297668457
0.0523879528046
0.0582089424133
0.0288298130035
0.0366640090942
0.0373888015747
0.0431318283081
0.033185005188
0.0374488830566
0.0479400157928
0.0527150630951
0.0297329425812
0.0313160419464
0.0394899845123
0.0467810630798
0.0363669395447
0.0392899513245
0.0434579849243
0.0501708984375
0.0306279659271
0.0363349914551
0.0428578853607
0.0497159957886
0.0294458866119
0.0345559120178
0.0497088432312
0.0502510070801
0.0362279415131
0.0373349189758
0.0383257865906
0.0392258167267
0.0308110713959
0.0326211452484
0.0350029468536
0.0363500118256
0.0313849449158
0.0322110652924
0.0324420928955
0.0330410003662
0.0332231521606
0.0337769985199
0.0343010425568
0.0347490310669
0.0252230167389
0.0286478996277
0.02956199646
0.0301098823547
0.0306251049042
0.0352261066437
0.0383820533752
0.0395500659943
0.0248618125916
0.0259048938751
0.0292778015137
0.0341739654541
0.0296981334686
0.0340960025787
0.0373830795288
0.0422830581665
0.0331048965454
0.0332989692688
0.0338728427887
0.0341060161591
0.0279760360718
0.0290169715881
0.0296750068665
0.0360791683197
0.0302360057831
0.0308699607849
0.0397088527679
0.0469329357147
0.0350189208984
0.037281036377
0.0381209850311
0.0387868881226
0.0382039546967
0.0388050079346
0.0393130779266
0.0398440361023
0.0288388729095
0.0294148921967
0.0299379825592
0.0305070877075
0.050990819931
0.0515959262848
0.0521609783173
0.0526919364929
0.0340709686279
0.0346570014954
0.0351829528809
0.035984992981
0.0313510894775
0.0318779945374
0.0324101448059
0.0384430885315
0.0303981304169
0.0308661460876
0.0320971012115
0.0326149463654
0.0291848182678
0.0320580005646
0.0323510169983
0.032634973526
0.0400609970093
0.0406291484833
0.0411629676819
0.0416700839996
0.0380620956421
0.0386130809784
0.0391981601715
0.0403900146484
0.0315129756927
0.0356900691986
0.0392320156097
0.0399289131165
0.0278680324554
0.0310518741608
0.0317089557648
0.0323770046234
0.0339531898499
0.0389411449432
0.0403921604156
0.0415151119232
0.0366170406342
0.0373558998108
0.0382928848267
0.0389940738678
0.0342860221863
0.0349650382996
0.0356628894806
0.0418570041656
0.0332360267639
0.0340731143951
0.035108089447
0.0427179336548
0.0415759086609
0.0424370765686
0.0431199073792
0.0437431335449
0.0353581905365
0.0360591411591
0.0367381572723
0.0377440452576
0.0385460853577
0.0393888950348
0.04012799263
0.0409259796143
0.0381810665131
0.0389189720154
0.0395331382751
0.0454330444336
0.0483169555664
0.0490620136261
0.0497069358826
0.0503668785095
0.0359349250793
0.0365719795227
0.037143945694
0.0377149581909
0.0375521183014
0.0382699966431
0.038959980011
0.0449600219727
0.0390429496765
0.0397601127625
0.0404880046844
0.0475380420685
0.0341360569
0.0387449264526
0.0395441055298
0.0403299331665
0.0360429286957
0.0368249416351
0.0375089645386
0.0381970405579
0.0360260009766
0.0367949008942
0.0375618934631
0.0386118888855
0.0358459949493
0.0364680290222
0.0370190143585
0.037563085556
0.0411829948425
0.0417561531067
0.0423049926758
0.0431640148163
0.0350160598755
0.0363130569458
0.0373170375824
0.0436270236969
0.0465579032898
0.047308921814
0.0480010509491
0.0545489788055
0.0413761138916
0.0420680046082
0.042711019516
0.0486130714417
0.0356228351593
0.0363080501556
0.0371658802032
0.0437469482422
0.0360820293427
0.0377268791199
0.0385899543762
0.0394868850708
0.0446698665619
0.0502598285675
0.050892829895
0.0515849590302
0.0317511558533
0.0326819419861
0.0332281589508
0.0386011600494
0.0358419418335
0.0360209941864
0.0361731052399
0.0374689102173
0.0321898460388
0.0323948860168
0.0325918197632
0.0363240242004
0.0250318050385
0.0252459049225
0.025860786438
0.0298099517822
0.0257241725922
0.0259201526642
0.0287690162659
0.0343260765076
0.0315599441528
0.0332088470459
0.0369219779968
0.0411670207977
0.0493550300598
0.0495409965515
0.0497171878815
0.0570089817047
0.0287852287292
0.0300772190094
0.0312600135803
0.0409450531006
0.0256650447845
0.0269248485565
0.0321190357208
0.0375008583069
0.0333700180054
0.0364949703217
0.040981054306
0.0445649623871
0.0289928913116
0.0299489498138
0.0323979854584
0.0432329177856
0.0373070240021
0.0401849746704
0.0479350090027
0.054780960083
0.0293550491333
0.0327289104462
0.0423669815063
0.0473730564117
0.0278799533844
0.0296659469604
0.0321130752563
0.0392239093781
0.0263149738312
0.0316541194916
0.033812046051
0.0398840904236
0.029648065567
0.0312080383301
0.0339350700378
0.039076089859
0.0290260314941
0.0302240848541
0.0388350486755
0.0409421920776
0.0312051773071
0.0325889587402
0.0378420352936
0.0414991378784
0.0243937969208
0.0265460014343
0.0334868431091
0.0369467735291
0.0336210727692
0.0342960357666
0.0358641147614
0.0405261516571
0.0246169567108
0.027899980545
0.0353298187256
0.0377659797668
0.025367975235
0.0332968235016
0.0496809482574
0.0505340099335
0.038341999054
0.0389750003815
0.039537191391
0.0458590984344
0.0282039642334
0.028468132019
0.0286231040955
0.0287711620331
0.0267570018768
0.0269639492035
0.0271379947662
0.027312040329
0.0294079780579
0.0296399593353
0.0297939777374
0.0332369804382
0.0229661464691
0.0264542102814
0.0296030044556
0.033390045166
0.027174949646
0.0274679660797
0.0306520462036
0.0338559150696
0.0255930423737
0.0257868766785
0.0267579555511
0.0322699546814
0.0281839370728
0.0284280776978
0.0295429229736
0.0331089496613
0.0331490039825
0.0336689949036
0.0369970798492
0.0447549819946
0.0275678634644
0.0298118591309
0.0336759090424
0.0402719974518
0.0256350040436
0.026526927948
0.0298810005188
0.0333728790283
0.03187084198
0.0320320129395
0.0336599349976
0.0366778373718
0.0288388729095
0.0290348529816
0.0291929244995
0.0318429470062
0.028048992157
0.0282280445099
0.0302200317383
0.0337979793549
0.0229489803314
0.029815196991
0.0334250926971
0.0364971160889
0.0325031280518
0.0326659679413
0.0328211784363
0.0329699516296
0.0257298946381
0.0263559818268
0.0293388366699
0.0326449871063
0.0279498100281
0.0285098552704
0.0313899517059
0.0346138477325
0.0262920856476
0.0264439582825
0.0278470516205
0.0341811180115
0.029443025589
0.030121088028
0.0332419872284
0.0364060401917
0.0317590236664
0.0322091579437
0.0408780574799
0.0445051193237
0.062028169632
0.0625569820404
0.0631380081177
0.0637211799622
0.0593459606171
0.0601358413696
0.0612070560455
0.0630798339844
0.0486040115356
0.0491678714752
0.0496838092804
0.0504379272461
0.0330169200897
0.0337288379669
0.0343918800354
0.0364308357239
0.0316660404205
0.0323128700256
0.0329320430756
0.0507299900055
0.0328140258789
0.0356118679047
0.0362889766693
0.0369770526886
0.0261261463165
0.0267579555511
0.0272891521454
0.0278141498566
0.0384340286255
0.0396749973297
0.0431158542633
0.0452859401703
0.0344638824463
0.0354340076447
0.0370750427246
0.0426518917084
0.027617931366
0.0290911197662
0.0310909748077
0.0347630977631
0.0334668159485
0.0370118618011
0.0448079109192
0.0495729446411
0.0287480354309
0.030308008194
0.0348360538483
0.0377860069275
0.0321969985962
0.0333650112152
0.0347340106964
0.0390839576721
0.0263869762421
0.0270700454712
0.0287780761719
0.0383989810944
0.0320768356323
0.0331399440765
0.0340459346771
0.0368709564209
0.0332720279694
0.0341188907623
0.0412230491638
0.0419950485229
0.0344250202179
0.0351679325104
0.035945892334
0.0365960597992
0.0297789573669
0.0307340621948
0.0330901145935
0.0415730476379
0.0246639251709
0.0278310775757
0.0330049991608
0.0373260974884
0.0302579402924
0.0316388607025
0.0323779582977
0.0415658950806
0.0346059799194
0.0380480289459
0.0397338867188
0.0407679080963
0.032860994339
0.0338990688324
0.0347130298615
0.0353989601135
0.0345318317413
0.0353999137878
0.0416858196259
0.0475668907166
0.0287380218506
0.0327429771423
0.0356199741364
0.0406811237335
0.0243339538574
0.0264549255371
0.0307168960571
0.0353569984436
0.0280060768127
0.0296130180359
0.033684015274
0.0382709503174
0.0226879119873
0.0254979133606
0.0339820384979
0.0395660400391
0.0278007984161
0.0330018997192
0.0364618301392
0.0407848358154
0.0319771766663
0.032564163208
0.0331361293793
0.0336949825287
0.0317277908325
0.0322589874268
0.0379660129547
0.0435709953308
0.024964094162
0.026997089386
0.0298430919647
0.0365340709686
0.0266230106354
0.0289430618286
0.0318779945374
0.0354790687561
0.0332601070404
0.0367510318756
0.0387990474701
0.0406410694122
0.0283279418945
0.0288441181183
0.0391941070557
0.0397160053253
0.0230760574341
0.0237910747528
0.0244879722595
0.0250270366669
0.0417330265045
0.0424439907074
0.0432090759277
0.0453948974609
0.0283560752869
0.0288829803467
0.029629945755
0.0303928852081
0.0321629047394
0.0330018997192
0.0336489677429
0.0343730449677
0.0275399684906
0.0286660194397
0.0292530059814
0.030632019043
0.0283591747284
0.028599023819
0.0366380214691
0.0371539592743
0.0342481136322
0.0348091125488
0.0353801250458
0.0407710075378
0.0305540561676
0.0311019420624
0.0419900417328
0.0430381298065
0.0406408309937
0.0408430099487
0.0410308837891
0.0412528514862
0.040745973587
0.0410718917847
0.0413239002228
0.0415370464325
0.0361459255219
0.0364899635315
0.0369298458099
0.0374648571014
0.0494940280914
0.0500228404999
0.0503969192505
0.0506999492645
0.0334041118622
0.0337059497833
0.0339250564575
0.0449140071869
0.0403020381927
0.0406308174133
0.0408568382263
0.0411100387573
0.0326459407806
0.0331830978394
0.0336010456085
0.0340120792389
0.0318210124969
0.0321640968323
0.0324101448059
0.0434529781342
0.0332789421082
0.0338299274445
0.0341799259186
0.0393719673157
0.0295791625977
0.030876159668
0.0319871902466
0.0342969894409
0.0281708240509
0.0290389060974
0.0333847999573
0.0376329421997
0.0288939476013
0.0299959182739
0.0346968173981
0.040580034256
0.0343058109283
0.0354030132294
0.0389230251312
0.0421068668365
0.0293231010437
0.0298631191254
0.0313041210175
0.0370490550995
0.0400249958038
0.0467171669006
0.0477180480957
0.0485870838165
0.0413959026337
0.0420989990234
0.0427670478821
0.0433819293976
0.0408360958099
0.0415730476379
0.0422539710999
0.043240070343
0.0269818305969
0.030877828598
0.0313928127289
0.0318009853363
0.0258791446686
0.0265591144562
0.0322170257568
0.036434173584
0.0335869789124
0.034166097641
0.0381829738617
0.0413639545441
0.0376229286194
0.0426650047302
0.0474979877472
0.0486168861389
0.0314559936523
0.0333340167999
0.03444480896
0.0376069545746
0.0278098583221
0.0336089134216
0.0344898700714
0.0369379520416
0.0285708904266
0.0306618213654
0.0325169563293
0.0371928215027
0.0423600673676
0.0457339286804
0.0478830337524
0.0510830879211
0.0564901828766
0.0573420524597
0.063579082489
0.0652010440826
0.0808951854706
0.0814709663391
0.0819880962372
0.0826470851898
0.065071105957
0.0873701572418
0.088415145874
0.0892531871796
0.0330228805542
0.0370469093323
0.0412697792053
0.0464539527893
0.0339279174805
0.0348119735718
0.0357661247253
0.0406620502472
0.0353870391846
0.0362370014191
0.0412430763245
0.041848897934
0.0418272018433
0.0438671112061
0.0471069812775
0.0489749908447
0.0419018268585
0.0424308776855
0.0514290332794
0.0548539161682
0.0380489826202
0.0385839939117
0.0391058921814
0.0405380725861
0.0324358940125
0.0331809520721
0.0369389057159
0.0452289581299
0.0330588817596
0.0332469940186
0.0334088802338
0.0335609912872
0.0357460975647
0.0403671264648
0.0422430038452
0.0441989898682
0.0682518482208
0.068776845932
0.0773899555206
0.0779368877411
0.0456848144531
0.0491960048676
0.0541188716888
0.056468963623
0.0409088134766
0.044017791748
0.0450239181519
0.0507099628448
0.0336670875549
0.0342361927032
0.0347940921783
0.0353541374207
0.0396659374237
0.0402019023895
0.040766954422
0.042918920517
0.0584490299225
0.0591659545898
0.0707731246948
0.0719299316406
0.0338289737701
0.0344150066376
0.0349929332733
0.0355670452118
0.0250518321991
0.0274848937988
0.0280909538269
0.042809009552
0.0322761535645
0.0324580669403
0.0335371494293
0.0338101387024
0.0422749519348
0.0431010723114
0.0441188812256
0.0446450710297
0.0337910652161
0.033949136734
0.0340950489044
0.0376172065735
0.047003030777
0.0471680164337
0.047315120697
0.0477111339569
0.0444111824036
0.0480360984802
0.0510239601135
0.0545010566711
0.0281498432159
0.0285668373108
0.0288739204407
0.0357599258423
0.0467629432678
0.047022819519
0.0472629070282
0.0585107803345
0.0630781650543
0.063257932663
0.064031124115
0.0660240650177
0.0540759563446
0.0650150775909
0.0652410984039
0.0653970241547
0.0601649284363
0.0603239536285
0.0604717731476
0.0610249042511
0.0325469970703
0.0327210426331
0.0345380306244
0.0364520549774
0.0307519435883
0.0325739383698
0.0352530479431
0.0388650894165
0.0229320526123
0.0244679450989
0.0294201374054
0.0335190296173
0.0248508453369
0.0276520252228
0.0342090129852
0.0352299213409
0.0257411003113
0.028608083725
0.0325500965118
0.0368931293488
0.0221548080444
0.0240168571472
0.0275058746338
0.0315029621124
0.0340120792389
0.0357789993286
0.0376689434052
0.0430459976196
0.0275988578796
0.0280900001526
0.0293478965759
0.0341000556946
0.0377478599548
0.0386519432068
0.0392189025879
0.0397958755493
0.0298180580139
0.0303559303284
0.0307450294495
0.0313210487366
0.0327999591827
0.0333001613617
0.0343151092529
0.0360369682312
0.0343561172485
0.0378351211548
0.0395970344543
0.0608551502228
0.0326919555664
0.0331599712372
0.033616065979
0.0339140892029
0.0576810836792
0.0578551292419
0.058012008667
0.0598480701447
0.0369410514832
0.0376129150391
0.0381269454956
0.0386369228363
0.0600230693817
0.0607349872589
0.0614461898804
0.0620770454407
0.0355489253998
0.036768913269
0.0379469394684
0.0387079715729
0.0266010761261
0.0298361778259
0.0331330299377
0.0419301986694
0.0298430919647
0.0314509868622
0.0326189994812
0.0367329120636
0.026309967041
0.0309269428253
0.0376739501953
0.0445380210876
0.0261051654816
0.028724193573
0.0348491668701
0.0391461849213
0.0294699668884
0.0324859619141
0.0391869544983
0.0488290786743
0.0265920162201
0.0282530784607
0.0322940349579
0.0377471446991
0.0234971046448
0.0263140201569
0.0321161746979
0.0374081134796
0.0308020114899
0.0405712127686
0.043356180191
0.0508680343628
0.0312509536743
0.0327858924866
0.0398368835449
0.0454487800598
0.0285398960114
0.0334138870239
0.0369899272919
0.0415730476379
0.0268890857697
0.0289380550385
0.0412669181824
0.0447819232941
0.0416951179504
0.0430860519409
0.0439960956573
0.0460460186005
0.0262191295624
0.0273680686951
0.0301411151886
0.0362341403961
0.029333114624
0.0337750911713
0.039213180542
0.0436780452728
0.0280928611755
0.0335259437561
0.03626704216
0.0398528575897
0.0255899429321
0.0320580005646
0.0365409851074
0.0408229827881
0.0300061702728
0.0402681827545
0.0437240600586
0.0494391918182
0.048238992691
0.0513691902161
0.0522141456604
0.0529260635376
0.0284759998322
0.0303168296814
0.0312278270721
0.0320630073547
0.0472757816315
0.0572149753571
0.0629279613495
0.0638167858124
0.0298209190369
0.0308737754822
0.0374228954315
0.0381278991699
0.0409550666809
0.0440900325775
0.045095205307
0.0457060337067
0.0306680202484
0.0355620384216
0.0380771160126
0.0387201309204
0.0291697978973
0.0300319194794
0.0323238372803
0.0376570224762
0.0286848545074
0.0321309566498
0.038272857666
0.0486359596252
0.0230779647827
0.0259320735931
0.0374820232391
0.0388479232788
0.0251259803772
0.0299088954926
0.0315959453583
0.038064956665
0.0335929393768
0.0339250564575
0.0341069698334
0.0342929363251
0.0392489433289
0.03968501091
0.0400929450989
0.0403490066528
0.0351998806
0.035628080368
0.035796880722
0.0359630584717
0.0286309719086
0.0329830646515
0.033802986145
0.0360260009766
0.0319359302521
0.0341000556946
0.0362949371338
0.0373940467834
0.0276529788971
0.0297300815582
0.0329649448395
0.0376839637756
0.0264439582825
0.0266008377075
0.0267658233643
0.0271768569946
0.0280311107635
0.0281901359558
0.0283300876617
0.0287539958954
0.0267040729523
0.02689909935
0.02707695961
0.0272419452667
0.0313529968262
0.0315570831299
0.0327820777893
0.034529209137
0.0248749256134
0.0250618457794
0.0381720066071
0.0429739952087
0.030727148056
0.0317120552063
0.0334551334381
0.034276008606
0.026918888092
0.0290248394012
0.0311889648438
0.0337288379669
0.0233519077301
0.0235221385956
0.0280261039734
0.0291519165039
0.0311670303345
0.033271074295
0.0373342037201
0.0382270812988
0.0281701087952
0.0283269882202
0.0284750461578
0.0295751094818
0.0255379676819
0.0257678031921
0.0395448207855
0.039972782135
0.0221049785614
0.0254878997803
0.030158996582
0.0305378437042
0.0378248691559
0.0384969711304
0.0392918586731
0.0396049022675
0.0326850414276
0.0369989871979
0.0375120639801
0.0380499362946
0.0329539775848
0.0401229858398
0.0415210723877
0.0426549911499
0.0357491970062
0.0365860462189
0.0372130870819
0.0378022193909
0.0349769592285
0.0352737903595
0.0354409217834
0.0358419418335
0.0298190116882
0.0301508903503
0.0304570198059
0.0449779033661
0.0318160057068
0.032007932663
0.0321679115295
0.0323190689087
0.0372321605682
0.0387861728668
0.0395619869232
0.0402541160583
0.0293941497803
0.0311961174011
0.0319890975952
0.035854101181
0.0310180187225
0.0318319797516
0.0353429317474
0.0393180847168
0.0300040245056
0.0306210517883
0.0312459468842
0.0318620204926
0.034548997879
0.0351159572601
0.0379590988159
0.0389370918274
0.0276219844818
0.0285360813141
0.0295400619507
0.0303919315338
0.0378129482269
0.0384840965271
0.0390989780426
0.0396630764008
0.0314290523529
0.0329990386963
0.033910036087
0.0365059375763
0.0330281257629
0.0338900089264
0.0347020626068
0.0361640453339
0.0282649993896
0.0294990539551
0.0313699245453
0.0356850624084
0.036926984787
0.0375518798828
0.0381608009338
0.0426077842712
0.027410030365
0.0275831222534
0.0277621746063
0.0279421806335
0.0305931568146
0.0313181877136
0.0320081710815
0.0326271057129
0.0349090099335
0.0352299213409
0.0354089736938
0.0372588634491
0.0306890010834
0.0308620929718
0.0310199260712
0.0319499969482
0.0298609733582
0.0300209522247
0.0301749706268
0.0303270816803
0.0304040908813
0.0307061672211
0.0349500179291
0.0454821586609
0.0297930240631
0.0299699306488
0.0301380157471
0.0336599349976
0.0365159511566
0.0366930961609
0.0368640422821
0.0380659103394
0.0296609401703
0.0299029350281
0.0301029682159
0.0302999019623
0.0323679447174
0.0325717926025
0.0327389240265
0.0330998897552
0.0293030738831
0.0298771858215
0.0304100513458
0.0309221744537
0.0382299423218
0.0387740135193
0.045422077179
0.0575489997864
0.0352299213409
0.0354318618774
0.0355858802795
0.0357298851013
0.0462510585785
0.0464189052582
0.0465879440308
0.0487859249115
0.0328299999237
0.0331799983978
0.0465741157532
0.0467782020569
0.0362379550934
0.0368869304657
0.0375080108643
0.0381059646606
0.0308699607849
0.0314099788666
0.0431609153748
0.0461800098419
0.0245039463043
0.0247390270233
0.029137134552
0.03502202034
0.02885389328
0.0290279388428
0.0361738204956
0.0374310016632
0.0359191894531
0.0361030101776
0.0362560749054
0.0364701747894
0.0262818336487
0.0264639854431
0.0422887802124
0.0428478717804
0.0278449058533
0.0280721187592
0.0339250564575
0.034609079361
0.0318410396576
0.0320711135864
0.0322329998016
0.0323801040649
0.0265560150146
0.0269470214844
0.0332570075989
0.0334939956665
0.0296411514282
0.0479960441589
0.0484001636505
0.0487921237946
0.0280129909515
0.0282158851624
0.0283689498901
0.0285348892212
0.024432182312
0.0246000289917
0.0265531539917
0.0276851654053
0.0455689430237
0.0460660457611
0.0465040206909
0.0467929840088
0.0372171401978
0.0374159812927
0.0375869274139
0.0448369979858
0.0375151634216
0.039929151535
0.0409181118011
0.0417079925537
0.0325720310211
0.0340700149536
0.0346250534058
0.0431129932404
0.0448579788208
0.0458691120148
0.046539068222
0.0472531318665
0.0321590900421
0.032350063324
0.0360980033875
0.036523103714
0.0340390205383
0.0363590717316
0.0373959541321
0.0380349159241
0.0329079627991
0.0338048934937
0.0343339443207
0.0350849628448
0.0267717838287
0.0296428203583
0.042228937149
0.0428218841553
0.0278468132019
0.0285677909851
0.0290849208832
0.0298879146576
0.0406119823456
0.0413949489594
0.0420799255371
0.0427308082581
0.0340437889099
0.0354478359222
0.0439889431
0.0461189746857
0.0289330482483
0.0291221141815
0.0293209552765
0.0295100212097
0.032928943634
0.0336728096008
0.0343859195709
0.0367817878723
0.028284072876
0.0302879810333
0.0341169834137
0.0358800888062
0.0319509506226
0.03768491745
0.0434968471527
0.0476949214935
0.0296759605408
0.0309691429138
0.0373809337616
0.044203042984
0.0343210697174
0.03595495224
0.0425889492035
0.0501730442047
0.0361227989197
0.0374279022217
0.0399518013
0.0476620197296
0.0261158943176
0.0269980430603
0.0301048755646
0.0334579944611
0.032261133194
0.0329811573029
0.0335400104523
0.0382840633392
0.0295028686523
0.0298500061035
0.034656047821
0.0381329059601
0.0272610187531
0.027498960495
0.0338518619537
0.0396699905396
0.028589963913
0.0295720100403
0.0346050262451
0.0387630462646
0.024286031723
0.0253701210022
0.0272891521454
0.0301730632782
0.0271589756012
0.0300450325012
0.0363309383392
0.0366079807281
0.0300168991089
0.0302059650421
0.0303859710693
0.0305399894714
0.0361480712891
0.0377099514008
0.0571401119232
0.0575749874115
0.0252020359039
0.0253689289093
0.0255160331726
0.0256860256195
0.0266840457916
0.0268669128418
0.0270369052887
0.0289330482483
0.0274460315704
0.0276868343353
0.0278940200806
0.0280969142914
0.0304629802704
0.0306370258331
0.0307960510254
0.0309591293335
0.0304200649261
0.0305829048157
0.0315289497375
0.0373039245605
0.027302980423
0.0274610519409
0.033567905426
0.0381510257721
0.0305168628693
0.0317869186401
0.035768032074
0.0393199920654
0.0361750125885
0.0363659858704
0.0365159511566
0.0485551357269
0.0362632274628
0.0364151000977
0.0367200374603
0.0379891395569
0.0297400951385
0.0299189090729
0.0322060585022
0.0349090099335
0.0336608886719
0.033833026886
0.0339949131012
0.0442590713501
0.0314779281616
0.0332980155945
0.038724899292
0.0421559810638
0.0369710922241
0.0372760295868
0.0448069572449
0.0450479984283
0.0324399471283
0.0326209068298
0.0327959060669
0.0329539775848
0.0339238643646
0.0340888500214
0.0356788635254
0.0399940013885
0.0361709594727
0.0363621711731
0.0365250110626
0.0366849899292
0.0349340438843
0.0352289676666
0.0393500328064
0.0476109981537
0.0259850025177
0.0261490345001
0.0262989997864
0.0264420509338
0.0364570617676
0.0366070270538
0.0367429256439
0.0368750095367
0.0324649810791
0.0326249599457
0.0327839851379
0.0329360961914
0.0309510231018
0.031112909317
0.0312628746033
0.0314090251923
0.0311150550842
0.031280040741
0.0314319133759
0.0430359840393
0.032219171524
0.0324490070343
0.0341720581055
0.0376970767975
0.0311801433563
0.0313410758972
0.0322880744934
0.0389270782471
0.0266890525818
0.0269949436188
0.0272879600525
0.0275750160217
0.0341219902039
0.0343670845032
0.0363571643829
0.0416672229767
0.0381240844727
0.0384860038757
0.0388779640198
0.0395200252533
0.0295438766479
0.0297129154205
0.0298619270325
0.0373749732971
0.0303900241852
0.0311379432678
0.0317058563232
0.0322389602661
0.0275838375092
0.0283319950104
0.0289678573608
0.0308828353882
0.0325028896332
0.0330510139465
0.0337538719177
0.0358018875122
0.0267469882965
0.0269780158997
0.0271551609039
0.0278551578522
0.0348708629608
0.0350930690765
0.0352890491486
0.0360958576202
0.026093006134
0.0262639522552
0.0399758815765
0.0401358604431
0.023521900177
0.0236868858337
0.0239908695221
0.0242578983307
0.0377938747406
0.0381548404694
0.0384519100189
0.0387399196625
0.0266449451447
0.0269529819489
0.0283780097961
0.03289103508
0.0307900905609
0.0311141014099
0.0314290523529
0.031622171402
0.0328469276428
0.0336389541626
0.033989906311
0.0348238945007
0.0332148075104
0.0335969924927
0.0339059829712
0.035975933075
0.0339291095734
0.0345559120178
0.0388660430908
0.0409259796143
0.0338449478149
0.0344729423523
0.0352849960327
0.0360009670258
0.0405588150024
0.0407118797302
0.0408568382263
0.0432097911835
0.0325920581818
0.0327610969543
0.0329439640045
0.0331060886383
0.0389790534973
0.0391480922699
0.0392980575562
0.039458990097
0.0315070152283
0.031672000885
0.0318238735199
0.0319700241089
0.0258719921112
0.0261328220367
0.026300907135
0.032233953476
0.0264220237732
0.0266501903534
0.0268290042877
0.0270051956177
0.0302882194519
0.0306241512299
0.031895160675
0.0322411060333
0.0285789966583
0.0320470333099
0.0345740318298
0.0368061065674
0.0287480354309
0.0290470123291
0.0319790840149
0.0321581363678
0.0297229290009
0.0299229621887
0.0392909049988
0.0394949913025
0.0293200016022
0.0296111106873
0.0309979915619
0.0339839458466
0.0299808979034
0.030161857605
0.035101890564
0.0378789901733
0.0323450565338
0.0326771736145
0.0330440998077
0.0345711708069
0.0428957939148
0.0430657863617
0.0432457923889
0.0434019565582
0.0387461185455
0.0446300506592
0.0458190441132
0.0466780662537
0.0298678874969
0.0301089286804
0.0302720069885
0.0326249599457
0.0356349945068
0.0358698368073
0.0489020347595
0.0512590408325
0.0351231098175
0.0352990627289
0.0354881286621
0.0450510978699
0.0287349224091
0.0289130210876
0.0290570259094
0.0372550487518
0.0374779701233
0.0377910137177
0.0379660129547
0.0382659435272
0.0332229137421
0.0339419841766
0.0343959331512
0.0347809791565
0.0307819843292
0.0322759151459
0.0335128307343
0.0345530509949
0.0266420841217
0.028559923172
0.0287919044495
0.0296940803528
0.0298471450806
0.0300710201263
0.0391280651093
0.0393471717834
0.0270187854767
0.0274357795715
0.0405008792877
0.042674779892
0.030385017395
0.0312900543213
0.0319361686707
0.0325520038605
0.0323829650879
0.0332639217377
0.0340938568115
0.0347199440002
0.0288140773773
0.0295660495758
0.0302309989929
0.0309131145477
0.0357780456543
0.0359470844269
0.0361039638519
0.0362648963928
0.03116106987
0.031327009201
0.0420651435852
0.0452499389648
0.0353229045868
0.035628080368
0.0358278751373
0.0361988544464
0.0329840183258
0.0331761837006
0.0335371494293
0.0338950157166
0.0260319709778
0.0323529243469
0.0326979160309
0.0328478813171
0.0249381065369
0.0267550945282
0.0340430736542
0.0420770645142
0.0317120552063
0.0323450565338
0.0329699516296
0.0335400104523
0.0271770954132
0.0288429260254
0.0289900302887
0.0312659740448
0.0276238918304
0.0278038978577
0.0279679298401
0.0291769504547
0.0358741283417
0.0361111164093
0.0362989902496
0.0364820957184
0.027685880661
0.0286068916321
0.0304040908813
0.0313229560852
0.0309619903564
0.0320680141449
0.0329840183258
0.0342831611633
0.0379078388214
0.0382008552551
0.0384800434113
0.0387768745422
0.0281069278717
0.0284168720245
0.0326449871063
0.037055015564
0.040323972702
0.0407910346985
0.0421469211578
0.0458710193634
0.0325591564178
0.034775018692
0.038850069046
0.0479760169983
0.0283968448639
0.0341699123383
0.0377948284149
0.0440330505371
0.0327620506287
0.0355670452118
0.0428419113159
0.0477600097656
0.0317001342773
0.0330231189728
0.0393350124359
0.0470941066742
0.028804063797
0.0294919013977
0.0301780700684
0.030739068985
0.0343358516693
0.0352017879486
0.0359618663788
0.0367519855499
0.0349500179291
0.0357768535614
0.0364468097687
0.0371148586273
0.0319631099701
0.0321569442749
0.0323309898376
0.0327830314636
0.0309920310974
0.0317008495331
0.0323278903961
0.0330550670624
0.0293998718262
0.0306589603424
0.0321569442749
0.0430648326874
0.0335288047791
0.0338289737701
0.0344288349152
0.0348739624023
0.0328330993652
0.0334420204163
0.0337951183319
0.0341110229492
0.0256559848785
0.0259969234467
0.0266380310059
0.0272789001465
0.0253400802612
0.0257999897003
0.0263760089874
0.0301120281219
0.0273518562317
0.0282690525055
0.028990983963
0.0322329998016
0.0372190475464
0.0373980998993
0.0375611782074
0.0377240180969
0.0187649726868
0.0223319530487
0.0248339176178
0.0285608768463
0.0306730270386
0.0308740139008
0.0310590267181
0.0432760715485
0.027263879776
0.0274999141693
0.0276989936829
0.0279140472412
0.0327758789062
0.0329668521881
0.0331490039825
0.0429298877716
0.0300118923187
0.0302309989929
0.0304188728333
0.0369927883148
0.0376079082489
0.0378270149231
0.038008928299
0.03817486763
0.0345630645752
0.0349349975586
0.042888879776
0.0478630065918
0.0295789241791
0.0297570228577
0.0299060344696
0.034600019455
0.0598039627075
0.0607500076294
0.0611300468445
0.061420917511
0.0315229892731
0.0318579673767
0.0324280261993
0.0329010486603
0.0279660224915
0.0290670394897
0.0293080806732
0.0299952030182
0.0320129394531
0.0327050685883
0.0328669548035
0.0330169200897
0.0355160236359
0.035698890686
0.0375850200653
0.0387380123138
0.0337710380554
0.0339438915253
0.0340929031372
0.034245967865
0.0316970348358
0.0324749946594
0.0331041812897
0.0333490371704
0.0395529270172
0.03995013237
0.0404489040375
0.055233001709
0.0323359966278
0.0325498580933
0.0394339561462
0.0453979969025
0.0357110500336
0.0358910560608
0.0394370555878
0.0407240390778
0.0262761116028
0.0264348983765
0.0265789031982
0.0267210006714
0.0275580883026
0.0277299880981
0.0279071331024
0.0280590057373
0.035717010498
0.0358829498291
0.0360379219055
0.0385720729828
0.035031080246
0.0352170467377
0.0552320480347
0.0556190013885
0.0333580970764
0.03364610672
0.0338759422302
0.0343029499054
0.0321090221405
0.0323369503021
0.0325019359589
0.0330090522766
0.0397689342499
0.0403499603271
0.0409028530121
0.0414369106293
0.0332050323486
0.0334930419922
0.0337660312653
0.0476400852203
0.0312299728394
0.031790971756
0.0323860645294
0.0330431461334
0.0304131507874
0.0306041240692
0.0307731628418
0.0328769683838
0.031909942627
0.0320677757263
0.0322380065918
0.0336408615112
0.0325798988342
0.0327639579773
0.0439019203186
0.0480830669403
0.0313379764557
0.032653093338
0.0346541404724
0.0356140136719
0.0342910289764
0.0345799922943
0.0348410606384
0.0363409519196
0.0291171073914
0.0330159664154
0.036082983017
0.0471119880676
0.0261600017548
0.0270159244537
0.0283329486847
0.0308499336243
0.0319402217865
0.0453641414642
0.0460610389709
0.0478620529175
0.0286428928375
0.029825925827
0.0330250263214
0.038330078125
0.0274438858032
0.0276138782501
0.0277729034424
0.0354828834534
0.0279409885406
0.0281479358673
0.0432620048523
0.0441429615021
0.0389590263367
0.0391669273376
0.0393469333649
0.0397510528564
0.0313279628754
0.0321209430695
0.0347428321838
0.0443429946899
0.0327999591827
0.0330610275269
0.0333430767059
0.0360560417175
0.035327911377
0.0355398654938
0.0357048511505
0.0438599586487
0.0323278903961
0.0327389240265
0.0331449508667
0.0335309505463
0.0295279026031
0.0300488471985
0.0305578708649
0.0309638977051
0.0243330001831
0.0286700725555
0.0325992107391
0.033093214035
0.0240740776062
0.0551640987396
0.0565059185028
0.0577690601349
0.0261189937592
0.0266289710999
0.0269510746002
0.0274181365967
0.0342109203339
0.03444480896
0.0346829891205
0.0348808765411
0.0290458202362
0.0293638706207
0.0296728610992
0.0299768447876
0.0290269851685
0.0292060375214
0.0293610095978
0.031172990799
0.0285289287567
0.0287449359894
0.0289008617401
0.0290558338165
0.0277488231659
0.0279250144958
0.0280759334564
0.028223991394
0.0304100513458
0.0307588577271
0.0310640335083
0.0327069759369
0.0274500846863
0.0276548862457
0.02783203125
0.0280029773712
0.0283839702606
0.0289940834045
0.0294589996338
0.0298881530762
0.0376880168915
0.0379710197449
0.0382199287415
0.0384519100189
0.0373451709747
0.038113117218
0.0387589931488
0.0391120910645
0.0319399833679
0.0327320098877
0.0340368747711
0.0426640510559
0.0298969745636
0.0311839580536
0.0318210124969
0.0323569774628
0.0312209129333
0.031672000885
0.0324599742889
0.0330209732056
0.0356040000916
0.0361437797546
0.0372579097748
0.0436398983002
0.0368020534515
0.036985874176
0.0371389389038
0.0372970104218
0.0249059200287
0.0251109600067
0.0262711048126
0.0271310806274
0.0320539474487
0.0332708358765
0.0344309806824
0.0357279777527
0.0271399021149
0.0289158821106
0.0298888683319
0.0307319164276
0.0433080196381
0.0440149307251
0.0447239875793
0.0455930233002
0.0451920032501
0.0454998016357
0.045783996582
0.0460138320923
0.0360958576202
0.0372588634491
0.0463590621948
0.0471348762512
0.0416171550751
0.042295217514
0.0435061454773
0.0443081855774
0.0232090950012
0.023472070694
0.0236740112305
0.0280630588531
0.0285160541534
0.0287339687347
0.0319509506226
0.0336420536041
0.0312368869781
0.0316569805145
0.0348868370056
0.0393898487091
0.0254230499268
0.0255830287933
0.0273540019989
0.0302550792694
0.0287659168243
0.0289318561554
0.0290830135345
0.0304620265961
0.0399901866913
0.0401871204376
0.0403530597687
0.0405111312866
0.0335350036621
0.0337059497833
0.0338819026947
0.0359818935394
0.02947306633
0.0303740501404
0.031238079071
0.0337998867035
0.0288021564484
0.0294699668884
0.0381691455841
0.0397701263428
0.0421521663666
0.0423181056976
0.0424630641937
0.0429539680481
0.0338940620422
0.0340778827667
0.0342280864716
0.0343708992004
0.0289709568024
0.030158996582
0.0333099365234
0.0370020866394
0.0229971408844
0.0235500335693
0.0237641334534
0.0296700000763
0.0370070934296
0.037211894989
0.0373890399933
0.0375640392303
0.0297338962555
0.0324640274048
0.0358381271362
0.0363481044769
0.0303411483765
0.03107213974
0.0318901538849
0.0325241088867
0.0372250080109
0.0373930931091
0.0376191139221
0.0378410816193
0.0286309719086
0.0292570590973
0.0325050354004
0.0331189632416
0.0310280323029
0.0312149524689
0.0313849449158
0.0315508842468
0.0329940319061
0.0332050323486
0.0333721637726
0.0335350036621
0.027939081192
0.028116941452
0.0282900333405
0.0284430980682
0.0336580276489
0.0341420173645
0.0348460674286
0.0372729301453
0.0322060585022
0.0324079990387
0.0329821109772
0.0333580970764
0.0308740139008
0.0313568115234
0.0319268703461
0.0323429107666
0.0388929843903
0.0391819477081
0.0394420623779
0.0397500991821
0.0315370559692
0.0319380760193
0.0321969985962
0.0325410366058
0.0360569953918
0.0369791984558
0.0376250743866
0.038232088089
0.0317862033844
0.0333290100098
0.0356521606445
0.0368280410767
0.0331909656525
0.0333669185638
0.0335199832916
0.0336709022522
0.0314137935638
0.0316197872162
0.031790971756
0.0319709777832
0.0309669971466
0.0314650535583
0.0316450595856
0.0317940711975
0.0288529396057
0.0293319225311
0.0298850536346
0.0406219959259
0.0310490131378
0.0312540531158
0.0315380096436
0.0317261219025
0.0282628536224
0.028450012207
0.0286159515381
0.0288000106812
0.0311830043793
0.0316171646118
0.0319621562958
0.0322170257568
0.0340001583099
0.0347290039062
0.0354561805725
0.0361759662628
0.0321369171143
0.0323140621185
0.0324790477753
0.0326390266418
0.0327229499817
0.0328960418701
0.0330450534821
0.0361289978027
0.0287880897522
0.0289571285248
0.0291049480438
0.029256105423
0.0277869701385
0.0279760360718
0.0281660556793
0.0283250808716
0.0316109657288
0.0320827960968
0.038605928421
0.0387659072876
0.0290439128876
0.0293869972229
0.0297179222107
0.0299940109253
0.0268070697784
0.0272781848907
0.0276811122894
0.0411081314087
0.0302050113678
0.0326790809631
0.0362110137939
0.036994934082
0.0327110290527
0.0330150127411
0.0332810878754
0.0335340499878
0.0292780399323
0.0294580459595
0.0296170711517
0.0300149917603
0.0286061763763
0.0288181304932
0.0290071964264
0.0291950702667
0.125741958618
0.128387928009
0.129582881927
0.131933927536
0.0467882156372
0.0469570159912
0.047327041626
0.047847032547
0.0289461612701
0.029128074646
0.029284954071
0.0353419780731
0.0252959728241
0.0257470607758
0.0266108512878
0.0274970531464
0.032947063446
0.0337419509888
0.0345180034637
0.0352470874786
0.028342962265
0.028538942337
0.0287020206451
0.0288560390472
0.0263719558716
0.0265438556671
0.0267128944397
0.0268619060516
0.0285658836365
0.0289108753204
0.0304479598999
0.0334279537201
0.0325319766998
0.0327000617981
0.0328459739685
0.0329849720001
0.0291650295258
0.029345035553
0.0295078754425
0.0296640396118
0.0393199920654
0.0395109653473
0.0396840572357
0.0398988723755
0.0331900119781
0.0335040092468
0.0337510108948
0.0339970588684
0.0277910232544
0.0283150672913
0.0339741706848
0.0469870567322
0.0305240154266
0.0307490825653
0.0309131145477
0.0310921669006
0.0246729850769
0.0248520374298
0.0271248817444
0.0319130420685
0.0263211727142
0.0266489982605
0.0270431041718
0.0272879600525
0.0352408885956
0.0356838703156
0.0359327793121
0.0364339351654
0.0369329452515
0.0371088981628
0.0372698307037
0.0374298095703
0.0232889652252
0.0235068798065
0.0282559394836
0.0373589992523
0.0344231128693
0.0347030162811
0.0348591804504
0.0351960659027
0.031919002533
0.0322649478912
0.0325489044189
0.0328249931335
0.0294299125671
0.0297238826752
0.0301730632782
0.0307350158691
0.0353391170502
0.0373401641846
0.0382561683655
0.0391080379486
0.0350110530853
0.0357689857483
0.036299943924
0.0372850894928
0.0425260066986
0.0433359146118
0.0478339195251
0.0486350059509
0.0274600982666
0.0276119709015
0.0277619361877
0.0279071331024
0.0305070877075
0.0307021141052
0.0308861732483
0.0310502052307
0.0448260307312
0.0450618267059
0.0452618598938
0.0454390048981
0.0255420207977
0.0276629924774
0.0301978588104
0.033695936203
0.0303139686584
0.0304849147797
0.0306448936462
0.03084897995
0.0364179611206
0.0369811058044
0.0374751091003
0.0383729934692
0.0360209941864
0.0369579792023
0.0386788845062
0.0394008159637
0.0313160419464
0.0320980548859
0.0327579975128
0.0359830856323
0.029935836792
0.0301480293274
0.0312058925629
0.0321989059448
0.0352311134338
0.0388391017914
0.0397620201111
0.0420479774475
0.0356380939484
0.0395781993866
0.0398561954498
0.0400810241699
0.0365881919861
0.0373940467834
0.038223028183
0.0389311313629
0.0303008556366
0.0310699939728
0.0317108631134
0.0323610305786
0.0340261459351
0.0348420143127
0.0353260040283
0.0361440181732
0.0354399681091
0.0365469455719
0.0425069332123
0.0439279079437
0.0265939235687
0.0268068313599
0.0269758701324
0.0271549224854
0.028822183609
0.030011177063
0.0325930118561
0.0377690792084
0.026193857193
0.0263798236847
0.0389838218689
0.0393078327179
0.0350711345673
0.0352580547333
0.0354189872742
0.0356349945068
0.0287652015686
0.0309510231018
0.0331962108612
0.0363330841064
0.0352509021759
0.035747051239
0.0369229316711
0.0376658439636
0.0332269668579
0.0333969593048
0.0335509777069
0.0340847969055
0.0331408977509
0.033460855484
0.0337779521942
0.0339529514313
0.032919883728
0.0332429409027
0.0335638523102
0.036365032196
0.0361168384552
0.0363750457764
0.0366609096527
0.0369369983673
0.0336201190948
0.0338521003723
0.0340359210968
0.0439510345459
0.0264871120453
0.0370059013367
0.0377249717712
0.038407087326
0.0345151424408
0.0352311134338
0.0455260276794
0.0503430366516
0.0328929424286
0.0333490371704
0.0462529659271
0.0474059581757
0.0352799892426
0.035749912262
0.0367708206177
0.0378568172455
0.0324900150299
0.0328888893127
0.0333650112152
0.0339479446411
0.0308010578156
0.0313439369202
0.0336570739746
0.0452439785004
0.0375220775604
0.037859916687
0.0380570888519
0.0382440090179
0.0272331237793
0.029109954834
0.0316140651703
0.0317981243134
0.0373640060425
0.049712896347
0.0522680282593
0.0532898902893
0.0301730632782
0.030592918396
0.0309979915619
0.031406879425
0.0293800830841
0.029580116272
0.029755115509
0.0380721092224
0.0346789360046
0.0350739955902
0.0371570587158
0.0393130779266
0.0288710594177
0.0291450023651
0.0293869972229
0.029550075531
0.0364902019501
0.036835193634
0.0371811389923
0.0378661155701
0.0316908359528
0.0323979854584
0.0331239700317
0.0338540077209
0.0351059436798
0.0357668399811
0.0369307994843
0.0380339622498
0.0348968505859
0.0350949764252
0.0352449417114
0.0354280471802
0.0388798713684
0.0425398349762
0.0438280105591
0.0449199676514
0.0251910686493
0.0260660648346
0.0286359786987
0.0290069580078
0.0272948741913
0.0277128219604
0.0332329273224
0.0340678691864
0.0342268943787
0.0344848632812
0.034637928009
0.0347859859467
0.0319979190826
0.0324380397797
0.0381779670715
0.0479218959808
0.0298180580139
0.0300250053406
0.0323009490967
0.0324950218201
0.0281109809875
0.0285520553589
0.0290219783783
0.0294768810272
0.0263469219208
0.0370399951935
0.039009809494
0.0397188663483
0.0334229469299
0.0366039276123
0.0370180606842
0.0381810665131
0.035747051239
0.0367329120636
0.0375070571899
0.0382659435272
0.024188041687
0.0256731510162
0.0286312103271
0.0306951999664
0.05650806427
0.0577900409698
0.0587310791016
0.0596330165863
0.0306539535522
0.0320830345154
0.032840013504
0.0343220233917
0.0356261730194
0.0358521938324
0.036031961441
0.0367209911346
0.0301468372345
0.0304198265076
0.0308899879456
0.0310649871826
0.0471429824829
0.0512659549713
0.0522100925446
0.0630369186401
0.0321471691132
0.0326220989227
0.0329902172089
0.0332942008972
0.0325009822845
0.0326790809631
0.0328481197357
0.0330021381378
0.0312528610229
0.0314238071442
0.0315678119659
0.0317068099976
0.0266690254211
0.0270400047302
0.0272500514984
0.0290880203247
0.0288350582123
0.0290501117706
0.0292410850525
0.0294342041016
0.0279259681702
0.0281159877777
0.0299389362335
0.0300970077515
0.0237100124359
0.0238728523254
0.0240359306335
0.0305228233337
0.0295150279999
0.0296981334686
0.0380561351776
0.0452501773834
0.0349681377411
0.0353960990906
0.035845041275
0.0363020896912
0.0263121128082
0.0264949798584
0.027351140976
0.0362889766693
0.0362360477448
0.0371890068054
0.0384500026703
0.0442368984222
0.0386738777161
0.0394539833069
0.0403430461884
0.0411009788513
0.040342092514
0.0415539741516
0.0426509380341
0.0436971187592
0.039008140564
0.0394201278687
0.0401360988617
0.0404891967773
0.0335040092468
0.033723115921
0.0338931083679
0.0340480804443
0.0301809310913
0.0303950309753
0.0305609703064
0.0307250022888
0.0287461280823
0.029482126236
0.0302550792694
0.0309519767761
0.0228989124298
0.024365901947
0.0294990539551
0.0344040393829
0.0292439460754
0.0304341316223
0.0334510803223
0.0390720367432
0.0321621894836
0.034332036972
0.0357100963593
0.0369081497192
0.0295128822327
0.0297269821167
0.0299069881439
0.0301849842072
0.0324149131775
0.0328040122986
0.0329999923706
0.0333669185638
0.02947306633
0.0296308994293
0.0297780036926
0.0299210548401
0.0360770225525
0.0362849235535
0.03644490242
0.0369470119476
0.0339090824127
0.0346529483795
0.0348300933838
0.0349960327148
0.0269169807434
0.0276460647583
0.0294859409332
0.0301899909973
0.0301671028137
0.0307960510254
0.0379619598389
0.0413110256195
0.102779865265
0.108553886414
0.116303920746
0.117414951324
0.0380618572235
0.0383858680725
0.0386719703674
0.049341917038
0.0431230068207
0.0433468818665
0.0511808395386
0.0518779754639
0.0444688796997
0.0446498394012
0.0457429885864
0.0492269992828
0.0442988872528
0.0446169376373
0.0527448654175
0.056765794754
0.0395469665527
0.0397479534149
0.0399649143219
0.0429120063782
0.0344281196594
0.0387840270996
0.0402729511261
0.0404181480408
0.036101102829
0.0362720489502
0.0364270210266
0.036581993103
0.031231880188
0.0314228534698
0.0315718650818
0.0327959060669
0.0418748855591
0.0420639514923
0.0422229766846
0.0423729419708
0.0263888835907
0.0265970230103
0.0267748832703
0.0269348621368
0.0303959846497
0.0305659770966
0.0307199954987
0.0308649539948
0.0371978282928
0.0373728275299
0.0375218391418
0.0376768112183
0.0306339263916
0.0308589935303
0.0310130119324
0.0431749820709
0.027843952179
0.0281388759613
0.0292029380798
0.0362598896027
0.0310821533203
0.0312640666962
0.0314149856567
0.0315661430359
0.0294320583344
0.0295829772949
0.0297429561615
0.0298969745636
0.0267140865326
0.0268909931183
0.0270369052887
0.0393259525299
0.0280680656433
0.029100894928
0.0298960208893
0.0313930511475
0.0285289287567
0.0289709568024
0.0293369293213
0.0296950340271
0.0234460830688
0.0241510868073
0.0247850418091
0.0255041122437
0.0378389358521
0.0388851165771
0.0396959781647
0.0404019355774
0.0397300720215
0.0408761501312
0.0415720939636
0.0422229766846
0.0385007858276
0.0387239456177
0.0453939437866
0.0456638336182
0.0299401283264
0.0301280021667
0.0302951335907
0.0398850440979
0.035190820694
0.0353558063507
0.0355038642883
0.0356528759003
0.0370230674744
0.0379920005798
0.041130065918
0.044723033905
0.0287771224976
0.0292031764984
0.0297150611877
0.0300891399384
0.0370240211487
0.0375320911407
0.0379180908203
0.0382630825043
0.0363738536835
0.0366888046265
0.0369579792023
0.0375819206238
0.0316960811615
0.0319509506226
0.0321300029755
0.0415420532227
0.0292279720306
0.0296928882599
0.030289888382
0.0318419933319
0.030846118927
0.0330011844635
0.0331680774689
0.0333352088928
0.0265560150146
0.0302958488464
0.0371918678284
0.0375688076019
0.0298640727997
0.0302519798279
0.0363960266113
0.0375440120697
0.0381038188934
0.0382869243622
0.0385239124298
0.0387539863586
0.037248134613
0.043466091156
0.0522401332855
0.0526511669159
0.0254921913147
0.0257480144501
0.0306911468506
0.0340690612793
0.0306670665741
0.0308611392975
0.0323770046234
0.0372331142426
0.032986164093
0.0332491397858
0.0335781574249
0.04301404953
0.0264210700989
0.0267429351807
0.0270419120789
0.0426630973816
0.032427072525
0.0327429771423
0.033066034317
0.0333669185638
0.0394361019135
0.0401542186737
0.0410420894623
0.0423340797424
0.0278871059418
0.0280821323395
0.0283050537109
0.0325560569763
0.0319139957428
0.0320920944214
0.0364799499512
0.0403680801392
0.0257539749146
0.0276601314545
0.0291259288788
0.0315730571747
0.0304789543152
0.0307109355927
0.0310981273651
0.0314340591431
0.0363399982452
0.036661863327
0.0369720458984
0.0372760295868
0.0300781726837
0.0302519798279
0.030412197113
0.0306000709534
0.02512383461
0.0267100334167
0.0282289981842
0.0332689285278
0.0291700363159
0.0294501781464
0.0296270847321
0.0386891365051
0.0321941375732
0.0323700904846
0.0325272083282
0.0331230163574
0.0362648963928
0.0364489555359
0.0366230010986
0.0367810726166
0.0260350704193
0.0272741317749
0.0281360149384
0.0288231372833
0.0267169475555
0.0271489620209
0.0275709629059
0.0282018184662
0.0297780036926
0.0306599140167
0.0313858985901
0.0320749282837
0.0365390777588
0.036721944809
0.043683052063
0.0439031124115
0.0360369682312
0.0364170074463
0.0371520519257
0.0382580757141
0.0321660041809
0.0329139232635
0.0369210243225
0.0398709774017
0.0304780006409
0.0311741828918
0.031975030899
0.0327961444855
0.0252311229706
0.026437997818
0.0384860038757
0.0501711368561
0.0386130809784
0.0388119220734
0.0389850139618
0.0391499996185
0.0328509807587
0.0332388877869
0.0335018634796
0.0336909294128
0.0310919284821
0.0314700603485
0.0317161083221
0.0321660041809
0.0323739051819
0.0326678752899
0.0329418182373
0.0331149101257
0.0339179039001
0.0341408252716
0.0343368053436
0.0449969768524
0.0333189964294
0.0335190296173
0.0336830615997
0.0338759422302
0.0312769412994
0.031466960907
0.0316128730774
0.0317540168762
0.0314090251923
0.0321798324585
0.0328290462494
0.033674955368
0.0310969352722
0.0320239067078
0.0349628925323
0.0374329090118
0.0305790901184
0.0307600498199
0.0309181213379
0.0403320789337
0.0274591445923
0.0296001434326
0.0302491188049
0.0308990478516
0.0315868854523
0.0317530632019
0.0318989753723
0.0320410728455
0.028559923172
0.0287199020386
0.0288679599762
0.0290310382843
0.0330209732056
0.0332410335541
0.0334091186523
0.0446140766144
0.0402231216431
0.0405030250549
0.0406811237335
0.0511250495911
0.0439991950989
0.0452082157135
0.0463500022888
0.0470731258392
0.0438039302826
0.044774055481
0.0460979938507
0.0472540855408
0.0377259254456
0.0388650894165
0.0432090759277
0.0442669391632
0.0359749794006
0.0363578796387
0.0365600585938
0.0368988513947
0.0313880443573
0.0321409702301
0.0328330993652
0.0335071086884
0.0274569988251
0.0283699035645
0.0290529727936
0.0297799110413
0.037948846817
0.0386610031128
0.0394060611725
0.0400438308716
0.0442709922791
0.0451979637146
0.0458860397339
0.0470149517059
0.0303170681
0.0323970317841
0.0332899093628
0.0340449810028
0.0395860671997
0.0399332046509
0.0404870510101
0.0409290790558
0.0273561477661
0.0288441181183
0.031268119812
0.0326061248779
0.0303590297699
0.0309131145477
0.0315001010895
0.0321741104126
0.0391519069672
0.0395019054413
0.0398299694061
0.0417490005493
0.0319290161133
0.0327990055084
0.0335559844971
0.0342891216278
0.0289590358734
0.0296320915222
0.0302059650421
0.0416979789734
0.0287759304047
0.0289959907532
0.0291900634766
0.0294029712677
0.0355520248413
0.0359108448029
0.0361230373383
0.0364489555359
0.0354590415955
0.0356209278107
0.0357699394226
0.0359170436859
0.0300440788269
0.03022813797
0.0303909778595
0.0305609703064
0.0267817974091
0.0270798206329
0.0273768901825
0.0276598930359
0.031317949295
0.0318179130554
0.0449619293213
0.0468239784241
0.036789894104
0.0392310619354
0.0423989295959
0.0442190170288
0.0313558578491
0.0315430164337
0.0317018032074
0.0318570137024
0.0312030315399
0.0313920974731
0.0316290855408
0.0317840576172
0.0360360145569
0.0367150306702
0.0388770103455
0.044988155365
0.031033039093
0.0320899486542
0.0467228889465
0.0482578277588
0.0277569293976
0.0279810428619
0.0281491279602
0.0283260345459
0.029834985733
0.0302309989929
0.0322139263153
0.0374290943146
0.0296170711517
0.0299959182739
0.0303280353546
0.0447089672089
0.0385119915009
0.0386950969696
0.0388679504395
0.0390338897705
0.0339050292969
0.0350649356842
0.0381369590759
0.0397479534149
0.0299150943756
0.0305309295654
0.0315361022949
0.0325429439545
0.0313830375671
0.0317170619965
0.0325591564178
0.0444221496582
0.0287890434265
0.0290179252625
0.0292620658875
0.0295729637146
0.0362060070038
0.0371558666229
0.0380618572235
0.0392799377441
0.0338590145111
0.0342259407043
0.0345320701599
0.0377080440521
0.0269589424133
0.0272088050842
0.0341889858246
0.0378198623657
0.0333499908447
0.0338380336761
0.0357599258423
0.0366699695587
0.0252740383148
0.0298330783844
0.0299911499023
0.0301649570465
0.0252821445465
0.0270121097565
0.0381960868835
0.0424320697784
0.0365540981293
0.0427041053772
0.0475602149963
0.0485031604767
0.0266268253326
0.0278258323669
0.0306868553162
0.0369479656219
0.0344638824463
0.0365769863129
0.0401060581207
0.0431208610535
0.0280251502991
0.0283589363098
0.0286951065063
0.0292129516602
0.0387630462646
0.0391969680786
0.0395660400391
0.0437669754028
0.0322871208191
0.0326600074768
0.0329349040985
0.0332229137421
0.0305850505829
0.0307590961456
0.0309391021729
0.0310990810394
0.0336751937866
0.0339550971985
0.0341281890869
0.0362939834595
0.0341699123383
0.0354609489441
0.0376830101013
0.0491118431091
0.0311131477356
0.0328619480133
0.038311958313
0.0401599407196
0.0348539352417
0.0351810455322
0.0355069637299
0.0362250804901
0.0321910381317
0.0325520038605
0.0328860282898
0.0510549545288
0.0343050956726
0.034698009491
0.0350041389465
0.0352890491486
0.0321109294891
0.0324718952179
0.033038854599
0.0344409942627
0.034765958786
0.0354731082916
0.0384089946747
0.0443179607391
0.0275411605835
0.0282561779022
0.0290629863739
0.0297150611877
0.0453279018402
0.0471079349518
0.0476040840149
0.048465013504
0.0374250411987
0.0384471416473
0.0394721031189
0.041032075882
0.0306041240692
0.0455870628357
0.0458760261536
0.0460629463196
0.036926984787
0.0381488800049
0.0389838218689
0.0405848026276
0.0344638824463
0.0356359481812
0.0369169712067
0.0378317832947
0.0380051136017
0.0382130146027
0.0383660793304
0.0385141372681
0.0278220176697
0.0279848575592
0.0281519889832
0.0292479991913
0.0313351154327
0.0319819450378
0.0325269699097
0.033077955246
0.0287408828735
0.0289220809937
0.0290689468384
0.0336120128632
0.0276849269867
0.0286028385162
0.0314638614655
0.0427069664001
0.0396721363068
0.0413420200348
0.042179107666
0.0442161560059
0.0344150066376
0.0349750518799
0.0355939865112
0.0359530448914
0.0256979465485
0.0276300907135
0.0445489883423
0.0540659427643
0.0266590118408
0.0273549556732
0.0332899093628
0.0475039482117
0.0350790023804
0.0362551212311
0.0375249385834
0.0386891365051
0.0316109657288
0.0346410274506
0.0357489585876
0.0369000434875
0.0362379550934
0.0365400314331
0.0368580818176
0.0371520519257
0.0282261371613
0.0284159183502
0.0286560058594
0.0289371013641
0.0353350639343
0.0355501174927
0.0357100963593
0.0358669757843
0.0346691608429
0.0374240875244
0.0382001399994
0.0386011600494
0.0280959606171
0.0282669067383
0.0361139774323
0.037740945816
0.0288939476013
0.0302438735962
0.0322880744934
0.036828994751
0.0276510715485
0.0278179645538
0.0279779434204
0.0293250083923
0.0315659046173
0.0356969833374
0.0369839668274
0.0384998321533
0.0315320491791
0.0318548679352
0.0355188846588
0.0380780696869
0.0342199802399
0.0349581241608
0.035905122757
0.0367791652679
0.0353858470917
0.0355579853058
0.0357069969177
0.035856962204
0.0303521156311
0.0305840969086
0.0307350158691
0.030925989151
0.0390968322754
0.039853811264
0.0404789447784
0.0480418205261
0.0287840366364
0.0375759601593
0.0378420352936
0.0383238792419
0.0328879356384
0.0332419872284
0.0334799289703
0.0336878299713
0.032016992569
0.032506942749
0.0327570438385
0.0329389572144
0.0393900871277
0.0396909713745
0.0400140285492
0.0402929782867
0.0273730754852
0.0275859832764
0.0277991294861
0.0332601070404
0.0315990447998
0.0336649417877
0.0345458984375
0.0354089736938
0.0286378860474
0.0289649963379
0.0311470031738
0.0406730175018
0.0321571826935
0.0323541164398
0.0341119766235
0.0406081676483
0.027734041214
0.0279769897461
0.0281908512115
0.031229019165
0.0301887989044
0.0304608345032
0.0308120250702
0.0368390083313
0.0328941345215
0.0330650806427
0.0332131385803
0.0449540615082
0.0283281803131
0.0285000801086
0.0286571979523
0.0358471870422
0.0300359725952
0.0303409099579
0.0333998203278
0.0384249687195
0.0293519496918
0.0295739173889
0.0297770500183
0.0323829650879
0.0281219482422
0.0284788608551
0.0304977893829
0.03400182724
0.0302019119263
0.030385017395
0.0306069850922
0.0311069488525
0.0374281406403
0.0376641750336
0.0379071235657
0.0438179969788
0.0324010848999
0.0326380729675
0.0349969863892
0.0409510135651
0.031023979187
0.0329949855804
0.0373010635376
0.0431129932404
0.030916929245
0.0311050415039
0.0381109714508
0.0408458709717
0.032931804657
0.0331118106842
0.0407629013062
0.0443909168243
0.0312669277191
0.0314469337463
0.0316109657288
0.0317649841309
0.0308389663696
0.0310008525848
0.0311408042908
0.0373117923737
0.0275888442993
0.0277988910675
0.027979850769
0.0281488895416
0.0303308963776
0.0306179523468
0.0309820175171
0.0347349643707
0.0299088954926
0.0301079750061
0.0309789180756
0.0340919494629
0.0303449630737
0.0306439399719
0.0417330265045
0.0423319339752
0.0345709323883
0.0356359481812
0.0362720489502
0.0438919067383
0.0298588275909
0.0322549343109
0.0361759662628
0.0375118255615
0.0391669273376
0.0435929298401
0.0466668605804
0.0478119850159
0.0300529003143
0.0303318500519
0.0307610034943
0.0322120189667
0.0319948196411
0.0322120189667
0.032390832901
0.0325620174408
0.0358989238739
0.0362029075623
0.036493062973
0.0448739528656
0.0290911197662
0.029274225235
0.0294361114502
0.0295979976654
0.0324931144714
0.032830953598
0.0331299304962
0.0337851047516
0.0266189575195
0.0268290042877
0.0270090103149
0.0409460067749
0.0467998981476
0.0482130050659
0.049742937088
0.0510258674622
0.0265259742737
0.0281691551208
0