0.0402870178223
0.044753074646
0.0465979576111
0.0494558811188
0.0473771095276
0.0482609272003
0.0487549304962
0.0501689910889
0.0277299880981
0.0279269218445
0.0305049419403
0.0338609218597
0.0281190872192
0.0283010005951
0.0284640789032
0.0286521911621
0.0274968147278
0.0277199745178
0.0282919406891
0.0307099819183
0.0268301963806
0.0273652076721
0.0279350280762
0.0331461429596
0.0273830890656
0.0279521942139
0.028491973877
0.0293161869049
0.0319669246674
0.0337498188019
0.0344789028168
0.0415539741516
0.0352540016174
0.036465883255
0.0384199619293
0.0419068336487
0.0269060134888
0.0270879268646
0.0364351272583
0.0381779670715
0.0297479629517
0.0299699306488
0.0301840305328
0.0309209823608
0.0470077991486
0.0472168922424
0.0473740100861
0.0497188568115
0.0370590686798
0.0373361110687
0.0375242233276
0.0376780033112
0.0301439762115
0.0304589271545
0.030730009079
0.0356960296631
0.0313229560852
0.0314779281616
0.0336098670959
0.0363740921021
0.0308771133423
0.0312070846558
0.0315611362457
0.0365109443665
0.0358519554138
0.036544084549
0.0372769832611
0.0381269454956
0.0272841453552
0.0275151729584
0.0276780128479
0.0278670787811
0.0343451499939
0.034795999527
0.0349640846252
0.0351071357727
0.0415909290314
0.0417680740356
0.0419290065765
0.0420689582825
0.0358760356903
0.0361711978912
0.0364151000977
0.0368361473083
0.0291910171509
0.0295979976654
0.0301361083984
0.0305631160736
0.0272941589355
0.0275201797485
0.0277371406555
0.0342020988464
0.0293610095978
0.0295250415802
0.0296759605408
0.0315310955048
0.0346138477325
0.035099029541
0.035924911499
0.0402178764343
0.0300681591034
0.0302720069885
0.0304582118988
0.0315320491791
0.0326309204102
0.0328299999237
0.0330119132996
0.0369229316711
0.0260989665985
0.0280809402466
0.0311958789825
0.0341238975525
0.0351130962372
0.0353429317474
0.0370309352875
0.0395569801331
0.0238921642303
0.0250329971313
0.0295729637146
0.0307581424713
0.0227899551392
0.0256109237671
0.0267980098724
0.0298638343811
0.0289170742035
0.029196023941
0.0296308994293
0.0298900604248
0.024218082428
0.0335590839386
0.0363140106201
0.0380911827087
0.0310070514679
0.0311930179596
0.0313620567322
0.0315179824829
0.0341680049896
0.0343379974365
0.0344798564911
0.0355749130249
0.0258891582489
0.0368480682373
0.0370140075684
0.0406391620636
0.0372231006622
0.0373871326447
0.0375590324402
0.0377049446106
0.0300309658051
0.0302159786224
0.0303728580475
0.0305359363556
0.0320899486542
0.0322768688202
0.0324699878693
0.0327568054199
0.0283150672913
0.0289149284363
0.0305941104889
0.0309660434723
0.0417551994324
0.0421171188354
0.0424361228943
0.0427350997925
0.0290479660034
0.0292489528656
0.0294148921967
0.02956199646
0.0357668399811
0.0360398292542
0.0362069606781
0.0363638401031
0.0282850265503
0.028459072113
0.0286190509796
0.0287761688232
0.0312609672546
0.0314490795135
0.0316178798676
0.0317668914795
0.0269620418549
0.0271351337433
0.027312040329
0.0274691581726
0.0316600799561
0.0318439006805
0.0320019721985
0.0333960056305
0.0306329727173
0.0309770107269
0.0312809944153
0.0347940921783
0.0366289615631
0.0369830131531
0.0457239151001
0.0490860939026
0.0351140499115
0.0356080532074
0.0419390201569
0.0449190139771
0.0334298610687
0.0336508750916
0.0338158607483
0.0366370677948
0.0272068977356
0.0274810791016
0.0276579856873
0.0279979705811
0.0280148983002
0.0281939506531
0.0283558368683
0.0285158157349
0.0309209823608
0.0323619842529
0.0344359874725
0.0442740917206
0.0271110534668
0.0279629230499
0.0314929485321
0.0344998836517
0.0361180305481
0.036915063858
0.0437541007996
0.047651052475
0.0310080051422
0.0319049358368
0.0328090190887
0.0339939594269
0.0326418876648
0.0329720973969
0.0386850833893
0.0389659404755
0.0277209281921
0.0278990268707
0.0280511379242
0.0293929576874
0.0308718681335
0.0310509204865
0.0312340259552
0.0314109325409
0.0341689586639
0.034884929657
0.0356729030609
0.0363218784332
0.0333638191223
0.0343999862671
0.0345649719238
0.0347139835358
0.0313980579376
0.0316090583801
0.0317690372467
0.0321910381317
0.0358681678772
0.0361411571503
0.0363371372223
0.0372180938721
0.0319850444794
0.0321729183197
0.0323529243469
0.0325031280518
0.0476717948914
0.048122882843
0.0489268302917
0.0493609905243
0.0276370048523
0.0285940170288
0.033539056778
0.0361940860748
0.0269320011139
0.0273051261902
0.0338160991669
0.0353679656982
0.0224330425262
0.0226449966431
0.0329320430756
0.0360870361328
0.0217041969299
0.0220971107483
0.0232040882111
0.0243179798126
0.0317978858948
0.0321328639984
0.0332908630371
0.0403180122375
0.0286009311676
0.0297019481659
0.0306208133698
0.0318329334259
0.0369579792023
0.0460059642792
0.0530781745911
0.0538020133972
0.037672996521
0.0378611087799
0.0380189418793
0.0381729602814
0.0360469818115
0.0362241268158
0.0363981723785
0.0367670059204
0.0277199745178
0.0279259681702
0.0281150341034
0.035010099411
0.0378668308258
0.0388050079346
0.0394909381866
0.0402939319611
0.0232391357422
0.0239861011505
0.0288081169128
0.0339090824127
0.0352001190186
0.0362501144409
0.0484199523926
0.0485680103302
0.0514369010925
0.0517070293427
0.0518939495087
0.0520780086517
0.0286800861359
0.0296101570129
0.0302331447601
0.0308141708374
0.0303871631622
0.0312011241913
0.0321412086487
0.0329821109772
0.027704000473
0.0280318260193
0.0448567867279
0.0456969738007
0.0212850570679
0.0231761932373
0.0245060920715
0.0348870754242
0.0257349014282
0.029345035553
0.0333080291748
0.0367889404297
0.038685798645
0.0405809879303
0.0425298213959
0.0459678173065
0.0317640304565
0.0319468975067
0.0320918560028
0.0322799682617
0.0352559089661
0.0354609489441
0.0356221199036
0.0357809066772
0.0376348495483
0.0379729270935
0.0382690429688
0.0388140678406
0.0322051048279
0.0323760509491
0.0325691699982
0.0327160358429
0.0318970680237
0.0342609882355
0.0351989269257
0.0363481044769
0.0319759845734
0.0386021137238
0.0396070480347
0.0404269695282
0.0330040454865
0.0331609249115
0.0333080291748
0.034786939621
0.0347571372986
0.0349590778351
0.0442631244659
0.0475170612335
0.0298199653625
0.0342359542847
0.0380280017853
0.0458858013153
0.0355031490326
0.0357360839844
0.0359261035919
0.0394051074982
0.0306220054626
0.0309188365936
0.0381479263306
0.0413908958435
0.0336451530457
0.0338749885559
0.034068107605
0.0459990501404
0.0409331321716
0.0411949157715
0.0413689613342
0.041533946991
0.0253179073334
0.0278358459473
0.0299699306488
0.0305688381195
0.0373570919037
0.0376839637756
0.0379650592804
0.0382430553436
0.0317759513855
0.031975030899
0.0321300029755
0.038458108902
0.0338048934937
0.0340309143066
0.0341968536377
0.0343508720398
0.0347380638123
0.0349259376526
0.0351030826569
0.0352830886841
0.0302290916443
0.0330140590668
0.0335450172424
0.0369219779968
0.0243191719055
0.0247550010681
0.0289080142975
0.0325450897217
0.031779050827
0.0319781303406
0.0357730388641
0.0548779964447
0.0270171165466
0.0273280143738
0.0275201797485
0.027675151825
0.0243389606476
0.0245039463043
0.0287618637085
0.032322883606
0.0275690555573
0.0277869701385
0.0279629230499
0.0292060375214
0.0301959514618
0.0308458805084
0.0325729846954
0.0361800193787
0.028550863266
0.0288419723511
0.0388648509979
0.0457329750061
0.0357708930969
0.0384540557861
0.0437579154968
0.0464220046997
0.0261261463165
0.0263381004333
0.0265140533447
0.0266780853271
0.0334050655365
0.0335731506348
0.0337381362915
0.0344591140747
0.0260469913483
0.0262429714203
0.0264320373535
0.0316150188446
0.0346260070801
0.0348958969116
0.035227060318
0.0355539321899
0.0283329486847
0.0285348892212
0.0293309688568
0.0303678512573
0.0323688983917
0.0388588905334
0.0390858650208
0.0393199920654
0.0280258655548
0.0325548648834
0.0344169139862
0.0350940227509
0.0264661312103
0.0448560714722
0.0456030368805
0.0462992191315
0.0334401130676
0.0336661338806
0.0342481136322
0.0371251106262
0.0266849994659
0.0268938541412
0.0270760059357
0.0325717926025
0.0319950580597
0.032280921936
0.0324540138245
0.0326189994812
0.0271821022034
0.0273489952087
0.0275051593781
0.0423810482025
0.0375409126282
0.0377359390259
0.0379087924957
0.0380718708038
0.0430960655212
0.0436458587646
0.0444400310516
0.0487260818481
0.0322670936584
0.0324630737305
0.0326361656189
0.0388569831848
0.0359938144684
0.0429639816284
0.0478689670563
0.0562038421631
0.0278060436249
0.0294690132141
0.0344800949097
0.0390999317169
0.0286741256714
0.0307021141052
0.0343251228333
0.0396041870117
0.0327661037445
0.0340089797974
0.0358150005341
0.0397469997406
0.0326211452484
0.0332260131836
0.0371761322021
0.0385029315948
0.0266060829163
0.0271430015564
0.0277149677277
0.0299510955811
0.027291059494
0.0280368328094
0.0286190509796
0.0291659832001
0.0291640758514
0.029717206955
0.0303790569305
0.0310971736908
0.0373060703278
0.0386230945587
0.0397040843964
0.040360212326
0.0288920402527
0.0303139686584
0.03160405159
0.0323660373688
0.035492181778
0.0365591049194
0.037504196167
0.0385591983795
0.0257179737091
0.0259490013123
0.0261430740356
0.0264420509338
0.0277540683746
0.0315730571747
0.0317561626434
0.0319211483002
0.0208208560944
0.0209789276123
0.0261390209198
0.0263178348541
0.0382168292999
0.038400888443
0.0385708808899
0.0387368202209
0.0271871089935
0.027508020401
0.0277891159058
0.0281851291656
0.0262861251831
0.0269529819489
0.0311880111694
0.0344710350037
0.0316359996796
0.0340881347656
0.0346660614014
0.0351021289825
0.0245668888092
0.0250189304352
0.0253529548645
0.0256888866425
0.037770986557
0.0379300117493
0.0380821228027
0.0382299423218
0.0345151424408
0.0347471237183
0.0349390506744
0.0354540348053
0.0255680084229
0.0257558822632
0.0259268283844
0.0458319187164
0.0373239517212
0.038008928299
0.0388760566711
0.0399160385132
0.0268709659576
0.0270609855652
0.0272340774536
0.0283870697021
0.0450899600983
0.0466771125793
0.0515038967133
0.053230047226
0.030886888504
0.0316908359528
0.032525062561
0.0336818695068
0.034166097641
0.0350170135498
0.035826921463
0.0382030010223
0.0273339748383
0.027498960495
0.0276620388031
0.0467479228973
0.0273880958557
0.027704000473
0.0280420780182
0.0283200740814
0.0263409614563
0.0265200138092
0.0266849994659
0.0268440246582
0.0285539627075
0.0287280082703
0.0288951396942
0.0296320915222
0.0254728794098
0.0256559848785
0.026508808136
0.029040813446
0.0291459560394
0.0293128490448
0.0294678211212
0.047199010849
0.048880815506
0.0556228160858
0.0578808784485
0.0583708286285
0.0623590946198
0.0677189826965
0.068834066391
0.069580078125
0.0800511837006
0.0804262161255
0.0810611248016
0.0813481807709
0.0511848926544
0.0513501167297
0.0515060424805
0.0516529083252
0.0434350967407
0.0470669269562
0.0547199249268
0.0582439899445
0.0392940044403
0.0431950092316
0.0480070114136
0.0549139976501
0.0366430282593
0.0369560718536
0.0372169017792
0.0420739650726
0.0292799472809
0.0294620990753
0.0395791530609
0.0573000907898
0.0296020507812
0.0301370620728
0.0307149887085
0.0311799049377
0.0360200405121
0.036299943924
0.0368549823761
0.0372309684753
0.0313241481781
0.031895160675
0.0352749824524
0.0379221439362
0.0291628837585
0.0296559333801
0.031121969223
0.03373503685
0.0399351119995
0.0401270389557
0.0403261184692
0.0405240058899
0.0299270153046
0.0307419300079
0.0314428806305
0.0320029258728
0.0269107818604
0.0275909900665
0.0282227993011
0.0288097858429
0.0251140594482
0.0263991355896
0.0270299911499
0.0276160240173
0.0265171527863
0.0273129940033
0.0278360843658
0.0288860797882
0.0315849781036
0.0321431159973
0.0326821804047
0.0345370769501
0.0274639129639
0.028039932251
0.0286350250244
0.030210018158
0.0393068790436
0.0402839183807
0.0410339832306
0.0417878627777
0.0425918102264
0.043301820755
0.0439569950104
0.0446360111237
0.0356450080872
0.0367839336395
0.0377600193024
0.0384900569916
0.0286748409271
0.0288469791412
0.0290307998657
0.0358209609985
0.0341529846191
0.034304857254
0.034453868866
0.0373349189758
0.0290420055389
0.029284954071
0.0310049057007
0.0326359272003
0.0283319950104
0.0285270214081
0.0395119190216
0.0396978855133
0.0296189785004
0.0299599170685
0.0302119255066
0.0304749011993
0.0297319889069
0.0299339294434
0.0314099788666
0.0365529060364
0.0238690376282
0.0265431404114
0.026703119278
0.0289781093597
0.0307569503784
0.030935049057
0.0310809612274
0.0450301170349
0.0289599895477
0.0303440093994
0.0332729816437
0.0342600345612
0.0398099422455
0.0400040149689
0.0401699542999
0.0403249263763
0.0284659862518
0.0286631584167
0.0288121700287
0.0316281318665
0.0324900150299
0.0330641269684
0.0333650112152
0.0336871147156
0.0288510322571
0.0295310020447
0.0301280021667
0.0307550430298
0.031975030899
0.0323581695557
0.0327529907227
0.0330500602722
0.0233478546143
0.0262079238892
0.0293118953705
0.0321028232574
0.0299689769745
0.030277967453
0.0313401222229
0.0357661247253
0.0253500938416
0.0256309509277
0.026664018631
0.0323610305786
0.0234270095825
0.026309967041
0.0303230285645
0.0342450141907
0.0308268070221
0.0310018062592
0.0315217971802
0.0344150066376
0.0306890010834
0.0308558940887
0.0309998989105
0.0311439037323
0.0298671722412
0.0301170349121
0.0313391685486
0.0334651470184
0.0369498729706
0.0372130870819
0.037654876709
0.0403609275818
0.0291979312897
0.0310490131378
0.0316829681396
0.0325889587402
0.0378489494324
0.0383450984955
0.0390281677246
0.0395059585571
0.0407528877258
0.0411438941956
0.0413830280304
0.0415880680084
0.0291750431061
0.0316751003265
0.0369310379028
0.0417881011963
0.0371010303497
0.038339138031
0.043349981308
0.0437469482422
0.0279078483582
0.0282258987427
0.0284910202026
0.0289440155029
0.0313768386841
0.0315799713135
0.0332479476929
0.0355110168457
0.0304129123688
0.0333240032196
0.0408599376678
0.044970035553
0.0337288379669
0.0340368747711
0.036689043045
0.0484180450439
0.0307900905609
0.0316469669342
0.03253698349
0.0333030223846
0.0272340774536
0.0275871753693
0.0278480052948
0.028165102005
0.0366599559784
0.0371670722961
0.0373179912567
0.0374720096588
0.0255360603333
0.025820016861
0.026034116745
0.0275249481201
0.0330510139465
0.0332651138306
0.0334169864655
0.0355501174927
0.0292229652405
0.029403924942
0.0295658111572
0.0297570228577
0.0284469127655
0.0286448001862
0.0287919044495
0.0384719371796
0.0270841121674
0.0272800922394
0.0274579524994
0.0295901298523
0.0336120128632
0.0337841510773
0.033949136734
0.0340950489044
0.0273921489716
0.0286569595337
0.0296199321747
0.036062002182
0.0377039909363
0.0383310317993
0.0541682243347
0.0559351444244
0.0272920131683
0.0284600257874
0.0313498973846
0.0340340137482
0.0331320762634
0.0341210365295
0.0402600765228
0.0427391529083
0.0385870933533
0.0387670993805
0.03892993927
0.0390951633453
0.0247399806976
0.0299680233002
0.0420579910278
0.0430629253387
0.0337030887604
0.034600019455
0.035434961319
0.0363011360168
0.025554895401
0.0262069702148
0.0266098976135
0.0267930030823
0.0296452045441
0.0302760601044
0.0335261821747
0.0339450836182
0.0312080383301
0.0321588516235
0.0330510139465
0.0340700149536
0.0335998535156
0.0343430042267
0.0351979732513
0.0360460281372
0.0398218631744
0.0420138835907
0.0427930355072
0.0437309741974
0.027291059494
0.0282831192017
0.0288801193237
0.0294029712677
0.0431230068207
0.0433430671692
0.0435090065002
0.0436668395996
0.0229740142822
0.0246291160583
0.0272529125214
0.0385940074921
0.0262269973755
0.026435136795
0.0266060829163
0.0267632007599
0.0414390563965
0.0428349971771
0.0430541038513
0.0459051132202
0.0285289287567
0.0291061401367
0.0301971435547
0.0322201251984
0.0349531173706
0.0356729030609
0.0364589691162
0.0371730327606
0.0300271511078
0.0301730632782
0.0303192138672
0.0304601192474
0.0321781635284
0.0323522090912
0.0325050354004
0.032653093338
0.0253460407257
0.025563955307
0.0257489681244
0.0259358882904
0.0265691280365
0.0272991657257
0.0278890132904
0.0286870002747
0.0275518894196
0.0283100605011
0.0290188789368
0.0297539234161
0.0273129940033
0.0274651050568
0.0276131629944
0.0277540683746
0.0267941951752
0.0269610881805
0.027104139328
0.0272521972656
0.0250329971313
0.0251939296722
0.031466960907
0.0344281196594
0.0588340759277
0.0593280792236
0.0597140789032
0.059935092926
0.0298640727997
0.0301320552826
0.0303890705109
0.0310370922089
0.0281789302826
0.0285060405731
0.0295219421387
0.0321118831635
0.0329592227936
0.0363550186157
0.0476310253143
0.0480961799622
0.0255630016327
0.0257890224457
0.0259490013123
0.0281960964203
0.0257878303528
0.0259988307953
0.0275328159332
0.0367867946625
0.0231809616089
0.0242130756378
0.0282189846039
0.0284199714661
0.0299198627472
0.0306558609009
0.0357208251953
0.0372078418732
0.0361180305481
0.0362889766693
0.0365538597107
0.0368888378143
0.0265610218048
0.0267331600189
0.0268931388855
0.0280051231384
0.0296490192413
0.0299489498138
0.0301690101624
0.0318429470062
0.0287339687347
0.0306160449982
0.0402941703796
0.0441670417786
0.0320119857788
0.0359280109406
0.0369780063629
0.0380210876465
0.0321679115295
0.0359568595886
0.0459389686584
0.0484638214111
0.0327160358429
0.033371925354
0.0339579582214
0.0378408432007
0.0304338932037
0.0306279659271
0.0317418575287
0.0338108539581
0.0266020298004
0.0267679691315
0.0269439220428
0.0270879268646
0.0262260437012
0.0263981819153
0.0265471935272
0.0317611694336
0.0363440513611
0.0366451740265
0.0368850231171
0.0371131896973
0.0226171016693
0.0228061676025
0.0333540439606
0.0363070964813
0.0325171947479
0.0327141284943
0.0335381031036
0.0343191623688
0.0278210639954
0.0280909538269
0.0284259319305
0.0286240577698
0.0455780029297
0.0516591072083
0.0519070625305
0.0521221160889
0.0286679267883
0.0295078754425
0.0302929878235
0.0310258865356
0.0305581092834
0.0317749977112
0.0326249599457
0.0339939594269
0.0372550487518
0.0380229949951
0.0393590927124
0.0400869846344
0.0343391895294
0.0346779823303
0.0350141525269
0.0353810787201
0.0233709812164
0.0247738361359
0.0519700050354
0.0529768466949
0.0331740379333
0.0333638191223
0.0337228775024
0.0339968204498
0.0340220928192
0.0342500209808
0.0344140529633
0.0345640182495
0.0263729095459
0.0293550491333
0.0354800224304
0.047208070755
0.0401718616486
0.0415790081024
0.0427048206329
0.0544710159302
0.0323350429535
0.0331590175629
0.0339560508728
0.0346570014954
0.0305640697479
0.0318350791931
0.0327589511871
0.0333619117737
0.024799823761
0.0308029651642
0.0318360328674
0.0324938297272
0.0289099216461
0.0296010971069
0.0303359031677
0.03107213974
0.0425901412964
0.0427601337433
0.0444610118866
0.0467309951782
0.0282039642334
0.0283849239349
0.028548002243
0.037003993988
0.0300631523132
0.0309760570526
0.0392949581146
0.0415229797363
0.0254790782928
0.0256700515747
0.0258340835571
0.0320310592651
0.0274529457092
0.0276370048523
0.0278000831604
0.0279650688171
0.0382080078125
0.0383729934692
0.0385558605194
0.038715839386
0.0297529697418
0.0300250053406
0.0315589904785
0.0362119674683
0.0370399951935
0.0372059345245
0.0373549461365
0.0375180244446
0.0288329124451
0.0291910171509
0.0484130382538
0.0519819259644
0.0265400409698
0.026908159256
0.0272271633148
0.0320570468903
0.0282361507416
0.0284559726715
0.0286490917206
0.0513300895691
0.0449180603027
0.0452919006348
0.0456318855286
0.053032875061
0.0381579399109
0.0441780090332
0.0487568378448
0.0504457950592
0.0315449237823
0.0326738357544
0.0335378646851
0.0343859195709
0.0298869609833
0.0350821018219
0.0362889766693
0.0421509742737
0.0457751750946
0.0461959838867
0.0577399730682
0.0580990314484
0.0357749462128
0.0361709594727
0.0376629829407
0.037985086441
0.0599460601807
0.0622539520264
0.0645060539246
0.0652740001678
0.0277678966522
0.0281178951263
0.0283079147339
0.0284910202026
0.0486068725586
0.049134016037
0.0498309135437
0.0505568981171
0.0529160499573
0.053808927536
0.0545430183411
0.054995059967
0.0451021194458
0.0457921028137
0.0462770462036
0.0467019081116
0.0389308929443
0.0393970012665
0.0397410392761
0.0401630401611
0.0363948345184
0.0372588634491
0.0379548072815
0.0398738384247
0.028037071228
0.0284168720245
0.0286200046539
0.0316159725189
0.0302209854126
0.0305681228638
0.0308499336243
0.0358381271362
0.0303509235382
0.0309150218964
0.0314059257507
0.0324909687042
0.0258929729462
0.0274810791016
0.0294618606567
0.0339169502258
0.033539056778
0.0341229438782
0.0346229076385
0.0348138809204
0.0306169986725
0.0310299396515
0.0314071178436
0.0329360961914
0.0372819900513
0.0382440090179
0.0388808250427
0.0394079685211
0.0277571678162
0.028272151947
0.0287110805511
0.0306601524353
0.0365908145905
0.0368249416351
0.0370240211487
0.0372488498688
0.0341689586639
0.0343949794769
0.0345709323883
0.0510849952698
0.0378539562225
0.0383999347687
0.0389521121979
0.0402081012726
0.0367269515991
0.0373890399933
0.0381669998169
0.0511240959167
0.0286490917206
0.0290040969849
0.0292930603027
0.0295641422272
0.0291328430176
0.0293319225311
0.029629945755
0.0315229892731
0.033998966217
0.0342099666595
0.0344109535217
0.0345830917358
0.0306670665741
0.0310921669006
0.0314650535583
0.0318241119385
0.0366179943085
0.0374100208282
0.038115978241
0.0386040210724
0.0295670032501
0.0298948287964
0.0301969051361
0.0305309295654
0.0272109508514
0.0275270938873
0.0278699398041
0.0283920764923
0.0400059223175
0.0456309318542
0.0497000217438
0.0509839057922
0.0389721393585
0.0395231246948
0.0401120185852
0.0405960083008
0.0267140865326
0.0270891189575
0.0273849964142
0.027731180191
0.0311999320984
0.0313820838928
0.0470879077911
0.0516519546509
0.0335760116577
0.0366480350494
0.0410809516907
0.0484471321106
0.0300350189209
0.0309569835663
0.0313880443573
0.0322451591492
0.0490620136261
0.0500421524048
0.0507850646973
0.0514290332794
0.0314211845398
0.0317530632019
0.0320451259613
0.0323421955109
0.0274550914764
0.0276701450348
0.0281901359558
0.0306689739227
0.0285580158234
0.0308170318604
0.0334610939026
0.0385210514069
0.0290050506592
0.0291719436646
0.0293190479279
0.0316340923309
0.029837846756
0.0303437709808
0.0312588214874
0.0362799167633
0.0594351291656
0.0597791671753
0.0621039867401
0.0748381614685
0.035218000412
0.0354208946228
0.0358548164368
0.0405979156494
0.0332639217377
0.0339109897614
0.0345458984375
0.0351278781891
0.0314619541168
0.0355229377747
0.0399799346924
0.0411438941956
0.026712179184
0.0277590751648
0.0286099910736
0.0485351085663
0.0411870479584
0.0413520336151
0.0415060520172
0.0416541099548
0.0287809371948
0.0290448665619
0.029275894165
0.0315279960632
0.0396790504456
0.039871931076
0.0400528907776
0.043937921524
0.0232858657837
0.0235300064087
0.031347990036
0.0324599742889
0.0323581695557
0.0325310230255
0.0326910018921
0.0328640937805
0.0281319618225
0.0330770015717
0.0332520008087
0.0334191322327
0.0317940711975
0.0319728851318
0.0321328639984
0.0455598831177
0.0268261432648
0.0269870758057
0.0271379947662
0.0288691520691
0.037703037262
0.0380568504333
0.0384330749512
0.0387389659882
0.0313320159912
0.035099029541
0.0558609962463
0.0566389560699
0.0279829502106
0.0293250083923
0.0326068401337
0.0369420051575
0.0381851196289
0.0391130447388
0.0398471355438
0.0454931259155
0.0304000377655
0.0313239097595
0.033812046051
0.0374150276184
0.0296130180359
0.0297729969025
0.0299401283264
0.0301370620728
0.0261409282684
0.0263140201569
0.0264570713043
0.0305969715118
0.0364511013031
0.0386409759521
0.040060043335
0.0402638912201
0.0316159725189
0.0317890644073
0.0319600105286
0.0321040153503
0.034276008606
0.034590959549
0.0347709655762
0.0349450111389
0.0288190841675
0.0297539234161
0.0362548828125
0.0369138717651
0.0718438625336
0.0746328830719
0.0770020484924
0.0794248580933
0.0263290405273
0.0268709659576
0.027440071106
0.0282099246979
0.032623052597
0.0332841873169
0.0339920520782
0.0350711345673
0.0165848731995
0.0326669216156
0.0330648422241
0.0333080291748
0.0321431159973
0.0327980518341
0.033233165741
0.0334060192108
0.0279409885406
0.0282330513
0.0406341552734
0.0410251617432
0.0306730270386
0.0308780670166
0.0438530445099
0.0465769767761
0.0253829956055
0.025542974472
0.0256950855255
0.0258450508118
0.0279381275177
0.0281341075897
0.0283081531525
0.0303971767426
0.0265870094299
0.0268430709839
0.0283541679382
0.0304951667786
0.0258829593658
0.0260598659515
0.0269219875336
0.0276160240173
0.0272569656372
0.0274479389191
0.0276918411255
0.0403418540955
0.05899477005
0.0595798492432
0.0602669715881
0.060831785202
0.0224618911743
0.0245010852814
0.0274388790131
0.0297610759735
0.033942937851
0.0381219387054
0.0521938800812
0.0537579059601
0.0374979972839
0.0380229949951
0.0385279655457
0.0390381813049
0.033665895462
0.0348100662231
0.03502202034
0.0428409576416
0.0291309356689
0.0293040275574
0.0294809341431
0.0296330451965
0.0272130966187
0.0274050235748
0.0275750160217
0.0464370250702
0.0265939235687
0.026829957962
0.0282220840454
0.0322260856628
0.0334417819977
0.0336267948151
0.0405249595642
0.0449018478394
0.039174079895
0.0393559932709
0.0395369529724
0.0463030338287
0.0446820259094
0.0450501441956
0.0452811717987
0.0457680225372
0.0305418968201
0.0309839248657
0.0313370227814
0.0316908359528
0.0419600009918
0.0421361923218
0.0422999858856
0.0424590110779
0.0372338294983
0.037517786026
0.0377008914948
0.041759967804
0.0464589595795
0.0466978549957
0.0546510219574
0.056186914444
0.0235910415649
0.0238101482391
0.0288081169128
0.0328900814056
0.0325329303741
0.0328381061554
0.0331211090088
0.0433580875397
0.028951883316
0.0367820262909
0.0371029376984
0.0374460220337
0.0351059436798
0.0353360176086
0.0355219841003
0.0456058979034
0.0314469337463
0.0317168235779
0.031879901886
0.0320239067078
0.0284111499786
0.0285911560059
0.0462310314178
0.0484640598297
0.0291590690613
0.0293619632721
0.0468149185181
0.0470509529114
0.0606079101562
0.0607860088348
0.062381029129
0.0671970844269
0.0365178585052
0.0373289585114
0.0380489826202
0.038754940033
0.0296189785004
0.0362079143524
0.03968501091
0.0463879108429
0.0358519554138
0.0360088348389
0.0361649990082
0.0363199710846
0.0343790054321
0.0348250865936
0.0352609157562
0.0356938838959
0.0416309833527
0.0418171882629
0.042004108429
0.0421559810638
0.0308380126953
0.0310480594635
0.0312221050262
0.0313739776611
0.0356409549713
0.036031961441
0.0362179279327
0.0363800525665
0.0343368053436
0.0346298217773
0.0349488258362
0.0352540016174
0.0258760452271
0.0265188217163
0.0282428264618
0.0315389633179
0.0275859832764
0.0279018878937
0.0281929969788
0.0285468101501
0.0311028957367
0.0312778949738
0.0314319133759
0.0315778255463
0.0278251171112
0.0280129909515
0.0296311378479
0.0298161506653
0.0295369625092
0.0297000408173
0.0298681259155
0.0300660133362
0.0269389152527
0.0271270275116
0.0272760391235
0.0274229049683
0.0266559123993
0.0268108844757
0.0269720554352
0.0275139808655
0.0265879631042
0.026782989502
0.0269458293915
0.0368897914886
0.0310580730438
0.0312469005585
0.0314099788666
0.0338709354401
0.0633020401001
0.0634689331055
0.0636298656464
0.065477848053
0.0222668647766
0.0233628749847
0.0244529247284
0.0254318714142
0.0356860160828
0.0366930961609
0.0374131202698
0.0380780696869
0.0258340835571
0.027706861496
0.0285160541534
0.0291030406952
0.0340869426727
0.0346438884735
0.0351948738098
0.0367178916931
0.0387699604034
0.0396409034729
0.0411200523376
0.0424749851227
0.0211670398712
0.03142786026
0.0323338508606
0.0331199169159
0.0298838615417
0.0302739143372
0.0305778980255
0.0307548046112
0.0465459823608
0.0468051433563
0.0495400428772
0.0556261539459
0.0333230495453
0.0335140228271
0.044585943222
0.0447559356689
0.0408189296722
0.0409898757935
0.0411419868469
0.0457808971405
0.0278661251068
0.0280480384827
0.0283141136169
0.0285761356354
0.0296320915222
0.0298218727112
0.0299980640411
0.0301458835602
0.0265347957611
0.0268368721008
0.0403668880463
0.0498759746552
0.0264539718628
0.0266418457031
0.026802778244
0.0269539356232
0.0286400318146
0.0288300514221
0.029002904892
0.0292189121246
0.0339150428772
0.0341651439667
0.034362077713
0.0345430374146
0.0309300422668
0.0311231613159
0.0312881469727
0.0314469337463
0.0285811424255
0.0290710926056
0.029247045517
0.0294191837311
0.0398790836334
0.0400850772858
0.040253162384
0.0404140949249
0.0244498252869
0.0250728130341
0.0349519252777
0.0354678630829
0.0302860736847
0.0306940078735
0.0324001312256
0.0354821681976
0.0370850563049
0.0373871326447
0.0377571582794
0.0380141735077
0.0272121429443
0.0281040668488
0.0311591625214
0.0316631793976
0.0391879081726
0.0399370193481
0.0405390262604
0.0459339618683
0.0316898822784
0.0318870544434
0.0320808887482
0.0352690219879
0.0361080169678
0.0362629890442
0.0364081859589
0.0395500659943
0.0302040576935
0.0303761959076
0.0309751033783
0.0388979911804
0.0251851081848
0.0254030227661
0.0255811214447
0.0271961688995
0.0294919013977
0.029678106308
0.0298540592194
0.033035993576
0.0264520645142
0.0266289710999
0.0267760753632
0.0392799377441
0.0434339046478
0.0441300868988
0.0448949337006
0.0455849170685
0.0276820659637
0.028697013855
0.0296909809113
0.0302720069885
0.0348191261292
0.0359449386597
0.0369400978088
0.0376100540161
0.0408458709717
0.0434069633484
0.044273853302
0.0450549125671
0.0412468910217
0.0421369075775
0.0428850650787
0.0435979366302
0.0383048057556
0.0389440059662
0.0394740104675
0.039990901947
0.0387070178986
0.0398619174957
0.0415410995483
0.0427689552307
0.0345070362091
0.03466796875
0.0348670482635
0.0367970466614
0.0269968509674
0.0276839733124
0.0282709598541
0.0300908088684
0.0351650714874
0.0355100631714
0.0358428955078
0.0361371040344
0.0293021202087
0.0296199321747
0.0298190116882
0.0299949645996
0.029198884964
0.0293588638306
0.0295100212097
0.0378258228302
0.0382699966431
0.0384750366211
0.0386800765991
0.038871049881
0.0351059436798
0.0358829498291
0.0367510318756
0.0375139713287
0.0301110744476
0.0311009883881
0.0322639942169
0.033175945282
0.0291118621826
0.0292799472809
0.0294349193573
0.0295920372009
0.0270409584045
0.0273349285126
0.0276279449463
0.0314149856567
0.0277998447418
0.0279610157013
0.028128862381
0.0358560085297
0.0324881076813
0.032692193985
0.0328772068024
0.0330691337585
0.0454030036926
0.0462369918823
0.0538840293884
0.0591788291931
0.0364699363708
0.0367910861969
0.0370509624481
0.0373029708862
0.0311319828033
0.0327470302582
0.0338099002838
0.0344870090485
0.0324459075928
0.0327560901642
0.0329759120941
0.0377399921417
0.0257949829102
0.0259571075439
0.0261058807373
0.0277750492096
0.0276739597321
0.0278608798981
0.028037071228
0.0304610729218
0.034567117691
0.0348241329193
0.0349900722504
0.0351541042328
0.0270791053772
0.0272610187531
0.0274090766907
0.0275650024414
0.0357620716095
0.0381860733032
0.0393669605255
0.0419940948486
0.026417016983
0.026839017868
0.0336811542511
0.0471940040588
0.0250108242035
0.0261259078979
0.030996799469
0.0323519706726
0.0366551876068
0.0368421077728
0.0370030403137
0.0373430252075
0.0342190265656
0.03440117836
0.0345480442047
0.0346961021423
0.026948928833
0.027351140976
0.0276551246643
0.0278351306915
0.0331790447235
0.0338618755341
0.0341808795929
0.0350790023804
0.0301580429077
0.0323920249939
0.0340981483459
0.0371379852295
0.0317301750183
0.0320851802826
0.0323421955109
0.0327482223511
0.0273921489716
0.0280661582947
0.0296220779419
0.0307340621948
0.0260300636292
0.0263178348541
0.026538848877
0.0371589660645
0.0312819480896
0.0314888954163
0.0324449539185
0.0375518798828
0.0263779163361
0.026782989502
0.0270628929138
0.034903049469
0.0268750190735
0.0271029472351
0.0273749828339
0.0290679931641
0.03297996521
0.033303976059
0.0451159477234
0.0452718734741
0.0376689434052
0.0379309654236
0.0381510257721
0.0412709712982
0.0267870426178
0.0269420146942
0.0270869731903
0.0272789001465
0.0258309841156
0.0260000228882
0.0261528491974
0.0403580665588
0.037379026413
0.0402779579163
0.0411620140076
0.0420219898224
0.0376238822937
0.0383808612823
0.039244890213
0.0406539440155
0.0335731506348
0.0345661640167
0.035373210907
0.0365791320801
0.0382928848267
0.0395300388336
0.0406088829041
0.0413579940796
0.0335509777069
0.033716917038
0.0338680744171
0.0359830856323
0.0250191688538
0.02525806427
0.0254681110382
0.0267021656036
0.0273230075836
0.0277400016785
0.0280981063843
0.0284490585327
0.0323860645294
0.0327770709991
0.0331258773804
0.0334310531616
0.026437997818
0.0267491340637
0.0312271118164
0.0375311374664
0.0393621921539
0.0395212173462
0.0557541847229
0.0572190284729
0.0254981517792
0.0275151729584
0.02805519104
0.0282821655273
0.0423581600189
0.0425310134888
0.0426890850067
0.0428400039673
0.0283899307251
0.0294969081879
0.0303719043732
0.0327999591827
0.0292770862579
0.0312819480896
0.0321869850159
0.0327930450439
0.0298540592194
0.0306479930878
0.0312271118164
0.0317761898041
0.0487990379333
0.0501029491425
0.050989151001
0.0595090389252
0.0366208553314
0.0377759933472
0.0385990142822
0.0402488708496
0.0327270030975
0.0336599349976
0.0361979007721
0.0397698879242
0.0379989147186
0.0385310649872
0.0390419960022
0.0395469665527
0.028412103653
0.0289521217346
0.0294570922852
0.0299689769745
0.0269348621368
0.0279638767242
0.0287179946899
0.0294799804688
0.0314338207245
0.0358598232269
0.0367279052734
0.0374329090118
0.0267548561096
0.026918888092
0.0272018909454
0.0273950099945
0.0320181846619
0.0321991443634
0.03235912323
0.0325391292572
0.0347278118134
0.0354828834534
0.0358998775482
0.0376620292664
0.026731967926
0.0269129276276
0.0271351337433
0.0344319343567
0.0318050384521
0.0320088863373
0.0321750640869
0.032830953598
0.0272459983826
0.0276570320129
0.0278708934784
0.0312550067902
0.0314028263092
0.0320558547974
0.0363078117371
0.0400140285492
0.0407159328461
0.041482925415
0.04217004776
0.0428330898285
0.030503988266
0.0310790538788
0.0320198535919
0.033066034317
0.0248670578003
0.0254440307617
0.0265851020813
0.0271489620209
0.0321929454803
0.0329730510712
0.0335991382599
0.0341520309448
0.0316028594971
0.0323739051819
0.0339860916138
0.0375308990479
0.034108877182
0.0350360870361
0.0355849266052
0.0372030735016
0.0279920101166
0.0290961265564
0.0297689437866
0.0317769050598
0.0273442268372
0.0282640457153
0.0289161205292
0.0295441150665
0.0253531932831
0.0255379676819
0.0328271389008
0.0376000404358
0.0230238437653
0.0233809947968
0.0239210128784
0.0271079540253
0.0267760753632
0.0269439220428
0.0290420055389
0.0300459861755
0.0342938899994
0.034698009491
0.0389108657837
0.0390949249268
0.0294411182404
0.029678106308
0.0298330783844
0.029983997345
0.0339381694794
0.0342020988464
0.0343880653381
0.0345511436462
0.049929857254
0.0505890846252
0.0512630939484
0.052188873291
0.0306510925293
0.0308310985565
0.0312368869781
0.0316979885101
0.0328760147095
0.0343618392944
0.0357120037079
0.0421929359436
0.0367817878723
0.0369849205017
0.0371358394623
0.0372829437256
0.0271861553192
0.0273761749268
0.0275461673737
0.0312221050262
0.0274279117584
0.02760887146
0.0311717987061
0.0383520126343
0.0377349853516
0.0382900238037
0.0388488769531
0.0394198894501
0.0361399650574
0.0399088859558
0.0409619808197
0.041944026947
0.0360360145569
0.0366208553314
0.0372588634491
0.0377819538116
0.0310189723969
0.0317521095276
0.0382471084595
0.0393760204315
0.0273079872131
0.0285060405731
0.0290479660034
0.0358459949493
0.0531570911407
0.0551509857178
0.0561912059784
0.0576190948486
0.0305860042572
0.031268119812
0.0319850444794
0.0408639907837
0.028137922287
0.0283150672913
0.0284819602966
0.0286519527435
0.0471317768097
0.0474569797516
0.0479037761688
0.0483589172363
0.0435090065002
0.0439140796661
0.0441269874573
0.0443680286407
0.025554895401
0.0259311199188
0.026113986969
0.0262830257416
0.0284910202026
0.0286831855774
0.0289840698242
0.0291349887848
0.0268561840057
0.0270981788635
0.027281999588
0.0274550914764
0.0275568962097
0.0278689861298
0.0280599594116
0.0293328762054
0.035117149353
0.0352900028229
0.0354452133179
0.0355911254883
0.0285708904266
0.0287888050079
0.0289838314056
0.0294179916382
0.0246059894562
0.0250799655914
0.0254311561584
0.0282511711121
0.0266990661621
0.0269031524658
0.0270841121674
0.0290751457214
0.0352652072906
0.0354661941528
0.0356562137604
0.0431671142578
0.12330698967
0.123559951782
0.123784780502
0.124000787735
0.0654668807983
0.066045999527
0.0665829181671
0.0675179958344
0.0475368499756
0.0481388568878
0.0487129688263
0.0534818172455
0.0542120933533
0.0554919242859
0.0564930438995
0.0574200153351
0.0325651168823
0.0331330299377
0.0336890220642
0.0438930988312
0.0378441810608
0.0387411117554
0.0395531654358
0.040374994278
0.0526421070099
0.0535199642181
0.0541360378265
0.0638680458069
0.0434918403625
0.0449080467224
0.0506670475006
0.0513899326324
0.0323119163513
0.0334229469299
0.0339958667755
0.0345458984375
0.0296568870544
0.0330288410187
0.0348169803619
0.0358870029449
0.0317280292511
0.0324010848999
0.0329639911652
0.0335199832916
0.0285749435425
0.029168844223
0.0297389030457
0.0302460193634
0.0372388362885
0.0378279685974
0.0384209156036
0.0389809608459
0.0287621021271
0.0332579612732
0.0353219509125
0.0361390113831
0.0261330604553
0.0263171195984
0.0264780521393
0.0267970561981
0.0675580501556
0.0696420669556
0.0704898834229
0.0711419582367
0.0331079959869
0.0337519645691
0.0342919826508
0.0352649688721
0.0381350517273
0.0395150184631
0.0404641628265
0.0416271686554
0.032665014267
0.0331671237946
0.0335221290588
0.034040927887
0.0399670600891
0.0401561260223
0.0403249263763
0.0405609607697
0.0313429832458
0.0315959453583
0.0318050384521
0.0320010185242
0.0375339984894
0.0381979942322
0.038831949234
0.0407979488373
0.0370450019836
0.037801027298
0.0385580062866
0.0466551780701
0.0370221138
0.0379180908203
0.0389201641083
0.039754152298
0.0283589363098
0.0294470787048
0.0304720401764
0.0347890853882
0.0350320339203
0.0360589027405
0.0397198200226
0.0458188056946
0.0362529754639
0.0370841026306
0.0379109382629
0.0385820865631
0.0266451835632
0.0273640155792
0.0281670093536
0.0288550853729
0.0320439338684
0.03435587883
0.0352258682251
0.0359718799591
0.033273935318
0.0345649719238
0.0396220684052
0.040981054306
0.0395970344543
0.0406370162964
0.0419781208038
0.0457859039307
0.038421869278
0.0394549369812
0.0404839515686
0.041069984436
0.0512080192566
0.0524940490723
0.0534889698029
0.0543010234833
0.0328907966614
0.0352098941803
0.0361588001251
0.0368618965149
0.0337860584259
0.0348970890045
0.035670042038
0.0366580486298
0.0391719341278
0.0415768623352
0.0423040390015
0.0429880619049
0.0347039699554
0.035003900528
0.0352690219879
0.0361709594727
0.0359740257263
0.0361540317535
0.03630900383
0.0365400314331
0.0262398719788
0.026862859726
0.0279250144958
0.0312268733978
0.039922952652
0.0412850379944
0.0431778430939
0.0455319881439
0.0301609039307
0.0317628383636
0.0367360115051
0.0375998020172
0.0275440216064
0.0284440517426
0.0377049446106
0.0386259555817
0.0301492214203
0.0303092002869
0.0304651260376
0.0306160449982
0.0287919044495
0.0289940834045
0.0291550159454
0.0293030738831
0.0297191143036
0.0299050807953
0.0300679206848
0.0302391052246
0.0378451347351
0.0386979579926
0.0396070480347
0.0406360626221
0.0326781272888
0.0335791110992
0.0343561172485
0.0397500991821
0.0285110473633
0.0286920070648
0.0288450717926
0.0289940834045
0.0347180366516
0.0348970890045
0.0350530147552
0.0352160930634
0.0279121398926
0.0282409191132
0.0285439491272
0.0288379192352
0.0256669521332
0.0260558128357
0.0286610126495
0.039489030838
0.0294828414917
0.029816865921
0.0301358699799
0.030476808548
0.0254209041595
0.0256328582764
0.0258278846741
0.0260798931122
0.0419020652771
0.0425670146942
0.0430390834808
0.043329000473
0.0366258621216
0.0370728969574
0.0377089977264
0.0385568141937
0.0307579040527
0.0309538841248
0.0311138629913
0.0313007831573
0.0313148498535
0.0324749946594
0.0342628955841
0.0403308868408
0.0303490161896
0.0311379432678
0.0319521427155
0.0327889919281
0.0309021472931
0.0317089557648
0.0327460765839
0.0336380004883
0.0343701839447
0.0358281135559
0.0368621349335
0.0376791954041
0.0304379463196
0.0317001342773
0.0324969291687
0.0331439971924
0.0233201980591
0.0263290405273
0.0282120704651
0.0288050174713
0.029571056366
0.0304560661316
0.0311040878296
0.0448279380798
0.0307278633118
0.032016992569
0.0329790115356
0.0332748889923
0.0186328887939
0.0389468669891
0.0397639274597
0.0406658649445
0.0334889888763
0.0340750217438
0.0345840454102
0.0388040542603
0.0340919494629
0.0353260040283
0.0363068580627
0.0369908809662
0.0271849632263
0.0277678966522
0.0283370018005
0.0288949012756
0.0311579704285
0.0317730903625
0.0358090400696
0.049201965332
0.0202121734619
0.0325980186462
0.0327889919281
0.0329530239105
0.0257301330566
0.025918006897
0.026123046875
0.0262761116028
0.0251860618591
0.0253539085388
0.0255138874054
0.0269498825073
0.0244109630585
0.0246071815491
0.0247740745544
0.0258870124817
0.0241248607635
0.0243279933929
0.0344858169556
0.034735918045
0.0335340499878
0.0344681739807
0.0347709655762
0.0349621772766
0.0327699184418
0.0343799591064
0.0354039669037
0.0366470813751
0.0306429862976
0.0312299728394
0.0317418575287
0.0322589874268
0.0255200862885
0.0260789394379
0.0266120433807
0.0367419719696
0.038232088089
0.0388050079346
0.0393319129944
0.0399239063263
0.0305531024933
0.0314991474152
0.0334429740906
0.0341231822968
0.0321011543274
0.0326800346375
0.0331871509552
0.0382361412048
0.0385859012604
0.0394208431244
0.0402278900146
0.0414688587189
0.0501430034637
0.0507011413574
0.0512549877167
0.0518100261688
0.0305080413818
0.0310599803925
0.0315980911255
0.032105922699
0.0256819725037
0.026193857193
0.0264999866486
0.0277729034424
0.026526927948
0.0268850326538
0.0271809101105
0.0274529457092
0.026337146759
0.0264999866486
0.0303921699524
0.0306751728058
0.0310759544373
0.0314259529114
0.0317869186401
0.034322977066
0.030827999115
0.0311408042908
0.0312969684601
0.031445980072
0.0264549255371
0.026782989502
0.0269448757172
0.0270948410034
0.0340540409088
0.0343580245972
0.0346500873566
0.0351731777191
0.0358529090881
0.0361840724945
0.0364429950714
0.0367159843445
0.0421280860901
0.0459558963776
0.0782039165497
0.0788929462433
0.0370080471039
0.0373930931091
0.044310092926
0.0451340675354
0.0311419963837
0.0318839550018
0.0362949371338
0.0427601337433
0.0391149520874
0.0396678447723
0.0404119491577
0.0411369800568
0.0299189090729
0.0341780185699
0.0345890522003
0.0353081226349
0.0361199378967
0.0376288890839
0.0384669303894
0.0395860671997
0.0362849235535
0.0373959541321
0.0381181240082
0.0431261062622
0.0271649360657
0.0273549556732
0.0275158882141
0.0327730178833
0.0277140140533
0.0279479026794
0.0281388759613
0.0391609668732
0.0424649715424
0.0427010059357
0.0428581237793
0.0430331230164
0.057324886322
0.0593838691711
0.0628349781036
0.0652170181274
0.036954164505
0.0384330749512
0.0389490127563
0.0393221378326
0.0279219150543
0.0285959243774
0.0293598175049
0.030268907547
0.0364999771118
0.0398671627045
0.0401041507721
0.04172706604
0.0341160297394
0.0353479385376
0.0363509654999
0.0371150970459
0.0275259017944
0.0277309417725
0.02792096138
0.0281119346619
0.0297870635986
0.0299530029297
0.0305390357971
0.0310640335083
0.0486440658569
0.0488429069519
0.0490460395813
0.0508680343628
0.0345599651337
0.0354928970337
0.03568983078
0.0364639759064
0.0283410549164
0.0286390781403
0.0289199352264
0.0292110443115
0.0342309474945
0.0344228744507
0.0345768928528
0.0347349643707
0.0295279026031
0.0322048664093
0.0334558486938
0.0344269275665
0.0342440605164
0.0369961261749
0.0372180938721
0.0408780574799
0.0423638820648
0.0504760742188
0.0524189472198
0.0534670352936
0.0317640304565
0.0328669548035
0.0337960720062
0.0345740318298
0.0400841236115
0.0455479621887
0.0464911460876
0.0471429824829
0.0393691062927
0.0395700931549
0.0397610664368
0.039962053299
0.0267000198364
0.0268959999084
0.0270910263062
0.0272779464722
0.033126115799
0.0333199501038
0.0334849357605
0.0364570617676
0.0303719043732
0.0363159179688
0.0414650440216
0.0416269302368
0.0347180366516
0.0383858680725
0.0392739772797
0.0395729541779
0.0305259227753
0.031867980957
0.0339670181274
0.0347490310669
0.0315937995911
0.0317800045013
0.0320088863373
0.03502202034
0.0252890586853
0.0260648727417
0.0289440155029
0.0298149585724
0.0280330181122
0.0289011001587
0.0300850868225
0.0336852073669
0.0275559425354
0.0292789936066
0.0301749706268
0.0307080745697
0.0340881347656
0.0412359237671
0.0468010902405
0.0475089550018
0.0315470695496
0.031720161438
0.0323531627655
0.0409960746765
0.0342979431152
0.034637928009
0.0428240299225
0.0478200912476
0.0487830638885
0.0489900112152
0.0491609573364
0.0493330955505
0.0300781726837
0.0303361415863
0.0328981876373
0.0408411026001
0.0306649208069
0.0312600135803
0.0316889286041
0.0322749614716
0.0282330513
0.029149055481
0.0298039913177
0.0318310260773
0.0254819393158
0.0263810157776
0.0270369052887
0.0282919406891
0.0286951065063
0.028883934021
0.0290639400482
0.0292630195618
0.0375049114227
0.0388038158417
0.0397338867188
0.0415868759155
0.0356040000916
0.037789106369
0.038556098938
0.0404300689697
0.029098033905
0.0298790931702
0.0306010246277
0.0313029289246
0.0315308570862
0.031858921051
0.0322568416595
0.0375440120697
0.0281519889832
0.0284130573273
0.0306448936462
0.0331799983978
0.0322079658508
0.0324199199677
0.032586812973
0.0344228744507
0.027951002121
0.0295779705048
0.030277967453
0.0309720039368
0.0386128425598
0.0387718677521
0.0390729904175
0.0392549037933
0.0247719287872
0.0283160209656
0.0319731235504
0.0353670120239
0.0348560810089
0.0352439880371
0.0355339050293
0.0371749401093
0.0389099121094
0.039235830307
0.0395328998566
0.0396919250488
0.0355920791626
0.0357880592346
0.0359590053558
0.0361170768738
0.0356140136719
0.03577709198
0.0359289646149
0.0360779762268
0.0329849720001
0.0331628322601
0.0334367752075
0.033793926239
0.0428290367126
0.0430200099945
0.0431859493256
0.0467200279236
0.0398218631744
0.0427620410919
0.0455539226532
0.046581029892
0.0288767814636
0.0297408103943
0.0305349826813
0.0311717987061
0.0315639972687
0.0371978282928
0.0383729934692
0.0393040180206
0.0276257991791
0.049323797226
0.0500009059906
0.0506927967072
0.0385050773621
0.0388782024384
0.0391581058502
0.0394361019135
0.0376410484314
0.0379450321198
0.0382549762726
0.0384850502014
0.0268571376801
0.0270299911499
0.0272030830383
0.0365090370178
0.0267298221588
0.0269498825073
0.0271348953247
0.027293920517
0.0304479598999
0.0307559967041
0.0309329032898
0.0324528217316
0.0216679573059
0.0218958854675
0.0295779705048
0.0347340106964
0.0288479328156
0.0290620326996
0.0292661190033
0.0294330120087
0.0420610904694
0.0424699783325
0.0426609516144
0.0428171157837
0.021427154541
0.0216360092163
0.0218601226807
0.0242891311646
0.0297858715057
0.0300140380859
0.0302000045776
0.0303819179535
0.0285649299622
0.0287449359894
0.0289480686188
0.0311489105225
0.0345149040222
0.03475689888
0.0360600948334
0.0388250350952
0.0356161594391
0.0358040332794
0.0359880924225
0.0361471176147
0.0266830921173
0.0275690555573
0.028135061264
0.0351901054382
0.0216209888458
0.0218498706818
0.0220489501953
0.0247418880463
0.034590959549
0.0364429950714
0.0387809276581
0.0442709922791
0.0279250144958
0.0280890464783
0.0282340049744
0.0283889770508
0.0307729244232
0.036328792572
0.0371170043945
0.0381939411163
0.0313150882721
0.0316889286041
0.033586025238
0.0394620895386
0.0273959636688
0.0278499126434
0.028324842453
0.0303740501404
0.0308780670166
0.0311710834503
0.0314450263977
0.0357530117035
0.0273699760437
0.0281000137329
0.0291569232941
0.0298068523407
0.0315759181976
0.0319900512695
0.0322940349579
0.0326290130615
0.0258629322052
0.0263259410858
0.0266330242157
0.0312068462372
0.0297629833221
0.0302288532257
0.0308499336243
0.0330238342285
0.0240230560303
0.024395942688
0.0387990474701
0.0394561290741
0.0369307994843
0.0371489524841
0.0373208522797
0.0374958515167
0.0372290611267
0.0374000072479
0.0375530719757
0.0468690395355
0.0241410732269
0.0243120193481
0.0244731903076
0.0246241092682
0.0310618877411
0.0312280654907
0.0313849449158
0.0315370559692
0.0295388698578
0.0297179222107
0.0300409793854
0.0304770469666
0.0329411029816
0.0331399440765
0.0334069728851
0.0433709621429
0.0324010848999
0.0325770378113
0.0327389240265
0.0343520641327
0.0327048301697
0.0347528457642
0.036465883255
0.0467109680176
0.0287609100342
0.0306658744812
0.0368158817291
0.0395379066467
0.0298099517822
0.0301520824432
0.0306091308594
0.0317540168762
0.0278499126434
0.0287721157074
0.0298941135406
0.0360879898071
0.0352730751038
0.0360660552979
0.0368130207062
0.042820930481
0.0266540050507
0.0275580883026
0.0284280776978
0.0333931446075
0.0332930088043
0.0339820384979
0.0347678661346
0.0355429649353
0.0364081859589
0.0366151332855
0.0368051528931
0.0389840602875
0.0300860404968
0.0308730602264
0.0315270423889
0.0322139263153
0.042407989502
0.0427050590515
0.0431840419769
0.0439550876617
0.0277230739594
0.028352022171
0.0290200710297
0.0295779705048
0.0241429805756
0.0243630409241
0.0246770381927
0.0248670578003
0.0280809402466
0.0282850265503
0.0284550189972
0.0286169052124
0.0265469551086
0.0268511772156
0.0270400047302
0.027202129364
0.0354678630829
0.0382149219513
0.0400078296661
0.0403728485107
0.132006168365
0.132467031479
0.132959127426
0.133365154266
0.0436868667603
0.0438690185547
0.0440199375153
0.0491080284119
0.0349340438843
0.0351369380951
0.0362441539764
0.0410759449005
0.0289449691772
0.0291261672974
0.0292739868164
0.0294191837311
0.0295548439026
0.0299088954926
0.0324189662933
0.0414118766785
0.0329849720001
0.0331630706787
0.0379230976105
0.0426709651947
0.021054983139
0.0225169658661
0.0253858566284
0.0317738056183
0.0260260105133
0.0264678001404
0.027055978775
0.0280709266663
0.029139995575
0.0293710231781
0.0295758247375
0.0297420024872
0.0260260105133
0.0279638767242
0.0287318229675
0.0334489345551
0.0391628742218
0.0395419597626
0.0402338504791
0.0406548976898
0.0328488349915
0.0335249900818
0.0341620445251
0.0347158908844
0.0431520938873
0.0438170433044
0.044175863266
0.0444688796997
0.0284538269043
0.0288138389587
0.0291349887848
0.0294280052185
0.0305821895599
0.0310270786285
0.0316491127014
0.0368571281433
0.0253059864044
0.0257420539856
0.0282349586487
0.0310661792755
0.0288968086243
0.0290639400482
0.0292057991028
0.0293629169464
0.0422148704529
0.042564868927
0.0451669692993
0.0453917980194
0.0354390144348
0.0356321334839
0.0358500480652
0.0360291004181
0.0360081195831
0.0361721515656
0.0363199710846
0.0370910167694
0.0276629924774
0.0278759002686
0.0280618667603
0.028247833252
0.0244250297546
0.024698972702
0.0249388217926
0.0302488803864
0.0273399353027
0.0275700092316
0.0277290344238
0.0278890132904
0.0333859920502
0.0335850715637
0.0337591171265
0.0339250564575
0.0235860347748
0.0237510204315
0.0253341197968
0.0289671421051
0.0285949707031
0.0312349796295
0.036101102829
0.0363359451294
0.0285079479218
0.0288729667664
0.0294160842896
0.0303521156311
0.028510093689
0.0287020206451
0.0288701057434
0.0292100906372
0.0308651924133
0.031023979187
0.0312201976776
0.0340809822083
0.0302760601044
0.0304939746857
0.0306799411774
0.0308840274811
0.0265791416168
0.026750087738
0.026908159256
0.0270571708679
0.027932882309
0.0281159877777
0.028265953064
0.0308978557587
0.0280940532684
0.0284049510956
0.0297939777374
0.0327599048615
0.0298361778259
0.0300390720367
0.0301902294159
0.0360140800476
0.0300588607788
0.0306148529053
0.0311498641968
0.0316879749298
0.0249130725861
0.0297019481659
0.0314140319824
0.0325050354004
0.0430250167847
0.0433568954468
0.0437231063843
0.0465569496155
0.0281729698181
0.0283479690552
0.0284938812256
0.033313035965
0.0360689163208
0.0362470149994
0.036406993866
0.0452508926392
0.0373849868774
0.0379781723022
0.0478320121765
0.0539040565491
0.0248258113861
0.0256538391113
0.0308208465576
0.0341830253601
0.0303010940552
0.0312190055847
0.0319411754608
0.036936044693
0.0301070213318
0.0324640274048
0.0475070476532
0.0484268665314
0.0392348766327
0.0395708084106
0.0401539802551
0.0462679862976
0.0465960502625
0.0470540523529
0.0472960472107
0.0474720001221
0.0247828960419
0.0263619422913
0.0276129245758
0.0281808376312
0.0294420719147
0.0300760269165
0.0306720733643
0.0312120914459
0.0298359394073
0.0304818153381
0.0315217971802
0.0347979068756
0.0260889530182
0.0265140533447
0.0266950130463
0.0304689407349
0.0299389362335
0.0323820114136
0.0333831310272
0.0393860340118
0.0325951576233
0.0328891277313
0.0330600738525
0.03329205513
0.0274651050568
0.0277519226074
0.028177022934
0.0437109470367
0.0321450233459
0.0328240394592
0.0334560871124
0.0343091487885
0.0434820652008
0.0436339378357
0.0461418628693
0.0476958751678
0.0349400043488
0.0351469516754
0.0353000164032
0.0354478359222
0.0321731567383
0.0323340892792
0.047523021698
0.0477039813995
0.0279459953308
0.0281279087067
0.0282909870148
0.0284559726715
0.0356330871582
0.0361330509186
0.0366630554199
0.0373010635376
0.028678894043
0.0292398929596
0.0305368900299
0.0403459072113
0.0333540439606
0.0340430736542
0.0373191833496
0.0381860733032
0.0279610157013
0.0291059017181
0.0297420024872
0.0304188728333
0.0473790168762
0.0569591522217
0.057361125946
0.057657957077
0.0398910045624
0.0404109954834
0.040766954422
0.041090965271
0.0294270515442
0.0301852226257
0.0309541225433
0.0316081047058
0.0367350578308
0.0374660491943
0.0382010936737
0.0388290882111
0.0307419300079
0.0316188335419
0.0324277877808
0.0336139202118
0.0338258743286
0.0340049266815
0.0341699123383
0.0343370437622
0.0514178276062
0.0516149997711
0.0517628192902
0.0519139766693
0.0355849266052
0.0359001159668
0.0361840724945
0.0367119312286
0.0284309387207
0.0287840366364
0.0293488502502
0.0336289405823
0.0346009731293
0.0352220535278
0.0359969139099
0.0369670391083
0.0282230377197
0.0284118652344
0.0285768508911
0.0287389755249
0.0357549190521
0.0364079475403
0.0369918346405
0.0375609397888
0.0248301029205
0.026890039444
0.0305199623108
0.0383729934692
0.0356750488281
0.0364010334015
0.0376570224762
0.0400199890137
0.0273699760437
0.0283181667328
0.0291390419006
0.0298411846161
0.0277330875397
0.0283870697021
0.048278093338
0.0494558811188
0.0313980579376
0.0319139957428
0.0323541164398
0.0327551364899
0.029522895813
0.0299048423767
0.0300929546356
0.0302560329437
0.0313918590546
0.0315618515015
0.0331618785858
0.0365569591522
0.0268311500549
0.0271501541138
0.0274360179901
0.0277171134949
0.0260469913483
0.026230096817
0.0264041423798
0.0326590538025
0.0362060070038
0.0363869667053
0.0365331172943
0.0367181301117
0.0345199108124
0.0346829891205
0.0348260402679
0.0487148761749
0.0329790115356
0.0331590175629
0.033303976059
0.0334432125092
0.0340628623962
0.0342750549316
0.0383958816528
0.0385448932648
0.031387090683
0.0315480232239
0.0317599773407
0.0320160388947
0.0252659320831
0.0254390239716
0.0288438796997
0.0298428535461
0.030483007431
0.0306739807129
0.0308921337128
0.031149148941
0.0274410247803
0.0276310443878
0.0278060436249
0.0279848575592
0.0404269695282
0.04065990448
0.0408821105957
0.0410919189453
0.0263919830322
0.0265409946442
0.0266799926758
0.0268249511719
0.02663397789
0.0268688201904
0.0500290393829
0.0503540039062
0.0365781784058
0.0367851257324
0.0369670391083
0.056351184845
0.0441119670868
0.0444021224976
0.0446910858154
0.0506851673126
0.0307579040527
0.0309619903564
0.0370578765869
0.0373508930206
0.0413658618927
0.0415439605713
0.0470659732819
0.0529279708862
0.0258131027222
0.0308392047882
0.0340960025787
0.0344061851501
0.0334589481354
0.033627986908
0.033784866333
0.0339708328247
0.0263741016388
0.0266199111938
0.0268359184265
0.0323240756989
0.0265531539917
0.0268681049347
0.0381090641022
0.0384409427643
0.0330629348755
0.033273935318
0.0334250926971
0.0335810184479
0.0288290977478
0.0293982028961
0.0295770168304
0.0297451019287
0.0252830982208
0.0254878997803
0.0270130634308
0.0274260044098
0.0364570617676
0.0369191169739
0.0373511314392
0.0377941131592
0.0369038581848
0.0390999317169
0.0414769649506
0.0416498184204
0.0308170318604
0.0309751033783
0.0311231613159
0.0312631130219
0.029287815094
0.0294578075409
0.0413010120392
0.0453958511353
0.0433049201965
0.0436229705811
0.0451300144196
0.046050786972
0.02716588974
0.0278370380402
0.0285878181458
0.0295510292053
0.0350332260132
0.0352020263672
0.0353541374207
0.036954164505
0.0290179252625
0.0392200946808
0.0402131080627
0.0412659645081
0.033411026001
0.0355279445648
0.0374798774719
0.0382390022278
0.0288608074188
0.0292007923126
0.0295548439026
0.0298798084259
0.0341439247131
0.0343778133392
0.0347428321838
0.0351729393005
0.0268559455872
0.0271799564362
0.0285220146179
0.0380840301514
0.0294420719147
0.0338220596313
0.035872220993
0.0375771522522
0.0388200283051
0.0391039848328
0.0400819778442
0.0404670238495
0.0292930603027
0.0296568870544
0.0298869609833
0.0343248844147
0.0266351699829
0.0268340110779
0.0269930362701
0.0298521518707
0.037544965744
0.0419209003448
0.0422217845917
0.0522239208221
0.0284359455109
0.0286638736725
0.028862953186
0.0412378311157
0.027843952179
0.0287230014801
0.0293209552765
0.0323889255524
0.0290360450745
0.030219078064
0.0314159393311
0.0341129302979
0.0360100269318
0.0370621681213
0.0427210330963
0.0451951026917
0.03404712677
0.0345211029053
0.034775018692
0.034970998764
0.0299260616302
0.0300989151001
0.0302519798279
0.0304050445557
0.0292701721191
0.0294950008392
0.0297021865845
0.0305321216583
0.0287041664124
0.0291211605072
0.0304000377655
0.0343070030212
0.0338609218597
0.0345768928528
0.036593914032
0.0367980003357
0.0305840969086
0.0311181545258
0.0316851139069
0.0323791503906
0.0293650627136
0.0302200317383
0.0310680866241
0.0319080352783
0.0420019626617
0.0428190231323
0.0434679985046
0.0442090034485
0.0273389816284
0.0274918079376
0.0276589393616
0.0277979373932
0.0418560504913
0.0422780513763
0.0425090789795
0.0427179336548
0.0303380489349
0.030552148819
0.0307471752167
0.0309360027313
0.0364310741425
0.0366339683533
0.0370171070099
0.0372059345245
0.0308399200439
0.031464099884
0.0320270061493
0.0325911045074
0.0303540229797
0.0306000709534
0.0309989452362
0.0367679595947
0.0295112133026
0.0299580097198
0.0336182117462
0.0338850021362
0.0323810577393
0.0333590507507
0.0341639518738
0.0351269245148
0.0457878112793
0.046196937561
0.0463509559631
0.0500628948212
0.0251288414001
0.0254859924316
0.0257949829102
0.0260980129242
0.0316438674927
0.0318200588226
0.03200507164
0.0363390445709
0.0367908477783
0.0369729995728
0.0371329784393
0.0372879505157
0.034775018692
0.0358788967133
0.0370509624481
0.0381598472595
0.0335659980774
0.0345780849457
0.0354931354523
0.0365350246429
0.0380969047546
0.0437078475952
0.0503208637238
0.0554578304291
0.0271270275116
0.0288710594177
0.0300071239471
0.0325510501862
0.0376989841461
0.0448040962219
0.0457530021667
0.0476579666138
0.033579826355
0.0343217849731
0.0350618362427
0.0359327793121
0.033509016037
0.0345101356506
0.0354011058807
0.0360560417175
0.0315918922424
0.0326340198517
0.0338258743286
0.0363159179688
0.028223991394
0.0289988517761
0.0298738479614
0.0317039489746
0.0313909053802
0.0321459770203
0.0329480171204
0.0337018966675
0.0449280738831
0.0456171035767
0.0466749668121
0.0497860908508
0.0254399776459
0.0262780189514
0.0270240306854
0.0313858985901
0.0346419811249
0.0355198383331
0.0364098548889
0.0437469482422
0.0353109836578
0.0360980033875
0.0368587970734
0.0435228347778
0.0362050533295
0.037036895752
0.037889957428
0.0439419746399
0.0373849868774
0.0461881160736
0.0468111038208
0.0473389625549
0.0299589633942
0.031133890152
0.0322120189667
0.0334169864655
0.0375950336456
0.0389049053192
0.0400128364563
0.0455138683319
0.0371580123901
0.0378530025482
0.0385229587555
0.0392680168152
0.029177904129
0.0302369594574
0.035630941391
0.0365760326385
0.0472550392151
0.0474100112915
0.0475769042969
0.0477199554443
0.0250289440155
0.0252130031586
0.0253648757935
0.0255219936371
0.0282340049744
0.0284349918365
0.0286569595337
0.0288190841675
0.029846906662
0.0300209522247
0.0301988124847
0.0303609371185
0.0367600917816
0.0369319915771
0.0371100902557
0.0372641086578
0.0272068977356
0.0274660587311
0.0276210308075
0.0339119434357
0.0383939743042
0.0385539531708
0.0387048721313
0.0432689189911
0.0315048694611
0.0319769382477
0.0344798564911
0.0372529029846
0.0326499938965
0.0328371524811
0.0329990386963
0.0373289585114
0.0289709568024
0.0291459560394
0.0292921066284
0.0294411182404
0.0321800708771
0.0323951244354
0.0325839519501
0.0327980518341
0.0313370227814
0.0315179824829
0.0316729545593
0.0466010570526
0.0383160114288
0.0384719371796
0.0441269874573
0.0479409694672
0.0317130088806
0.0319230556488
0.0320999622345
0.0434739589691
0.0409219264984
0.0417859554291
0.0425088405609
0.0432548522949
0.0456910133362
0.0459549427032
0.0461139678955
0.0462760925293
0.0339741706848
0.0341811180115
0.0343501567841
0.0344970226288
0.0281751155853
0.0283660888672
0.028557062149
0.0331189632416
0.0360269546509
0.0376257896423
0.0388278961182
0.0395829677582
0.0307900905609
0.0314621925354
0.0320491790771
0.0325779914856
0.0293600559235
0.0307641029358
0.0313351154327
0.0462810993195
0.0301949977875
0.0305941104889
0.0309309959412
0.0336740016937
0.0314269065857
0.0316960811615
0.0319790840149
0.0322499275208
0.029091835022
0.0293409824371
0.0358638763428
0.0400738716125
0.0335800647736
0.0338101387024
0.0339629650116
0.0344641208649
0.031121969223
0.031790971756
0.0332119464874
0.0348880290985
0.0429251194
0.0436050891876
0.0475358963013
0.0483241081238
0.0266900062561
0.0269119739532
0.0271210670471
0.0297880172729
0.0343170166016
0.0345511436462
0.0347189903259
0.0348870754242
0.0247349739075
0.0251121520996
0.0267021656036
0.0340330600739
0.0236260890961
0.0258271694183
0.0296931266785
0.034478187561
0.029993057251
0.0303211212158
0.030613899231
0.0361568927765
0.0326480865479
0.0342559814453
0.0359981060028
0.0362961292267
0.0260679721832
0.0263030529022
0.026468038559
0.0266819000244
0.0388739109039
0.0390539169312
0.0392088890076
0.0393679141998
0.0309700965881
0.0333199501038
0.0349321365356
0.0372929573059
0.0260119438171
0.0262460708618
0.034