0.0339350700378
0.0343210697174
0.034609079361
0.0390431880951
0.0267159938812
0.026997089386
0.027281999588
0.0292451381683
0.0338861942291
0.0359032154083
0.039587020874
0.0398600101471
0.0341789722443
0.040992975235
0.0437440872192
0.0459740161896
0.0347199440002
0.0349228382111
0.0350868701935
0.0357148647308
0.0362730026245
0.0365769863129
0.0456750392914
0.0544118881226
0.0301959514618
0.0322561264038
0.0328090190887
0.0337729454041
0.0322420597076
0.0342619419098
0.0351150035858
0.0359320640564
0.0335330963135
0.0343520641327
0.0351431369781
0.0359630584717
0.0315001010895
0.0322451591492
0.0328600406647
0.0332610607147
0.0327708721161
0.0330998897552
0.0333979129791
0.037348985672
0.0398080348969
0.0401248931885
0.0403439998627
0.0405700206757
0.0350890159607
0.0416250228882
0.0428190231323
0.0436449050903
0.0294830799103
0.0300240516663
0.0305218696594
0.0313398838043
0.0299561023712
0.0315411090851
0.0319828987122
0.032289981842
0.0289981365204
0.0296070575714
0.0300691127777
0.0308210849762
0.0372250080109
0.0382249355316
0.0390000343323
0.0448160171509
0.038712978363
0.0389018058777
0.039078950882
0.0392558574677
0.0340578556061
0.0342488288879
0.0344438552856
0.0346460342407
0.0326299667358
0.0329658985138
0.0342259407043
0.0361590385437
0.0370879173279
0.0378398895264
0.0386848449707
0.0396630764008
0.0230197906494
0.0235109329224
0.0237059593201
0.0239019393921
0.0264320373535
0.0266561508179
0.0268120765686
0.0323579311371
0.0369439125061
0.0371749401093
0.0373709201813
0.0429489612579
0.025731086731
0.025906085968
0.0260541439056
0.0262041091919
0.0415918827057
0.0417919158936
0.041955947876
0.0426568984985
0.0320529937744
0.0324051380157
0.0325801372528
0.0327680110931
0.0252201557159
0.0287280082703
0.0367410182953
0.0374481678009
0.0310678482056
0.0312569141388
0.031418800354
0.0317118167877
0.0264229774475
0.0266308784485
0.0268330574036
0.0270159244537
0.031849861145
0.0325870513916
0.033940076828
0.03577709198
0.0320279598236
0.032222032547
0.0324599742889
0.0392389297485
0.0380599498749
0.0385458469391
0.0394070148468
0.0400669574738
0.0318319797516
0.0328860282898
0.0333790779114
0.0342311859131
0.0285568237305
0.0287349224091
0.0297319889069
0.0428619384766
0.032732963562
0.0328931808472
0.0338110923767
0.0339670181274
0.0301878452301
0.0303499698639
0.0305058956146
0.0306630134583
0.0272150039673
0.0274000167847
0.0275599956512
0.0277211666107
0.0296840667725
0.0298662185669
0.0300340652466
0.0301930904388
0.0256321430206
0.0258150100708
0.0259959697723
0.0262680053711
0.031172990799
0.0313391685486
0.0314879417419
0.0316491127014
0.03338098526
0.0335750579834
0.0337388515472
0.0341279506683
0.029580116272
0.0304889678955
0.0312530994415
0.0320091247559
0.0306401252747
0.0313880443573
0.0322041511536
0.0328719615936
0.0296339988708
0.0303950309753
0.031035900116
0.0317029953003
0.0376589298248
0.0385298728943
0.0393369197845
0.0401179790497
0.0300161838531
0.0304369926453
0.0308480262756
0.0313360691071
0.0424220561981
0.0426290035248
0.0429229736328
0.0432319641113
0.0291678905487
0.0305669307709
0.0311789512634
0.0343430042267
0.0324461460114
0.0352740287781
0.0369770526886
0.0448551177979
0.0356040000916
0.035786151886
0.0359539985657
0.0361211299896
0.0253469944
0.0255260467529
0.0256819725037
0.0258331298828
0.0357210636139
0.0393300056458
0.0408661365509
0.0418200492859
0.0393190383911
0.0420119762421
0.0429689884186
0.0437920093536
0.0285549163818
0.0324659347534
0.0332279205322
0.0339341163635
0.0301549434662
0.0306708812714
0.0308749675751
0.0316300392151
0.0331990718842
0.0337328910828
0.034332036972
0.0347740650177
0.0296659469604
0.0301249027252
0.030524969101
0.0309689044952
0.0374310016632
0.0408639907837
0.0413551330566
0.0418961048126
0.0287618637085
0.0298697948456
0.0331008434296
0.0341589450836
0.0365011692047
0.0367050170898
0.0369021892548
0.0370841026306
0.0371890068054
0.0384659767151
0.0409300327301
0.0470969676971
0.0303637981415
0.0305378437042
0.0306940078735
0.0308368206024
0.0258278846741
0.0260138511658
0.0261619091034
0.0328698158264
0.0302228927612
0.0304038524628
0.0305860042572
0.0399239063263
0.0298988819122
0.030483007431
0.0310189723969
0.031534910202
0.0339732170105
0.034126996994
0.0342710018158
0.0344121456146
0.0250298976898
0.0252358913422
0.0271499156952
0.0276739597321
0.0325770378113
0.0336520671844
0.0344240665436
0.0426762104034
0.0264420509338
0.0269119739532
0.0276610851288
0.0286979675293
0.0421149730682
0.0428111553192
0.0432319641113
0.0439031124115
0.0494270324707
0.0496199131012
0.0497810840607
0.0499880313873
0.0397598743439
0.0399289131165
0.0400969982147
0.0402660369873
0.0360119342804
0.0361759662628
0.0363309383392
0.0364780426025
0.034346818924
0.0345327854156
0.0376858711243
0.0408627986908
0.0288031101227
0.029149055481
0.0294480323792
0.0302031040192
0.0330879688263
0.0332500934601
0.0333981513977
0.0356650352478
0.0314381122589
0.0320930480957
0.0322690010071
0.0324289798737
0.0257630348206
0.0269889831543
0.028126001358
0.0293190479279
0.032653093338
0.0329070091248
0.0330739021301
0.0332379341125
0.0432488918304
0.0435519218445
0.0437369346619
0.0439178943634
0.0343790054321
0.0345599651337
0.0347139835358
0.0423231124878
0.0263330936432
0.0290660858154
0.0321741104126
0.0349509716034
0.0296540260315
0.0381619930267
0.0445370674133
0.0478370189667
0.0309839248657
0.031368970871
0.0371949672699
0.0414340496063
0.0357789993286
0.0360631942749
0.0363330841064
0.0366141796112
0.0268330574036
0.0271830558777
0.0275239944458
0.0278148651123
0.03475689888
0.0349519252777
0.0351068973541
0.0439748764038
0.0270171165466
0.0283980369568
0.0294120311737
0.0302531719208
0.0363740921021
0.0366940498352
0.039694070816
0.0417079925537
0.0273039340973
0.0278820991516
0.0284030437469
0.0338480472565
0.0220880508423
0.0231230258942
0.025249004364
0.0269320011139
0.031457901001
0.0317220687866
0.0319080352783
0.0447690486908
0.0382690429688
0.0387709140778
0.0394659042358
0.0399348735809
0.0321500301361
0.0324409008026
0.0359799861908
0.0399680137634
0.0264718532562
0.0266439914703
0.0268080234528
0.0269620418549
0.0249631404877
0.0251450538635
0.0263440608978
0.0346210002899
0.0356760025024
0.0358340740204
0.0360171794891
0.0361709594727
0.0307590961456
0.0309331417084
0.0310850143433
0.0330641269684
0.0322790145874
0.0324687957764
0.0326249599457
0.0327727794647
0.0339939594269
0.0365519523621
0.0504479408264
0.0508289337158
0.0341360569
0.0344700813293
0.0347940921783
0.035099029541
0.028557062149
0.0292890071869
0.0298731327057
0.0332450866699
0.0482490062714
0.0485739707947
0.0487520694733
0.0513989925385
0.0469038486481
0.0472748279572
0.047926902771
0.0488607883453
0.0280158519745
0.0288419723511
0.0296909809113
0.0495829582214
0.0296440124512
0.0303738117218
0.0340988636017
0.0363399982452
0.0538001060486
0.0546851158142
0.0554001331329
0.0562150478363
0.0269801616669
0.0271761417389
0.0273840427399
0.0276510715485
0.0253360271454
0.0255069732666
0.0297818183899
0.037125825882
0.024708032608
0.024894952774
0.0250649452209
0.0252289772034
0.0250639915466
0.0252509117126
0.0254168510437
0.0257668495178
0.0307500362396
0.0315520763397
0.0322132110596
0.0531949996948
0.032347202301
0.0332670211792
0.0345520973206
0.0358572006226
0.0275089740753
0.0282418727875
0.0290420055389
0.029659986496
0.0357658863068
0.0359499454498
0.0361258983612
0.036299943924
0.0296680927277
0.0303590297699
0.035010099411
0.0354790687561
0.0317480564117
0.0319211483002
0.0320820808411
0.0322351455688
0.0289330482483
0.0290861129761
0.0292370319366
0.029393196106
0.0297601222992
0.029953956604
0.0301160812378
0.0302650928497
0.0353329181671
0.0355398654938
0.0356960296631
0.0358519554138
0.0290279388428
0.0292270183563
0.0293750762939
0.0413229465485
0.0267090797424
0.0285711288452
0.0288410186768
0.0290379524231
0.0365829467773
0.0396690368652
0.0404050350189
0.0415160655975
0.0291979312897
0.0293638706207
0.0344738960266
0.0346879959106
0.0292930603027
0.0294601917267
0.0296211242676
0.0297701358795
0.0243592262268
0.0245530605316
0.0247111320496
0.024866104126
0.0240149497986
0.0241730213165
0.024316072464
0.0265231132507
0.0295488834381
0.0297048091888
0.0298569202423
0.0300049781799
0.0302109718323
0.0307869911194
0.0313098430634
0.0317769050598
0.0321598052979
0.0323138237
0.0324800014496
0.0329627990723
0.026006937027
0.026859998703
0.0285699367523
0.0375859737396
0.027843952179
0.0285179615021
0.0292010307312
0.0367560386658
0.0340240001678
0.0343241691589
0.0345931053162
0.0349190235138
0.0355620384216
0.0358870029449
0.0362248420715
0.0374720096588
0.0312821865082
0.0314621925354
0.0316359996796
0.0317890644073
0.032646894455
0.0329778194427
0.0332980155945
0.0336039066315
0.0301921367645
0.0307250022888
0.0312359333038
0.0317471027374
0.0334038734436
0.0339369773865
0.0345869064331
0.0352938175201
0.0327460765839
0.0331580638885
0.0335609912872
0.0340461730957
0.0321748256683
0.0325839519501
0.0330138206482
0.0334289073944
0.0316588878632
0.0319027900696
0.0320639610291
0.0322198867798
0.0477011203766
0.0482940673828
0.0488541126251
0.049439907074
0.0367438793182
0.0380489826202
0.0394320487976
0.0400459766388
0.0322110652924
0.0335409641266
0.0347170829773
0.0359320640564
0.0398659706116
0.0401470661163
0.0403208732605
0.0404739379883
0.0281519889832
0.028312921524
0.0345439910889
0.0358948707581
0.0272700786591
0.0274341106415
0.0275790691376
0.0287070274353
0.0305459499359
0.0307140350342
0.0308678150177
0.0310339927673
0.033970117569
0.0342209339142
0.0343730449677
0.0345120429993
0.030445098877
0.030601978302
0.0307600498199
0.0332219600677
0.0319950580597
0.0321731567383
0.0323691368103
0.0325241088867
0.0267491340637
0.0269491672516
0.0286231040955
0.0312762260437
0.0289208889008
0.0290868282318
0.0292439460754
0.0349409580231
0.0265309810638
0.0266878604889
0.0268340110779
0.041708946228
0.0280220508575
0.029886007309
0.0319490432739
0.0326180458069
0.0263741016388
0.0265350341797
0.0267009735107
0.026848077774
0.0251059532166
0.0253200531006
0.0254790782928
0.032851934433
0.0286469459534
0.0288109779358
0.0289580821991
0.0291039943695
0.0250580310822
0.025218963623
0.0253639221191
0.0255019664764
0.0254051685333
0.0256099700928
0.0257630348206
0.0259079933167
0.0267078876495
0.0272109508514
0.0276310443878
0.034353017807
0.0287289619446
0.0291171073914
0.0294399261475
0.0297510623932
0.0257358551025
0.0322217941284
0.0324399471283
0.0327429771423
0.0511209964752
0.0559968948364
0.0607688426971
0.0640728473663
0.0397970676422
0.041955947876
0.0437619686127
0.0463349819183
0.0287711620331
0.0289280414581
0.0290951728821
0.0351910591125
0.0300009250641
0.0302498340607
0.0460889339447
0.0535778999329
0.0336811542511
0.0345470905304
0.0373589992523
0.0442080497742
0.0368418693542
0.0390069484711
0.0419819355011
0.0426819324493
0.0267460346222
0.0287880897522
0.0299680233002
0.030739068985
0.0285410881042
0.0298690795898
0.0329689979553
0.0349221229553
0.0224719047546
0.024570941925
0.0271120071411
0.0291709899902
0.0288841724396
0.0300321578979
0.0311779975891
0.0418210029602
0.0307989120483
0.0314838886261
0.0326228141785
0.035383939743
0.0295388698578
0.0296909809113
0.0298368930817
0.0299849510193
0.0290551185608
0.0305099487305
0.0324401855469
0.0339560508728
0.0308969020844
0.0310919284821
0.0312459468842
0.0313949584961
0.0273721218109
0.0276689529419
0.0279450416565
0.0311110019684
0.0655431747437
0.0657069683075
0.0665500164032
0.0678951740265
0.0791199207306
0.0793211460114
0.0794849395752
0.0796449184418
0.0289530754089
0.0291218757629
0.0297429561615
0.0334599018097
0.0291810035706
0.0293869972229
0.0295491218567
0.0297000408173
0.0296981334686
0.0312421321869
0.0318779945374
0.0325610637665
0.0274500846863
0.0282208919525
0.0289070606232
0.0295970439911
0.0333881378174
0.0343489646912
0.0351111888885
0.0358331203461
0.0308020114899
0.0314869880676
0.0322551727295
0.0328941345215
0.0276229381561
0.0286750793457
0.0294671058655
0.0302250385284
0.0254099369049
0.0274159908295
0.0282938480377
0.0360879898071
0.0541110038757
0.0546700954437
0.0552489757538
0.0592479705811
0.0323369503021
0.0328669548035
0.033383846283
0.037318944931
0.0430190563202
0.0437190532684
0.0445370674133
0.0501589775085
0.0460050106049
0.0470221042633
0.0478899478912
0.048800945282
0.0347230434418
0.0353841781616
0.0362410545349
0.0378999710083
0.033833026886
0.0408918857574
0.0442569255829
0.0463178157806
0.030152797699
0.0303218364716
0.0304679870605
0.0306267738342
0.0308771133423
0.0310921669006
0.0312700271606
0.0314381122589
0.0443370342255
0.0449740886688
0.0458869934082
0.0497241020203
0.0268840789795
0.0282530784607
0.029746055603
0.0342679023743
0.0282981395721
0.0291481018066
0.029993057251
0.0313429832458
0.0559589862823
0.0565268993378
0.0571119785309
0.0576539039612
0.0369369983673
0.0375339984894
0.0380849838257
0.0385959148407
0.0354030132294
0.0359399318695
0.0364680290222
0.0369930267334
0.0340039730072
0.0348329544067
0.0361449718475
0.0505709648132
0.0480690002441
0.0506510734558
0.0514390468597
0.0538599491119
0.0228769779205
0.0230910778046
0.0232839584351
0.0267689228058
0.0285050868988
0.0286891460419
0.0288550853729
0.0290131568909
0.0381600856781
0.0383670330048
0.0390830039978
0.0395231246948
0.0306739807129
0.0309951305389
0.0313351154327
0.0363771915436
0.033714056015
0.0348000526428
0.041463136673
0.0467100143433
0.0271399021149
0.0274889469147
0.0277609825134
0.0332288742065
0.0291678905487
0.0293350219727
0.0297169685364
0.0301868915558
0.0510680675507
0.0530920028687
0.0536501407623
0.0542290210724
0.0493810176849
0.0536968708038
0.0559949874878
0.059366941452
0.027664899826
0.0284159183502
0.0295269489288
0.0422358512878
0.0284059047699
0.0322449207306
0.036495923996
0.0411930084229
0.0335140228271
0.0341680049896
0.0453460216522
0.0456559658051
0.036346912384
0.0368859767914
0.0376009941101
0.0381820201874
0.0268199443817
0.0287449359894
0.033627986908
0.0349049568176
0.0306310653687
0.0314009189606
0.0321741104126
0.0330040454865
0.0371351242065
0.0372931957245
0.0374410152435
0.0375850200653
0.0256271362305
0.0258121490479
0.0260140895844
0.0261840820312
0.0425679683685
0.0428028106689
0.0430028438568
0.0432078838348
0.038633108139
0.038850069046
0.0397880077362
0.0442540645599
0.0343890190125
0.034765958786
0.0457270145416
0.0502579212189
0.0325920581818
0.0331521034241
0.0348711013794
0.0360610485077
0.0298709869385
0.030534029007
0.0321061611176
0.034276008606
0.0280549526215
0.0287489891052
0.0295038223267
0.0301389694214
0.0354790687561
0.0360958576202
0.0417380332947
0.0432798862457
0.0318210124969
0.0322289466858
0.0326328277588
0.03306889534
0.0265798568726
0.0269620418549
0.0296039581299
0.0323388576508
0.0276529788971
0.0278508663177
0.0289719104767
0.0320708751678
0.0278449058533
0.0280458927155
0.0286049842834
0.0476269721985
0.0326719284058
0.0328409671783
0.0329990386963
0.0341539382935
0.0290298461914
0.0292258262634
0.0293920040131
0.0295548439026
0.0291488170624
0.0293297767639
0.0348529815674
0.0373718738556
0.0293838977814
0.032919883728
0.0339059829712
0.0426938533783
0.0392949581146
0.0406560897827
0.0424768924713
0.046226978302
0.0275177955627
0.0282859802246
0.029139995575
0.0432608127594
0.0304329395294
0.03102684021
0.031644821167
0.0322890281677
0.0302858352661
0.0314970016479
0.0326700210571
0.0372619628906
0.0315880775452
0.0323750972748
0.0330550670624
0.0338020324707
0.0284230709076
0.0291080474854
0.0298511981964
0.0416810512543
0.0317268371582
0.0328938961029
0.0338888168335
0.0396440029144
0.0268840789795
0.0274701118469
0.0280051231384
0.0287380218506
0.0361680984497
0.0369091033936
0.0379400253296
0.0389730930328
0.0319998264313
0.0325229167938
0.0330288410187
0.0335369110107
0.0317180156708
0.0328829288483
0.0334429740906
0.0339870452881
0.0476179122925
0.0487279891968
0.0492448806763
0.0497570037842
0.0301821231842
0.0308601856232
0.0315930843353
0.0322911739349
0.043447971344
0.0441198348999
0.0446648597717
0.0451970100403
0.047178030014
0.0478451251984
0.0484311580658
0.0490810871124
0.0269289016724
0.0275328159332
0.0280787944794
0.0310108661652
0.0350790023804
0.0361299514771
0.0368659496307
0.0377440452576
0.0329189300537
0.0337798595428
0.0343630313873
0.0349750518799
0.0350029468536
0.0369899272919
0.0381219387054
0.0400259494781
0.0261750221252
0.026850938797
0.0314240455627
0.0408170223236
0.033087015152
0.0341529846191
0.03502202034
0.0355751514435
0.0250210762024
0.0257279872894
0.0297598838806
0.0515739917755
0.0322680473328
0.0328271389008
0.0336101055145
0.037859916687
0.0303301811218
0.030855178833
0.0313730239868
0.0318892002106
0.0333058834076
0.0339257717133
0.0344867706299
0.0350348949432
0.0289218425751
0.0291299819946
0.0293209552765
0.0305049419403
0.0284450054169
0.0292320251465
0.0299389362335
0.0306329727173
0.0286839008331
0.0293068885803
0.0315160751343
0.0403959751129
0.0273520946503
0.0275831222534
0.027755022049
0.0279221534729
0.0282459259033
0.0284149646759
0.029552936554
0.03338098526
0.0304119586945
0.0307638645172
0.0309529304504
0.0480999946594
0.027400970459
0.0276679992676
0.0278358459473
0.0280368328094
0.0311560630798
0.0315251350403
0.0388531684875
0.03986120224
0.0273149013519
0.0289318561554
0.029266834259
0.0320630073547
0.0367510318756
0.0373251438141
0.0378692150116
0.0410141944885
0.0357270240784
0.0359261035919
0.0361330509186
0.0363070964813
0.0451819896698
0.0453569889069
0.0455250740051
0.0456709861755
0.0276420116425
0.0278429985046
0.0279979705811
0.0281500816345
0.0262811183929
0.0264830589294
0.026654958725
0.0268270969391
0.0418789386749
0.0443029403687
0.0446610450745
0.0455150604248
0.0434200763702
0.0435938835144
0.0437638759613
0.0439209938049
0.0323860645294
0.0327320098877
0.0330300331116
0.0333571434021
0.0220849514008
0.0222890377045
0.0224769115448
0.0288348197937
0.0331399440765
0.0340569019318
0.0353088378906
0.0393388271332
0.0371000766754
0.0380010604858
0.0389311313629
0.0399391651154
0.030613899231
0.0319879055023
0.0329008102417
0.0339269638062
0.0340828895569
0.0342738628387
0.0344290733337
0.0345840454102
0.0321609973907
0.0323359966278
0.0324881076813
0.0326390266418
0.0331988334656
0.033401966095
0.0335559844971
0.0337088108063
0.0271990299225
0.0273771286011
0.0275270938873
0.0294151306152
0.0362181663513
0.0364871025085
0.0367140769958
0.0369970798492
0.0334439277649
0.0337018966675
0.0339848995209
0.0342309474945
0.0274240970612
0.0277709960938
0.028088092804
0.0283801555634
0.0269041061401
0.0276041030884
0.0328140258789
0.0367980003357
0.0306260585785
0.0316870212555
0.0324461460114
0.033194065094
0.0358140468597
0.0363938808441
0.0369229316711
0.0375628471375
0.0342290401459
0.0361850261688
0.0363910198212
0.0389561653137
0.0253450870514
0.029265165329
0.0294260978699
0.0295741558075
0.0358557701111
0.0361309051514
0.0363008975983
0.0364677906036
0.0361812114716
0.0366611480713
0.0371890068054
0.0392541885376
0.0273299217224
0.0275750160217
0.0278210639954
0.032506942749
0.0311508178711
0.0313630104065
0.0315368175507
0.0320098400116
0.0440218448639
0.0442318916321
0.0445528030396
0.0447459220886
0.0343639850616
0.0347650051117
0.0351700782776
0.0357899665833
0.0502870082855
0.0505170822144
0.0506811141968
0.050840139389
0.0259299278259
0.0261318683624
0.0262799263
0.0264239311218
0.0351331233978
0.0353820323944
0.0355651378632
0.0357451438904
0.0287129878998
0.029109954834
0.0295078754425
0.0298728942871
0.0257329940796
0.0259411334991
0.0261359214783
0.0264499187469
0.025799036026
0.0261659622192
0.0264909267426
0.0278210639954
0.0345788002014
0.0349018573761
0.0355479717255
0.0359799861908
0.028519153595
0.0426070690155
0.0459921360016
0.0461521148682
0.0323920249939
0.032546043396
0.0326871871948
0.0328299999237
0.0260310173035
0.0261869430542
0.0263450145721
0.0264871120453
0.0262360572815
0.0263979434967
0.0265419483185
0.0266871452332
0.0319209098816
0.032103061676
0.0322680473328
0.0324230194092
0.0266690254211
0.0268371105194
0.02698802948
0.0271348953247
0.0319008827209
0.0320830345154
0.0322439670563
0.041839838028
0.0275909900665
0.0278511047363
0.0280239582062
0.0281949043274
0.0301990509033
0.0303950309753
0.0305640697479
0.0308170318604
0.0285379886627
0.0288848876953
0.0340759754181
0.0348629951477
0.0299069881439
0.0301220417023
0.0304989814758
0.0306749343872
0.0321860313416
0.0327451229095
0.0334551334381
0.0393919944763
0.0354518890381
0.0382599830627
0.0386130809784
0.0389769077301
0.0309319496155
0.0314359664917
0.0318160057068
0.0358300209045
0.0311830043793
0.0333869457245
0.0337228775024
0.0343179702759
0.038510799408
0.0391149520874
0.0396959781647
0.0412409305573
0.0303790569305
0.0330379009247
0.0366840362549
0.0368988513947
0.0291030406952
0.0293810367584
0.0298089981079
0.0303010940552
0.0325458049774
0.0331599712372
0.0338528156281
0.0347719192505
0.0340750217438
0.0347490310669
0.0353629589081
0.0360069274902
0.0310571193695
0.0312759876251
0.0317420959473
0.031996011734
0.0288269519806
0.0291109085083
0.0296058654785
0.0298528671265
0.0335891246796
0.0337879657745
0.0339651107788
0.0341370105743
0.0294539928436
0.0296669006348
0.0298180580139
0.0358769893646
0.0260059833527
0.0266969203949
0.0281798839569
0.0351839065552
0.039097070694
0.0403258800507
0.041167974472
0.0473220348358
0.0301609039307
0.0308048725128
0.0314419269562
0.0320768356323
0.0567588806152
0.0573389530182
0.057902097702
0.0640470981598
0.0251708030701
0.0254378318787
0.0279009342194
0.0321238040924
0.022066116333
0.0222401618958
0.0298421382904
0.0300040245056
0.0310339927673
0.0312302112579
0.0313940048218
0.0316359996796
0.0288639068604
0.0290839672089
0.0292649269104
0.0338449478149
0.0292611122131
0.0294570922852
0.0296320915222
0.0298500061035
0.0320918560028
0.032870054245
0.0335080623627
0.0349559783936
0.0307328701019
0.0320470333099
0.0336649417877
0.0343799591064
0.0377871990204
0.0379621982574
0.0381112098694
0.0382580757141
0.0250980854034
0.0365278720856
0.0372290611267
0.0390820503235
0.0329728126526
0.0338678359985
0.0344519615173
0.0349788665771
0.0271739959717
0.028156042099
0.0288429260254
0.0295388698578
0.0437741279602
0.0439529418945
0.0441000461578
0.0442390441895
0.0446290969849
0.0451409816742
0.0453679561615
0.0458590984344
0.0307269096375
0.0325059890747
0.0329411029816
0.0335109233856
0.0344650745392
0.0351181030273
0.0357050895691
0.0485091209412
0.038074016571
0.0382671356201
0.0384569168091
0.0469510555267
0.0462300777435
0.0482358932495
0.0490789413452
0.0503129959106
0.0182819366455
0.0322229862213
0.0327038764954
0.033252954483
0.0311648845673
0.0317559242249
0.0321440696716
0.0332689285278
0.029844045639
0.0328290462494
0.0336699485779
0.0342659950256
0.0307331085205
0.0309770107269
0.0311539173126
0.0322329998016
0.0269870758057
0.027193069458
0.0356750488281
0.0379049777985
0.0271708965302
0.0289850234985
0.0296339988708
0.0303988456726
0.032543182373
0.0327970981598
0.0330049991608
0.0333681106567
0.0285398960114
0.0287158489227
0.0288639068604
0.0290207862854
0.0314159393311
0.0316119194031
0.0317680835724
0.031965970993
0.0255038738251
0.0257060527802
0.0258738994598
0.0260279178619
0.029217004776
0.0298099517822
0.0336570739746
0.0345520973206
0.0301930904388
0.0320301055908
0.0328180789948
0.0338501930237
0.0338900089264
0.0348169803619
0.0354399681091
0.0361828804016
0.0293128490448
0.0305688381195
0.0310158729553
0.031553030014
0.0311458110809
0.0316948890686
0.0326538085938
0.0331199169159
0.0336501598358
0.0341680049896
0.0349249839783
0.0354800224304
0.0393579006195
0.0397658348083
0.0401170253754
0.0404589176178
0.0320959091187
0.0329608917236
0.0336329936981
0.0346200466156
0.0327591896057
0.0334331989288
0.0339951515198
0.0345730781555
0.0312309265137
0.0320060253143
0.0326869487762
0.0334680080414
0.0312139987946
0.0314049720764
0.0315570831299
0.0317521095276
0.0302791595459
0.0312919616699
0.0320150852203
0.0321609973907
0.0308239459991
0.0309920310974
0.0311870574951
0.0374939441681
0.0259709358215
0.0263838768005
0.0265839099884
0.0267670154572
0.0283699035645
0.0285489559174
0.0347390174866
0.037024974823
0.0393030643463
0.0394811630249
0.0396361351013
0.0397791862488
0.0268650054932
0.0270659923553
0.0272500514984
0.0274288654327
0.0335540771484
0.0337359905243
0.0339069366455
0.0340740680695
0.0242371559143
0.0243971347809
0.024551153183
0.0247011184692
0.0285801887512
0.0287640094757
0.0289120674133
0.0290570259094
0.0290360450745
0.0293641090393
0.0296361446381
0.0347230434418
0.0349359512329
0.035768032074
0.036474943161
0.0372769832611
0.0342929363251
0.0352330207825
0.0359859466553
0.036749124527
0.032683134079
0.0335941314697
0.0344710350037
0.0353741645813
0.0299999713898
0.0312988758087
0.0320498943329
0.0329508781433
0.0376489162445
0.0378429889679
0.0380101203918
0.0381650924683
0.0260419845581
0.0262370109558
0.0264089107513
0.0321309566498
0.0360610485077
0.0362279415131
0.0363779067993
0.0365240573883
0.0275650024414
0.0277419090271
0.0279049873352
0.0280599594116
0.0261459350586
0.0264420509338
0.0280449390411
0.0323948860168
0.0325789451599
0.0327789783478
0.032928943634
0.0330970287323
0.0281472206116
0.0283281803131
0.0284790992737
0.0363709926605
0.0268251895905
0.0275480747223
0.0282571315765
0.0316259860992
0.0297870635986
0.0304710865021
0.031289100647
0.0320451259613
0.0306730270386
0.0310120582581
0.0313019752502
0.0315799713135
0.0367319583893
0.042592048645
0.0435020923615
0.0444440841675
0.0341160297394
0.0348110198975
0.0356121063232
0.0426049232483
0.0443379878998
0.0448892116547
0.0455031394958
0.0460860729218
0.028687953949
0.0292568206787
0.029552936554
0.029953956604
0.0347630977631
0.0351750850677
0.0356240272522
0.0361850261688
0.0355880260468
0.0357789993286
0.0359208583832
0.0405459403992
0.03595495224
0.0366389751434
0.0372650623322
0.0380439758301
0.0301859378815
0.0307970046997
0.0313999652863
0.0323469638824
0.0283300876617
0.02849817276
0.0286571979523
0.0288109779358
0.031485080719
0.0316641330719
0.0318231582642
0.0326461791992
0.0430760383606
0.0432639122009
0.0455710887909
0.0457410812378
0.0369110107422
0.0371861457825
0.0373809337616
0.0375821590424
0.0308089256287
0.0309960842133
0.041109085083
0.0447931289673
0.0286748409271
0.0288789272308
0.0290429592133
0.0292158126831
0.0291171073914
0.0292980670929
0.0294630527496
0.0362842082977
0.0342378616333
0.0344099998474
0.0345628261566
0.0346989631653
0.0348169803619
0.0356109142303
0.0363998413086
0.0371417999268
0.0265879631042
0.0291459560394
0.0293669700623
0.0295419692993
0.0392858982086
0.040009021759
0.0409510135651
0.0423429012299
0.0269391536713
0.0270981788635
0.0272421836853
0.0273849964142
0.0234489440918
0.0273759365082
0.0293290615082
0.0331180095673
0.0318388938904
0.0319919586182
0.0321488380432
0.0322968959808
0.0334751605988
0.0336689949036
0.0338261127472
0.0339891910553
0.0292899608612
0.0294680595398
0.0296349525452
0.0331928730011
0.036003112793
0.0368151664734
0.0376210212708
0.0383951663971
0.0271189212799
0.0278167724609
0.0284249782562
0.02956199646
0.0311551094055
0.0326890945435
0.0339670181274
0.0348491668701
0.0387668609619
0.0411329269409
0.0468039512634
0.0563509464264
0.0263719558716
0.0303900241852
0.0363900661469
0.0399520397186
0.0270071029663
0.0273098945618
0.0275909900665
0.0278639793396
0.024267911911
0.0244269371033
0.0245759487152
0.0247168540955
0.0288848876953
0.0290768146515
0.0292580127716
0.0294349193573
0.0291759967804
0.0293819904327
0.0295600891113
0.0319340229034
0.032968044281
0.0331280231476
0.0332679748535
0.0384058952332
0.037740945816
0.0378999710083
0.0380449295044
0.0459020137787
0.0371809005737
0.038213968277
0.0392398834229
0.0403869152069
0.0415000915527
0.0422101020813
0.0429239273071
0.0435869693756
0.0328328609467
0.0330710411072
0.0333018302917
0.0335268974304
0.0340778827667
0.0348918437958
0.0357098579407
0.0364229679108
0.0280070304871
0.0287439823151
0.0291628837585
0.0295460224152
0.0366730690002
0.0368690490723
0.0370290279388
0.0371861457825
0.0326721668243
0.0328381061554
0.0330259799957
0.0335021018982
0.0267899036407
0.0269429683685
0.0271301269531
0.0272741317749
0.0299210548401
0.0301129817963
0.0302729606628
0.0304341316223
0.0306921005249
0.0312969684601
0.0318450927734
0.0323419570923
0.0397748947144
0.0403919219971
0.0407431125641
0.0411789417267
0.0297701358795
0.030287027359
0.0308010578156
0.0316140651703
0.0284957885742
0.0287737846375
0.0290589332581
0.0292129516602
0.0267028808594
0.0268528461456
0.0269968509674
0.0285129547119
0.0446720123291
0.0448639392853
0.0451619625092
0.0453400611877
0.0330119132996
0.0338509082794
0.0348811149597
0.0359280109406
0.0309209823608
0.0345430374146
0.0375790596008
0.0453870296478
0.02578997612
0.0259740352631
0.0387041568756
0.0401239395142
0.034471988678
0.0347909927368
0.0350801944733
0.0353801250458
0.0454609394073
0.0457968711853
0.0460820198059
0.0463230609894
0.0275359153748
0.0276980400085
0.0392498970032
0.0394160747528
0.0351991653442
0.035364151001
0.0355570316315
0.0357310771942
0.0417380332947
0.0421280860901
0.0424871444702
0.0427711009979
0.0384430885315
0.0386800765991
0.0388779640198
0.0390729904175
0.0324201583862
0.0326001644135
0.0327589511871
0.0329060554504
0.0325329303741
0.0326919555664
0.032840013504
0.0330288410187
0.0356938838959
0.0361080169678
0.0364949703217
0.0368659496307
0.0302729606628
0.0309410095215
0.0315778255463
0.032378911972
0.0471839904785
0.0480208396912
0.0486750602722
0.0493848323822
0.0269010066986
0.0270779132843
0.028470993042
0.0290651321411
0.029168844223
0.0294568538666
0.0326240062714
0.0343039035797
0.0269160270691
0.0271239280701
0.0273880958557
0.0308949947357
0.0313608646393
0.031546831131
0.03169298172
0.0318319797516
0.0291349887848
0.0293769836426
0.0297179222107
0.0300059318542
0.0278429985046
0.0283391475677
0.029470205307
0.0299050807953
0.0320708751678
0.0326759815216
0.0330698490143
0.0338199138641
0.0345890522003
0.035313129425
0.0359132289886
0.0363981723785
0.0513370037079
0.0652561187744
0.0661761760712
0.0668189525604
0.0319890975952
0.0326280593872
0.0362799167633
0.0398480892181
0.0374300479889
0.0377449989319
0.0379951000214
0.0382959842682
0.0340161323547
0.0343520641327
0.0345940589905
0.0348229408264
0.0357720851898
0.0361189842224
0.0364220142365
0.0367119312286
0.046884059906
0.0473129749298
0.0476038455963
0.047924041748
0.0482850074768
0.0516219139099
0.0528149604797
0.0539259910583
0.0628859996796
0.0633249282837
0.0669188499451
0.0672678947449
0.0495250225067
0.0526688098907
0.0540788173676
0.0544619560242
0.0299179553986
0.0301311016083
0.0306601524353
0.0309951305389
0.0363500118256
0.0366539955139
0.0527031421661
0.0535299777985
0.0316669940948
0.0319268703461
0.0320777893066
0.0322499275208
0.0275001525879
0.0276591777802
0.0278050899506
0.0279541015625
0.0330390930176
0.0337080955505
0.0343210697174
0.035108089447
0.0269160270691
0.0276410579681
0.0278441905975
0.0286099910736
0.0292789936066
0.0294411182404
0.0305769443512
0.0370171070099
0.0266900062561
0.026890039444
0.0332820415497
0.0391130447388
0.0287971496582
0.029018163681
0.0329489707947
0.0341031551361
0.0409021377563
0.0410749912262
0.041225194931
0.0413839817047
0.0280928611755
0.0282909870148
0.0285708904266
0.0289149284363
0.0270040035248
0.0273711681366
0.027704000473
0.0316121578217
0.027107000351
0.0295581817627
0.0339820384979
0.037849187851
0.0328230857849
0.0333640575409
0.042661190033
0.0573480129242
0.0277760028839
0.0279388427734
0.0280900001526
0.0323309898376
0.0263512134552
0.0265040397644
0.026789188385
0.0299861431122
0.0350859165192
0.0353009700775
0.0354709625244
0.0356249809265
0.0257577896118
0.0301339626312
0.0318789482117
0.0327868461609
0.0240080356598
0.0307440757751
0.0318529605865
0.0331170558929
0.0233130455017
0.023964881897
0.0244419574738
0.0272080898285
0.0260670185089
0.0267779827118
0.0274679660797
0.0319840908051
0.0301220417023
0.0312631130219
0.0326590538025
0.0336990356445
0.0311138629913
0.0312728881836
0.031436920166
0.03391289711
0.0218420028687
0.0223832130432
0.0238680839539
0.0262441635132
0.0255191326141
0.0262351036072
0.0269010066986
0.0275650024414
0.045627117157
0.0458180904388
0.0459830760956
0.0461490154266
0.0282771587372
0.0284790992737
0.0286500453949
0.0288081169128
0.0292129516602
0.0294029712677
0.0295820236206
0.0297610759735
0.041522026062
0.0416991710663
0.0418570041656
0.0420050621033
0.0275650024414
0.0277318954468
0.0280230045319
0.0292389392853
0.0338220596313
0.0340020656586
0.0341589450836
0.0343129634857
0.0306429862976
0.030827999115
0.0309870243073
0.0311481952667
0.032998085022
0.0331599712372
0.0333161354065
0.0335211753845
0.0378830432892
0.0383498668671
0.0468719005585
0.0513799190521
0.0257849693298
0.0259490013123
0.0301430225372
0.0313470363617
0.0351929664612
0.0353469848633
0.0398139953613
0.0467369556427
0.0344080924988
0.035364151001
0.0365560054779
0.0392789840698
0.0253911018372
0.0265319347382
0.032054901123
0.0415859222412
0.0264480113983
0.0275399684906
0.0285019874573
0.0296471118927
0.0281660556793
0.0283901691437
0.0285542011261
0.0287041664124
0.0312449932098
0.0314259529114
0.0315899848938
0.0327570438385
0.0266621112823
0.0268459320068
0.0270841121674
0.0273439884186
0.0257329940796
0.0264518260956
0.0321168899536
0.0328788757324
0.03165102005
0.0344710350037
0.0352210998535
0.0360240936279
0.0325138568878
0.0370149612427
0.0376009941101
0.0384068489075
0.0296289920807
0.030247926712
0.0308499336243
0.0333471298218
0.0282521247864
0.0286600589752
0.0291321277618
0.029443025589
0.0414679050446
0.0435900688171
0.0438249111176
0.0452780723572
0.0327548980713
0.0329170227051
0.0332019329071
0.035796880722
0.0269508361816
0.0271680355072
0.027361869812
0.0275399684906
0.0327739715576
0.032928943634
0.0346529483795
0.0373051166534
0.0281569957733
0.0283288955688
0.0284888744354
0.0286450386047
0.0305600166321
0.0307281017303
0.0326581001282
0.0354030132294
0.0368378162384
0.0372679233551
0.0377309322357
0.0382859706879
0.0334489345551
0.0358657836914
0.0372607707977
0.0396649837494
0.0311908721924
0.0313949584961
0.0315809249878
0.0402748584747
0.0401999950409
0.040540933609
0.0417768955231
0.0432639122009
0.0494699478149
0.0502200126648
0.0525300502777
0.0530679225922
0.0312080383301
0.0314090251923
0.0322489738464
0.035206079483
0.0232918262482
0.0252418518066
0.0266518592834
0.0277199745178
0.0286929607391
0.0297439098358
0.0304918289185
0.0311648845673
0.0271279811859
0.0278570652008
0.0332942008972
0.034588098526
0.0294439792633
0.0297420024872
0.0300140380859
0.0302879810333
0.0266010761261
0.0269911289215
0.0302319526672
0.0413990020752
0.0366179943085
0.0374240875244
0.038211107254
0.03884100914
0.0397300720215
0.039901971817
0.0400540828705
0.0402228832245
0.0359139442444
0.0367610454559
0.0375618934631
0.0384519100189
0.0626618862152
0.0631248950958
0.0636689662933
0.0641009807587
0.0310850143433
0.0312569141388
0.0313999652863
0.0315489768982
0.0272941589355
0.0275940895081
0.0278849601746
0.0281801223755
0.0300691127777
0.0303070545197
0.0304880142212
0.0312070846558
0.0340621471405
0.0364460945129
0.0369172096252
0.0378141403198
0.0238869190216
0.025032043457
0.0259411334991
0.0304169654846
0.0328209400177
0.0395760536194
0.0402829647064
0.0411570072174
0.0367212295532
0.0371851921082
0.0380561351776
0.0387201309204
0.0297288894653
0.029923915863
0.0300710201263
0.0302188396454
0.0308969020844
0.0310659408569
0.0312149524689
0.0313718318939
0.0283420085907
0.0285568237305
0.0287108421326
0.0288579463959
0.027309179306
0.027547121048
0.0277440547943
0.0279271602631
0.031907081604
0.0321321487427
0.0323159694672
0.0325031280518
0.0241298675537
0.0244438648224
0.0297229290009
0.0350489616394
0.0291349887848
0.0312860012054
0.0372560024261
0.0397410392761
0.0251410007477
0.039458990097
0.0396339893341
0.0397901535034
0.0234191417694
0.0236489772797
0.0238621234894
0.0293791294098
0.0344898700714
0.0346760749817
0.0348479747772
0.0350379943848
0.0373330116272
0.0375180244446
0.037661075592
0.0378060340881
0.030797958374
0.0310378074646
0.0312149524689
0.032940864563
0.0362310409546
0.037379026413
0.0480990409851
0.0504870414734
0.0320408344269
0.0404918193817
0.0407798290253
0.0410578250885
0.0350840091705
0.0352568626404
0.035444021225
0.0355880260468
0.0306799411774
0.0308771133423
0.0310349464417
0.0326869487762
0.0270791053772
0.0275859832764
0.0280170440674
0.032665014267
0.0312128067017
0.0319948196411
0.0326898097992
0.0334589481354
0.0279450416565
0.0281090736389
0.0282649993896
0.0284199714661
0.0280139446259
0.0283589363098
0.0286498069763
0.0289559364319
0.0363430976868
0.0366690158844
0.0369820594788
0.0373010635376
0.0286118984222
0.0290069580078
0.029326915741
0.0399680137634
0.0322580337524
0.0336470603943
0.0344140529633
0.0357201099396
0.032616853714
0.0331518650055
0.0336718559265
0.0343589782715
0.0303480625153
0.0308709144592
0.0313830375671
0.0318930149078
0.0263869762421
0.0312330722809
0.0340001583099
0.0346400737762
0.0298869609833
0.0306830406189
0.0313220024109
0.0319640636444
0.031172990799
0.032399892807
0.0331768989563
0.0339648723602
0.0328781604767
0.0337791442871
0.0346169471741
0.03963804245
0.0275959968567
0.0287780761719
0.0299370288849
0.0307190418243
0.0400369167328
0.0402889251709
0.0407140254974
0.0412149429321
0.0333549976349
0.0350749492645
0.0358519554138
0.0430998802185
0.0402770042419
0.0413410663605
0.0426781177521
0.0439391136169
0.0328431129456
0.033360004425
0.0337369441986
0.0339379310608
0.0291800498962
0.0301420688629
0.031142950058
0.0320560932159
0.0373320579529
0.0375170707703
0.0376811027527
0.0378520488739
0.0309031009674
0.0310580730438
0.0312020778656
0.0313611030579
0.0327701568604
0.0419960021973
0.0433650016785
0.0437519550323
0.0276358127594
0.0284059047699
0.0288429260254
0.0303359031677
0.0265831947327
0.0268850326538
0.0271751880646
0.0273680686951
0.0470809936523
0.0472919940948
0.0474619865417
0.0476570129395
0.0299549102783
0.0302019119263
0.0303828716278
0.0362958908081
0.0314350128174
0.0316469669342
0.034961938858
0.0374779701233
0.0302760601044
0.0304510593414
0.0306150913239
0.0453400611877
0.0287039279938
0.0289878845215
0.0292558670044
0.0388329029083
0.0398359298706
0.0404880046844
0.0413160324097
0.041974067688
0.0289199352264
0.0291450023651
0.0293278694153
0.0319619178772
0.0251169204712
0.0252740383148
0.0260939598083
0.0262439250946
0.0363819599152
0.0365419387817
0.036689043045
0.0368490219116
0.0319380760193
0.0321619510651
0.0323369503021
0.0325109958649
0.0287070274353
0.0289380550385
0.0291428565979
0.0293459892273
0.0394680500031
0.0397260189056
0.0399520397186
0.0402660369873
0.0361030101776
0.0364699363708
0.0366878509521
0.0368659496307
0.0394899845123
0.0396571159363
0.039822101593
0.0399651527405
0.0274131298065
0.0276129245758
0.0297310352325
0.0304710865021
0.02973985672
0.0300350189209
0.0303108692169
0.0305919647217
0.032753944397
0.0330131053925
0.0332610607147
0.0335171222687
0.0278899669647
0.0285608768463
0.0290439128876
0.029305934906
0.0364480018616
0.0371541976929
0.0378031730652
0.0385391712189
0.0344340801239
0.0351600646973
0.0358500480652
0.0366189479828
0.0384228229523
0.0385777950287
0.0389540195465
0.0391049385071
0.0312402248383
0.0314190387726
0.0315701961517
0.041100025177
0.031229019165
0.0314099788666
0.0315539836884
0.0316920280457
0.0397799015045
0.0402059555054
0.0409169197083
0.0414860248566
0.0333280563354
0.0335719585419
0.0337629318237
0.0340008735657
0.0271668434143
0.0277318954468
0.0282049179077
0.0287778377533
0.033243894577
0.0340340137482
0.0359749794006
0.0368759632111
0.0417878627777
0.0422029495239
0.0426239967346
0.0430519580841
0.0379099845886
0.0381450653076
0.0383009910583
0.0408611297607
0.0286149978638
0.0288078784943
0.0292048454285
0.0314297676086
0.0318250656128
0.0319941043854
0.032154083252
0.032310962677
0.0340120792389
0.0341799259186
0.0343480110168
0.0344929695129
0.0350170135498
0.0351741313934
0.0408101081848
0.0429770946503
0.0403759479523
0.0412490367889
0.0418961048126
0.0425300598145
0.0315940380096
0.0322780609131
0.0328989028931
0.0334119796753
0.0279719829559
0.0284998416901
0.0290570259094
0.029571056366
0.033075094223
0.0338001251221
0.0345129966736
0.0351719856262
0.0301430225372
0.030287027359
0.0304400920868
0.0336811542511
0.0343561172485
0.0345139503479
0.034658908844
0.0348200798035
0.0364401340485
0.0365979671478
0.036740064621
0.0368759632111
0.0345380306244
0.0346970558167
0.0348420143127
0.0349881649017
0.0339760780334
0.0341591835022
0.0344250202179
0.0347011089325
0.0334720611572
0.0336630344391
0.0338201522827
0.0352811813354
0.033341884613
0.0338959693909
0.0358028411865
0.036957025528
0.0359420776367
0.0365340709686
0.0370690822601
0.0376808643341
0.0298919677734
0.0305600166321
0.031229019165
0.0320281982422
0.0255310535431
0.0261249542236
0.0267109870911
0.0272691249847
0.0324969291687
0.0332419872284
0.0339510440826
0.0347709655762
0.0374338626862
0.03839802742
0.0393240451813
0.0398728847504
0.0387918949127
0.0397379398346
0.0413918495178
0.050479888916
0.0392999649048
0.0405538082123
0.0417358875275
0.0425238609314
0.0379929542542
0.0394508838654
0.0403199195862
0.0410559177399
0.0393130779266
0.039489030838
0.0396490097046
0.0398280620575
0.0270321369171
0.0278241634369
0.0284011363983
0.0290009975433
0.0275239944458
0.0281031131744
0.0286729335785
0.0292119979858
0.0271201133728
0.0277719497681
0.028370141983
0.0289521217346
0.0328378677368
0.0337989330292
0.0346159934998
0.0412788391113
0.0301880836487
0.0309340953827
0.0610380172729
0.0624511241913
0.0192821025848
0.0345180034637
0.0353739261627
0.0361030101776
0.025768995285
0.0259671211243
0.0261130332947
0.0262570381165
0.0262870788574
0.0265860557556
0.0268650054932
0.0292129516602
0.0362858772278
0.0366399288177
0.0369198322296
0.0470809936523
0.0364551544189
0.036954164505
0.0373342037201
0.0377480983734
0.0267050266266
0.0268859863281
0.0274729728699
0.0276968479156
0.0365290641785
0.0367059707642
0.0370969772339
0.0373539924622
0.0356531143188
0.0432779788971
0.0436680316925
0.0442011356354
0.0359020233154
0.0416030883789
0.0417950153351
0.0419819355011
0.0428528785706
0.0430419445038
0.043200969696
0.0433659553528
0.036602973938
0.0367670059204
0.0369348526001
0.0370960235596
0.032368183136
0.0325291156769
0.0326821804047
0.0328311920166
0.0377960205078
0.0379769802094
0.0381379127502
0.0383019447327
0.0359809398651
0.0362179279327
0.036395072937
0.0365428924561
0.0424728393555
0.0431859493256
0.0441529750824
0.0451948642731
0.0307347774506
0.0311977863312
0.0320768356323
0.0325357913971
0.0324530601501
0.0330839157104
0.0334930419922
0.0341680049896
0.035407781601
0.03595495224
0.0368409156799
0.0375549793243
0.036731004715
0.0370090007782
0.0371718406677
0.0373249053955
0.0256459712982
0.0258820056915
0.0260989665985
0.0263159275055
0.0159220695496
0.0173330307007
0.0184020996094
0.0326561927795
0.0303509235382
0.0305109024048
0.0306739807129
0.0308399200439
0.0274229049683
0.027596950531
0.0277459621429
0.0278899669647
0.0365078449249
0.0366740226746
0.0368230342865
0.0369708538055
0.0288469791412
0.0290079116821
0.0291540622711
0.0292930603027
0.0266921520233
0.0268540382385
0.0270020961761
0.0331780910492
0.038213968277
0.0384039878845
0.0385711193085
0.0387380123138
0.0228741168976
0.0258169174194
0.0278060436249
0.0310339927673
0.0317618846893
0.032947063446
0.0345089435577
0.0354959964752
0.0216891765594
0.0226621627808
0.0357711315155
0.0366740226746
0.0335311889648
0.0336999893188
0.0338530540466
0.0340352058411
0.0353491306305
0.0355579853058
0.0357120037079
0.03586602211
0.0335900783539
0.0337569713593
0.0339381694794
0.0347471237183
0.0363919734955
0.0365691184998
0.0367300510406
0.0391421318054
0.0305519104004
0.0307719707489
0.0310020446777
0.0321910381317
0.0255868434906
0.0260009765625
0.0272588729858
0.0304908752441
0.0373210906982
0.0380909442902
0.039046049118
0.0398828983307
0.0308310985565
0.0310101509094
0.0311691761017
0.0313282012939
0.0272650718689
0.027822971344
0.0280718803406
0.0282800197601
0.0435829162598
0.0437698364258
0.0439319610596
0.0440828800201
0.0375280380249
0.0377681255341
0.0381710529327
0.0385620594025
0.02903008461
0.0298490524292
0.0337162017822
0.0350120067596
0.0274038314819
0.0282168388367
0.0289568901062
0.0297119617462
0.0295069217682
0.0301380157471
0.0306971073151
0.0312440395355
0.036493062973
0.0372560024261
0.0381369590759
0.0415790081024
0.0304088592529
0.0307049751282
0.0309088230133
0.0310878753662
0.0337369441986
0.0339419841766
0.0341050624847
0.034264087677
0.0326941013336
0.0332260131836
0.0334720611572
0.0336561203003
0.0317509174347
0.0319068431854
0.0320558547974
0.0322029590607
0.0314259529114
0.0316879749298
0.0318789482117
0.0320551395416
0.0259461402893
0.0261511802673
0.0263299942017
0.0317192077637
0.0268740653992
0.0327451229095
0.0342500209808
0.0360679626465
0.0572829246521
0.0575649738312
0.0581889152527
0.0593619346619
0.0365710258484
0.0372738838196
0.0380229949951
0.0387270450592
0.045469045639
0.0456690788269
0.0458419322968
0.0460040569305
0.031788110733
0.0319831371307
0.0321700572968
0.032341003418
0.0278680324554
0.0280890464783
0.0302200317383
0.0329611301422
0.0325949192047
0.0390560626984
0.0394170284271
0.0502490997314
0.029886007309
0.030198097229
0.0305211544037
0.0307960510254
0.0305230617523
0.0306880474091
0.0308749675751
0.0310318470001
0.0345458984375
0.0350189208984
0.0355370044708
0.036034822464
0.029196023941
0.0306859016418
0.0313060283661
0.0318658351898
0.0297429561615
0.0300941467285
0.0305950641632
0.0309100151062
0.0273721218109
0.0297229290009
0.0338959693909
0.0437819957733
0.0363750457764
0.0372030735016
0.0378370285034
0.0383961200714
0.0304369926453
0.031270980835
0.0320689678192
0.0329909324646
0.031867980957
0.0331311225891
0.034656047821
0.0362410545349
0.0403110980988
0.0407199859619
0.0410349369049
0.0413498878479
0.0239260196686
0.0240910053253
0.0277781486511
0.0297989845276
0.0338690280914
0.0340650081635
0.0342259407043
0.0343818664551
0.0375621318817
0.0384120941162
0.0406270027161
0.0412490367889
0.0281162261963
0.028293132782
0.0284521579742
0.0286021232605
0.0346949100494
0.034982919693
0.0353019237518
0.0356419086456
0.0342860221863
0.0347499847412
0.0351259708405
0.0355188846588
0.0330379009247
0.033360004425
0.0339789390564
0.0419950485229
0.0369951725006
0.0371470451355
0.0372929573059
0.037477016449
0.0355899333954
0.0359599590302
0.0369169712067
0.042543888092
0.0372579097748
0.0379989147186
0.043261051178
0.0441291332245
0.0349600315094
0.0357930660248
0.036484003067
0.037052154541
0.0278739929199
0.0280380249023
0.0281941890717
0.0283420085907
0.0284290313721
0.0286211967468
0.028795003891
0.0289421081543
0.0424339771271
0.0429439544678
0.0433709621429
0.0474779605865
0.0286140441895
0.0293538570404
0.03005194664
0.0313098430634
0.0305778980255
0.0307309627533
0.0308740139008
0.0323460102081
0.0302209854126
0.0322811603546
0.0351250171661
0.0357890129089
0.0349149703979
0.0353529453278
0.0357780456543
0.0362269878387
0.026034116745
0.0265500545502
0.0269660949707
0.0274970531464
0.0288190841675
0.0295948982239
0.0345180034637
0.0370290279388
0.0318849086761
0.032243013382
0.0325899124146
0.0329480171204
0.0263140201569
0.0264661312103
0.0266101360321
0.026750087738
0.0382270812988
0.0390300750732
0.0396549701691
0.0403680801392
0.0366179943085
0.038969039917
0.0399940013885
0.0421180725098
0.0328650474548
0.0331649780273
0.03346991539
0.0447759628296
0.0313260555267
0.0318078994751
0.0414099693298
0.0531580448151
0.0307099819183
0.0308680534363
0.0310189723969
0.0311648845673
0.0297589302063
0.0300419330597
0.0303118228912
0.0306029319763
0.0266950130463
0.0269770622253
0.0271940231323
0.0284969806671
0.0504670143127
0.0509209632874
0.051176071167
0.0513889789581
0.0266010761261
0.0270979404449
0.0278749465942
0.028608083725
0.0401878356934
0.040522813797
0.0408699512482
0.0501430034637
0.0268850326538
0.0270659923553
0.0272300243378
0.0273859500885
0.0284669399261
0.0286710262299
0.0288529396057
0.0444378852844
0.022782087326
0.0229709148407
0.0273411273956
0.0311861038208
0.0251760482788
0.025356054306
0.0255370140076
0.0423431396484
0.0483849048615
0.0485799312592
0.0487499237061
0.0504319667816
0.0272169113159
0.0274150371552
0.0280339717865
0.0327229499817
0.0216000080109
0.0275239944458
0.0278182029724
0.0281291007996
0.0376188755035
0.0383319854736
0.0391108989716
0.0421509742737
0.0275790691376
0.0284240245819
0.0291972160339
0.0300400257111
0.0271680355072
0.0273399353027
0.0274798870087
0.0279240608215
0.0260918140411
0.0262799263
0.0264430046082
0.026871919632
0.0340988636017
0.0351269245148
0.0364110469818
0.037505865097
0.0442411899567
0.0451691150665
0.0459411144257
0.0466330051422
0.0464339256287
0.0506098270416
0.0529599189758
0.0537359714508
0.0452449321747
0.0454471111298
0.0456230640411
0.0457899570465
0.0267610549927
0.0274469852448
0.0282881259918
0.0291471481323
0.0389308929443
0.0394220352173
0.0402579307556
0.0410759449005
0.0367250442505
0.0372910499573
0.0378820896149
0.0384910106659
0.0387930870056
0.0389730930328
0.0391240119934
0.0392708778381
0.0303699970245
0.030543088913
0.0307002067566
0.0308811664581
0.0286860466003
0.032595872879
0.0404648780823
0.050518989563
0.034726858139
0.0350680351257
0.0353488922119
0.0357148647308
0.0327479839325
0.0338139533997
0.0349040031433
0.0356729030609
0.0309491157532
0.0325310230255
0.0349960327148
0.0496561527252
0.0338501930237
0.0345001220703
0.035994052887
0.0529069900513
0.0366148948669
0.0370199680328
0.0373108386993
0.0494198799133
0.0313899517059
0.0317330360413
0.03306889534
0.0366249084473
0.0293409824371
0.029552936554
0.0297379493713
0.0308449268341
0.0302679538727
0.0304520130157
0.0307509899139
0.0309360027313
0.0264852046967
0.0273420810699
0.0283231735229
0.0333120822906
0.0396220684052
0.0397851467133
0.039929151535
0.0400860309601
0.0279951095581
0.0297999382019
0.0344181060791
0.0372009277344
0.0365540981293
0.0367360115051
0.0369029045105
0.0370619297028
0.0327069759369
0.0328879356384
0.0330309867859
0.033194065094
0.0329139232635
0.0331048965454
0.0332748889923
0.0334799289703
0.027449131012
0.0276851654053
0.0279021263123
0.0280909538269
0.0308849811554
0.0312008857727
0.0315010547638
0.0318009853363
0.0402600765228
0.0406179428101
0.041659116745
0.0451121330261
0.0338249206543
0.0341188907623
0.0344219207764
0.0347259044647
0.0314857959747
0.0317749977112
0.0320408344269
0.0385928153992
0.0332701206207
0.0334420204163
0.0344121456146
0.0379412174225
0.035737991333
0.0363230705261
0.0372099876404
0.0382189750671
0.0375730991364
0.0377321243286
0.0378770828247
0.0456600189209
0.0290751457214
0.0294291973114
0.0342481136322
0.0345771312714
0.0272028446198
0.0274538993835
0.0315279960632
0.0333178043365
0.0448551177979
0.0450370311737
0.0452220439911
0.0453879833221
0.0271761417389
0.0334391593933
0.0336310863495
0.0338270664215
0.0268681049347
0.0270910263062
0.0272879600525
0.0274951457977
0.0317261219025
0.0319180488586
0.0321090221405
0.0323281288147
0.025711774826
0.0259399414062
0.0261099338531
0.0262739658356
0.0279579162598
0.0282599925995
0.0285658836365
0.0287728309631
0.038950920105
0.039449930191
0.0399258136749
0.0404658317566
0.0336542129517
0.0338501930237
0.0340461730957
0.0403912067413
0.0258340835571
0.0260000228882
0.0261511802673
0.0263459682465
0.0280292034149
0.0281929969788
0.0283410549164
0.0455341339111
0.0314109325409
0.031879901886
0.0322909355164
0.0326738357544
0.0277481079102
0.0298881530762
0.0304250717163
0.0310771465302
0.0352091789246
0.0354461669922
0.0356960296631
0.0359802246094
0.0433468818665
0.0435259342194
0.0436849594116
0.0438408851624
0.0340847969055
0.0350317955017
0.0460369586945
0.0476160049438
0.0302321910858
0.0309669971466
0.0320010185242
0.0327301025391
0.0243101119995
0.0341989994049
0.0344641208649
0.0352640151978
0.0247890949249
0.0250110626221
0.0292241573334
0.033970117569
0.0313301086426
0.0317239761353
0.0320870876312
0.0324490070343
0.0482108592987
0.0487589836121
0.049115896225
0.0495100021362
0.0267198085785
0.0269179344177
0.0270988941193
0.0332059860229
0.0290019512177
0.0291628837585
0.0293419361115
0.036691904068
0.0298509597778
0.0300810337067
0.0302679538727
0.0304300785065
0.0502731800079
0.05384516716
0.05402302742
0.0541679859161
0.0250709056854
0.0252199172974
0.0253608226776
0.0255188941956
0.0229871273041
0.0231690406799
0.0240411758423
0.0281131267548
0.0260770320892
0.0262451171875
0.0263910293579
0.0298471450806
0.0284550189972
0.0287699699402
0.03071808815
0.034373998642
0.0426199436188
0.042927980423
0.0431990623474
0.0434980392456
0.0315010547638
0.0316710472107
0.0318410396576
0.0319950580597
0.0289421081543
0.0292191505432
0.0293850898743
0.0295431613922
0.0292341709137
0.0294070243835
0.0295469760895
0.0296990871429
0.0289361476898
0.0290961265564
0.0292510986328
0.0294320583344
0.0334281921387
0.0339300632477
0.0344190597534
0.034893989563
0.0545401573181
0.0547151565552
0.0548751354218
0.0552389621735
0.0516490936279
0.0525150299072
0.0534110069275
0.0562961101532
0.0349869728088
0.0352590084076
0.0354719161987
0.0356879234314
0.0261449813843
0.0271639823914
0.0281407833099
0.0302278995514
0.0299670696259
0.03080701828
0.0317811965942
0.0326180458069
0.0272369384766
0.0277950763702
0.0283460617065
0.028990983963
0.0277540683746
0.0284790992737
0.029237985611
0.0299470424652
0.032074213028
0.0324220657349
0.0326991081238
0.0328681468964
0.0300540924072
0.0306251049042
0.0360910892487
0.0397400856018
0.0351440906525
0.0356950759888
0.0363759994507
0.0416550636292
0.0528771877289
0.0535252094269
0.0541021823883
0.0546700954437
0.0448908805847
0.0457139015198
0.0464208126068
0.0471568107605
0.0289251804352
0.0296070575714
0.0303452014923
0.0309619903564
0.0276250839233
0.0277760028839
0.0279140472412
0.0336048603058
0.0282251834869
0.028382062912
0.0285460948944
0.028685092926
0.0311920642853
0.031359910965
0.0315120220184
0.0316569805145
0.0429718494415
0.0440969467163
0.044704914093
0.0490639209747
0.028501033783
0.0296730995178
0.0298929214478
0.0300750732422
0.0337119102478
0.0406579971313
0.0409779548645
0.0411739349365
0.0266010761261
0.0267839431763
0.0269420146942
0.0272340774536
0.0247530937195
0.028834104538
0.0290172100067
0.0311510562897
0.0273761749268
0.0277161598206
0.0280430316925
0.0332391262054
0.0325520038605
0.0329048633575
0.0332269668579
0.0335628986359
0.0275740623474
0.0278429985046
0.0280210971832
0.0323920249939
0.0288910865784
0.0292780399323
0.0296280384064
0.0413219928741
0.0316081047058
0.0318460464478
0.0320379734039
0.0340740680695
0.0250241756439
0.0252990722656
0.025484085083
0.0264430046082
0.0358529090881
0.0360300540924
0.0362050533295
0.0364558696747
0.0318489074707
0.0320289134979
0.0321879386902
0.0323958396912
0.0259740352631
0.0262670516968
0.0264301300049
0.0265891551971
0.0303189754486
0.0304968357086
0.0306589603424
0.0308158397675
0.0235719680786
0.0237708091736
0.0241868495941
0.0307109355927
0.0254030227661
0.0255541801453
0.0257019996643
0.0258460044861
0.0299091339111
0.0303640365601
0.0308291912079
0.0322000980377
0.0330350399017
0.0333590507507
0.0336301326752
0.0339591503143
0.0330619812012
0.0332999229431
0.0378539562225
0.0410258769989
0.050057888031
0.0505619049072
0.0533390045166
0.0553269386292
0.0444848537445
0.0446898937225
0.0465610027313
0.0507559776306
0.0477199554443
0.0479600429535
0.0509741306305
0.0569529533386
0.0510010719299
0.0512230396271
0.0537281036377
0.0551381111145
0.0265588760376
0.0268249511719
0.0269849300385
0.034539937973
0.0302159786224
0.0304019451141
0.0305728912354
0.0323009490967
0.0298829078674
0.0345809459686
0.0352008342743
0.035717010498
0.0324249267578
0.0327830314636
0.0423419475555
0.0500240325928
0.027911901474
0.0374701023102
0.038733959198
0.0394940376282
0.0311479568481
0.0321109294891
0.0327908992767
0.0333468914032
0.0432250499725
0.0436701774597
0.0443181991577
0.0447111129761
0.0326809883118
0.0334930419922
0.0342071056366
0.0348300933838
0.0422668457031
0.0430600643158
0.043506860733
0.0450868606567
0.0321569442749
0.0323507785797
0.0325109958649
0.0340058803558
0.0463800430298
0.0471479892731
0.0478038787842
0.0484709739685
0.0321171283722
0.0328979492188
0.0335750579834
0.0343120098114
0.0331010818481
0.0339431762695
0.0349700450897
0.0362751483917
0.0280051231384
0.02818608284
0.0287570953369
0.0305459499359
0.0277650356293
0.0281150341034
0.0282762050629
0.0304820537567
0.0382571220398
0.0384321212769
0.0385849475861
0.0387301445007
0.0324759483337
0.0326509475708
0.0328099727631
0.0330159664154
0.0355150699615
0.0357000827789
0.035854101181
0.0360062122345
0.0361061096191
0.0363070964813
0.0364530086517
0.0369031429291
0.0409488677979
0.0413658618927
0.0417518615723
0.0419938564301
0.0261340141296
0.0263221263885
0.0265231132507
0.0266849994659
0.0306491851807
0.0308120250702
0.0309600830078
0.031102180481
0.0278770923615
0.0286769866943
0.0288279056549
0.0289740562439
0.0270130634308
0.027193069458
0.0275230407715
0.0308790206909
0.0252470970154
0.0258619785309
0.02947306633
0.0322690010071
0.0359590053558
0.0361170768738
0.0362651348114
0.0364100933075
0.0331709384918
0.0334830284119
0.0337679386139
0.0345449447632
0.0325899124146
0.0331799983978
0.0339200496674
0.0476570129395
0.0343248844147
0.0350739955902
0.0374569892883
0.0392968654633
0.0353240966797
0.0354840755463
0.0356600284576
0.0358190536499
0.0247740745544
0.0249860286713
0.0251801013947
0.025358915329
0.0370411872864
0.0401990413666
0.0455451011658
0.0462491512299
0.0275988578796
0.0295078754425
0.0332000255585
0.0366189479828
0.0329251289368
0.0330801010132
0.033215045929
0.0425229072571
0.0328421592712
0.0330111980438
0.0331699848175
0.0333251953125
0.035453081131
0.0356440544128
0.0357940196991
0.0467998981476
0.0300900936127
0.0302970409393
0.0304660797119
0.0306439399719
0.0258929729462
0.0260500907898
0.0261931419373
0.0294830799103
0.0277831554413
0.028491973877
0.0295400619507
0.0301351547241
0.0285158157349
0.0286829471588
0.0288338661194
0.0289897918701
0.0330460071564
0.0333750247955
0.0336449146271
0.0339448451996
0.0287928581238
0.029000043869
0.0291998386383
0.0295639038086
0.032840013504
0.0330421924591
0.0331962108612
0.0333380699158
0.0361700057983
0.0363562107086
0.036523103714
0.0366861820221
0.0221328735352
0.0223059654236
0.0228760242462
0.0244998931885
0.0293190479279
0.0295779705048
0.0316219329834
0.0325329303741
0.0274569988251
0.0277359485626
0.0279259681702
0.0281119346619
0.0321438312531
0.0323538780212
0.0325298309326
0.0327019691467
0.0306239128113
0.0308108329773
0.0309767723083
0.031133890152
0.0272488594055
0.0276248455048
0.0279228687286
0.0319528579712
0.0364108085632
0.0365908145905
0.0367498397827
0.0369079113007
0.0295660495758
0.0298960208893
0.0301840305328
0.0304610729218
0.0292420387268
0.029422044754
0.0295720100403
0.0297169685364
0.0275959968567
0.0277571678162
0.0279040336609
0.0288150310516
0.0329520702362
0.0331718921661
0.0333490371704
0.0335359573364
0.059005022049
0.0597338676453
0.0604090690613
0.0610420703888
0.0345668792725
0.0365169048309
0.037407875061
0.0391709804535
0.0403459072113
0.0405418872833
0.0408239364624
0.0409638881683
0.046621799469
0.0469579696655
0.0507078170776
0.0572278499603
0.0325028896332
0.0327608585358
0.0329639911652
0.0331468582153
0.0561940670013
0.0614030361176
0.0628519058228
0.0635390281677
0.0272982120514
0.0274651050568
0.0276870727539
0.0370090007782
0.0319180488586
0.0326800346375
0.0332469940186
0.0337600708008
0.0673990249634
0.0679779052734
0.0704998970032
0.071121931076
0.0280990600586
0.0291590690613
0.0296380519867
0.0354731082916
0.0487639904022
0.0495080947876
0.0500710010529
0.0516259670258
0.0366239547729
0.0368010997772
0.0369639396667
0.0371189117432
0.0337021350861
0.034441947937
0.0356121063232
0.036376953125
0.0253551006317
0.0260760784149
0.0265011787415
0.0270321369171
0.0309240818024
0.03147315979
0.0433242321014
0.0471482276917
0.0280981063843
0.0305380821228
0.0320680141449
0.0331900119781
0.0294032096863
0.0296061038971
0.0298171043396
0.0299751758575
0.0384480953217
0.0386641025543
0.0388369560242
0.0390019416809
0.0308499336243
0.0310218334198
0.0311818122864
0.0313348770142
0.0429260730743
0.0431139469147
0.0478279590607
0.0526340007782
0.0261721611023
0.0268249511719
0.0274410247803
0.0289759635925
0.0317471027374
0.0319321155548
0.0320899486542
0.0322999954224
0.0279440879822
0.0286600589752
0.0292780399323
0.0300419330597
0.0295910835266
0.0311169624329
0.0322740077972
0.0333199501038
0.0296921730042
0.030748128891
0.0314791202545
0.0321509838104
0.0310120582581
0.0318539142609
0.0323030948639
0.0327398777008
0.0416641235352
0.0423159599304
0.0427930355072
0.0435600280762
0.0454201698303
0.0461809635162
0.0468370914459
0.0475180149078
0.0369160175323
0.0377638339996
0.0385119915009
0.0392308235168
0.0449349880219
0.0455069541931
0.0462749004364
0.0468640327454
0.0315251350403
0.0317730903625
0.0319581031799
0.0321459770203
0.0258069038391
0.0260050296783
0.0261578559875
0.0263040065765
0.0328078269958
0.0330448150635
0.0332119464874
0.0333678722382
0.0238380432129
0.024022102356
0.0251410007477
0.0260910987854
0.0320971012115
0.0322680473328
0.0324370861053
0.032613992691
0.0336608886719
0.0342428684235
0.038300037384
0.0478789806366
0.0287139415741
0.0295009613037
0.0302188396454
0.0308449268341
0.03102684021
0.0311939716339
0.0313529968262
0.032007932663
0.0318229198456
0.0320069789886
0.0321791172028
0.0323240756989
0.0315289497375
0.031730890274
0.031898021698
0.032084941864
0.0302369594574
0.0304298400879
0.03