0.0319199562073
0.0325720310211
0.0330820083618
0.0346639156342
0.0279970169067
0.0283789634705
0.0287518501282
0.0371968746185
0.0262680053711
0.0267939567566
0.0273640155792
0.0279908180237
0.027535200119
0.027951002121
0.0284960269928
0.0288360118866
0.0288698673248
0.0331659317017
0.0334959030151
0.0353009700775
0.0272479057312
0.0283288955688
0.0293829441071
0.0317919254303
0.028440952301
0.028599023819
0.028745174408
0.0288939476013
0.0322821140289
0.0329821109772
0.0332310199738
0.0339000225067
0.0257470607758
0.0260760784149
0.026340007782
0.0280959606171
0.0286629199982
0.0293600559235
0.0297789573669
0.0305650234222
0.0311720371246
0.03289103508
0.033784866333
0.0344240665436
0.0307359695435
0.0320339202881
0.0330219268799
0.0337479114532
0.0254390239716
0.025820016861
0.026015996933
0.0261609554291
0.0308930873871
0.0310649871826
0.0312271118164
0.0313930511475
0.034551858902
0.0348188877106
0.035071849823
0.0353348255157
0.0314948558807
0.0316870212555
0.0318570137024
0.032016992569
0.0399589538574
0.0401360988617
0.0403010845184
0.0404629707336
0.0318830013275
0.0320811271667
0.032243013382
0.0333161354065
0.0315959453583
0.0327079296112
0.0368559360504
0.0404539108276
0.0456099510193
0.0481219291687
0.0494668483734
0.0502178668976
0.0314009189606
0.0322840213776
0.0329139232635
0.0339689254761
0.0436720848083
0.0445339679718
0.0452148914337
0.0459609031677
0.0326521396637
0.03338098526
0.0385220050812
0.0393259525299
0.0387670993805
0.0397171974182
0.0404751300812
0.0413451194763
0.0350089073181
0.0407149791718
0.0413899421692
0.0424308776855
0.0306179523468
0.0313420295715
0.0323989391327
0.033175945282
0.0413548946381
0.0415399074554
0.0417129993439
0.0418601036072
0.0374579429626
0.0376770496368
0.0389909744263
0.0395181179047
0.026802778244
0.0290219783783
0.0308158397675
0.0367388725281
0.0256099700928
0.0258519649506
0.0262520313263
0.0266909599304
0.0328471660614
0.0342359542847
0.0351669788361
0.0357420444489
0.023775100708
0.0239670276642
0.0241689682007
0.024316072464
0.0289011001587
0.029256105423
0.0299370288849
0.0377681255341
0.0410900115967
0.0413279533386
0.0415480136871
0.0491700172424
0.0229640007019
0.026379108429
0.0283360481262
0.0297939777374
0.029107093811
0.0292840003967
0.0294461250305
0.0296039581299
0.0271220207214
0.0272860527039
0.0292689800262
0.0301160812378
0.0238890647888
0.0264949798584
0.0283920764923
0.0301749706268
0.0286889076233
0.0306088924408
0.0319628715515
0.0328240394592
0.0311920642853
0.0313470363617
0.0360269546509
0.036171913147
0.0318460464478
0.0321359634399
0.0324161052704
0.0366771221161
0.0319309234619
0.0322229862213
0.0324931144714
0.0327789783478
0.0359871387482
0.0365462303162
0.0374321937561
0.0380420684814
0.0284330844879
0.028913974762
0.0294990539551
0.0296800136566
0.0275230407715
0.0292031764984
0.0311360359192
0.0319831371307
0.0347020626068
0.0353500843048
0.0357830524445
0.0364620685577
0.0287671089172
0.0293681621552
0.0337941646576
0.0346071720123
0.0275971889496
0.0277562141418
0.0279002189636
0.0280420780182
0.0392820835114
0.0395550727844
0.0396981239319
0.0398380756378
0.0279278755188
0.0306370258331
0.032399892807
0.0333139896393
0.0335178375244
0.0343627929688
0.0351078510284
0.0357439517975
0.0257511138916
0.0259430408478
0.0260820388794
0.0262250900269
0.0291769504547
0.0304780006409
0.0345840454102
0.0414628982544
0.0273430347443
0.0276072025299
0.0278251171112
0.0310890674591
0.0322561264038
0.032429933548
0.0325920581818
0.0327699184418
0.0318140983582
0.0320150852203
0.032210111618
0.036434173584
0.0323779582977
0.0325829982758
0.0327408313751
0.0348570346832
0.0352740287781
0.0360860824585
0.0363218784332
0.0365688800812
0.033539056778
0.0337009429932
0.033842086792
0.0339858531952
0.0346550941467
0.0391869544983
0.0401630401611
0.0413870811462
0.0373060703278
0.0389759540558
0.0396900177002
0.0449621677399
0.0391499996185
0.0443658828735
0.0450348854065
0.0455980300903
0.0326809883118
0.0332138538361
0.0337789058685
0.0343818664551
0.025328874588
0.0259919166565
0.0310189723969
0.0343728065491
0.0304131507874
0.0311770439148
0.0319201946259
0.0326080322266
0.0249710083008
0.0267071723938
0.0310320854187
0.0342049598694
0.0318539142609
0.0320429801941
0.0321869850159
0.0323369503021
0.0318470001221
0.0320370197296
0.0321800708771
0.0323221683502
0.0327959060669
0.0333378314972
0.0338499546051
0.0343568325043
0.0290050506592
0.029186964035
0.0298359394073
0.0302541255951
0.027055978775
0.0276069641113
0.0281410217285
0.0334379673004
0.0297598838806
0.0300889015198
0.0302560329437
0.030592918396
0.0304780006409
0.0309360027313
0.0317780971527
0.0338940620422
0.0290350914001
0.0293121337891
0.0295140743256
0.031830072403
0.0333411693573
0.0335831642151
0.0461130142212
0.048985004425
0.0351779460907
0.035355091095
0.0355141162872
0.0381879806519
0.0346710681915
0.0348901748657
0.0382440090179
0.0400321483612
0.0310230255127
0.0312550067902
0.0314621925354
0.0462331771851
0.0451340675354
0.045462846756
0.0457310676575
0.0474519729614
0.0280740261078
0.0283849239349
0.0289328098297
0.0328149795532
0.0289359092712
0.0295269489288
0.0397729873657
0.0413839817047
0.0324730873108
0.0581970214844
0.0587990283966
0.0593600273132
0.0319030284882
0.0320918560028
0.032301902771
0.0496408939362
0.0278820991516
0.0288219451904
0.0293600559235
0.0321941375732
0.0327730178833
0.0329568386078
0.0330970287323
0.0332388877869
0.0270750522614
0.0272409915924
0.0274090766907
0.0275919437408
0.0263259410858
0.0371608734131
0.0373330116272
0.0374748706818
0.0550940036774
0.0552518367767
0.0553939342499
0.0576338768005
0.0290858745575
0.0292508602142
0.0293979644775
0.0295708179474
0.0283579826355
0.0285220146179
0.0286860466003
0.0288321971893
0.025171995163
0.0253419876099
0.0255019664764
0.0259740352631
0.0271940231323
0.0274360179901
0.027645111084
0.0292639732361
0.0257740020752
0.0259528160095
0.0276699066162
0.0336129665375
0.02765583992
0.0278489589691
0.0280089378357
0.0311639308929
0.0274188518524
0.0276188850403
0.0277860164642
0.0279459953308
0.0292119979858
0.0293920040131
0.0297129154205
0.0299310684204
0.0279359817505
0.028107881546
0.028256893158
0.0284099578857
0.0283439159393
0.028559923172
0.0287389755249
0.0289158821106
0.0375998020172
0.0377810001373
0.0379528999329
0.0381059646606
0.0368440151215
0.037045955658
0.0371930599213
0.0399889945984
0.0328860282898
0.0332901477814
0.0334980487823
0.0336670875549
0.0253028869629
0.0254969596863
0.0256748199463
0.0260407924652
0.0268359184265
0.0269877910614
0.0271348953247
0.0272769927979
0.0276279449463
0.0278618335724
0.0280799865723
0.0466349124908
0.0260679721832
0.0262479782104
0.0264019966125
0.0265409946442
0.0284631252289
0.0288670063019
0.0302631855011
0.0340461730957
0.0284759998322
0.0287880897522
0.0341720581055
0.0365171432495
0.0310668945312
0.0312478542328
0.0314078330994
0.0411009788513
0.0250151157379
0.0252451896667
0.035551071167
0.0365030765533
0.027734041214
0.0278949737549
0.0287408828735
0.0289149284363
0.0598199367523
0.0615758895874
0.0623168945312
0.0630259513855
0.0358738899231
0.0366508960724
0.0373799800873
0.038006067276
0.0711438655853
0.0721309185028
0.0729520320892
0.0737340450287
0.0378069877625
0.0393199920654
0.0400309562683
0.0407240390778
0.0397520065308
0.0400347709656
0.0401949882507
0.0403599739075
0.022429227829
0.0244390964508
0.0263960361481
0.0277931690216
0.047315120697
0.0474989414215
0.0476751327515
0.0478370189667
0.0333590507507
0.0335140228271
0.0336580276489
0.0337989330292
0.0472068786621
0.0473818778992
0.0475459098816
0.0477130413055
0.0326819419861
0.03284907341
0.0329971313477
0.0331571102142
0.034040927887
0.0341949462891
0.0343599319458
0.0344970226288
0.0390791893005
0.0399980545044
0.0410270690918
0.0412640571594
0.0245921611786
0.0247809886932
0.0264711380005
0.0290961265564
0.0233900547028
0.0235569477081
0.0236940383911
0.0287110805511
0.0377299785614
0.0379130840302
0.0380721092224
0.0382390022278
0.0269718170166
0.0272169113159
0.0387058258057
0.0393648147583
0.0450689792633
0.0458409786224
0.0465588569641
0.0514779090881
0.0377998352051
0.0409250259399
0.0413229465485
0.0417308807373
0.0493981838226
0.0534021854401
0.0542330741882
0.0553851127625
0.052964925766
0.0531170368195
0.0532810688019
0.0534200668335
0.0361180305481
0.0363290309906
0.0365250110626
0.0367150306702
0.03133893013
0.0315010547638
0.0316438674927
0.0317978858948
0.0309500694275
0.0311450958252
0.0313010215759
0.0314559936523
0.034942150116
0.0351190567017
0.0352981090546
0.038027048111
0.0291481018066
0.0294020175934
0.0296330451965
0.0301189422607
0.0272550582886
0.0274341106415
0.0275959968567
0.044310092926
0.0314559936523
0.0316309928894
0.0317771434784
0.0319170951843
0.0271060466766
0.0273420810699
0.0275230407715
0.0276861190796
0.0279710292816
0.0281751155853
0.0283629894257
0.0285351276398
0.0314018726349
0.032350063324
0.0326919555664
0.0356950759888
0.0264098644257
0.0286428928375
0.0327589511871
0.0389318466187
0.0308399200439
0.0311369895935
0.0315749645233
0.0318038463593
0.024472951889
0.0251128673553
0.0257298946381
0.0264029502869
0.0367848873138
0.0375480651855
0.0382769107819
0.0391139984131
0.0289080142975
0.0290789604187
0.0292408466339
0.0295989513397
0.029993057251
0.0301671028137
0.0304899215698
0.0307109355927
0.0290389060974
0.0292189121246
0.0293798446655
0.0298228263855
0.0260679721832
0.0264229774475
0.0266010761261
0.0285940170288
0.029412984848
0.0295870304108
0.029736995697
0.0298960208893
0.0278830528259
0.0280621051788
0.0283260345459
0.0290839672089
0.0259048938751
0.030956029892
0.0311119556427
0.0329430103302
0.0624148845673
0.0643119812012
0.0652220249176
0.0655510425568
0.0253610610962
0.02552318573
0.0256760120392
0.0303480625153
0.0423159599304
0.0425250530243
0.0427219867706
0.044585943222
0.0346610546112
0.0348379611969
0.0350289344788
0.0351960659027
0.0272829532623
0.0274970531464
0.0276880264282
0.0278811454773
0.0278480052948
0.0280208587646
0.0281810760498
0.0283470153809
0.0374159812927
0.0376219749451
0.0377650260925
0.0400319099426
0.0301969051361
0.0303819179535
0.0305500030518
0.030925989151
0.0371141433716
0.03781914711
0.0387401580811
0.0396699905396
0.0331220626831
0.0338320732117
0.0344569683075
0.0350451469421
0.0403609275818
0.0405328273773
0.0406799316406
0.0487678050995
0.0448729991913
0.0451300144196
0.0452852249146
0.0454490184784
0.0613341331482
0.0615019798279
0.0616450309753
0.0703711509705
0.0632119178772
0.0633878707886
0.0645868778229
0.0700209140778
0.0261580944061
0.0263330936432
0.0278000831604
0.0298790931702
0.0315289497375
0.0317070484161
0.0318551063538
0.0320000648499
0.0260059833527
0.0261800289154
0.026337146759
0.0265040397644
0.0394971370697
0.0397870540619
0.0400531291962
0.0534009933472
0.0271909236908
0.0275599956512
0.0279159545898
0.0282850265503
0.031653881073
0.0319550037384
0.0322358608246
0.0349929332733
0.0366220474243
0.0369029045105
0.0371990203857
0.0374848842621
0.0356950759888
0.0381810665131
0.0391960144043
0.0451970100403
0.0358419418335
0.0360708236694
0.036248922348
0.036416053772
0.0368220806122
0.0431890487671
0.0433430671692
0.0434920787811
0.0359418392181
0.0366749763489
0.0373339653015
0.0380380153656
0.0297591686249
0.030739068985
0.031455039978
0.0321431159973
0.0332260131836
0.0338640213013
0.0346579551697
0.0354740619659
0.0265579223633
0.02738904953
0.0280439853668
0.0287179946899
0.0342688560486
0.0352308750153
0.0359058380127
0.0365419387817
0.035218000412
0.0360510349274
0.0372409820557
0.0382559299469
0.0372939109802
0.0380430221558
0.0388948917389
0.0398488044739
0.0297999382019
0.0305140018463
0.0315940380096
0.0322608947754
0.0303390026093
0.0320317745209
0.0327727794647
0.0334579944611
0.0281889438629
0.0284128189087
0.0314888954163
0.0316438674927
0.0420429706573
0.0421948432922
0.0557188987732
0.0558979511261
0.0375380516052
0.0383341312408
0.0405271053314
0.0407440662384
0.0300559997559
0.0305049419403
0.0312578678131
0.031996011734
0.026428937912
0.0279059410095
0.0285530090332
0.0298578739166
0.032329082489
0.0333042144775
0.0354700088501
0.0409100055695
0.0291171073914
0.0296041965485
0.030787229538
0.031925201416
0.0276031494141
0.0280361175537
0.0284810066223
0.0293350219727
0.027813911438
0.0280539989471
0.0282070636749
0.0283479690552
0.0301990509033
0.0303640365601
0.030524969101
0.0308969020844
0.0298011302948
0.0308940410614
0.0336620807648
0.0343360900879
0.0263340473175
0.0271918773651
0.0281000137329
0.0354549884796
0.0307710170746
0.0389380455017
0.0390939712524
0.039274930954
0.0289208889008
0.0293397903442
0.0298569202423
0.0303828716278
0.0359630584717
0.0367810726166
0.0374460220337
0.0401480197906
0.0381391048431
0.0390870571136
0.0400230884552
0.0406579971313
0.0345571041107
0.0361001491547
0.0369040966034
0.0377969741821
0.0328471660614
0.0330400466919
0.0332109928131
0.0414950847626
0.0395479202271
0.0397520065308
0.0399141311646
0.0408980846405
0.0415139198303
0.0417368412018
0.0419368743896
0.0421288013458
0.0313308238983
0.0323808193207
0.035120010376
0.0357010364532
0.0321371555328
0.0323140621185
0.0324850082397
0.0326290130615
0.027843952179
0.0367548465729
0.0375330448151
0.0381348133087
0.0275509357452
0.0321598052979
0.037868976593
0.0404598712921
0.0289540290833
0.0291130542755
0.0292620658875
0.0294091701508
0.0263299942017
0.0264871120453
0.0266289710999
0.0298030376434
0.0262558460236
0.0264208316803
0.0265870094299
0.0267598628998
0.0282969474792
0.0284609794617
0.0286049842834
0.0287508964539
0.0274648666382
0.0282959938049
0.0287499427795
0.0299189090729
0.0258870124817
0.0306370258331
0.0313289165497
0.0322790145874
0.0248880386353
0.0250580310822
0.0252039432526
0.0259070396423
0.024482011795
0.0339171886444
0.034077167511
0.034252166748
0.0273652076721
0.0275280475616
0.0276920795441
0.02783203125
0.0224061012268
0.0225691795349
0.0227210521698
0.0241601467133
0.032320022583
0.0325620174408
0.032753944397
0.0329389572144
0.025975227356
0.0263221263885
0.0267140865326
0.0274209976196
0.0337479114532
0.033998966217
0.0341508388519
0.0342988967896
0.0270018577576
0.0271890163422
0.0273439884186
0.0274949073792
0.0312509536743
0.0320057868958
0.0326998233795
0.0331699848175
0.0530109405518
0.0533108711243
0.057196855545
0.0610558986664
0.0647511482239
0.0651531219482
0.0657751560211
0.0662701129913
0.0943059921265
0.094475030899
0.0946209430695
0.0947668552399
0.0267198085785
0.0269358158112
0.0274488925934
0.0276389122009
0.028865814209
0.0290908813477
0.0292439460754
0.0293970108032
0.0334279537201
0.0335800647736
0.0337431430817
0.0338790416718
0.0263638496399
0.0266819000244
0.0269989967346
0.0272870063782
0.0357890129089
0.0359568595886
0.0361070632935
0.0362498760223
0.0265669822693
0.0270688533783
0.0276098251343
0.0281419754028
0.02512383461
0.0259819030762
0.0261669158936
0.0291728973389
0.0532970428467
0.0534620285034
0.0577969551086
0.0634589195251
0.0341439247131
0.0349028110504
0.0355548858643
0.0365388393402
0.0292720794678
0.0299201011658
0.0304801464081
0.0310201644897
0.0298871994019
0.0301561355591
0.0303170681
0.0304741859436
0.0345849990845
0.0347669124603
0.0349118709564
0.0428109169006
0.0290269851685
0.0292091369629
0.0294051170349
0.0295641422272
0.0394730567932
0.0402989387512
0.0407590866089
0.0413908958435
0.0328409671783
0.033814907074
0.0347189903259
0.0356850624084
0.0286860466003
0.0314049720764
0.0320889949799
0.032723903656
0.0350890159607
0.03586602211
0.0367319583893
0.0375418663025
0.0324590206146
0.0326819419861
0.0328838825226
0.0332880020142
0.0482439994812
0.0484330654144
0.0486071109772
0.0489649772644
0.0577070713043
0.0605680942535
0.0663640499115
0.0694780349731
0.0763530731201
0.076516866684
0.0766599178314
0.0768220424652
0.0282580852509
0.0284461975098
0.0286161899567
0.042384147644
0.0277099609375
0.0278780460358
0.0280690193176
0.0291879177094
0.0422699451447
0.0424790382385
0.0426490306854
0.0441520214081
0.024533033371
0.0278458595276
0.03098487854
0.0340309143066
0.0292301177979
0.0300390720367
0.0308480262756
0.0426390171051
0.0329778194427
0.0337419509888
0.0344948768616
0.035285949707
0.0252101421356
0.0253911018372
0.0255491733551
0.0257260799408
0.0281908512115
0.0284118652344
0.0285658836365
0.0287089347839
0.0309240818024
0.0311191082001
0.0312640666962
0.0314939022064
0.0249059200287
0.0250759124756
0.0253188610077
0.025465965271
0.0264120101929
0.0266780853271
0.0269150733948
0.0278480052948
0.0305800437927
0.031525850296
0.0326159000397
0.0343010425568
0.0288560390472
0.0290050506592
0.029149055481
0.0292880535126
0.0268859863281
0.0270781517029
0.0364620685577
0.0374670028687
0.0463709831238
0.0468108654022
0.0470540523529
0.047257900238
0.0312781333923
0.0314340591431
0.0315780639648
0.0317161083221
0.0347089767456
0.0349500179291
0.0351328849792
0.0353059768677
0.0223140716553
0.0368890762329
0.0370728969574
0.037239074707
0.0215041637421
0.0217051506042
0.0225911140442
0.0257730484009
0.0270597934723
0.0274338722229
0.0277597904205
0.0356318950653
0.0276019573212
0.027941942215
0.0400068759918
0.0412590503693
0.0267188549042
0.027153968811
0.028648853302
0.0323128700256
0.0258951187134
0.0260829925537
0.0262529850006
0.0264201164246
0.0316209793091
0.0318870544434
0.0321290493011
0.0395619869232
0.0342888832092
0.0345408916473
0.0367698669434
0.0413239002228
0.0399920940399
0.0408780574799
0.0410511493683
0.0411961078644
0.0269629955292
0.0299458503723
0.0344159603119
0.0368719100952
0.0901868343353
0.0903789997101
0.0967228412628
0.100172996521
0.0266540050507
0.0268189907074
0.0269711017609
0.0271210670471
0.0285091400146
0.02867603302
0.0288300514221
0.0289821624756
0.0303192138672
0.0304801464081
0.03062915802
0.0307772159576
0.0304498672485
0.030622959137
0.0307898521423
0.0309510231018
0.0303628444672
0.0308918952942
0.0389719009399
0.039500951767
0.032655954361
0.0332407951355
0.0372059345245
0.0455048084259
0.0326099395752
0.0329759120941
0.0369019508362
0.0477979183197
0.0269219875336
0.0271480083466
0.0273950099945
0.0275681018829
0.0332071781158
0.0342869758606
0.0357820987701
0.0365309715271
0.0338640213013
0.0350289344788
0.0361008644104
0.0387918949127
0.0316069126129
0.0338327884674
0.0382518768311
0.0447919368744
0.0288400650024
0.0297751426697
0.0301370620728
0.0362451076508
0.0310950279236
0.0312650203705
0.0314381122589
0.0315899848938
0.0308909416199
0.0310618877411
0.0312268733978
0.0313909053802
0.0387699604034
0.0389330387115
0.0390849113464
0.0392289161682
0.026025056839
0.0261940956116
0.0263471603394
0.0265181064606
0.0290930271149
0.0292518138885
0.0294239521027
0.0296258926392
0.0386970043182
0.0389919281006
0.0392990112305
0.0396268367767
0.0269818305969
0.027275800705
0.0275909900665
0.0277647972107
0.0320580005646
0.0322461128235
0.0324220657349
0.0326111316681
0.0275220870972
0.0333859920502
0.0342309474945
0.0387670993805
0.0256509780884
0.0263779163361
0.0281040668488
0.034145116806
0.0293869972229
0.0295629501343
0.0297088623047
0.0446209907532
0.0257360935211
0.0259299278259
0.0261080265045
0.0262770652771
0.033595085144
0.0345230102539
0.035327911377
0.035933971405
0.0361959934235
0.0371069908142
0.0377340316772
0.0385258197784
0.0439159870148
0.0444550514221
0.0497140884399
0.0503718852997
0.0527110099792
0.0537009239197
0.0547759532928
0.0556659698486
0.0296921730042
0.0301151275635
0.0333909988403
0.0342700481415
0.0644187927246
0.0648999214172
0.0656998157501
0.0661299228668
0.0285148620605
0.0293560028076
0.0301299095154
0.0310158729553
0.0443658828735
0.0461869239807
0.0471389293671
0.0480599403381
0.0315661430359
0.0320551395416
0.0322580337524
0.0324420928955
0.0284259319305
0.0286309719086
0.0288050174713
0.0296587944031
0.0252768993378
0.029834985733
0.0313858985901
0.0340738296509
0.0342500209808
0.0348160266876
0.0355381965637
0.0368781089783
0.0324800014496
0.0343389511108
0.0379259586334
0.0411219596863
0.0295939445496
0.0444459915161
0.0483491420746
0.0503420829773
0.0309228897095
0.0316438674927
0.0402088165283
0.0421628952026
0.0480601787567
0.0519001483917
0.0527629852295
0.0535409450531
0.0350689888
0.0353870391846
0.035768032074
0.036071062088
0.026437997818
0.0269169807434
0.0315749645233
0.0383539199829
0.0274629592896
0.0277969837189
0.0280790328979
0.028391122818
0.0246801376343
0.0248980522156
0.0271110534668
0.0272741317749
0.0265920162201
0.0267498493195
0.0279819965363
0.0335779190063
0.0358119010925
0.0361709594727
0.0368299484253
0.0375108718872
0.0252640247345
0.0261578559875
0.0283398628235
0.0333800315857
0.029855966568
0.0311269760132
0.0322630405426
0.0352621078491
0.0253748893738
0.0255649089813
0.0279498100281
0.029599905014
0.0290899276733
0.0292658805847
0.0294480323792
0.0295948982239
0.0320839881897
0.0322828292847
0.0324518680573
0.038300037384
0.0254180431366
0.0256240367889
0.0258119106293
0.0259549617767
0.0278441905975
0.0280079841614
0.0483520030975
0.0496740341187
0.0314600467682
0.0324740409851
0.0327210426331
0.032968044281
0.0315577983856
0.0318319797516
0.0319888591766
0.0321369171143
0.0351259708405
0.0353031158447
0.0354650020599
0.0357570648193
0.0269219875336
0.0275850296021
0.0450351238251
0.0453460216522
0.0235619544983
0.0237369537354
0.0238871574402
0.0272271633148
0.0265789031982
0.0268969535828
0.0271079540253
0.0273449420929
0.0264539718628
0.0276620388031
0.0282871723175
0.0288960933685
0.021712064743
0.0219821929932
0.0310192108154
0.0331451892853
0.0317440032959
0.0321290493011
0.0324130058289
0.0344769954681
0.0314178466797
0.0316469669342
0.0318059921265
0.0319769382477
0.0309710502625
0.0312061309814
0.0314140319824
0.031601190567
0.0265929698944
0.0267949104309
0.0269849300385
0.0287439823151
0.0293169021606
0.0299580097198
0.0301189422607
0.0302751064301
0.0414609909058
0.0423181056976
0.0504519939423
0.0516180992126
0.0264399051666
0.0266878604889
0.0540518760681
0.0545718669891
0.0381290912628
0.0384430885315
0.0386919975281
0.0389401912689
0.0321819782257
0.032527923584
0.0328800678253
0.0331909656525
0.0333819389343
0.0336768627167
0.0339119434357
0.0342350006104
0.0346858501434
0.0349349975586
0.0352368354797
0.0357999801636
0.0344378948212
0.0346329212189
0.0347938537598
0.0349540710449
0.0313749313354
0.0317440032959
0.032084941864
0.0324399471283
0.0340487957001
0.0342259407043
0.0343918800354
0.0356810092926
0.0283839702606
0.0286560058594
0.0348491668701
0.0351340770721
0.0491199493408
0.0502820014954
0.0516791343689
0.0554821491241
0.0265049934387
0.0290019512177
0.0293488502502
0.0375418663025
0.0257749557495
0.0259621143341
0.0261151790619
0.026260137558
0.0251381397247
0.0254800319672
0.0257420539856
0.0259070396423
0.0264229774475
0.0266029834747
0.0267570018768
0.0307748317719
0.0245611667633
0.0247931480408
0.0250070095062
0.0251851081848
0.0303320884705
0.0304961204529
0.0306701660156
0.030837059021
0.0385041236877
0.0388689041138
0.0391759872437
0.0394699573517
0.0413889884949
0.0415549278259
0.0417039394379
0.0418450832367
0.0442080497742
0.0445780754089
0.0449469089508
0.051924943924
0.0388607978821
0.0390429496765
0.0392220020294
0.0394108295441
0.028226852417
0.0289928913116
0.0297219753265
0.0304429531097
0.0295429229736
0.0297160148621
0.0298669338226
0.0300140380859
0.0353081226349
0.035717010498
0.0396580696106
0.047886133194
0.0320539474487
0.0322170257568
0.0323951244354
0.0325469970703
0.0307500362396
0.0309581756592
0.0311360359192
0.0313031673431
0.0361018180847
0.036278963089
0.036435842514
0.038745880127
0.0406460762024
0.0419521331787
0.042729139328
0.0487179756165
0.0300710201263
0.0307378768921
0.0315618515015
0.0323350429535
0.0254230499268
0.0256199836731
0.0257680416107
0.0259110927582
0.0268759727478
0.0270841121674
0.0272691249847
0.0413591861725
0.0565500259399
0.0567882061005
0.0578780174255
0.061005115509
0.0321879386902
0.0326800346375
0.036346912384
0.0379128456116
0.0276980400085
0.0278880596161
0.0280501842499
0.0282061100006
0.0273158550262
0.0274710655212
0.027617931366
0.0277628898621
0.0263690948486
0.0265409946442
0.0266931056976
0.0268449783325
0.0275371074677
0.027722120285
0.0285880565643
0.0299470424652
0.0274469852448
0.0441150665283
0.0454320907593
0.0461580753326
0.0431549549103
0.0433328151703
0.0434939861298
0.043646812439
0.0344130992889
0.0347151756287
0.0356180667877
0.0364720821381
0.0336911678314
0.0338370800018
0.0339760780334
0.0341110229492
0.0320439338684
0.0331799983978
0.0346190929413
0.0367209911346
0.029333114624
0.0299620628357
0.0305829048157
0.0312049388885
0.029412984848
0.0295989513397
0.0338821411133
0.0364871025085
0.0315999984741
0.0317900180817
0.0319590568542
0.0321199893951
0.0341010093689
0.0342950820923
0.0438940525055
0.0443720817566
0.0348901748657
0.0350611209869
0.0352101325989
0.0353510379791
0.0262968540192
0.0264520645142
0.0265889167786
0.0267279148102
0.0359268188477
0.0369908809662
0.0382168292999
0.0395579338074
0.0269169807434
0.0270948410034
0.0291910171509
0.0313289165497
0.0247309207916
0.0248878002167
0.0255289077759
0.0329778194427
0.0256879329681
0.0258560180664
0.0260050296783
0.0261528491974
0.0788090229034
0.079008102417
0.0801439285278
0.0817739963531
0.0308840274811
0.0310659408569
0.0312371253967
0.0314269065857
0.0251760482788
0.0255980491638
0.0269939899445
0.0271830558777
0.029109954834
0.0292840003967
0.0294370651245
0.0330488681793
0.02747797966
0.0282289981842
0.029727935791
0.0314958095551
0.0264070034027
0.0268931388855
0.0270490646362
0.0272011756897
0.0324630737305
0.0326719284058
0.0350229740143
0.0374789237976
0.0311579704285
0.0313668251038
0.0315239429474
0.0316770076752
0.0271348953247
0.0273149013519
0.0274629592896
0.0279109477997
0.0293300151825
0.0295739173889
0.0297811031342
0.0305230617523
0.0277888774872
0.0288779735565
0.0298700332642
0.0327689647675
0.0412750244141
0.0424060821533
0.0478610992432
0.0522191524506
0.0349428653717
0.0374200344086
0.0385239124298
0.0392899513245
0.0537519454956
0.0547730922699
0.056009054184
0.0574541091919
0.0342609882355
0.0349960327148
0.0356779098511
0.0365900993347
0.0349268913269
0.035080909729
0.0352227687836
0.0353808403015
0.0377299785614
0.0378868579865
0.0380339622498
0.0391199588776
0.0393161773682
0.0394830703735
0.0418322086334
0.0446791648865
0.0648579597473
0.0650589466095
0.0652089118958
0.0743818283081
0.0322699546814
0.032753944397
0.032989025116
0.0333590507507
0.0250301361084
0.0253250598907
0.0255169868469
0.025691986084
0.0382649898529
0.0385160446167
0.0387380123138
0.0389220714569
0.0288820266724
0.0290770530701
0.0292451381683
0.029953956604
0.0375897884369
0.0377798080444
0.0379428863525
0.0381128787994
0.0238020420074
0.0240240097046
0.0268700122833
0.027046918869
0.0258729457855
0.0265259742737
0.0271830558777
0.0277891159058
0.0290570259094
0.0296640396118
0.0302140712738
0.0307719707489
0.0345160961151
0.0358731746674
0.041965007782
0.0421800613403
0.0492041110992
0.0495691299438
0.0498819351196
0.0502209663391
0.0589981079102
0.0599820613861
0.0642750263214
0.0664749145508
0.0257110595703
0.0259490013123
0.0261249542236
0.0263299942017
0.0584290027618
0.0585920810699
0.059828042984
0.066437959671
0.035327911377
0.0357439517975
0.0393080711365
0.0480620861053
0.0501620769501
0.0503258705139
0.0504679679871
0.0506119728088
0.0414800643921
0.0416400432587
0.0518219470978
0.05198097229
0.0502531528473
0.0504519939423
0.0529160499573
0.0546481609344
0.0318291187286
0.0320069789886
0.0321550369263
0.0323469638824
0.0342130661011
0.0344021320343
0.0345661640167
0.0347261428833
0.029559135437
0.0297930240631
0.0299861431122
0.0304760932922
0.0395998954773
0.0397870540619
0.0399630069733
0.0401339530945
0.0220758914948
0.0222680568695
0.0239660739899
0.0287680625916
0.0299260616302
0.0301289558411
0.0303120613098
0.0378859043121
0.0358500480652
0.0361480712891
0.0477941036224
0.0511729717255
0.0460901260376
0.046334028244
0.0465421676636
0.0467231273651
0.02903008461
0.0292711257935
0.0294480323792
0.0311801433563
0.0348601341248
0.0352580547333
0.0356621742249
0.036031961441
0.0339231491089
0.034234046936
0.034511089325
0.03480219841
0.0369701385498
0.0371561050415
0.0373201370239
0.0374789237976
0.032613992691
0.0327808856964
0.0329358577728
0.033087015152
0.0286271572113
0.0288879871368
0.0291090011597
0.0380580425262
0.0364100933075
0.0370020866394
0.0375800132751
0.0382859706879
0.0278658866882
0.0280859470367
0.0282859802246
0.0296630859375
0.0348131656647
0.0349900722504
0.0351560115814
0.0382561683655
0.028783082962
0.0290651321411
0.0356659889221
0.0359570980072
0.0351738929749
0.0357110500336
0.037134885788
0.0373780727386
0.0260479450226
0.0273408889771
0.0297009944916
0.0333988666534
0.0521728992462
0.0572900772095
0.0604619979858
0.0642049312592
0.0546870231628
0.0557589530945
0.0586519241333
0.0646910667419
0.0430598258972
0.045599937439
0.0485398769379
0.0506880283356
0.0320439338684
0.0376169681549
0.0381500720978
0.0405459403992
0.0279531478882
0.0286581516266
0.0295939445496
0.0302381515503
0.0255451202393
0.0260729789734
0.0270659923553
0.0462040901184
0.0487189292908
0.0492460727692
0.0497550964355
0.0502679347992
0.0319180488586
0.0329179763794
0.0338990688324
0.0344159603119
0.0334300994873
0.0343570709229
0.035206079483
0.0361659526825
0.0416009426117
0.0426549911499
0.0498628616333
0.050940990448
0.0468511581421
0.0472412109375
0.0478801727295
0.0513091087341
0.0361909866333
0.0365967750549
0.0374917984009
0.0398337841034
0.0323948860168
0.0327088832855
0.0331130027771
0.0335838794708
0.0274059772491
0.0277349948883
0.0296778678894
0.0318200588226
0.0325379371643
0.0336179733276
0.0343818664551
0.0351619720459
0.0279288291931
0.0281639099121
0.0283570289612
0.0285429954529
0.0307538509369
0.031320810318
0.0318119525909
0.0326209068298
0.0271389484406
0.0273201465607
0.0274710655212
0.0276141166687
0.0326700210571
0.0329670906067
0.0332570075989
0.0345060825348
0.0346369743347
0.0355651378632
0.0368320941925
0.0449631214142
0.0305359363556
0.0323169231415
0.0332379341125
0.0362930297852
0.0309059619904
0.0311179161072
0.0313041210175
0.0314750671387
0.028256893158
0.0286068916321
0.028981924057
0.0296068191528
0.0341010093689
0.0345470905304
0.045352935791
0.0473909378052
0.0265090465546
0.0268049240112
0.0270869731903
0.0282289981842
0.0266070365906
0.0270640850067
0.0275399684906
0.027755022049
0.0355489253998
0.0359969139099
0.0364317893982
0.0368440151215
0.019161939621
0.0241651535034
0.0247690677643
0.0433650016785
0.0326399803162
0.0338280200958
0.0348501205444
0.0358641147614
0.0313148498535
0.0366539955139
0.0376999378204
0.0398240089417
0.0355789661407
0.035747051239
0.0359101295471
0.0360720157623
0.0362710952759
0.0364730358124
0.0366539955139
0.0379040241241
0.022989988327
0.0266268253326
0.0310728549957
0.0344939231873
0.0326790809631
0.0329830646515
0.0333321094513
0.0358591079712
0.0416698455811
0.0449469089508
0.0512218475342
0.0570368766785
0.031534910202
0.0317740440369
0.0319590568542
0.0321230888367
0.0307669639587
0.0309329032898
0.0310869216919
0.0482089519501
0.0349869728088
0.035765171051
0.0368731021881
0.0390710830688
0.0302159786224
0.0304279327393
0.0306339263916
0.0308020114899
0.0222549438477
0.0240578651428
0.0283219814301
0.0302550792694
0.0267698764801
0.0269467830658
0.0270879268646
0.0272297859192
0.0293037891388
0.0294950008392
0.0296587944031
0.0298159122467
0.0344290733337
0.0353121757507
0.0380849838257
0.0408420562744
0.0295162200928
0.0305991172791
0.0326130390167
0.0361571311951
0.030739068985
0.0325570106506
0.0377960205078
0.0388789176941
0.0268568992615
0.0270400047302
0.0271880626678
0.0273339748383
0.032616853714
0.0327818393707
0.0434460639954
0.0447778701782
0.0323650836945
0.032616853714
0.0327808856964
0.0407810211182
0.0328149795532
0.0332639217377
0.0334467887878
0.0366108417511
0.0328159332275
0.033047914505
0.0340459346771
0.0385749340057
0.0294930934906
0.0296559333801
0.0298409461975
0.0299830436707
0.0267469882965
0.0269351005554
0.027083158493
0.0272290706635
0.0287280082703
0.0290660858154
0.034040927887
0.0390439033508
0.027587890625
0.0279738903046
0.0283379554749
0.0286860466003
0.0428860187531
0.0430510044098
0.0431969165802
0.0433449745178
0.0870571136475
0.087219953537
0.0873689651489
0.0893700122833
0.0326390266418
0.032842874527
0.0330119132996
0.0342578887939
0.0217051506042
0.0231561660767
0.0273790359497
0.0305111408234
0.0279791355133
0.0282151699066
0.0289030075073
0.0291039943695
0.0256221294403
0.0259001255035
0.0261750221252
0.0310020446777
0.031182050705
0.0316591262817
0.0318439006805
0.0320861339569
0.0298748016357
0.0302028656006
0.0303838253021
0.0305597782135
0.0270428657532
0.0272197723389
0.0273768901825
0.0352349281311
0.02689909935
0.0272030830383
0.0483839511871
0.0491950511932
0.0451490879059
0.0458331108093
0.0464851856232
0.047217130661
0.0429770946503
0.0467000007629
0.0500419139862
0.0570499897003
0.0388960838318
0.0397789478302
0.048397064209
0.0505509376526
0.0250651836395
0.0254201889038
0.0258221626282
0.0302040576935
0.0443911552429
0.057914018631
0.0590491294861
0.0606641769409
0.0311579704285
0.0314140319824
0.0318729877472
0.0320379734039
0.0252220630646
0.0285530090332
0.0294551849365
0.0305361747742
0.0336768627167
0.0338900089264
0.0340778827667
0.0368859767914
0.0255680084229
0.0257840156555
0.0259969234467
0.0262219905853
0.0303921699524
0.0305731296539
0.0307321548462
0.0308930873871
0.028990983963
0.0291991233826
0.0293641090393
0.0295190811157
0.0274980068207
0.027752161026
0.0279870033264
0.0282111167908
0.0227460861206
0.0285830497742
0.0320620536804
0.0351281166077
0.0274322032928
0.0276432037354
0.0278670787811
0.0281641483307
0.0448861122131
0.0454530715942
0.0460360050201
0.0465700626373
0.0287311077118
0.0292930603027
0.0298180580139
0.030622959137
0.0297091007233
0.0306839942932
0.031238079071
0.0317850112915
0.0295810699463
0.0304288864136
0.0312399864197
0.031996011734
0.0279049873352
0.0292680263519
0.0301110744476
0.0307199954987
0.0275740623474
0.0286290645599
0.0296990871429
0.0302720069885
0.0214238166809
0.0225479602814
0.0282649993896
0.0309689044952
0.0332388877869
0.0342087745667
0.0354149341583
0.0364859104156
0.028904914856
0.0296058654785
0.0302538871765
0.0308618545532
0.0273900032043
0.0288510322571
0.0296959877014
0.0303840637207
0.0298430919647
0.0300300121307
0.0302059650421
0.0303781032562
0.0267012119293
0.026880979538
0.0270440578461
0.0272181034088
0.0254061222076
0.0256111621857
0.0257911682129
0.0259721279144
0.035432100296
0.0356922149658
0.0358719825745
0.0393311977386
0.0264220237732
0.0268881320953
0.0271279811859
0.0273110866547
0.0410859584808
0.0412850379944
0.0414960384369
0.0416510105133
0.0338749885559
0.0350060462952
0.0356800556183
0.036318063736
0.0315380096436
0.0322239398956
0.0329761505127
0.0335941314697
0.0348410606384
0.0350670814514
0.0352392196655
0.0354030132294
0.0363869667053
0.0371479988098
0.0377790927887
0.0385301113129
0.0312840938568
0.0319900512695
0.03280210495
0.0334219932556
0.03040599823
0.0313880443573
0.0321559906006
0.0329530239105
0.0266790390015
0.027752161026
0.02858710289
0.0297961235046
0.0357081890106
0.0359799861908
0.0361480712891
0.0363161563873
0.0355479717255
0.0362389087677
0.0367879867554
0.0374190807343
0.0290369987488
0.0303251743317
0.0311770439148
0.0319061279297
0.0299608707428
0.030730009079
0.0338869094849
0.0450420379639
0.0334711074829
0.0339221954346
0.0345520973206
0.0416309833527
0.0295081138611
0.029687166214
0.029834985733
0.0299961566925
0.025915145874
0.0261721611023
0.0263810157776
0.0339770317078
0.0309720039368
0.0312139987946
0.031368970871
0.0315179824829
0.0250430107117
0.0253598690033
0.0256369113922
0.0259268283844
0.0286149978638
0.0289511680603
0.0292019844055
0.0306079387665
0.0493998527527
0.0495870113373
0.0497579574585
0.0499179363251
0.0330808162689
0.0332708358765
0.0334379673004
0.0335998535156
0.02947306633
0.0296289920807
0.0297739505768
0.0316519737244
0.0232570171356
0.0239410400391
0.0273201465607
0.0278611183167
0.0302290916443
0.0313060283661
0.032219171524
0.0333061218262
0.036153793335
0.0376069545746
0.0383899211884
0.0391738414764
0.0297999382019
0.0307600498199
0.0326941013336
0.0356290340424
0.0303139686584
0.0316319465637
0.0328748226166
0.0339908599854
0.0366930961609
0.0370290279388
0.0373101234436
0.040892124176
0.0217401981354
0.0246641635895
0.0273241996765
0.0296001434326
0.0278749465942
0.028028011322
0.0281870365143
0.0330328941345
0.0316560268402
0.0318338871002
0.0320019721985
0.0321488380432
0.0260539054871
0.0262379646301
0.0276279449463
0.034558057785
0.0255270004272
0.0257000923157
0.0258500576019
0.0434501171112
0.0229048728943
0.0231399536133
0.0233399868011
0.0263428688049
0.0224781036377
0.0226590633392
0.0228230953217
0.0254690647125
0.023628950119
0.0238671302795
0.0286259651184
0.0301389694214
0.0279269218445
0.0282289981842
0.0299201011658
0.0333409309387
0.0305049419403
0.0313470363617
0.0322158336639
0.0392889976501
0.0286490917206
0.028822183609
0.0289990901947
0.029149055481
0.0281810760498
0.0284140110016
0.0286121368408
0.0385510921478
0.0275840759277
0.027792930603
0.0280709266663
0.0284559726715
0.0770499706268
0.0779280662537
0.078654050827
0.0790948867798
0.0510170459747
0.0535318851471
0.0565369129181
0.0591750144958
0.0299589633942
0.0301239490509
0.0302729606628
0.0333070755005
0.0299711227417
0.0306260585785
0.0313370227814
0.0319890975952
0.031280040741
0.0322740077972
0.0329518318176
0.0346150398254
0.0311040878296
0.0316710472107
0.0322299003601
0.0327880382538
0.0292510986328
0.0301561355591
0.030935049057
0.032035112381
0.0261509418488
0.027312040329
0.0285539627075
0.0330100059509
0.0375909805298
0.0382978916168
0.0390000343323
0.0397200584412
0.0297350883484
0.0317380428314
0.0498840808868
0.0505011081696
0.0302619934082
0.0309150218964
0.0346410274506
0.0376291275024
0.0294101238251
0.0296959877014
0.0298681259155
0.0518651008606
0.030289888382
0.0306630134583
0.0310099124908
0.0313439369202
0.0312039852142
0.0315039157867
0.0317418575287
0.0319528579712
0.0264730453491
0.0266501903534
0.0268001556396
0.0269730091095
0.0326550006866
0.0328619480133
0.0330991744995
0.0359129905701
0.0265529155731
0.0285308361053
0.0292689800262
0.030280828476
0.0393290519714
0.0399689674377
0.0406529903412
0.0413990020752
0.0372018814087
0.0382399559021
0.0390200614929
0.0396490097046
0.0293490886688
0.030100107193
0.0307130813599
0.0314781665802
0.0617859363556
0.0623888969421
0.0667119026184
0.0668790340424
0.0519609451294
0.0521931648254
0.0523810386658
0.0525469779968
0.0396959781647
0.0402920246124
0.0444021224976
0.0450530052185
0.0288078784943
0.0296039581299
0.0303199291229
0.0304918289185
0.0318479537964
0.0320558547974
0.0322170257568
0.0326509475708
0.0628228187561
0.0637629032135
0.0645289421082
0.0652689933777
0.0771019458771
0.0775899887085
0.0782117843628
0.0791869163513
0.0351979732513
0.0358598232269
0.0364530086517
0.0370938777924
0.0272979736328
0.0286948680878
0.0293300151825
0.0300760269165
0.0401649475098
0.0403709411621
0.0405178070068
0.0406649112701
0.028167963028
0.0283308029175
0.0284748077393
0.0448579788208
0.0313429832458
0.0315339565277
0.0316941738129
0.0318460464478
0.0345690250397
0.0363178253174
0.0408489704132
0.0432748794556
0.0343959331512
0.0382509231567
0.0440897941589
0.0473809242249
0.032684803009
0.0328528881073
0.0330038070679
0.0482909679413
0.0399038791656
0.0400769710541
0.0402238368988
0.0411357879639
0.0278408527374
0.0289738178253
0.0300629138947
0.0312328338623
0.0590350627899
0.0600559711456
0.0631580352783
0.0657820701599
0.0293498039246
0.0304758548737
0.031653881073
0.0331749916077
0.0586171150208
0.0587720870972
0.0589179992676
0.0590579509735
0.0371558666229
0.0378119945526
0.0383498668671
0.0389938354492
0.0335829257965
0.0349969863892
0.0357060432434
0.0390000343323
0.0336601734161
0.0344891548157
0.0352411270142
0.0471611022949
0.0355010032654
0.0363669395447
0.0370399951935
0.0377171039581
0.0263948440552
0.0265707969666
0.0267269611359
0.0272898674011
0.0288589000702
0.0290319919586
0.0295329093933
0.0354809761047
0.0324399471283
0.0327308177948
0.0329990386963
0.0332548618317
0.0288610458374
0.0301089286804
0.0455439090729
0.0482709407806
0.0312750339508
0.0320620536804
0.0328471660614
0.0391371250153
0.0317051410675
0.0323660373688
0.0329310894012
0.0334990024567
0.0272967815399
0.027890920639
0.0287058353424
0.0292739868164
0.0371868610382
0.038519859314
0.0392129421234
0.0417459011078
0.0315289497375
0.031711101532
0.031877040863
0.0368349552155
0.0291540622711
0.0293350219727
0.0294959545135
0.0296540260315
0.0287158489227
0.0288708209991
0.0290160179138
0.029237985611
0.0275421142578
0.0277590751648
0.0279231071472
0.0280990600586
0.0283398628235
0.0285048484802
0.0286657810211
0.0310637950897
0.0267701148987
0.0270490646362
0.0317189693451
0.0386030673981
0.0251760482788
0.0254139900208
0.0281479358673
0.0324521064758
0.0244028568268
0.02751994133
0.0308368206024
0.033341884613
0.0264189243317
0.0265870094299
0.0267379283905
0.0314800739288
0.0338640213013
0.0340468883514
0.0342319011688
0.0344150066376
0.0290400981903
0.029244184494
0.0294051170349
0.0295779705048
0.0311119556427
0.0312838554382
0.0375199317932
0.0389189720154
0.0265839099884
0.0267488956451
0.0268929004669
0.0309228897095
0.0279979705811
0.0281889438629
0.0283420085907
0.0284888744354
0.0550348758698
0.0553379058838
0.0556190013885
0.0559108257294
0.032989025116
0.0333089828491
0.0336260795593
0.0339369773865
0.0303480625153
0.0306460857391
0.0356090068817
0.0372619628906
0.0289418697357
0.0293908119202
0.0298018455505
0.0302188396454
0.0345978736877
0.0349419116974
0.0351419448853
0.0353209972382
0.0265100002289
0.0274000167847
0.0275897979736
0.0278849601746
0.0361030101776
0.0362758636475
0.0364220142365
0.0365598201752
0.0274248123169
0.0275900363922
0.0277488231659
0.0296449661255
0.0364961624146
0.0366830825806
0.0368461608887
0.0370001792908
0.0283949375153
0.0285558700562
0.0290098190308
0.0325307846069
0.0450210571289
0.0452280044556
0.0454189777374
0.058886051178
0.031317949295
0.0326209068298
0.0384669303894
0.0430510044098
0.0355429649353
0.0357029438019
0.0358459949493
0.0450448989868
0.025936126709
0.026132106781
0.0263240337372
0.0264809131622
0.0422368049622
0.0431189537048
0.0442459583282
0.0478928089142
0.0285339355469
0.0295729637146
0.0297789573669
0.0330278873444
0.0385510921478
0.0387511253357
0.0389261245728
0.0390870571136
0.039922952652
0.0401041507721
0.040256023407
0.0404059886932
0.0314879417419
0.0316548347473
0.0318038463593
0.0319550037384
0.0344440937042
0.0350880622864
0.0448310375214
0.047210931778
0.0354840755463
0.0356740951538
0.0358481407166
0.0360331535339
0.033087015152
0.0332531929016
0.0334100723267
0.0335700511932
0.0290911197662
0.0292999744415
0.0295000076294
0.0329079627991
0.0329029560089
0.0333321094513
0.0337131023407
0.0459449291229
0.034520149231
0.0347170829773
0.0348789691925
0.0350711345673
0.0263729095459
0.0265960693359
0.0267648696899
0.0287730693817
0.0351822376251
0.0353491306305
0.0355021953583
0.0356521606445
0.0305960178375
0.0307641029358
0.0309200286865
0.0310800075531
0.0325541496277
0.0328299999237
0.0442869663239
0.0444829463959
0.0477471351624
0.0481390953064
0.0484580993652
0.0487840175629
0.0271010398865
0.0273079872131
0.0274729728699
0.027626991272
0.03156208992
0.0317180156708
0.0319120883942
0.0320630073547
0.0271170139313
0.0274510383606
0.0328631401062
0.033164024353
0.0334579944611
0.0337109565735
0.0427520275116
0.0438129901886
0.0334820747375
0.0338580608368
0.0341780185699
0.0344920158386
0.0396931171417
0.0399060249329
0.0400841236115
0.0402359962463
0.0326380729675
0.0334901809692
0.0346322059631
0.0356550216675
0.0323350429535
0.0326399803162
0.0329310894012
0.0331130027771
0.0334701538086
0.0336489677429
0.0443539619446
0.044713973999
0.0319130420685
0.0320949554443
0.0322470664978
0.0324311256409
0.0258190631866
0.026034116745
0.0262219905853
0.0264101028442
0.027174949646
0.027379989624
0.0275638103485
0.0279200077057
0.0303549766541
0.0305290222168
0.0306761264801
0.030816078186
0.0374209880829
0.0375800132751
0.0407440662384
0.0408940315247
0.0286428928375
0.0289528369904
0.0292649269104
0.036899805069
0.0326261520386
0.0328080654144
0.0329720973969
0.0331151485443
0.0368328094482
0.0371239185333
0.0374119281769
0.0377068519592
0.0313398838043
0.0315058231354
0.0316579341888
0.0318009853363
0.0275959968567
0.0277678966522
0.0279099941254
0.0280718803406
0.0220739841461
0.0222880840302
0.0224840641022
0.0226800441742
0.0343689918518
0.0345549583435
0.0347220897675
0.0408940315247
0.0361850261688
0.036484003067
0.0366430282593
0.0367980003357
0.032525062561
0.0330460071564
0.0332310199738
0.0336420536041
0.0247027873993
0.0254688262939
0.028119802475
0.0298709869385
0.0275590419769
0.0277299880981
0.027930021286
0.0280759334564
0.0356738567352
0.0358588695526
0.0360169410706
0.0361769199371
0.0338730812073
0.0340368747711
0.0341839790344
0.0368468761444
0.0427439212799
0.042927980423
0.0456900596619
0.0478370189667
0.0325779914856
0.0327620506287
0.0329251289368
0.033075094223
0.027055978775
0.0272290706635
0.0273940563202
0.0275650024414
0.0266098976135
0.0267939567566
0.0269389152527
0.0271260738373
0.0295698642731
0.0298697948456
0.03107380867
0.0333268642426
0.0319929122925
0.0321688652039
0.0323259830475
0.0324788093567
0.0263869762421
0.0267510414124
0.02716588974
0.0275819301605
0.0283739566803
0.0292899608612
0.0302419662476
0.0309979915619
0.0338640213013
0.035609960556
0.0364611148834
0.0382239818573
0.0364248752594
0.0386078357697
0.0389399528503
0.0445199012756
0.034597158432
0.0355761051178
0.0361921787262
0.036926984787
0.0407919883728
0.0462629795074
0.0485050678253
0.0492541790009
0.0299379825592
0.0375838279724
0.0383768081665
0.0391190052032
0.0612630844116
0.062126159668
0.0628600120544
0.0690701007843
0.0449559688568
0.0456659793854
0.0463881492615
0.0515191555023
0.0577039718628
0.0578999519348
0.0618860721588
0.0659210681915
0.0346450805664
0.0348019599915
0.0454568862915
0.0456190109253
0.0293228626251
0.0295748710632
0.0306839942932
0.0370268821716
0.0352699756622
0.035425901413
0.0355689525604
0.0458199977875
0.0291030406952
0.0294280052185
0.0299859046936
0.0463509559631
0.0294041633606
0.034371137619
0.0408589839935
0.0437159538269
0.0495171546936
0.0497081279755
0.049859046936
0.0500590801239
0.0418970584869
0.0420498847961
0.0421960353851
0.0423390865326
0.0372078418732
0.0374178886414
0.038831949234
0.0389888286591
0.0289030075073
0.0290901660919
0.0292401313782
0.0293910503387
0.0297379493713
0.0299789905548
0.0301988124847
0.0304188728333
0.0402681827545
0.0405251979828
0.0407330989838
0.0409111976624
0.0271489620209
0.028137922287
0.0295510292053
0.0297698974609
0.0310988426208
0.0313160419464
0.0314848423004
0.0335268974304
0.033411026001
0.0339069366455
0.0346040725708
0.0353291034698
0.0266258716583
0.0290768146515
0.0301508903503
0.0319538116455
0.029571056366
0.0300691127777
0.0305490493774
0.0312221050262
0.0330018997192
0.0331709384918
0.0333199501038
0.0334718227386
0.0295388698578
0.0297429561615
0.0299158096313
0.0301430225372
0.0371308326721
0.0377218723297
0.0388128757477
0.0395448207855
0.0263390541077
0.0265769958496
0.0267519950867
0.0282101631165
0.0352909564972
0.0354769229889
0.035640001297
0.0358009338379
0.0284719467163
0.0286321640015
0.0287809371948
0.0338981151581
0.0356822013855
0.0366840362549
0.0371510982513
0.0376369953156
0.0318419933319
0.0327551364899
0.0331301689148
0.0346419811249
0.0614221096039
0.06205701828
0.0626950263977
0.0633661746979
0.0393211841583
0.043918132782
0.0460851192474
0.0468211174011
0.0474789142609
0.0487790107727
0.0489940643311
0.0491950511932
0.0316019058228
0.0322189331055
0.0327939987183
0.0333580970764
0.0327610969543
0.0334560871124
0.0340831279755
0.0346491336823
0.0257349014282
0.026300907135
0.0268309116364
0.0273590087891
0.0311648845673
0.031998872757
0.0327439308167
0.0333120822906
0.0307960510254
0.031347990036
0.0318779945374
0.0323939323425
0.0280930995941
0.0287301540375
0.0292861461639
0.0299000740051
0.0282981395721
0.0290160179138
0.0301032066345
0.0316231250763
0.0309550762177
0.0311689376831
0.0313351154327
0.031506061554
0.0376200675964
0.03790807724
0.0386290550232
0.0457549095154
0.0275149345398
0.0276799201965
0.027822971344
0.0368769168854
0.0310611724854
0.031238079071
0.031396150589
0.0316791534424
0.0273461341858
0.0282480716705
0.0289731025696
0.0297241210938
0.0319941043854
0.0321691036224
0.0323150157928
0.0324611663818
0.0404829978943
0.0406639575958
0.0408310890198
0.0410239696503
0.0340700149536
0.0342299938202
0.0343780517578
0.0345170497894
0.0335168838501
0.0336990356445
0.0338549613953
0.0339949131012
0.0305519104004
0.0308399200439
0.0310199260712
0.0315179824829
0.0269978046417
0.0287289619446
0.0299208164215
0.0335009098053
0.0254218578339
0.025976896286
0.0265460014343
0.0270709991455
0.0323438644409
0.0325088500977
0.0326588153839
0.0328009128571
0.0227601528168
0.0229749679565
0.0231280326843
0.0232760906219
0.0369679927826
0.0371329784393
0.0372838973999
0.0374279022217
0.0279002189636
0.0281431674957
0.028373003006
0.0286099910736
0.0320091247559
0.0321760177612
0.0323810577393
0.0326209068298
0.0260760784149
0.026239156723
0.0263869762421
0.02654504776
0.0324640274048
0.0332498550415
0.0345928668976
0.0378420352936
0.0283510684967
0.0293550491333
0.0306470394135
0.0369160175323
0.0320620536804
0.0325920581818
0.0335080623627
0.0341401100159
0.0430819988251
0.0437829494476
0.0442359447479
0.0474810600281
0.0360579490662
0.0392150878906
0.0414791107178
0.042876958847
0.0343539714813
0.0452580451965
0.0476679801941
0.0535280704498
0.0325539112091
0.0339601039886
0.0348861217499
0.0355670452118
0.0316801071167
0.0324730873108
0.0335650444031
0.0341930389404
0.0362730026245
0.0366389751434
0.0370879173279
0.0376949310303
0.0354771614075
0.0357401371002
0.0359840393066
0.0362432003021
0.0332069396973
0.0337369441986
0.0342669487
0.0387871265411
0.0344178676605
0.0354268550873
0.0361018180847
0.0366230010986
0.0329098701477
0.0335869789124
0.0342490673065
0.0349190235138
0.0274500846863
0.0281300544739
0.0286979675293
0.0292520523071
0.0264108181
0.0265939235687
0.026752948761
0.0269129276276
0.0308678150177
0.0310668945312
0.0312418937683
0.0314099788666
0.0353569984436
0.0356149673462
0.0358068943024
0.0360538959503
0.037495136261
0.0378379821777
0.038300037384
0.0391550064087
0.0273771286011
0.0278379917145
0.0288350582123
0.0298521518707
0.0289309024811
0.029100894928
0.029237985611
0.0293800830841
0.030072927475
0.0327610969543
0.0380229949951
0.0397441387177
0.0413839817047
0.0415890216827
0.0417540073395
0.0419158935547
0.0260820388794
0.0270631313324
0.0278601646423
0.0284941196442
0.0518300533295
0.0554258823395
0.0576939582825
0.0585880279541
0.0355179309845
0.0363190174103
0.0373408794403
0.0381639003754
0.0325770378113
0.0327391624451
0.0330631732941
0.0332820415497
0.034597158432
0.0353360176086
0.0361380577087
0.0368421077728
0.0363719463348
0.0374209880829
0.0381019115448
0.0387890338898
0.0385029315948
0.0391509532928
0.0400629043579
0.0454540252686
0.042042016983
0.0422351360321
0.0423920154572
0.0510401725769
0.0267140865326
0.0269141197205
0.0270621776581
0.027204990387
0.0295538902283
0.0297129154205
0.0298538208008
0.0299959182739
0.0270490646362
0.0272569656372
0.0274181365967
0.0275650024414
0.0277349948883
0.0279059410095
0.0280621051788
0.0282170772552
0.0281069278717
0.0282950401306
0.028461933136
0.0304460525513
0.0252089500427
0.0253880023956
0.0255517959595
0.0257129669189
0.0272619724274
0.0274369716644
0.0275938510895
0.0297608375549
0.0338139533997
0.0344758033752
0.0350048542023
0.0424988269806
0.0371429920197
0.0377080440521
0.0382461547852
0.0387620925903
0.028911113739
0.0302119255066
0.035530090332
0.0361959934235
0.032830953598
0.0337650775909
0.0344429016113
0.0352439880371
0.0328948497772
0.0334858894348
0.0341789722443
0.0346298217773
0.0402920246124
0.0404539108276
0.0406041145325
0.0407490730286
0.0275800228119
0.0277512073517
0.0278980731964
0.0280420780182
0.0255281925201
0.0258841514587
0.0437190532684
0.0492470264435
0.0464429855347
0.0477778911591
0.0493750572205
0.0506389141083
0.0294950008392
0.0309629440308
0.035059928894
0.0352280139923
0.0351719856262
0.039962053299
0.0449838638306
0.0452718734741
0.0301070213318
0.0302841663361
0.030454158783
0.0306060314178
0.0350370407104
0.0352141857147
0.0353691577911
0.0355131626129
0.0255188941956
0.0262808799744
0.0278260707855
0.0287439823151
0.0518488883972
0.0522999763489
0.0527420043945
0.0531868934631
0.0383810997009
0.0385410785675
0.0387079715729
0.0388481616974
0.0341289043427
0.0351648330688
0.037348985672
0.0395588874817
0.0360660552979
0.0364229679108
0.0393679141998
0.0437870025635
0.0321760177612
0.0323331356049
0.0325019359589
0.0326659679413
0.0260391235352
0.0262320041656
0.026417016983
0.0265991687775
0.035001039505
0.0351870059967
0.0353579521179
0.0355150699615
0.0353608131409
0.0355269908905
0.0356748104095
0.0358529090881
0.0416388511658
0.0421628952026
0.042809009552
0.043203830719
0.0288770198822
0.0297880172729
0.0305619239807
0.0311849117279
0.0316171646118
0.0326170921326
0.0332901477814
0.0340149402618
0.0580270290375
0.0589940547943
0.0598659515381
0.0607481002808
0.0328109264374
0.0337908267975
0.0346419811249
0.0355088710785
0.0289919376373
0.0296289920807
0.0302209854126
0.03093791008
0.0401430130005
0.0413439273834
0.0423450469971
0.0433220863342
0.0482230186462
0.0490162372589
0.0500810146332
0.0509901046753
0.0286359786987
0.0295140743256
0.0395121574402
0.0444021224976
0.0319380760193
0.0366680622101
0.0416140556335
0.042426109314
0.033383846283
0.0335938930511
0.0337538719177
0.0339150428772
0.0439651012421
0.0449061393738
0.0459530353546
0.0469801425934
0.030730009079
0.0318229198456
0.0324959754944
0.0331139564514
0.0321979522705
0.0344550609589
0.0377969741821
0.0384500026703
0.0316269397736
0.0318930149078
0.032949924469
0.0341279506683
0.0330920219421
0.0336220264435
0.034451007843
0.0350351333618
0.0423991680145
0.0425691604614
0.0427310466766
0.0429120063782
0.0378429889679
0.0391438007355
0.0432260036469
0.0523829460144
0.0275640487671
0.0277211666107
0.0278661251068
0.0468111038208
0.0357460975647
0.0362069606781
0.0367069244385
0.0371799468994
0.0439960956573
0.0455119609833
0.045804977417
0.0462229251862
0.0313150882721
0.0314979553223
0.0316591262817
0.0318350791931
0.0311698913574
0.0317239761353
0.0324609279633
0.0338308811188
0.0757508277893
0.0762000083923
0.0769128799438
0.0776040554047
0.0409350395203
0.0472588539124
0.0476250648499
0.047798871994
0.0646469593048
0.0658318996429
0.0669069290161
0.0687251091003
0.0389468669891
0.0398688316345
0.0405838489532
0.0455899238586
0.0499541759491
0.0501790046692
0.0505740642548
0.0512101650238
0.0311741828918
0.0315651893616
0.0318841934204
0.0322251319885
0.0311172008514
0.0313110351562
0.0314722061157
0.0393431186676
0.0235660076141
0.0241298675537
0.0365719795227
0.039715051651
0.0412158966064
0.0415840148926
0.0419669151306
0.0424540042877
0.0371170043945
0.0376880168915
0.0383520126343
0.0387101173401
0.0281729698181
0.0285620689392
0.0367290973663
0.0424060821533
0.0300459861755
0.030277967453
0.0304319858551
0.03058385849
0.0283648967743
0.0285348892212
0.0440618991852
0.0464329719543
0.0294399261475
0.0296058654785
0.0297548770905
0.0307078361511
0.0263719558716
0.026713848114
0.0270149707794
0.0273008346558
0.0334620475769
0.0336241722107
0.0337710380554
0.0339150428772
0.0283660888672
0.0287539958954
0.0290560722351
0.0292620658875
0.0401089191437
0.041533946991
0.0420360565186
0.0510001182556
0.034952878952
0.0393328666687
0.0401329994202
0.0408539772034
0.0375580787659
0.0400068759918
0.0421969890594
0.0476078987122
0.0272309780121
0.0274090766907
0.0291130542755
0.0312271118164
0.0422418117523
0.0423979759216
0.0425369739532
0.042680978775
0.0318520069122
0.0320160388947
0.0321609973907
0.0323359966278
0.031261920929
0.0315780639648
0.0413439273834
0.0421979427338
0.0464661121368
0.0467791557312
0.0472180843353
0.0500900745392
0.0573492050171
0.057510137558
0.0576660633087
0.0578050613403
0.0638041496277
0.0641911029816
0.0645279884338
0.0651681423187
0.0385458469391
0.038743019104
0.0449838638306
0.0477249622345
0.0281879901886
0.0287919044495
0.0289559364319
0.02911901474
0.0290169715881
0.0292439460754
0.029412984848
0.0295829772949
0.0327658653259
0.0329267978668
0.0344059467316
0.0357627868652
0.028470993042
0.0287070274353
0.0289168357849
0.0370609760284
0.0264759063721
0.0267808437347
0.0270738601685
0.0273609161377
0.0305299758911
0.0306859016418
0.0308320522308
0.0309729576111
0.0478880405426
0.0482189655304
0.0485439300537
0.0489320755005
0.0291941165924
0.029618024826
0.0298008918762
0.0302860736847
0.0460028648376
0.0461678504944
0.0463140010834
0.051894903183
0.0771670341492
0.0773591995239
0.0775260925293
0.0776860713959
0.0424728393555
0.0436768531799
0.0446338653564
0.0458998680115
0.0309000015259
0.032546043396
0.0332231521606
0.0351541042328
0.0403430461884
0.0406639575958
0.0409619808197
0.0412669181824
0.0302200317383
0.0304989814758
0.0308320522308
0.0351040363312
0.0357220172882
0.0374720096588
0.039342880249
0.0411999225616
0.0296521186829
0.029942035675
0.0422079563141
0.0429410934448
0.0269680023193
0.0281641483307
0.0336740016937
0.0369329452515
0.0291309356689
0.0292940139771
0.0434110164642
0.0435748100281
0.0267269611359
0.0269069671631
0.0270509719849
0.0271999835968
0.0286560058594
0.0288279056549
0.0289890766144
0.0291328430176
0.0286359786987
0.0288100242615
0.0289731025696
0.0291330814362
0.026683807373
0.0268750190735
0.0270438194275
0.0272219181061
0.0246520042419
0.0248467922211
0.0250117778778
0.0288889408112
0.0279619693756
0.0282800197601
0.0289859771729
0.0301690101624
0.0301070213318
0.0310611724854
0.0320899486542
0.0338010787964
0.0373020172119
0.0375089645386
0.0377271175385
0.0390319824219
0.0295040607452
0.0296630859375
0.0299079418182
0.0301411151886
0.0334379673004
0.0341470241547
0.0348260402679
0.0359420776367
0.0282909870148
0.0284860134125
0.0286519527435
0.0288188457489
0.0276279449463
0.0283417701721
0.0289359092712
0.0294768810272
0.0274310112
0.0281381607056
0.0288741588593
0.0296130180359
0.0393440723419
0.0406441688538
0.0416991710663
0.0427331924438
0.0413610935211
0.0475389957428
0.0486540794373
0.0495181083679
0.0445420742035
0.0457060337067
0.0469219684601
0.0483829975128
0.0385339260101
0.0508649349213
0.0515389442444
0.0520508289337
0.0333368778229
0.0341799259186
0.0351510047913
0.0358030796051
0.0301368236542
0.0304329395294
0.0306749343872
0.0308349132538
0.0305309295654
0.0307149887085
0.0308618545532
0.0405898094177
0.0233631134033
0.0282680988312
0.0284621715546
0.0318779945374
0.0277020931244
0.0279788970947
0.0292649269104
0.0351889133453
0.033539056778
0.0337009429932
0.0338671207428
0.0420370101929
0.032203912735
0.0327770709991
0.0329370498657
0.0342800617218
0.025810956955
0.0260000228882
0.0261640548706
0.02632188797
0.0344281196594
0.0346109867096
0.0347731113434
0.0382461547852
0.0348169803619
0.0350790023804
0.0352599620819
0.0354340076447
0.0291240215302
0.0294690132141
0.02973985672
0.0397229194641
0.0274460315704
0.0277438163757
0.0295538902283
0.0316128730774
0.0305140018463
0.0306899547577
0.0308499336243
0.0313158035278
0.0339260101318
0.0340850353241
0.034805059433
0.0355520248413
0.0270891189575
0.0368940830231
0.0377559661865
0.0382459163666
0.0285639762878
0.0287308692932
0.0288729667664
0.0290179252625
0.0260100364685
0.0264890193939
0.0267879962921
0.0270669460297
0.032723903656
0.0328998565674
0.0330588817596
0.0347590446472
0.0233449935913
0.0301640033722
0.0329811573029
0.0358910560608
0.0264899730682
0.0287408828735
0.029483795166
0.0301518440247
0.0263350009918
0.0270090103149
0.0276591777802
0.028370141983
0.026477098465
0.0284841060638
0.0292069911957
0.0297451019287
0.0277528762817
0.0283138751984
0.0318288803101
0.0324959754944
0.0328209400177
0.0330939292908
0.033942937851
0.0353360176086
0.0494589805603
0.0496299266815
0.0498061180115
0.0499639511108
0.0410430431366
0.0416750907898
0.0422539710999
0.0428791046143
0.0377779006958
0.0387170314789
0.0410389900208
0.0446710586548
0.029755115509
0.0487010478973
0.0527141094208
0.0533800125122
0.0402688980103
0.0404779911041
0.0406470298767
0.0408158302307
0.0289430618286
0.0291612148285
0.0327131748199
0.0364270210266
0.0273430347443
0.0275020599365
0.0294589996338
0.0296070575714
0.0302641391754
0.030424118042
0.0305790901184
0.0307421684265
0.0293688774109
0.0295259952545
0.0296669006348
0.0298089981079
0.0275549888611
0.0277199745178
0.0278701782227
0.0282230377197
0.0253438949585
0.0255029201508
0.0256509780884
0.0257999897003
0.0265181064606
0.0267531871796
0.0295240879059
0.0297620296478
0.0457150936127
0.0458700656891
0.046010017395
0.0473330020905
0.0348150730133
0.0349881649017
0.0351409912109
0.0352861881256
0.0275540351868
0.0277988910675
0.0280258655548
0.041955947876
0.0271220207214
0.0273509025574
0.0275599956512
0.0277569293976
0.025454044342
0.0256359577179
0.0258119106293
0.0259740352631
0.0335068702698
0.033716917038
0.0339019298553
0.0362279415131
0.0263080596924
0.0264921188354
0.0266501903534
0.0268092155457
0.0346620082855
0.0349290370941
0.0351629257202
0.0353291034698
0.0295259952545
0.0297169685364
0.0299019813538
0.0300831794739
0.0275909900665
0.0325040817261
0.0327599048615
0.0338399410248
0.0258369445801
0.0260269641876
0.0262258052826
0.0263738632202
0.0313050746918
0.0314931869507
0.0316560268402
0.0318109989166
0.0355319976807
0.0356950759888
0.0358419418