0.0643780231476
0.062698841095
0.0538189411163
0.0889508724213
0.0459070205688
0.0816090106964
0.142553806305
0.0650200843811
0.0659198760986
0.121240139008
0.202132940292
0.133401155472
0.0779950618744
0.077143907547
0.0722749233246
0.0999660491943
0.0653400421143
0.0777552127838
0.0849759578705
0.0970690250397
0.0766618251801
0.082939863205
0.0949189662933
0.125291109085
0.0605669021606
0.082820892334
0.0478188991547
0.0761859416962
0.0624039173126
0.146663188934
0.0340549945831
0.0452568531036
0.0388331413269
