0.0429937839508
0.0420780181885
0.0405910015106
0.0251450538635
0.0357670783997
0.0325329303741
0.0394330024719
0.0351271629333
0.0403869152069
0.0406928062439
0.0246450901031
0.032888174057
0.0280101299286
0.0346388816833
0.0341160297394
0.0486340522766
0.0320639610291
0.0354568958282
0.055636882782
0.0362179279327
0.0451338291168
0.0426759719849
0.0703909397125
0.0879299640656
0.0904960632324
0.044970035553
0.145660877228
0.131592035294
0.0788810253143
0.0516481399536
0.0684080123901
0.129484176636
0.064906835556
0.0560789108276
0.0371360778809
0.119418859482
0.0307860374451
0.0378499031067
0.0428910255432
0.0417320728302
0.0432200431824
0.043830871582
0.0896501541138
0.0377979278564
0.036082983017
0.0487220287323
0.0610599517822
0.0653700828552
0.0693969726562
0.0971500873566
0.109426021576
0.17706823349
0.201373815536
0.175108194351
0.125869035721
0.12601518631
0.128913879395
0.133366823196
0.112447023392
0.0810670852661
0.0619130134583
0.0412127971649
0.0398509502411
0.0423328876495
0.0420961380005
0.0347521305084
0.0470759868622
0.0424120426178
0.0399470329285
0.0409429073334
0.0472230911255
0.0383079051971
0.042552947998
0.0368549823761
0.0331649780273
0.0390849113464
0.0339641571045
0.0381450653076
0.0401120185852
0.0419881343842
0.115875005722
