0.0683629512787
0.0696840286255
0.0705900192261
0.0710899829865
0.0715520381927
0.0198278427124
0.0320229530334
0.0322289466858
0.0324699878693
0.032646894455
0.0392928123474
0.0397729873657
0.0403158664703
0.0406098365784
0.0408749580383
0.029659986496
0.0305781364441
0.0310361385345
0.0317611694336
0.0325441360474
0.0389180183411
0.0392150878906
0.0396800041199
0.0399169921875
0.0401289463043
0.0262670516968
0.0269711017609
0.0309112071991
0.0320382118225
0.0327181816101
0.0301151275635
0.0317180156708
0.0325410366058
0.0334329605103
0.0348579883575
0.0423169136047
0.0431668758392
0.0439620018005
0.0447640419006
0.0454859733582
0.0266671180725
0.0272970199585
0.0282080173492
0.0339541435242
0.0353560447693
0.0387749671936
0.0395498275757
0.0405359268188
0.0414988994598
0.0447750091553
0.0346250534058
0.0351099967957
0.035640001297
0.0361289978027
0.0365788936615
0.0368189811707
0.0376629829407
0.0384168624878
0.0391449928284
0.0399298667908
0.0300540924072
0.0303978919983
0.0306220054626
0.0310680866241
0.031368970871
0.038547039032
0.0389699935913
0.0392091274261
0.0396840572357
0.039929151535
0.0396029949188
0.0403230190277
0.0440402030945
0.0453901290894
0.0465960502625
0.0329840183258
0.0340800285339
0.0350079536438
0.0359120368958
0.0370531082153
0.0347609519958
0.0363130569458
0.0377440452576
0.039332151413
0.0403831005096
0.0258378982544
0.0272350311279
0.0285768508911
0.0297238826752
0.0310020446777
0.0247299671173
0.0249879360199
0.0251660346985
0.0253441333771
0.0255560874939
0.0415649414062
0.0419249534607
0.042240858078
0.0425498485565
0.0428378582001
0.0271279811859
0.0273430347443
0.0275309085846
0.0277118682861
0.0278799533844
0.0307610034943
0.0309669971466
0.0311760902405
0.0313739776611
0.0315351486206
0.0304780006409
0.0307409763336
0.0310368537903
0.0312759876251
0.0314979553223
0.0277700424194
0.0281450748444
0.0283670425415
0.028617143631
0.0288450717926
0.0305759906769
0.030965089798
0.0318400859833
0.0331571102142
0.0345711708069
0.0305500030518
0.03116106987
0.0317580699921
0.032436132431
0.033182144165
0.0315570831299
0.0322670936584
0.0329079627991
0.0335600376129
0.0342531204224
0.0340039730072
0.0348470211029
0.0357449054718
0.0364949703217
0.0371868610382
0.0332210063934
0.0334570407867
0.0336270332336
0.0337951183319
0.0339570045471
0.0470049381256
0.047290802002
0.047572851181
0.048280954361
0.0490849018097
0.0291860103607
0.0300140380859
0.031103849411
0.0322418212891
0.0337519645691
0.0293309688568
0.0312750339508
0.0321748256683
0.0428228378296
0.0443949699402
0.0332300662994
0.034040927887
0.0347709655762
0.0355520248413
0.0366160869598
0.0301809310913
0.0310339927673
0.0317318439484
0.0325169563293
0.0333828926086
0.038626909256
0.0388069152832
0.0389750003815
0.0391399860382
0.0392949581146
0.0348658561707
0.0352749824524
0.0356078147888
0.0360178947449
0.0371129512787
0.0383810997009
0.03875207901
0.0394659042358
0.0410449504852
0.0420689582825
0.0394649505615
0.0406908988953
0.0420999526978
0.0434718132019
0.044627904892
0.0254821777344
0.0266129970551
0.0273921489716
0.0282511711121
0.0292530059814
0.039696931839
0.0405778884888
0.0414750576019
0.0423300266266
0.0432028770447
0.0357439517975
0.036554813385
0.037360906601
0.0407907962799
0.042044878006
0.0267379283905
0.0279200077057
0.0288660526276
0.0352048873901
0.0359349250793
0.030266046524
0.0313401222229
0.032567024231
0.0340249538422
0.0351841449738
0.0285789966583
0.0296361446381
0.0305910110474
0.0313260555267
0.0326721668243
0.0336050987244
0.0338160991669
0.0340440273285
0.0342590808868
0.0344409942627
0.0254271030426
0.0256280899048
0.0258131027222
0.0259890556335
0.0261640548706
0.0295898914337
0.0298299789429
0.0300629138947
0.0307919979095
0.0315999984741
0.0282731056213
0.0289690494537
0.0296859741211
0.0303230285645
0.0309710502625
0.0305759906769
0.031406879425
0.0323128700256
0.0330758094788
0.0339088439941
0.0270919799805
0.0278351306915
0.0285019874573
0.0290999412537
0.029767036438
0.0320699214935
0.0323009490967
0.0325179100037
0.0327129364014
0.0332579612732
0.0497920513153
0.0513100624084
0.0522389411926
0.0582599639893
0.0591599941254
0.0238661766052
0.0242199897766
0.0245571136475
0.0248711109161
0.0251879692078
0.0266439914703
0.0270810127258
0.0274229049683
0.0277369022369
0.0282349586487
0.0269989967346
0.027204990387
0.0275511741638
0.0279610157013
0.0281901359558
0.0223388671875
0.0225660800934
0.0228018760681
0.0231020450592
0.0234820842743
0.0287411212921
0.0293929576874
0.0301451683044
0.031919002533
0.0330400466919
0.0325860977173
0.0336961746216
0.03502202034
0.042916059494
0.0437281131744
0.0317199230194
0.0320320129395
0.0321979522705
0.0323820114136
0.0326080322266
0.0353610515594
0.035717010498
0.0360629558563
0.0366909503937
0.037978887558
0.033872127533
0.0340762138367
0.034264087677
0.0344390869141
0.0346422195435
0.0304749011993
0.0307459831238
0.0310080051422
0.0312428474426
0.0315618515015
0.0309488773346
0.0312240123749
0.0315790176392
0.0318670272827
0.0322248935699
0.0414988994598
0.0421569347382
0.0434119701385
0.0447468757629
0.045688867569
0.0314168930054
0.032331943512
0.0332019329071
0.0341629981995
0.0350770950317
0.0320038795471
0.0322279930115
0.0324349403381
0.0325949192047
0.0327777862549
0.0292119979858
0.0294489860535
0.0296339988708
0.0298027992249
0.0299639701843
0.0194380283356
0.0223979949951
0.0238320827484
0.0251889228821
0.0260450839996
0.0282859802246
0.0286149978638
0.028913974762
0.0290958881378
0.0292828083038
0.0283939838409
0.0287070274353
0.0290160179138
0.0292558670044
0.0294680595398
0.0212421417236
0.0215001106262
0.0216891765594
0.0219240188599
0.0221071243286
0.0247209072113
0.0255360603333
0.0267629623413
0.0276448726654
0.0286309719086
0.0277841091156
0.0280230045319
0.0283410549164
0.0285830497742
0.0288109779358
0.0296921730042
0.0305950641632
0.0313401222229
0.0317189693451
0.0321869850159
0.0267179012299
0.027764081955
0.028666973114
0.0298991203308
0.0307121276855
0.0272088050842
0.0280568599701
0.0288598537445
0.02973985672
0.031320810318
0.0410988330841
0.0420429706573
0.0432138442993
0.0442750453949
0.0454618930817
0.0305399894714
0.0307350158691
0.0309009552002
0.0311999320984
0.0314340591431
0.0281610488892
0.0284049510956
0.0286319255829
0.0288219451904
0.0290141105652
0.0264661312103
0.0276379585266
0.0291309356689
0.0328691005707
0.0336971282959
0.0319299697876
0.0321328639984
0.0323178768158
0.0325050354004
0.0326950550079
0.0247700214386
0.0251228809357
0.0253570079803
0.0257039070129
0.0259490013123
0.0507099628448
0.0520389080048
0.0534830093384
0.0551879405975
0.05668592453
0.0296769142151
0.0307650566101
0.0385408401489
0.0397200584412
0.0410668849945
0.0336620807648
0.0345959663391
0.0353670120239
0.0360879898071
0.0369410514832
0.032438993454
0.0334899425507
0.0451149940491
0.0453860759735
0.045697927475
0.0307388305664
0.0310587882996
0.0314087867737
0.0317678451538
0.0320689678192
0.0269961357117
0.0273611545563
0.0275940895081
0.0278370380402
0.0280840396881
0.0243320465088
0.024808883667
0.0251519680023
0.0257139205933
0.0263838768005
0.0265591144562
0.0269401073456
0.0273041725159
0.0276131629944
0.0279080867767
0.0278840065002
0.0281519889832
0.0283451080322
0.0286378860474
0.0289530754089
0.0241889953613
0.0245320796967
0.0248460769653
0.0251340866089
0.0253689289093
0.0250370502472
0.0254321098328
0.0257620811462
0.0260632038116
0.0263981819153
0.0279281139374
0.028293132782
0.0290420055389
0.0298709869385
0.0311570167542
0.0393879413605
0.039617061615
0.0400371551514
0.0404679775238
0.0407021045685
0.0380358695984
0.0383598804474
0.0387308597565
0.0390570163727
0.0393009185791
0.0301671028137
0.0304269790649
0.0306529998779
0.0308771133423
0.0325260162354
0.0262739658356
0.0265111923218
0.026712179184
0.0269031524658
0.0271081924438
0.0201189517975
0.0314879417419
0.0330150127411
0.0337870121002
0.0347979068756
0.0317661762238
0.0320019721985
0.0321860313416
0.0323719978333
0.0325541496277
0.0370991230011
0.037388086319
0.0377380847931
0.037994146347
0.038810968399
0.0263171195984
0.0267460346222
0.0271270275116
0.0275340080261
0.0279021263123
0.030081987381
0.0303890705109
0.0305759906769
0.0307610034943
0.0309579372406
0.0363600254059
0.0372290611267
0.0403599739075
0.0414860248566
0.0417330265045
0.0338470935822
0.0347399711609
0.0357880592346
0.0370330810547
0.0380539894104
0.0283479690552
0.0293920040131
0.0303809642792
0.0312387943268
0.0319888591766
0.0331962108612
0.0340800285339
0.0349500179291
0.0358991622925
0.036639213562
0.0366721153259
0.0380110740662
0.0438051223755
0.0452520847321
0.0465981960297
0.0353381633759
0.0359151363373
0.0368850231171
0.03746509552
0.0382831096649
0.024090051651
0.0248029232025
0.0260598659515
0.0271389484406
0.0282349586487
0.0321710109711
0.0330410003662
0.033763885498
0.0344078540802
0.0353350639343
0.0298039913177
0.0300800800323
0.0303320884705
0.0306859016418
0.031033039093
0.0332181453705
0.0335161685944
0.033842086792
0.0342049598694
0.0345740318298
0.0318388938904
0.0327169895172
0.033627986908
0.0344989299774
0.0354950428009
0.0348081588745
0.0352511405945
0.0356531143188
0.0360040664673
0.0361790657043
0.0268108844757
0.027037858963
0.0272359848022
0.028568983078
0.0304808616638
0.0303378105164
0.0305178165436
0.0306959152222
0.0309917926788
0.0311508178711
0.0339961051941
0.0352470874786
0.0361170768738
0.0369369983673
0.0379099845886
0.0244522094727
0.0252370834351
0.0260000228882
0.026682138443
0.0272421836853
0.0359568595886
0.0366539955139
0.0373499393463
0.0380780696869
0.0387830734253
0.0346901416779
0.0349411964417
0.0351672172546
0.0353820323944
0.0356180667877
0.0346357822418
0.0348207950592
0.0349857807159
0.0351529121399
0.0353178977966
0.0351929664612
0.0359718799591
0.0367999076843
0.0374858379364
0.0382788181305
0.022754907608
0.0236449241638
0.0250058174133
0.0260798931122
0.0269429683685
0.0299379825592
0.0301790237427
0.0303599834442
0.030552148819
0.0307259559631
0.0332469940186
0.0335729122162
0.0338809490204
0.0342009067535
0.0348868370056
0.0312249660492
0.0314948558807
0.0317628383636
0.0320179462433
0.0322659015656
0.0279619693756
0.0282001495361
0.0283951759338
0.0285639762878
0.0287220478058
0.0260229110718
0.0263159275055
0.0265729427338
0.0267980098724
0.0271139144897
0.0376179218292
0.0378868579865
0.0381519794464
0.0384120941162
0.0386390686035
0.0303950309753
0.0306251049042
0.0307931900024
0.0309491157532
0.0312700271606
0.0266070365906
0.0269830226898
0.0276210308075
0.028923034668
0.0301830768585
0.0313010215759
0.031641960144
0.0318639278412
0.0320839881897
0.0323259830475
0.0280530452728
0.0283200740814
0.028599023819
0.029482126236
0.0307440757751
0.0283598899841
0.0286540985107
0.0288279056549
0.0290939807892
0.0292630195618
0.0260980129242
0.026319026947
0.0266571044922
0.0270040035248
0.0273251533508
0.0291259288788
0.0294458866119
0.0296838283539
0.029935836792
0.0304009914398
0.0308609008789
0.0320048332214
0.0329868793488
0.0339858531952
0.0351479053497
0.0284249782562
0.0294089317322
0.0303280353546
0.0311589241028
0.031919002533
0.0356841087341
0.0363900661469
0.0370931625366
0.0377731323242
0.0385081768036
0.0300419330597
0.0310199260712
0.0319828987122
0.0328838825226
0.0341339111328
0.0225400924683
0.0265669822693
0.027899980545
0.0289220809937
0.0303251743317
0.0251338481903
0.0261659622192
0.0270948410034
0.0280048847198
0.0290908813477
0.0519881248474
0.0526969432831
0.0530619621277
0.0532801151276
0.053591966629
0.0506439208984
0.051561832428
0.0526049137115
0.0534639358521
0.0543329715729
0.0296199321747
0.0303549766541
0.0314328670502
0.0326290130615
0.0337119102478
0.0274930000305
0.0277369022369
0.0280239582062
0.0283169746399
0.0286829471588
0.0242481231689
0.0244679450989
0.0246870517731
0.0248601436615
0.0250220298767
0.0273370742798
0.0275340080261
0.0277030467987
0.0280990600586
0.0282890796661
0.0239591598511
0.0252900123596
0.0261871814728
0.0270969867706
0.0282340049744
0.0252850055695
0.0255229473114
0.0257060527802
0.0258760452271
0.0260479450226
0.0281910896301
0.0284481048584
0.0287270545959
0.0289359092712
0.0291380882263
0.0273308753967
0.0280020236969
0.028669834137
0.0293810367584
0.0301468372345
0.0220878124237
0.0232439041138
0.0241189002991
0.025111913681
0.0282700061798
0.0323219299316
0.0335988998413
0.0347118377686
0.0359888076782
0.0373299121857
0.0290520191193
0.0303280353546
0.0310170650482
0.0391979217529
0.0402500629425
0.0233120918274
0.0246071815491
0.0254452228546
0.0259141921997
0.0265440940857
0.0247910022736
0.0254669189453
0.0261788368225
0.0267899036407
0.0274858474731
0.0310831069946
0.0321002006531
0.0330090522766
0.0338950157166
0.0347402095795
0.0393190383911
0.0395710468292
0.03977394104
0.0399830341339
0.0401499271393
0.0275340080261
0.0278351306915
0.0282950401306
0.0290830135345
0.0297250747681
0.0357940196991
0.0386068820953
0.0393869876862
0.0401549339294
0.0408489704132
0.0334579944611
0.034255027771
0.03449010849
0.0350611209869
0.0352740287781
0.0367460250854
0.0376029014587
0.038547039032
0.0429720878601
0.0440189838409
0.0274679660797
0.028028011322
0.0286190509796
0.0359480381012
0.0369589328766
0.0257561206818
0.0259389877319
0.0260989665985
0.0262629985809
0.0264220237732
0.0290291309357
0.0293991565704
0.0297629833221
0.0301611423492
0.030956029892
0.0295388698578
0.0298328399658
0.0300269126892
0.0302138328552
0.0303938388824
0.0384511947632
0.0388791561127
0.0392911434174
0.0403091907501
0.0417730808258
0.0283179283142
0.0295350551605
0.030837059021
0.0319168567657
0.0329790115356
0.0262489318848
0.026839017868
0.0278880596161
0.0292770862579
0.030121088028
0.0410611629486
0.0420351028442
0.0427181720734
0.0436220169067
0.0444371700287
0.0338752269745
0.0346810817719
0.0387392044067
0.0398662090302
0.0413091182709
0.0361278057098
0.0364370346069
0.0367238521576
0.0371339321136
0.038064956665
0.0490009784698
0.0492799282074
0.0497448444366
0.0499629974365
0.0502288341522
0.033360004425
0.0346341133118
0.0361070632935
0.0374009609222
0.0387029647827
0.0331590175629
0.0340712070465
0.0349349975586
0.0358350276947
0.0369091033936
0.0392081737518
0.0408170223236
0.0421180725098
0.043347120285
0.0560750961304
0.0343699455261
0.0351338386536
0.0358798503876
0.0367159843445
0.0374648571014
0.0364239215851
0.0375909805298
0.039097070694
0.0400431156158
0.0410001277924
0.0378301143646
0.038547039032
0.0391440391541
0.039742231369
0.0405101776123
0.0332999229431
0.0340180397034
0.0347499847412
0.0354568958282
0.0362079143524
0.0272350311279
0.028037071228
0.0288491249084
0.0299940109253
0.0309319496155
0.0307521820068
0.03107213974
0.0313901901245
0.0317080020905
0.0320320129395
0.0298879146576
0.0301029682159
0.0302910804749
0.0304551124573
0.0306150913239
0.033093214035
0.0333390235901
0.033509016037
0.0336811542511
0.0338370800018
0.0247571468353
0.0252289772034
0.0256149768829
0.0261821746826
0.0265970230103
0.0231499671936
0.0236361026764
0.0244579315186
0.0252070426941
0.0255949497223
0.0252788066864
0.0254878997803
0.0256659984589
0.0258338451385
0.0260059833527
0.0313510894775
0.0319571495056
0.03262591362
0.0331859588623
0.0337240695953
0.0361251831055
0.0374150276184
0.0384800434113
0.0396330356598
0.0407280921936
0.0269720554352
0.0277941226959
0.0287141799927
0.02956199646
0.0304520130157
0.0216128826141
0.0223999023438
0.0233478546143
0.0245199203491
0.0299599170685
0.0266399383545
0.0275540351868
0.0283601284027
0.0293090343475
0.0301020145416
0.0297079086304
0.0306479930878
0.0313730239868
0.0320990085602
0.0328249931335
0.0329089164734
0.034031867981
0.0351860523224
0.0364098548889
0.0375838279724
0.0379078388214
0.0392088890076
0.0400428771973
0.0408418178558
0.0462918281555
0.0353090763092
0.0359132289886
0.0364911556244
0.0370850563049
0.0376870632172
0.0257339477539
0.0261309146881
0.0263569355011
0.0265600681305
0.0267760753632
0.0260820388794
0.0263049602509
0.0264980792999
0.0269141197205
0.0278010368347
0.0284280776978
0.028657913208
0.0288999080658
0.029098033905
0.0292859077454
0.0222229957581
0.0224459171295
0.0226399898529
0.0228550434113
0.0230460166931
0.0225839614868
0.0227839946747
0.0229568481445
0.0231230258942
0.0232899188995
0.0258939266205
0.0261421203613
0.0263941287994
0.0266089439392
0.0268099308014
0.0241460800171
0.0247099399567
0.0251080989838
0.025936126709
0.0271670818329
0.0296521186829
0.0300471782684
0.0306251049042
0.0310342311859
0.0314571857452
0.0423460006714
0.0437939167023
0.0452170372009
0.0472040176392
0.0527000427246
0.0270919799805
0.0280940532684
0.0295188426971
0.0304908752441
0.0319969654083
0.0330548286438
0.0339279174805
0.0347719192505
0.0358049869537
0.0365560054779
0.031261920929
0.032243013382
0.0333681106567
0.0344619750977
0.0357570648193
0.0292150974274
0.0295810699463
0.0299010276794
0.0301270484924
0.0303740501404
0.024475812912
0.0248708724976
0.0251688957214
0.0253639221191
0.0255520343781
0.0261468887329
0.0265190601349
0.0268149375916
0.0271439552307
0.0276589393616
0.0256929397583
0.0261290073395
0.0263168811798
0.0265018939972
0.0267429351807
0.0281090736389
0.0283451080322
0.0285959243774
0.0288300514221
0.0290420055389
0.0255029201508
0.0257589817047
0.0259940624237
0.0261979103088
0.0264010429382
0.02623295784
0.0266718864441
0.0269169807434
0.027174949646
0.0276458263397
0.0217759609222
0.0219640731812
0.0221650600433
0.0224850177765
0.0227761268616
0.032989025116
0.0334379673004
0.0338749885559
0.0340778827667
0.0343589782715
0.0290069580078
0.02965092659
0.0305459499359
0.0313711166382
0.0321578979492
0.0241498947144
0.0243508815765
0.0245280265808
0.0247008800507
0.0248670578003
0.031702041626
0.0320000648499
0.0322930812836
0.0325939655304
0.0328929424286
0.0282490253448
0.0285201072693
0.0286939144135
0.0290551185608
0.0293140411377
0.0399088859558
0.0401339530945
0.0403170585632
0.0404880046844
0.0406579971313
0.0341970920563
0.0345571041107
0.0349490642548
0.0352969169617
0.0357019901276
0.036159992218
0.0363709926605
0.0365610122681
0.0367548465729
0.0370650291443
0.0273740291595
0.0277900695801
0.0281989574432
0.0286390781403
0.0290610790253
0.0265910625458
0.0272269248962
0.0276939868927
0.027951002121
0.0284140110016
0.0265510082245
0.0272340774536
0.0279228687286
0.0286860466003
0.0294020175934
0.0343589782715
0.0353579521179
0.036276102066
0.0371561050415
0.0378551483154
0.0369811058044
0.0375909805298
0.0381791591644
0.0387179851532
0.0394020080566
0.0375030040741
0.0382881164551
0.0389940738678
0.0397741794586
0.0404481887817
0.0314350128174
0.032075881958
0.0327670574188
0.0339159965515
0.034970998764
0.0263168811798
0.0265028476715
0.0266778469086
0.0268528461456
0.0277469158173
0.025025844574
0.02525806427
0.0254290103912
0.0255980491638
0.0257539749146
0.0321900844574
0.0324859619141
0.0327620506287
0.0335049629211
0.0337998867035
0.0237898826599
0.0240209102631
0.0242869853973
0.0500328540802
0.050773859024
0.0308430194855
0.0321300029755
0.0332050323486
0.0344550609589
0.0355269908905
0.0310969352722
0.0319969654083
0.0326418876648
0.0333669185638
0.0340020656586
0.032830953598
0.0331778526306
0.0333728790283
0.0335488319397
0.0337719917297
0.0332670211792
0.033656835556
0.0340218544006
0.0344088077545
0.03475689888
0.0360751152039
0.0363800525665
0.0366871356964
0.0369870662689
0.0372891426086
0.0374209880829
0.0377070903778
0.0381851196289
0.0385720729828
0.0391709804535
0.0257649421692
0.0266771316528
0.0272679328918
0.0277609825134
0.0280930995941
0.0294408798218
0.0301959514618
0.0313858985901
0.0322818756104
0.035178899765
0.0342969894409
0.0352261066437
0.0361001491547
0.0369620323181
0.0377991199493
0.0295979976654
0.029837846756
0.0300779342651
0.0302848815918
0.0305118560791
0.0235371589661
0.0240530967712
0.0243310928345
0.0248241424561
0.0255861282349
0.0365059375763
0.0367209911346
0.0369138717651
0.0371987819672
0.0379519462585
0.0341598987579
0.0351638793945
0.0358929634094
0.0365769863129
0.0372018814087
0.0315489768982
0.0327339172363
0.033910036087
0.035248041153
0.0362830162048
0.0272691249847
0.0283460617065
0.0293250083923
0.0301051139832
0.030956029892
0.0303230285645
0.0314841270447
0.0325019359589
0.0340900421143
0.0348651409149
0.0323438644409
0.0356979370117
0.0369048118591
0.0381879806519
0.0391669273376
0.0448200702667
0.0450830459595
0.0453300476074
0.0454812049866
0.0456349849701
0.0326359272003
0.0329539775848
0.0331490039825
0.0333650112152
0.0335628986359
0.035747051239
0.0365881919861
0.0371310710907
0.0374162197113
0.0376310348511
0.0335319042206
0.0342299938202
0.0347030162811
0.0355861186981
0.0363481044769
0.032644033432
0.0340051651001
0.035640001297
0.0367040634155
0.0376219749451
0.0271120071411
0.0277462005615
0.029412984848
0.0340540409088
0.0349960327148
0.0342910289764
0.0351660251617
0.0361449718475
0.0372388362885
0.0380990505219
0.0329561233521
0.0342240333557
0.0353951454163
0.0369911193848
0.0382051467896
0.038388967514
0.0386998653412
0.0389308929443
0.0392529964447
0.0395720005035
0.0330240726471
0.0338599681854
0.034255027771
0.0348460674286
0.0350499153137
0.0313909053802
0.0321087837219
0.0323917865753
0.0326519012451
0.032842874527
0.0272109508514
0.0276000499725
0.0282969474792
0.0289821624756
0.0294921398163
0.0324769020081
0.0328099727631
0.0331480503082
0.0333979129791
0.0337159633636
0.027281999588
0.0275559425354
0.0279190540314
0.0281400680542
0.0284359455109
0.0463030338287
0.0465970039368
0.0468089580536
0.0471098423004
0.0473730564117
0.0370898246765
0.0377388000488
0.0382089614868
0.0387477874756
0.0392718315125
0.0276551246643
0.0287520885468
0.0314061641693
0.0324711799622
0.0337820053101
0.0340619087219
0.0348839759827
0.0355970859528
0.0363900661469
0.0373718738556
0.0234398841858
0.0244040489197
0.025279045105
0.0262489318848
0.0271139144897
0.0305099487305
0.0311119556427
0.0313649177551
0.0317280292511
0.0320060253143
0.0312809944153
0.0316591262817
0.0318670272827
0.0321130752563
0.0323159694672
0.0275239944458
0.0282959938049
0.0289840698242
0.0299270153046
0.0307152271271
0.0268559455872
0.0276310443878
0.0284531116486
0.0293669700623
0.0333049297333
0.0271809101105
0.0275409221649
0.0279049873352
0.028265953064
0.0286159515381
0.0243010520935
0.0246059894562
0.0249271392822
0.0252652168274
0.0254600048065
0.0215721130371
0.022027015686
0.0227391719818
0.023561000824
0.0248181819916
0.0369410514832
0.0379219055176
0.0435440540314
0.0450689792633
0.0463190078735
0.033714056015
0.0346739292145
0.0357110500336
0.0368828773499
0.0377140045166
0.0312049388885
0.0319340229034
0.0329360961914
0.0343019962311
0.0356600284576
0.0346810817719
0.0350840091705
0.03533411026
0.0355930328369
0.0358490943909
0.0309000015259
0.0311799049377
0.0314130783081
0.0317521095276
0.0320639610291
0.0359008312225
0.0362877845764
0.0366427898407
0.0369799137115
0.0373117923737
0.0261330604553
0.0270090103149
0.0279810428619
0.0292069911957
0.0301759243011
0.0387051105499
0.0392529964447
0.0396258831024
0.0399849414825
0.0402019023895
0.0309200286865
0.0311510562897
0.0313429832458
0.0315251350403
0.0321340560913
0.026034116745
0.026251077652
0.026486158371
0.026652097702
0.0268130302429
0.0232999324799
0.0244429111481
0.0253689289093
0.0261600017548
0.0280799865723
0.0268712043762
0.0270681381226
0.0273380279541
0.0275321006775
0.027724981308
0.0266540050507
0.0269339084625
0.0272989273071
0.0280070304871
0.0291230678558
0.0211219787598
0.0215690135956
0.0218348503113
0.022166967392
0.0226218700409
0.0301470756531
0.0303649902344
0.0305840969086
0.0307550430298
0.0309410095215
0.0332169532776
0.0336358547211
0.0338180065155
0.0340309143066
0.034364938736
0.0283818244934
0.0286009311676
0.0287690162659
0.0289399623871
0.0297288894653
0.0287089347839
0.0290679931641
0.0294511318207
0.0297379493713
0.030424118042
0.0266780853271
0.0277631282806
0.0290260314941
0.0297920703888
0.0307321548462
0.036425113678
0.0379340648651
0.0391490459442
0.0402390956879
0.0407891273499
0.0283811092377
0.0286011695862
0.0288100242615
0.0289990901947
0.0292580127716
0.0401339530945
0.0409438610077
0.0418810844421
0.0427100658417
0.0436749458313
0.0266289710999
0.0268549919128
0.0270719528198
0.0272738933563
0.0274438858032
0.0271549224854
0.0275499820709
0.0278549194336
0.0295491218567
0.0303730964661
0.0381088256836
0.0383648872375
0.0388078689575
0.0393588542938
0.0398528575897
0.0236160755157
0.0240280628204
0.024964094162
0.0255880355835
0.0261359214783
0.0307588577271
0.0318629741669
0.0331449508667
0.0341169834137
0.0352499485016
0.0322561264038
0.0340089797974
0.0354011058807
0.0369760990143
0.0381400585175
0.0265741348267
0.0275409221649
0.0284740924835
0.0293090343475
0.0310111045837
0.0236761569977
0.0239570140839
0.0242311954498
0.0244901180267
0.0252900123596
0.0295939445496
0.0303509235382
0.0311670303345
0.032084941864
0.0330288410187
0.0300238132477
0.0309839248657
0.0316359996796
0.032114982605
0.0327558517456
0.0281009674072
0.028548002243
0.0331189632416
0.0335459709167
0.0337409973145
0.0283491611481
0.0288290977478
0.0302000045776
0.0310809612274
0.0323629379272
0.0303919315338
0.0307288169861
0.030996799469
0.0312597751617
0.0315248966217
0.0398659706116
0.0403409004211
0.0406429767609
0.0409770011902
0.0414860248566
0.0320241451263
0.0329401493073
0.0337262153625
0.0344622135162
0.035248041153
0.044399023056
0.0452358722687
0.0460510253906
0.0463049411774
0.0465018749237
0.033704996109
0.0339679718018
0.0343508720398
0.0352520942688
0.036276102066
0.028510093689
0.0287311077118
0.0289459228516
0.0291850566864
0.0293779373169
0.0333518981934
0.0339379310608
0.034353017807
0.0347669124603
0.0349769592285
0.0278050899506
0.0279939174652
0.0281641483307
0.0283250808716
0.028489112854
0.0266931056976
0.027496099472
0.0278451442719
0.029137134552
0.0299072265625
0.0381920337677
0.0384800434113
0.038889169693
0.0396699905396
0.0406110286713
0.0304780006409
0.0314648151398
0.0325589179993
0.033725976944
0.0344488620758
0.0236649513245
0.0246951580048
0.0261549949646
0.0276789665222
0.0290009975433
0.0320880413055
0.0333390235901
0.0341930389404
0.0359930992126
0.0368731021881
0.0297150611877
0.0305640697479
0.0313079357147
0.0320899486542
0.0328810214996
0.0319111347198
0.0327839851379
0.033970117569
0.0349500179291
0.0359139442444
0.034273147583
0.0345311164856
0.0347480773926
0.0352470874786
0.0354909896851
0.0241930484772
0.0249350070953
0.0257298946381
0.0267100334167
0.0277049541473
0.0314390659332
0.0317530632019
0.0320830345154
0.0323910713196
0.0326080322266
0.0222508907318
0.0225789546967
0.0228378772736
0.0230288505554
0.0231828689575
0.028825044632
0.0292298793793
0.0296168327332
0.0300199985504
0.0308899879456
0.0410211086273
0.0412330627441
0.0414361953735
0.0416510105133
0.0419042110443
0.0222849845886
0.0225310325623
0.0227420330048
0.0229940414429
0.0233500003815
0.0282089710236
0.0285141468048
0.0288281440735
0.029128074646
0.0294170379639
0.0304419994354
0.0306499004364
0.0308327674866
0.0310308933258
0.031231880188
0.0312170982361
0.0319571495056
0.032623052597
0.0339272022247
0.0363011360168
0.0379569530487
0.0385158061981
0.0389978885651
0.0392827987671
0.0398418903351
0.053130865097
0.0533859729767
0.0538320541382
0.0542528629303
0.0547208786011
0.0319359302521
0.0324609279633
0.0328989028931
0.0334088802338
0.0337278842926
0.0420410633087
0.042720079422
0.0435371398926
0.0440099239349
0.0446820259094
0.0495059490204
0.0503540039062
0.0521328449249
0.0534799098969
0.0548629760742
0.0320150852203
0.032858133316
0.0340261459351
0.0351159572601
0.0361549854279
0.0292639732361
0.0302889347076
0.0313048362732
0.0323739051819
0.0333218574524
0.0349900722504
0.0360889434814
0.0370988845825
0.0381469726562
0.039116859436
0.0407660007477
0.041748046875
0.0425009727478
0.0432720184326
0.0442020893097
0.053286075592
0.0543191432953
0.0552539825439
0.0562291145325
0.0568749904633
0.025584936142
0.0263659954071
0.0270159244537
0.0277729034424
0.0285019874573
0.0367789268494
0.0374419689178
0.0382509231567
0.0388898849487
0.0397629737854
0.0332820415497
0.0335018634796
0.0336890220642
0.0338640213013
0.0340628623962
0.0368068218231
0.0371489524841
0.0373818874359
0.0375769138336
0.0377719402313
0.032112121582
0.0324141979218
0.0327801704407
0.0332381725311
0.0335240364075
0.0381910800934
0.0384609699249
0.0386550426483
0.0388860702515
0.0395419597626
0.0280120372772
0.0282819271088
0.02845287323
0.0286228656769
0.0289640426636
0.0283079147339
0.0284998416901
0.0286679267883
0.0288808345795
0.0291478633881
0.0617790222168
0.0626449584961
0.0634708404541
0.0641379356384
0.0647878646851
0.0300068855286
0.0312039852142
0.0322768688202
0.0335669517517
0.0349569320679
0.03595495224
0.0361399650574
0.0364010334015
0.036572933197
0.0392169952393
0.0276250839233
0.0278830528259
0.0280830860138
0.0283079147339
0.0285348892212
0.0266749858856
0.0268950462341
0.0270721912384
0.0272581577301
0.0274250507355
0.0270791053772
0.0280110836029
0.0288550853729
0.0291769504547
0.0294921398163
0.0335178375244
0.0345828533173
0.0357139110565
0.0367538928986
0.0377719402313
0.0257911682129
0.0265901088715
0.0273220539093
0.03489112854
0.0357069969177
0.030604839325
0.0326459407806
0.0335998535156
0.0343639850616
0.035071849823
0.0498440265656
0.050145149231
0.0503790378571
0.0506010055542
0.0508360862732
0.0266149044037
0.0282280445099
0.0300290584564
0.0313611030579
0.0325539112091
0.0267360210419
0.0269381999969
0.0271852016449
0.0274810791016
0.0276720523834
0.032154083252
0.0323538780212
0.0325448513031
0.0327658653259
0.0335149765015
0.0328800678253
0.0331969261169
0.033390045166
0.0336730480194
0.0338580608368
0.0321910381317
0.0325419902802
0.0328750610352
0.0332181453705
0.0335421562195
0.026046037674
0.026270866394
0.0266048908234
0.0269498825073
0.0272629261017
0.0296339988708
0.0298080444336
0.02996301651
0.0301110744476
0.0302629470825
0.0266349315643
0.0269360542297
0.0272159576416
0.027508020401
0.0277910232544
0.0293788909912
0.0298109054565
0.030170917511
0.0304968357086
0.0310168266296
0.0310771465302
0.0315110683441
0.0318219661713
0.0321350097656
0.0325529575348
0.0297698974609
0.0300178527832
0.0302538871765
0.0304210186005
0.0306539535522
0.0262081623077
0.0265231132507
0.0267641544342
0.0269820690155
0.0274500846863
0.029196023941
0.029482126236
0.0298011302948
0.0305831432343
0.0308141708374
0.029483795166
0.0303568840027
0.0310909748077
0.0315768718719
0.0324039459229
0.0303180217743
0.0305278301239
0.0307688713074
0.0309698581696
0.0311708450317
0.0251910686493
0.0255360603333
0.0258340835571
0.0260632038116
0.0263841152191
0.0425989627838
0.0428729057312
0.0430998802185
0.043310880661
0.0435469150543
0.029393196106
0.0301501750946
0.0305020809174
0.0310370922089
0.0313429832458
0.0281629562378
0.0297000408173
0.0308849811554
0.032457113266
0.0334689617157
0.0377161502838
0.0380780696869
0.0389091968536
0.0402221679688
0.0413529872894
0.0278761386871
0.0291650295258
0.0299320220947
0.0306580066681
0.0313560962677
0.0343091487885
0.0355560779572
0.0365400314331
0.0373091697693
0.0382401943207
0.0391528606415
0.0399398803711
0.0408139228821
0.0416369438171
0.0475778579712
0.0261001586914
0.0268130302429
0.0274851322174
0.0280699729919
0.0288031101227
0.0424931049347
0.0476598739624
0.0486969947815
0.0498139858246
0.0506229400635
0.0361111164093
0.0368139743805
0.0374760627747
0.0381600856781
0.0388350486755
0.0305178165436
0.0307149887085
0.0308899879456
0.0310649871826
0.0312659740448
0.0271770954132
0.0273702144623
0.027547121048
0.0277190208435
0.0278890132904
0.0313429832458
0.0315840244293
0.0318050384521
0.0320250988007
0.0324130058289
0.031553030014
0.0318470001221
0.0321490764618
0.0324919223785
0.0331540107727
0.0237700939178
0.0252690315247
0.0259571075439
0.0268189907074
0.0280451774597
0.0347149372101
0.0350649356842
0.035285949707
0.0354940891266
0.0358879566193
0.0372271537781
0.0376369953156
0.0379309654236
0.0382349491119
0.0385699272156
0.0369110107422
0.0375277996063
0.0384409427643
0.0393648147583
0.040757894516
0.0329110622406
0.0339469909668
0.0347929000854
0.0360360145569
0.0370268821716
0.0277647972107
0.0292639732361
0.0306959152222
0.0322527885437
0.0338459014893
0.0364141464233
0.0378320217133
0.0386941432953
0.040442943573
0.0412089824677
0.0334579944611
0.0341908931732
0.0349099636078
0.0359859466553
0.0369019508362
0.0306899547577
0.0331020355225
0.0341980457306
0.0352489948273
0.0365409851074
0.0362069606781
0.0373170375824
0.0381109714508
0.038889169693
0.0397939682007
0.0406010150909
0.0408790111542
0.041088104248
0.0412859916687
0.0425770282745
0.0343780517578
0.0353400707245
0.0360510349274
0.0370800495148
0.0378658771515
0.0268249511719
0.0280408859253
0.0297179222107
0.0307109355927
0.0314629077911
0.0288579463959
0.0296449661255
0.0307009220123
0.0312249660492
0.0317530632019
0.026918888092
0.0285668373108
0.0296750068665
0.0313940048218
0.032742023468
0.028538942337
0.0287318229675
0.0289418697357
0.0291497707367
0.0294218063354
0.0329060554504
0.033331155777
0.033625125885
0.0339860916138
0.0342590808868
0.0308799743652
0.0311150550842
0.0313148498535
0.0314979553223
0.031898021698
0.0312130451202
0.0324709415436
0.0336539745331
0.0349309444427
0.0364110469818
0.029219865799
0.0295779705048
0.0299019813538
0.0301368236542
0.0304210186005
0.0364038944244
0.0373859405518
0.0419368743896
0.0428760051727
0.0441389083862
0.0229668617249
0.0239419937134
0.0247750282288
0.0256109237671
0.0265228748322
0.023619890213
0.0241878032684
0.0247809886932
0.0251529216766
0.0255379676819
0.0296649932861
0.030809879303
0.0317199230194
0.0327730178833
0.0338718891144
0.0294079780579
0.0310158729553
0.0322778224945
0.033374786377
0.0343339443207
0.0318470001221
0.0330839157104
0.0345509052277
0.036162853241
0.0377509593964
0.0294549465179
0.0308358669281
0.0318298339844
0.0326910018921
0.0335988998413
0.0435161590576
0.0449459552765
0.0461881160736
0.0473761558533
0.0485780239105
0.043505191803
0.0436840057373
0.0438561439514
0.0440170764923
0.0441801548004
0.026792049408
0.0270700454712
0.027321100235
0.0275700092316
0.027813911438
0.0300009250641
0.0302138328552
0.0303978919983
0.030571937561
0.0307688713074
0.0258560180664
0.0262598991394
0.0265779495239
0.0268840789795
0.027195930481
0.0478570461273
0.0481011867523
0.048269033432
0.0484480857849
0.0486171245575
0.0339260101318
0.0342829227448
0.0345969200134
0.0348899364471
0.0352129936218
0.0323209762573
0.0325920581818
0.0328869819641
0.0331029891968
0.0332810878754
0.0276160240173
0.0279121398926
0.0281801223755
0.0283980369568
0.0288469791412
0.0225517749786
0.0228807926178
0.0231018066406
0.023316860199
0.0237698554993
0.0272550582886
0.0278730392456
0.0282919406891
0.0291900634766
0.029776096344
0.0308449268341
0.0317349433899
0.032525062561
0.0333650112152
0.034677028656
0.0293481349945
0.0302629470825
0.0312359333038
0.0320439338684
0.0328121185303
0.0291321277618
0.030510187149
0.03151512146
0.0324230194092
0.033399105072
0.0335009098053
0.0344150066376
0.0355000495911
0.0362019538879
0.0368111133575
0.0314209461212
0.0326828956604
0.0338659286499
0.0350999832153
0.0362739562988
0.0234570503235
0.0243899822235
0.0253159999847
0.0261850357056
0.0270380973816
0.0291719436646
0.0293447971344
0.0295288562775
0.0297729969025
0.0300409793854
0.0252540111542
0.0256791114807
0.026202917099
0.0268659591675
0.0277740955353
0.0295791625977
0.030580997467
0.0320479869843
0.0330271720886
0.0338480472565
0.0476598739624
0.0493059158325
0.0508728027344
0.0524728298187
0.0541658401489
0.0272991657257
0.0275859832764
0.0277869701385
0.0280051231384
0.0282089710236
0.026869058609
0.0271029472351
0.0273039340973
0.0275120735168
0.027706861496
0.0325570106506
0.0327959060669
0.0332119464874
0.0341219902039
0.0351719856262
0.0374240875244
0.0382540225983
0.0386779308319
0.0390961170197
0.0395209789276
0.0324590206146
0.0328109264374
0.0330770015717
0.0340909957886
0.0348269939423
0.0270481109619
0.0283381938934
0.0292780399323
0.0302510261536
0.0310490131378
0.0255608558655
0.0266528129578
0.0276119709015
0.0286328792572
0.029552936554
0.0291850566864
0.0299530029297
0.0306341648102
0.0312280654907
0.0319390296936
0.0318288803101
0.0320620536804
0.0322279930115
0.0323829650879
0.0325739383698
0.0253829956055
0.0266718864441
0.0278708934784
0.0292909145355
0.0304219722748
0.0271580219269
0.0282440185547
0.0293800830841
0.0322699546814
0.0334861278534
0.0327570438385
0.0339269638062
0.0348191261292
0.0360491275787
0.0372009277344
0.0345368385315
0.0357429981232
0.0366268157959
0.0376667976379
0.0390388965607
0.0325770378113
0.0330090522766
0.0339131355286
0.034511089325
0.0347530841827
0.0323839187622
0.0325748920441
0.0327370166779
0.0328948497772
0.0330638885498
0.0283000469208
0.0287680625916
0.0297291278839
0.0308980941772
0.0322670936584
0.028312921524
0.0286440849304
0.0288779735565
0.029088973999
0.0293021202087
0.0262320041656
0.0264909267426
0.0267078876495
0.0269048213959
0.0270979404449
0.0268018245697
0.027135848999
0.0273628234863
0.0276029109955
0.0278148651123
0.0292489528656
0.0298500061035
0.0301048755646
0.030357837677
0.0306189060211
0.026939868927
0.0272588729858
0.0275888442993
0.0279059410095
0.0283308029175
0.0255360603333
0.0258061885834
0.0261631011963
0.0263910293579
0.026801109314
0.0283620357513
0.0292141437531
0.0296549797058
0.0299999713898
0.0302340984344
0.0393559932709
0.0404632091522
0.0477039813995
0.048641204834
0.05002617836
0.0301461219788
0.0304880142212
0.0307660102844
0.0310089588165
0.031229019165
0.025328874588
0.0267889499664
0.0282008647919
0.0296359062195
0.0307130813599
0.0311570167542
0.0321700572968
0.0331470966339
0.0338599681854
0.0345020294189
0.0484890937805
0.0491201877594
0.050017118454
0.0508041381836
0.0516271591187
0.0549890995026
0.0556750297546
0.0563871860504
0.0577800273895
0.0587511062622
0.0293519496918
0.030650138855
0.0315470695496
0.0322539806366
0.0329599380493
0.0360651016235
0.0363690853119
0.0366380214691
0.0368881225586
0.0380561351776
0.0284118652344
0.0286719799042
0.0288848876953
0.0290868282318
0.0292809009552
0.0221481323242
0.022360086441
0.0225470066071
0.0227270126343
0.0229091644287
0.0458781719208
0.0460770130157
0.0462560653687
0.0464661121368
0.046679019928
0.024337053299
0.024747133255
0.0250060558319
0.0253670215607
0.025642156601
0.0295128822327
0.0296850204468
0.029846906662
0.0300030708313
0.0301568508148
0.0278990268707
0.0281250476837
0.0283360481262
0.0285360813141
0.0287230014801
0.034500837326
0.0348539352417
0.0352058410645
0.0354628562927
0.0357508659363
0.0229971408844
0.023246049881
0.0235340595245
0.0238251686096
0.0240120887756
0.0309929847717
0.0312068462372
0.0315039157867
0.0316989421844
0.0319159030914
0.0319590568542
0.0322198867798
0.0324919223785
0.0327260494232
0.032958984375
0.0317649841309
0.0322911739349
0.0326471328735
0.0332670211792
0.0339331626892
0.0326671600342
0.0334010124207
0.0336999893188
0.0341200828552
0.034698009491
0.03919506073
0.0400881767273
0.0408420562744
0.0417082309723
0.0425090789795
0.0263068675995
0.0277168750763
0.0292799472809
0.030473947525
0.0315959453583
0.0293021202087
0.0301280021667
0.0310230255127
0.0320241451263
0.0331010818481
0.0345962047577
0.0348560810089
0.0351090431213
0.0353260040283
0.035521030426
0.0342597961426
0.0344779491425
0.0346639156342
0.034884929657
0.035071849823
0.0366888046265
0.0368897914886
0.0370779037476
0.0372519493103
0.037425994873
0.0337028503418
0.0351378917694
0.0363388061523
0.0370938777924
0.0383479595184
0.0381228923798
0.0389280319214
0.0397388935089
0.0405149459839
0.0416538715363
0.0289070606232
0.030522108078
0.0314431190491
0.0372111797333
0.0381841659546
0.0320479869843
0.0329949855804
0.0340399742126
0.0353758335114
0.0365538597107
0.0369420051575
0.0371651649475
0.0374150276184
0.0376579761505
0.0379030704498
0.0309569835663
0.0312421321869
0.0314359664917
0.0316350460052
0.0318291187286
0.0303249359131
0.0305230617523
0.0306930541992
0.0308620929718
0.0310499668121
0.0303699970245
0.0309641361237
0.0315449237823
0.0321350097656
0.0330319404602
0.0432260036469
0.0442659854889
0.0451979637146
0.0461370944977
0.0472159385681
0.0287580490112
0.0303540229797
0.0313990116119
0.0323140621185
0.0333189964294
0.0260579586029
0.0267860889435
0.0280721187592
0.0292799472809
0.0301790237427
0.0281221866608
0.0291559696198
0.0304961204529
0.0320310592651
0.0334630012512
0.0361430644989
0.0364720821381
0.0368881225586
0.0405440330505
0.0410730838776
0.0320739746094
0.0322558879852
0.0324149131775
0.0325739383698
0.0327458381653
0.0652480125427
0.0660481452942
0.0668790340424
0.067684173584
0.0685369968414
0.0288708209991
0.0293869972229
0.0296139717102
0.0298159122467
0.0313169956207
0.0283529758453
0.0285639762878
0.0287730693817
0.0289919376373
0.0291829109192
0.0392699241638
0.0396130084991
0.0399351119995
0.0402998924255
0.0406830310822
0.0277149677277
0.027988910675
0.028235912323
0.0286679267883
0.028981924057
0.0229110717773
0.023148059845
0.0233659744263
0.0235760211945
0.0238039493561
0.032408952713
0.0326449871063
0.0328841209412
0.0331130027771
0.033350944519
0.0277001857758
0.0279941558838
0.0283331871033
0.0287311077118
0.0290651321411
0.0264151096344
0.0267310142517
0.0269529819489
0.0272622108459
0.0276219844818
0.0408759117126
0.0411319732666
0.0413298606873
0.0415139198303
0.041718006134
0.0410008430481
0.041601896286
0.0419878959656
0.0423488616943
0.0425968170166
0.0385529994965
0.0390839576721
0.0395269393921
0.0397319793701
0.0400788784027
0.0331180095673
0.0334599018097
0.0344009399414
0.0346698760986
0.0351238250732
0.0396800041199
0.0400359630585
0.0403850078583
0.0407419204712
0.0410640239716
0.0417490005493
0.0420668125153
0.0423698425293
0.0429139137268
0.0432889461517
0.0553510189056
0.0556411743164
0.0558271408081
0.0560221672058
0.0562341213226
0.0291750431061
0.0301640033722
0.0311441421509
0.0324862003326
0.038624048233
0.0328960418701
0.0335900783539
0.0348160266876
0.0358281135559
0.0372111797333
0.0330858230591
0.0333437919617
0.033951997757
0.0343828201294
0.0351548194885
0.0377650260925
0.0389029979706
0.0429329872131
0.0436401367188
0.0446350574493
0.0284399986267
0.0477960109711
0.0480840206146
0.0483529567719
0.0487189292908
0.027548789978
0.0284638404846
0.0293109416962
0.0300188064575
0.0306689739227
0.0348029136658
0.0356469154358
0.0365629196167
0.0373768806458
0.038321018219
0.0355448722839
0.0365369319916
0.0377209186554
0.038763999939
0.0397789478302
0.0277659893036
0.028678894043
0.029373884201
0.0300748348236
0.03089594841
0.0471220016479
0.0483930110931
0.0491981506348
0.0501132011414
0.0509459972382
0.0260369777679
0.0262801647186
0.0264701843262
0.0266780853271
0.0269691944122
0.0345168113708
0.0347619056702
0.0352900028229
0.0357990264893
0.0361089706421
0.02969789505
0.0299060344696
0.0301070213318
0.0303099155426
0.0305120944977
0.0286200046539
0.028951883316
0.0292789936066
0.0295870304108
0.0299038887024
0.0503141880035
0.0505301952362
0.0507321357727
0.0509431362152
0.0513501167297
0.0279397964478
0.0287837982178
0.0295758247375
0.0302939414978
0.0311439037323
0.0272829532623
0.0277831554413
0.0282461643219
0.0287599563599
0.029060125351
0.029373884201
0.0299010276794
0.0301060676575
0.0303030014038
0.0305199623108
0.0280859470367
0.0300738811493
0.0311570167542
0.0321290493011
0.0332300662994
0.0330159664154
0.0339550971985
0.0346250534058
0.0353150367737
0.0359280109406
0.0280339717865
0.0290510654449
0.030613899231
0.0319530963898
0.0327870845795
0.0230422019958
0.0246670246124
0.0258510112762
0.0269041061401
0.027841091156
0.0289690494537
0.0293731689453
0.0297260284424
0.0300521850586
0.0306620597839
0.024612903595
0.0249178409576
0.0252048969269
0.0255079269409
0.0257089138031
0.0286409854889
0.0291879177094
0.0294990539551
0.0299868583679
0.030247926712
0.0228819847107
0.0231959819794
0.0236151218414
0.0238130092621
0.0241630077362
0.0376758575439
0.0383579730988
0.0387217998505
0.0390748977661
0.0393779277802
0.0322468280792
0.0335898399353
0.0345749855042
0.0347888469696
0.034991979599
0.0262739658356
0.0266110897064
0.027321100235
0.0281331539154
0.0289821624756
0.0185599327087
0.0193309783936
0.0198628902435
0.0284779071808
0.0287010669708
0.0242819786072
0.0244989395142
0.0247159004211
0.0248899459839
0.0250809192657
0.0314619541168
0.0316760540009
0.0318739414215
0.0320608615875
0.0322909355164
0.0260469913483
0.0262711048126
0.0264661312103
0.0266449451447
0.0268249511719
0.0348467826843
0.0352489948273
0.0355818271637
0.0359408855438
0.0362708568573
0.0249121189117
0.0251779556274
0.0254969596863
0.0258231163025
0.0261051654816
0.0290608406067
0.0292418003082
0.0294229984283
0.0295867919922
0.0297548770905
0.0325858592987
0.0331618785858
0.0338249206543
0.0344200134277
0.0352318286896
0.0276660919189
0.0281670093536
0.0288119316101
0.0304100513458
0.0317170619965
0.0292210578918
0.0301201343536
0.0306761264801
0.0318131446838
0.0332119464874
0.038113117218
0.0391619205475
0.0400700569153
0.0409550666809
0.0418839454651
0.0285251140594
0.0292320251465
0.0326690673828
0.033616065979
0.0343399047852
0.0261390209198
0.0264029502869
0.0266189575195
0.0268177986145
0.0270199775696
0.0268449783325
0.0271520614624
0.0285229682922
0.0287570953369
0.0289270877838
0.0277369022369
0.028107881546
0.0286190509796
0.0290629863739
0.0294899940491
0.0320470333099
0.0323100090027
0.0325529575348
0.032753944397
0.0329611301422
0.0281708240509
0.028548002243
0.0288739204407
0.0292038917542
0.0295298099518
0.0479550361633
0.0484449863434
0.048789024353
0.049103975296
0.0494191646576
0.0456619262695
0.0463349819183
0.0467529296875
0.0471549034119
0.0475690364838
0.040864944458
0.0413639545441
0.0418009757996
0.0469019412994
0.0478529930115
0.0370309352875
0.0406880378723
0.041405916214
0.0420320034027
0.0426969528198
0.0343940258026
0.0346550941467
0.0351040363312
0.0353281497955
0.0402131080627
0.0308001041412
0.0310430526733
0.031229019165
0.0314130783081
0.0316090583801
0.0331869125366
0.0334579944611
0.0337879657745
0.0339930057526
0.0342969894409
0.0241150856018
0.0244669914246
0.0249071121216
0.0252499580383
0.0266849994659
0.0478930473328
0.0483109951019
0.0486710071564
0.0490829944611
0.0494711399078
0.0282549858093
0.0284390449524
0.0286071300507
0.0287611484528
0.0289180278778
0.0345449447632
0.0348918437958
0.0351269245148
0.0353620052338
0.0355808734894
0.0360808372498
0.0363299846649
0.0365447998047
0.0370597839355
0.0374908447266
0.0491709709167
0.0496029853821
0.0499451160431
0.0506010055542
0.0512280464172
0.0387740135193
0.0401630401611
0.0407600402832
0.041365146637
0.0418691635132
0.030091047287
0.0306808948517
0.0311419963837
0.0315709114075
0.0320219993591
0.0312571525574
0.0315330028534
0.0317161083221
0.031907081604
0.0320999622345
0.0477781295776
0.0480749607086
0.0486540794373
0.0489580631256
0.0492079257965
0.0516638755798
0.0519449710846
0.0524048805237
0.0526700019836
0.0531189441681
0.0393979549408
0.0399029254913
0.0402710437775
0.0407800674438
0.0412490367889
0.0397839546204
0.0404968261719
0.0410070419312
0.0415289402008
0.0418889522552
0.0297720432281
0.0300500392914
0.030611038208
0.0311601161957
0.0314090251923
0.0238890647888
0.0246758460999
0.0253489017487
0.0261540412903
0.0268759727478
0.0277829170227
0.0280160903931
0.028223991394
0.0284209251404
0.0286219120026
0.0358469486237
0.0370178222656
0.0375838279724
0.0378549098969
0.0383679866791
0.0380289554596
0.0383729934692
0.0385649204254
0.0387828350067
0.0391919612885
0.0421550273895
0.0430090427399
0.0435528755188
0.0437920093536
0.0439729690552
0.0336201190948
0.033830165863
0.0343110561371
0.0345020294189
0.0346810817719
0.0256698131561
0.0360109806061
0.0362739562988
0.0364999771118
0.036700963974
0.0363450050354
0.0367441177368
0.0370950698853
0.0374200344086
0.037691116333
0.0269210338593
0.027172088623
0.0273962020874
0.0275750160217
0.027755022049
0.0416791439056
0.0418930053711
0.0420830249786
0.042268037796
0.0424411296844
0.0389370918274
0.0392050743103
0.039412021637
0.039626121521
0.0398321151733
0.0347108840942
0.0362560749054
0.0375969409943
0.0390000343323
0.0399968624115
0.0266408920288
0.0269730091095
0.027400970459
0.0276639461517
0.0278949737549
0.0452351570129
0.045578956604
0.0458290576935
0.0461111068726
0.0463750362396
0.0263020992279
0.0267910957336
0.0271880626678
0.0273931026459
0.0276851654053
0.0286281108856
0.028813123703
0.0289771556854
0.029137134552
0.0292961597443
0.0262970924377
0.0265610218048
0.0267851352692
0.0269939899445
0.0272190570831
0.021880865097
0.0225210189819
0.0229709148407
0.023423910141
0.0236608982086
0.0732760429382
0.0739119052887
0.0745480060577
0.0751278400421
0.0757019519806
0.0386641025543
0.0398569107056
0.0410499572754
0.0420761108398
0.0431730747223
0.0324950218201
0.033194065094
0.0338969230652
0.0345931053162
0.0361220836639
0.0373749732971
0.0381529331207
0.0388150215149
0.0394129753113
0.0400500297546
0.0278649330139
0.0286400318146
0.0293970108032
0.030396938324
0.0312991142273
0.036689043045
0.0375380516052
0.0383229255676
0.0885710716248
0.0893678665161
0.0310430526733
0.031259059906
0.0314490795135
0.0316410064697
0.0318241119385
0.0282909870148
0.0290539264679
0.0307829380035
0.0317950248718
0.0326859951019
0.0262379646301
0.0265018939972
0.0267000198364
0.0268769264221
0.0270519256592
0.027932882309
0.0299310684204
0.0309710502625
0.0318849086761
0.0331869125366
0.0248229503632
0.0250959396362
0.0253629684448
0.0255799293518
0.0257668495178
0.0285580158234
0.0293591022491
0.0301191806793
0.0308380126953
0.0318720340729
0.0344998836517
0.0352430343628
0.0361919403076
0.0370218753815
0.0378239154816
0.0341780185699
0.0348138809204
0.0355219841003
0.0362598896027
0.0368659496307
0.0334188938141
0.0352020263672
0.036484003067
0.0439701080322
0.0455360412598
0.0367569923401
0.0373601913452
0.0375940799713
0.0378150939941
0.0380110740662
0.0278389453888
0.0281820297241
0.0286679267883
0.0292608737946
0.0300240516663
0.0258629322052
0.0261628627777
0.0263688564301
0.0265848636627
0.0267889499664
0.0340139865875
0.0342960357666
0.0345499515533
0.0347940921783
0.0350270271301
0.0304939746857
0.0306730270386
0.0308408737183
0.0309989452362
0.0311589241028
0.0274829864502
0.0283780097961
0.0290141105652
0.0322751998901
0.0331010818481
0.0226039886475
0.0230247974396
0.0232629776001
0.0234858989716
0.0237457752228
0.0222499370575
0.022586107254
0.0229549407959
0.0231730937958
0.0234289169312
0.0314929485321
0.0318338871002
0.0321679115295
0.0324859619141
0.0328099727631
0.0303580760956
0.0307230949402
0.0310740470886
0.0313260555267
0.0317540168762
0.0289528369904
0.0291969776154
0.029403924942
0.0295920372009
0.0298008918762
0.0247149467468
0.0254378318787
0.0260999202728
0.0268080234528
0.0277400016785
0.0297260284424
0.0307610034943
0.0319359302521
0.0330128669739
0.0341529846191
0.0265429019928
0.027498960495
0.0283710956573
0.029275894165
0.030168056488
0.0333199501038
0.0346279144287
0.0354509353638
0.0373868942261
0.0390598773956
0.0410690307617
0.0425651073456
0.0436611175537
0.0445339679718
0.0457241535187
0.0252349376678
0.0268819332123
0.0283808708191
0.0298969745636
0.0310428142548
0.0308940410614
0.0322098731995
0.033989906311
0.0352339744568
0.0362830162048
0.025906085968
0.0269200801849
0.0280900001526
0.0289409160614
0.0300490856171
0.0354499816895
0.0363600254059
0.0372960567474
0.0380711555481
0.0388300418854
0.0290789604187
0.0297110080719
0.0302939414978
0.0308768749237
0.0315978527069
0.0337519645691
0.0352509021759
0.0361008644104
0.0369868278503
0.037957906723
0.0448570251465
0.0456171035767
0.0462131500244
0.0468711853027
0.0474891662598
0.0398488044739
0.0400450229645
0.0402050018311
0.0403528213501
0.0405008792877
0.0316801071167
0.0319321155548
0.0322449207306
0.0324931144714
0.0328888893127
0.0259540081024
0.0263428688049
0.0266997814178
0.0270597934723
0.0274310112
0.0273649692535
0.0276839733124
0.0279929637909
0.0283079147339
0.028627872467
0.0285320281982
0.0287718772888
0.0290689468384
0.0293498039246
0.0296349525452
0.0240371227264
0.0244159698486
0.0247659683228
0.0251190662384
0.0254759788513
0.032782793045
0.033234834671
0.0336308479309
0.034078836441
0.034393787384
0.0429041385651
0.0437850952148
0.0446929931641
0.0455689430237
0.0463910102844
0.0375301837921
0.03822016716
0.0390450954437
0.0397131443024
0.0404810905457
0.0382659435272
0.0388820171356
0.0394780635834
0.0400469303131
0.0407280921936
0.0367519855499
0.0369839668274
0.0371479988098
0.0373048782349
0.0374579429626
0.0372819900513
0.0381689071655
0.038654088974
0.0393528938293
0.0397338867188
0.0322730541229
0.0326330661774
0.0329990386963
0.0333361625671
0.0339269638062
0.0367820262909
0.0376870632172
0.0383911132812
0.0388269424438
0.0390801429749
0.0294029712677
0.0304710865021
0.031270980835
0.0321140289307
0.0331439971924
0.0328350067139
0.0343120098114
0.0357360839844
0.0384340286255
0.0405449867249
0.0364968776703
0.0378758907318
0.0393509864807
0.0404539108276
0.047966003418
0.028205871582
0.0288548469543
0.029659986496
0.0303390026093
0.0309300422668
0.034873008728
0.0351090431213
0.035297870636
0.0359830856323
0.036957025528
0.0268540382385
0.0275421142578
0.0279650688171
0.0287051200867
0.029256105423
0.0231618881226
0.0236279964447
0.0240709781647
0.0244100093842
0.0247218608856
0.0324909687042
0.0328321456909
0.0331211090088
0.0333640575409
0.0335490703583
0.0261249542236
0.0263469219208
0.0265169143677
0.0266778469086
0.0268409252167
0.0384798049927
0.0387318134308
0.0393438339233
0.0400710105896
0.0411808490753
0.0242600440979
0.0249729156494
0.0260000228882
0.0267889499664
0.0275988578796
0.0303189754486
0.0305509567261
0.0307128429413
0.0308690071106
0.0310280323029
0.0261471271515
0.0264790058136
0.0272109508514
0.0282700061798
0.0290150642395
0.0264668464661
0.0266399383545
0.0268058776855
0.0269680023193
0.0271239280701
0.037024974823
0.0378589630127
0.0385370254517
0.0396208763123
0.0406079292297
0.0310599803925
0.0312569141388
0.031769990921
0.0325589179993
0.033264875412
0.0373101234436
0.0380651950836
0.0388951301575
0.0430560112
0.0437760353088
0.0253858566284
0.0255689620972
0.0257258415222
0.02596783638
0.0261578559875
0.0329949855804
0.033164024353
0.0333209037781
0.0334711074829
0.0337719917297
0.0254499912262
0.0257301330566
0.0259311199188
0.0261001586914
0.0262980461121
0.0325489044189
0.0327589511871
0.0329508781433
0.0333528518677
0.0337409973145
0.0301678180695
0.0304009914398
0.0306220054626
0.0308239459991
0.0322349071503
0.0332410335541
0.0334620475769
0.0336470603943
0.0338909626007
0.0341029167175
0.029228925705
0.0294330120087
0.0296468734741
0.0298619270325
0.0301008224487
0.0294258594513
0.0296649932861
0.0298879146576
0.0303399562836
0.0305278301239
0.0367560386658
0.0371158123016
0.0374329090118
0.0377428531647
0.038055896759
0.0259540081024
0.0264348983765
0.0268430709839
0.0271689891815
0.0274250507355
0.0370059013367
0.0375349521637
0.0379929542542
0.0385088920593
0.0390558242798
0.0312829017639
0.031683921814
0.0331478118896
0.0333659648895
0.033784866333
0.0263030529022
0.0265431404114
0.0267271995544
0.0269100666046
0.0271000862122
0.0304958820343
0.0306899547577
0.0308599472046
0.031017780304
0.0311808586121
0.0356872081757
0.0358910560608
0.036062002182
0.0362360477448
0.0364060401917
0.0353491306305
0.0355379581451
0.0357019901276
0.0360639095306
0.0365300178528
0.0275020599365
0.0279641151428
0.0283920764923
0.0288031101227
0.0292229652405
0.0283107757568
0.0285038948059
0.0286719799042
0.0288398265839
0.0290098190308
0.0262780189514
0.0265519618988
0.0267770290375
0.026985168457
0.0272209644318
0.0294909477234
0.02973985672
0.0299739837646
0.0301368236542
0.0302979946136
0.0284390449524
0.0286610126495
0.0288701057434
0.0291090011597
0.0293719768524
0.0268700122833
0.0276260375977
0.0279729366302
0.0283119678497
0.028578042984
0.0255658626556
0.0257549285889
0.0259249210358
0.0260879993439
0.0262489318848
0.029659986496
0.0300731658936
0.0303890705109
0.0350201129913
0.0354571342468
0.0413038730621
0.041944026947
0.0425009727478
0.0430788993835
0.0438668727875
0.0357480049133
0.0365619659424
0.0372290611267
0.0378558635712
0.0384979248047
0.0324728488922
0.0327229499817
0.0329039096832
0.0330808162689
0.0334939956665
0.0387740135193
0.0390071868896
0.0392150878906
0.0394389629364
0.0409719944
0.0276789665222
0.0288589000702
0.0305950641632
0.0317668914795
0.0332190990448
0.0381519794464
0.0407400131226
0.0416719913483
0.0425879955292
0.043496131897
0.0308411121368
0.0320498943329
0.0331969261169
0.0346539020538
0.0357310771942
0.0323398113251
0.0332498550415
0.0346438884735
0.0352787971497
0.0367579460144
0.0314440727234
0.0324249267578
0.0367081165314
0.0375969409943
0.0387079715729
0.0422158241272
0.0436058044434
0.0447828769684
0.0459997653961
0.0472559928894
0.0332210063934
0.0343570709229
0.0353109836578
0.0404369831085
0.0413041114807
0.0339529514313
0.0351250171661
0.0359628200531
0.0367610454559
0.0376269817352
0.0361270904541
0.037535905838
0.0387210845947
0.0396430492401
0.0404419898987
0.0389549732208
0.039391040802
0.0397081375122
0.0399551391602
0.0402200222015
0.0363199710846
0.036691904068
0.0369729995728
0.0371980667114
0.0374150276184
0.031858921051
0.0349500179291
0.0366060733795
0.0377600193024
0.039039850235
0.0302700996399
0.0317831039429
0.032879114151
0.0347681045532
0.0358409881592
0.0414879322052
0.0416700839996
0.041827917099
0.0419900417328
0.0423359870911
0.0246741771698
0.0249750614166
0.0252921581268
0.0255041122437
0.0256669521332
0.0303690433502
0.0305991172791
0.0308248996735
0.0310349464417
0.0312509536743
0.0300140380859
0.0303418636322
0.0306258201599
0.0310020446777
0.0315940380096
0.0269939899445
0.0273649692535
0.0276339054108
0.0278339385986
0.0280349254608
0.0277950763702
0.0280160903931
0.0282092094421
0.0283901691437
0.0285620689392
0.0276939868927
0.0279450416565
0.0281641483307
0.0285789966583
0.0287971496582
0.0302550792694
0.030592918396
0.0311720371246
0.0314788818359
0.0317668914795
0.0367391109467
0.0371029376984
0.0374701023102
0.0378069877625
0.0381410121918
0.0274901390076
0.0277259349823
0.0279779434204
0.0282211303711
0.0284430980682
0.0282850265503
0.0289959907532
0.0297260284424
0.030375957489
0.031042098999
0.0415680408478
0.0418100357056
0.0420861244202
0.0423219203949
0.0430099964142
0.03116106987
0.0317339897156
0.0322570800781
0.033185005188
0.0340750217438
0.034276008606
0.0351469516754
0.036071062088
0.0374388694763
0.0382249355316
0.0301809310913
0.0317449569702
0.0326058864594
0.033499956131
0.0345330238342
0.0327777862549
0.033401966095
0.0344429016113
0.0350379943848
0.0358610153198
0.0318560600281
0.0325419902802
0.0334720611572
0.0345599651337
0.0353651046753
0.0362749099731
0.0378108024597
0.0386829376221
0.0399680137634
0.0410659313202
0.028037071228
0.0289549827576
0.03014087677
0.0315420627594
0.0326659679413
0.038341999054
0.0396778583527
0.041209936142
0.0426239967346
0.0438590049744
0.0444619655609
0.0451898574829
0.0460820198059
0.0470209121704
0.0483169555664
0.0269079208374
0.0283720493317
0.0296490192413
0.0307910442352
0.0320880413055
0.0348749160767
0.0361371040344
0.0373449325562
0.0386409759521
0.0398869514465
0.0292310714722
0.0303108692169
0.0315408706665
0.0327310562134
0.0341849327087
0.0276811122894
0.0287809371948
0.0299351215363
0.0311169624329
0.0322279930115
0.04456615448
0.0457351207733
0.0463690757751
0.0474901199341
0.0483832359314
0.0422451496124
0.0432240962982
0.043566942215
0.0439929962158
0.0448019504547
0.0281810760498
0.0291421413422
0.02996301651
0.0309391021729
0.0317800045013
0.0283720493317
0.0296771526337
0.031121969223
0.0421659946442
0.0435111522675
0.0331349372864
0.0340349674225
0.0344638824463
0.0353908538818
0.0362658500671
0.043848991394
0.045961856842
0.0481579303741
0.0503280162811
0.0524649620056
0.0485379695892
0.0499050617218
0.051216840744
0.0524258613586
0.053514957428
0.0265100002289
0.0272510051727
0.0279431343079
0.028687953949
0.0293850898743
0.0244579315186
0.0254108905792
0.026428937912
0.0273108482361
0.0280699729919
0.027113199234
0.0279181003571
0.0285181999207
0.0290989875793
0.0297570228577
0.0186998844147
0.0223569869995
0.0231900215149
0.02383685112
0.024463891983
0.0311920642853
0.0321989059448
0.0331389904022
0.0339949131012
0.0349059104919
0.0297060012817
0.0303869247437
0.0311329364777
0.0318439006805
0.0324637889862
0.0331180095673
0.033438205719
0.0336890220642
0.0339150428772
0.034145116806
0.0253841876984
0.0255720615387
0.025740146637
0.0261301994324
0.0269641876221
0.0285279750824
0.029205083847
0.0298540592194
0.0305540561676
0.0313441753387
0.0349681377411
0.0353281497955
0.0356819629669
0.0362610816956
0.0369870662689
0.0302510261536
0.030590057373
0.0311291217804
0.0322639942169
0.0333340167999
0.0343849658966
0.0347571372986
0.03511095047
0.0354690551758
0.036082983017
0.0218298435211
0.0221500396729
0.0224449634552
0.0227439403534
0.0230460166931
0.0362830162048
0.0366311073303
0.0368590354919
0.0370471477509
0.0372281074524
0.0276000499725
0.0278260707855
0.0280060768127
0.0283560752869
0.028557062149
0.0507378578186
0.0510849952698
0.0525088310242
0.0535619258881
0.0539457798004
0.0299830436707
0.0303599834442
0.030730009079
0.0311050415039
0.031494140625
0.0256719589233
0.0267341136932
0.0274651050568
0.0287570953369
0.0297541618347
0.0435349941254
0.0439989566803
0.0442609786987
0.0447099208832
0.0464799404144
0.0298941135406
0.0346341133118
0.0357820987701
0.0369191169739
0.0380539894104
0.0269289016724
0.0281209945679
0.0291750431061
0.0370478630066
0.0386960506439
0.0278799533844
0.0287230014801
0.0297141075134
0.0311200618744
0.0322871208191
0.0397999286652
0.0401167869568
0.0404458045959
0.0407059192657
0.0410199165344
0.0357179641724
0.0359530448914
0.036141872406
0.0364639759064
0.0368628501892
0.0368130207062
0.0371091365814
0.0373260974884
0.0375781059265
0.0377690792084
0.0278880596161
0.0281119346619
0.0283219814301
0.0284888744354
0.0286500453949
0.029531955719
0.0307490825653
0.0317358970642
0.0326490402222
0.0333950519562
0.0285620689392
0.0289900302887
0.0292139053345
0.0293939113617
0.029571056366
0.0268790721893
0.0271859169006
0.02738904953
0.0276010036469
0.0280790328979
0.022323846817
0.0225150585175
0.022677898407
0.0228290557861
0.0230309963226
0.0254499912262
0.025680065155
0.0258760452271
0.0260601043701
0.0262250900269
0.0324811935425
0.0327830314636
0.0330920219421
0.0334060192108
0.0338251590729
0.0310831069946
0.03142619133
0.031800031662
0.0321850776672
0.0325570106506
0.0351519584656
0.0353739261627
0.0355701446533
0.03577709198
0.036276102066
0.0556819438934
0.0569248199463
0.0578379631042
0.0596358776093
0.0607349872589
0.0348091125488
0.0357182025909
0.0369601249695
0.0383629798889
0.0394651889801
0.0398850440979
0.0406370162964
0.0412969589233
0.0421929359436
0.0431230068207
0.0362629890442
0.0378320217133
0.039272069931
0.0402979850769
0.0414760112762
0.0333211421967
0.034303188324
0.0353951454163
0.0365769863129
0.0375170707703
0.0280737876892
0.0283989906311
0.0287477970123
0.0290348529816
0.0292539596558
0.0267970561981
0.0270099639893
0.0271999835968
0.0273990631104
0.0276091098785
0.030965089798
0.0317800045013
0.0327911376953
0.0336430072784
0.0344541072845
0.0281448364258
0.0289947986603
0.0296897888184
0.030378818512
0.0310029983521
0.0256621837616
0.0262711048126
0.0269441604614
0.0275890827179
0.0328981876373
0.0470798015594
0.0478088855743
0.0484359264374
0.0492179393768
0.0499048233032
0.026328086853
0.0270318984985
0.0277779102325
0.0284180641174
0.0290699005127
0.0298478603363
0.0305149555206
0.0313608646393
0.0322389602661
0.0333259105682
0.0329229831696
0.0331611633301
0.0333740711212
0.0336031913757
0.033833026886
0.0244920253754
0.0249221324921
0.0252969264984
0.0256929397583
0.0262610912323
0.0411150455475
0.0414321422577
0.041671037674
0.0419840812683
0.0422310829163
0.0308210849762
0.0310912132263
0.0314362049103
0.0319581031799
0.0321872234344
0.0273249149323
0.0278608798981
0.028146982193
0.028342962265
0.0291068553925
0.0404350757599
0.0406770706177
0.040874004364
0.0410349369049
0.0411899089813
0.0700361728668
0.0702970027924
0.0705270767212
0.0707471370697
0.0710389614105
0.0298638343811
0.0310218334198
0.0321829319
0.0335998535156
0.0344250202179
0.0389220714569
0.0391199588776
0.0392980575562
0.0395231246948
0.0399770736694
0.0324699878693
0.0336639881134
0.0349481105804
0.0358691215515
0.0366930961609
0.0387659072876
0.0389540195465
0.0391271114349
0.0392830371857
0.039608001709
0.022057056427
0.0222730636597
0.0224721431732
0.0226800441742
0.0228900909424
0.0365200042725
0.0370209217072
0.0373890399933
0.0377440452576
0.0380640029907
0.0315139293671
0.0317490100861
0.0319638252258
0.0322580337524
0.0324430465698
0.0388741493225
0.0390679836273
0.0392279624939
0.0393879413605
0.0395431518555
0.0306329727173
0.0310020446777
0.0313470363617
0.0322210788727
0.0334630012512
0.0285029411316
0.0291850566864
0.0300228595734
0.0308358669281
0.0316159725189
0.035660982132
0.0363919734955
0.0370230674744
0.0376069545746
0.0383179187775
0.0370128154755
0.0377979278564
0.0385088920593
0.0392060279846
0.0398008823395
0.0279250144958
0.0288209915161
0.0296261310577
0.0303010940552
0.0309231281281
0.0243089199066
0.0254378318787
0.0267019271851
0.0284888744354
0.0293459892273
0.0282859802246
0.0300719738007
0.0310280323029
0.031779050827
0.0328040122986
0.0329031944275
0.0342240333557
0.0351731777191
0.036041021347
0.03688621521
0.0301611423492
0.0311009883881
0.0323331356049
0.033303976059
0.0342371463776
0.029000043869
0.0302460193634
0.0315368175507
0.0324559211731
0.034019947052
0.0304079055786
0.0319290161133
0.0335400104523
0.0399920940399
0.0433070659637
0.0263690948486
0.0275900363922
0.0292980670929
0.0303249359131
0.0311889648438
0.0349068641663
0.0358529090881
0.037013053894
0.0382959842682
0.0399050712585
0.0470089912415
0.0477650165558
0.04847407341
0.0494441986084
0.0506880283356
0.0244832038879
0.0246951580048
0.0248861312866
0.0250689983368
0.0252411365509
0.0267667770386
0.0269639492035
0.0271639823914
0.0273399353027
0.0275387763977
0.0401849746704
0.0403890609741
0.0405769348145
0.0407590866089
0.0414080619812
0.0629448890686
0.0631740093231
0.0633878707886
0.0635809898376
0.063766002655
0.0369229316711
0.0376920700073
0.0384049415588
0.0391240119934
0.0398290157318
0.0346219539642
0.0354449748993
0.0367579460144
0.0381841659546
0.0390710830688
0.0691611766815
0.0772740840912
0.0795481204987
0.0810492038727
0.0868911743164
0.0380051136017
0.0387229919434
0.0393509864807
0.0401790142059
0.0412261486053
0.0378701686859
0.0389680862427
0.039920091629
0.0408082008362
0.0417602062225
0.0326039791107
0.0332849025726
0.0338261127472
0.0343689918518
0.0349140167236
0.031182050705
0.0321090221405
0.0326850414276
0.0333330631256
0.0340888500214
0.0282740592957
0.0288980007172
0.029443025589
0.0301971435547
0.0309300422668
0.0358781814575
0.0370631217957
0.0382940769196
0.0394539833069
0.0404770374298
0.0336499214172
0.0345239639282
0.0354599952698
0.0365259647369
0.0375618934631
0.0296378135681
0.0305819511414
0.0314958095551
0.0324659347534
0.0383899211884
0.0338699817657
0.0354461669922
0.0362250804901
0.0370321273804
0.0379140377045
0.0406060218811
0.0419120788574
0.0477750301361
0.0493569374084
0.0504529476166
0.0289299488068
0.0297567844391
0.0306248664856
0.0314958095551
0.0324277877808
0.0246291160583
0.0255482196808
0.0266931056976
0.0277152061462
0.0291090011597
0.0286989212036
0.0299091339111
0.0308599472046
0.0320479869843
0.032830953598
0.0310649871826
0.0319721698761
0.0333421230316
0.0342960357666
0.0355730056763
0.0334460735321
0.0345091819763
0.0353021621704
0.0362820625305
0.037379026413
0.0381391048431
0.038360118866
0.0385940074921
0.0388081073761
0.038990020752
0.0302250385284
0.0307431221008
0.0312299728394
0.0317471027374
0.0322539806366
0.0345680713654
0.0352520942688
0.0358831882477
0.0362269878387
0.0371379852295
0.0258240699768
0.0263500213623
0.0266799926758
0.0272359848022
0.0278911590576
0.0307009220123
0.0310599803925
0.0317010879517
0.0319259166718
0.0321109294891
0.037938117981
0.0382440090179
0.0387160778046
0.0389821529388
0.0394401550293
0.0469880104065
0.0485961437225
0.049506187439
0.0504140853882
0.0512959957123
0.0348420143127
0.0355780124664
0.0366249084473
0.0375130176544
0.0385420322418
0.0306680202484
0.0337250232697
0.0349440574646
0.0362341403961
0.0375580787659
0.0329070091248
0.0356829166412
0.0369877815247
0.0380449295044
0.0389878749847
0.0279879570007
0.0286431312561
0.0292329788208
0.0298140048981
0.0305569171906
0.0296051502228
0.0301451683044
0.0304090976715
0.0310101509094
0.0314681529999
0.0406699180603
0.0415909290314
0.0422627925873
0.0431838035583
0.0441219806671
0.0360341072083
0.0362229347229
0.0364370346069
0.036612033844
0.0369970798492
0.0384249687195
0.0387020111084
0.0391228199005
0.0394539833069
0.0398139953613
0.0301010608673
0.031571149826
0.0332231521606
0.0347440242767
0.0436351299286
0.0426540374756
0.0493531227112
0.0501980781555
0.0511240959167
0.0521171092987
0.0483009815216
0.0491619110107
0.0498888492584
0.0506339073181
0.0514760017395
0.0379319190979
0.0394489765167
0.0411028862
0.0426049232483
0.0440018177032
0.0281939506531
0.0298299789429
0.0363237857819
0.0375649929047
0.0388519763947
0.0341010093689
0.035295009613
0.0363230705261
0.0372989177704
0.0381889343262
0.0365030765533
0.0384571552277
0.0472772121429
0.0485520362854
0.0498859882355
0.0309548377991
0.0318179130554
0.0330018997192
0.034255027771
0.0355050563812
0.0351839065552
0.0366170406342
0.0408248901367
0.0424289703369
0.0435888767242
0.0234529972076
0.0368649959564
0.0381550788879
0.0395469665527
0.0411479473114
0.0488209724426
0.0499830245972
0.0507719516754
0.0515308380127
0.0526859760284
0.034823179245
0.0354599952698
0.0360131263733
0.0362720489502
0.0364899635315
0.0300137996674
0.0306179523468
0.0310988426208
0.031641960144
0.0321400165558
0.0330810546875
0.0348310470581
0.0362551212311
0.03737616539
0.0384249687195
0.0256309509277
0.0261387825012
0.0269589424133
0.0280590057373
0.0287129878998
0.0310850143433
0.0324091911316
0.0333821773529
0.0343811511993
0.0355331897736
0.0405008792877
0.0442750453949
0.0453119277954
0.0464749336243
0.0474650859833
0.0329549312592
0.0339870452881
0.034893989563
0.0358901023865
0.0371010303497
0.026083946228
0.027487039566
0.0287759304047
0.0295090675354
0.0303590297699
0.0263409614563
0.0268561840057
0.0275251865387
0.0285921096802
0.0292429924011
0.0250010490417
0.0252158641815
0.0254218578339
0.0255990028381
0.0257709026337
0.0232939720154
0.0235679149628
0.0237648487091
0.024158000946
0.0251708030701
0.0328578948975
0.033234834671
0.0334849357605
0.0336890220642
0.0338819026947
0.0323219299316
0.0325870513916
0.0327739715576
0.0330150127411
0.0334029197693
0.0362730026245
0.0364880561829
0.0366690158844
0.0368509292603
0.0370259284973
0.0352048873901
0.0354418754578
0.0357029438019
0.0359580516815
0.0361618995667
0.0297291278839
0.0300040245056
0.0301880836487
0.0304110050201
0.0305919647217
0.0325372219086
0.0334930419922
0.0344541072845
0.0354490280151
0.0363590717316
0.0321609973907
0.0339059829712
0.0351068973541
0.0363600254059
0.0374109745026
0.043986082077
0.045361995697
0.0463390350342
0.0473380088806
0.0483460426331
0.0320661067963
0.0323810577393
0.0326170921326
0.0328159332275
0.0330049991608
0.0286040306091
0.0290019512177
0.0293078422546
0.029629945755
0.029944896698
0.0306551456451
0.0309889316559
0.0312831401825
0.0331180095673
0.0334930419922
0.0286631584167
0.0290629863739
0.0294930934906
0.0302290916443
0.0309660434723
0.0400528907776
0.0405440330505
0.0407888889313
0.0414469242096
0.0418119430542
0.0266888141632
0.0280787944794
0.0289750099182
0.029935836792
0.0308089256287
0.0433039665222
0.0436308383942
0.0439538955688
0.0442678928375
0.0445749759674
0.0261731147766
0.0263710021973
0.0265531539917
0.0267250537872
0.02689909935
0.0366759300232
0.0369200706482
0.0371189117432
0.0375289916992
0.0381500720978
0.0271551609039
0.0275871753693
0.0278491973877
0.0281970500946
0.0284461975098
0.0307378768921
0.0309278964996
0.0310919284821
0.0314218997955
0.0316579341888
0.037477016449
0.0391170978546
0.0404031276703
0.0417001247406
0.0485620498657
0.0328760147095
0.0337920188904
0.0344309806824
0.0361409187317
0.0408098697662
0.0352098941803
0.0361328125
0.0366218090057
0.037458896637
0.0379459857941
0.0370349884033
0.0377900600433
0.038624048233
0.0392751693726
0.0441989898682
0.0309607982635
0.0317058563232
0.0329928398132
0.0338318347931
0.0348889827728
0.0361561775208
0.0375850200653
0.0389020442963
0.0402221679688
0.0410721302032
0.0331211090088
0.0343151092529
0.0352871417999
0.0361330509186
0.0370690822601
0.0526452064514
0.0528371334076
0.0530481338501
0.0532901287079
0.0536382198334
0.0307929515839
0.0310678482056
0.0313358306885
0.0320808887482
0.0331499576569
0.0244379043579
0.024619102478
0.0247759819031
0.024936914444
0.0250930786133
0.0274620056152
0.0276958942413
0.0278830528259
0.0280828475952
0.0283010005951
0.0305879116058
0.0308730602264
0.0316669940948
0.0326249599457
0.0334959030151
0.0299150943756
0.0306730270386
0.0313129425049
0.0343019962311
0.0353071689606
0.0277371406555
0.0279271602631
0.028116941452
0.0282990932465
0.0284650325775
0.0291748046875
0.0293939113617
0.0296008586884
0.029816865921
0.0302197933197
0.0252628326416
0.0256199836731
0.025897026062
0.0261259078979
0.026330947876
0.0248260498047
0.0252301692963
0.0256049633026
0.0259680747986
0.0263171195984
0.0273661613464
0.0277841091156
0.02809715271
0.0284900665283
0.0303502082825
0.0291080474854
0.0293300151825
0.0295069217682
0.0296819210052
0.029895067215
0.0284922122955
0.0288650989532
0.0290780067444
0.0293390750885
0.0295460224152
0.0261118412018
0.0266809463501
0.0270109176636
0.0278580188751
0.0284240245819
0.055046081543
0.0554020404816
0.0713360309601
0.0723450183868
0.0730440616608
0.0293548107147
0.0302019119263
0.0310490131378
0.0318238735199
0.0326797962189
0.0319709777832
0.0330789089203
0.0340979099274
0.0417718887329
0.0429148674011
0.0254809856415
0.0258190631866
0.026153087616
0.0264921188354
0.0268049240112
0.0229120254517
0.0231120586395
0.0232880115509
0.0234799385071
0.0243380069733
0.0283870697021
0.0285820960999
0.0287640094757
0.0289340019226
0.0291080474854
0.0283598899841
0.0287308692932
0.0290780067444
0.032607793808
0.0329658985138
0.022577047348
0.0232789516449
0.0241589546204
0.02476811409
0.0255999565125
0.0335338115692
0.0338468551636
0.0342810153961
0.0347409248352
0.0354750156403
0.0349628925323
0.0354738235474
0.0357518196106
0.0363209247589
0.0368587970734
0.0400941371918
0.0408129692078
0.0411701202393
0.0414581298828
0.0420529842377
0.0381259918213
0.0383939743042
0.0386128425598
0.038881778717
0.039137840271
0.0318081378937
0.0320270061493
0.0322260856628
0.032427072525
0.032644033432
0.0224449634552
0.0227818489075
0.0229859352112
0.0231719017029
0.0236659049988
0.0340809822083
0.03449010849
0.0347640514374
0.0350410938263
0.035315990448
0.0310771465302
0.0314252376556
0.0317480564117
0.0320930480957
0.0324220657349
0.03630900383
0.0366220474243
0.036847114563
0.0370590686798
0.0374550819397
0.0314490795135
0.0318689346313
0.0321271419525
0.0324630737305
0.0327661037445
0.0394089221954
0.0397908687592
0.040158033371
0.0405008792877
0.0408329963684
0.0275800228119
0.0286619663239
0.0296709537506
0.0308308601379
0.0319030284882
0.0333971977234
0.0348920822144
0.0358819961548
0.0367710590363
0.0377621650696
0.0301079750061
0.0312180519104
0.0319919586182
0.0327560901642
0.0335619449615
0.0300309658051
0.0320179462433
0.0372920036316
0.038370847702
0.0394098758698
0.0408580303192
0.0450069904327
0.0461800098419
0.0475599765778
0.0487389564514
0.0432810783386
0.0445749759674
0.0455551147461
0.0464961528778
0.0474171638489
0.0346601009369
0.0358951091766
0.0373680591583
0.0385310649872
0.039922952652
0.0438690185547
0.0445368289948
0.0449938774109
0.0453448295593
0.0455768108368
0.0308630466461
0.0320339202881
0.0327429771423
0.0377869606018
0.0386390686035
0.0271668434143
0.0281090736389
0.0287249088287
0.0294089317322
0.0299170017242
0.027107000351
0.0276968479156
0.0280859470367
0.0284209251404
0.0289340019226
0.0286920070648
0.029531955719
0.0303258895874
0.0309669971466
0.0315899848938
0.0339419841766
0.0347781181335
0.0354969501495
0.0363900661469
0.0371119976044
0.0264539718628
0.0268969535828
0.0272169113159
0.0274889469147
0.0278589725494
0.0312030315399
0.0315248966217
0.0317649841309
0.0321528911591
0.0331449508667
0.0271189212799
0.0274868011475
0.0279409885406
0.0283949375153
0.0287129878998
0.0277109146118
0.0284278392792
0.0297470092773
0.0304470062256
0.0310988426208
0.0364420413971
0.0371820926666
0.0379891395569
0.0386681556702
0.045401096344
0.0479850769043
0.0488049983978
0.049633026123
0.0503561496735
0.0511090755463
0.0318920612335
0.0327839851379
0.0344619750977
0.0356819629669
0.0373990535736
0.0280339717865
0.0289528369904
0.0300779342651
0.030928850174
0.031721830368
0.0378270149231
0.038910150528
0.0397679805756
0.0406701564789
0.0415410995483
0.0394740104675
0.0404000282288
0.0413601398468
0.0426270961761
0.0437421798706
0.0355370044708
0.0365500450134
0.0376830101013
0.039155960083
0.0404949188232
0.0409140586853
0.041839838028
0.0427858829498
0.0436308383942
0.0446579456329
0.0326340198517
0.0336081981659
0.0343890190125
0.0385510921478
0.0400121212006
0.0259048938751
0.0263159275055
0.0269799232483
0.027373790741
0.0276889801025
0.0275800228119
0.0283951759338
0.0298099517822
0.0308029651642
0.0319671630859
0.0304589271545
0.0317270755768
0.0326569080353
0.0337150096893
0.0346438884735
0.0291910171509
0.0312221050262
0.0322570800781
0.0332989692688
0.0343639850616
0.0341589450836
0.0353009700775
0.0361227989197
0.0369458198547
0.038067817688
0.0421569347382
0.0432288646698
0.0441899299622
0.0451838970184
0.0460760593414
0.0424828529358
0.0440618991852
0.0452878475189
0.04647397995
0.0475299358368
0.0319859981537
0.0335879325867
0.0402400493622
0.0420219898224
0.0433938503265
0.0313799381256
0.0325860977173
0.0338311195374
0.035129070282
0.036318063736
0.