0.0232121944427
0.0237731933594
0.024295091629
0.0247430801392
0.0252661705017
0.0255661010742
0.00214815139771
0.00400710105896
0.0045850276947
0.00512909889221
0.0450820922852
0.0454120635986
0.0457241535187
0.0460369586945
0.0463399887085
0.0285339355469
0.0292370319366
0.0299029350281
0.000638961791992
0.00173282623291
0.0416820049286
0.0420558452606
0.0423710346222
0.0426869392395
0.0429899692535
0.0326218605042
0.0330109596252
0.00214815139771
0.00241708755493
0.00272107124329
0.0365829467773
0.036808013916
0.0370161533356
0.00270318984985
0.00309300422668
0.0326220989227
0.0329620838165
0.0332400798798
0.0335161685944
0.0337920188904
0.0380389690399
0.00176286697388
0.0022988319397
0.00338888168335
0.00370597839355
0.0354959964752
0.0359508991241
0.00188302993774
0.002436876297
0.00310087203979
0.0443060398102
0.0445170402527
0.0446949005127
0.0448658466339
0.0450389385223
0.0326209068298
0.033360004425
0.00429487228394
0.00453901290894
0.00474691390991
0.0300989151001
0.030503988266
0.00166416168213
0.00249099731445
0.00291609764099
0.0413880348206
0.0418570041656
0.00182604789734
0.00260496139526
0.00321698188782
0.0250160694122
0.0252139568329
0.025398015976
0.0255739688873
0.025985956192
0.0300598144531
0.0020809173584
0.00264692306519
0.00317096710205
0.0036768913269
0.0358231067657
0.00252199172974
0.00332593917847
0.00397992134094
0.00469493865967
0.0330300331116
0.0338699817657
0.0346291065216
0.035383939743
0.0361359119415
0.0329339504242
0.00259208679199
0.00359320640564
0.0043511390686
0.00499200820923
0.028605222702
0.0288610458374
0.0294151306152
0.0297009944916
0.029883146286
0.0315339565277
0.0318458080292
0.0320498943329
0.0322539806366
0.0324988365173
0.0438239574432
0.0440881252289
0.00163912773132
0.00268912315369
0.00339698791504
0.0423719882965
0.0029468536377
0.00352001190186
0.00486898422241
0.00558090209961
0.0368349552155
0.0372738838196
0.00207281112671
0.0058069229126
0.00608992576599
0.0326039791107
0.0330348014832
0.00244498252869
0.00282287597656
0.0031590461731
0.0367269515991
0.0370209217072
0.0372850894928
0.0375518798828
0.0379359722137
0.0323450565338
0.0326380729675
0.0328371524811
0.033203125
0.0335221290588
0.0309519767761
0.00154995918274
0.00246715545654
0.00325608253479
0.00356411933899
0.0311059951782
0.0315141677856
0.00206518173218
0.00429797172546
0.00502395629883
0.036406993866
0.00200200080872
0.00283002853394
0.00331687927246
0.00470399856567
0.0364489555359
0.0367388725281
0.0370628833771
0.00180101394653
0.00206804275513
0.0446319580078
0.0449249744415
0.0451929569244
0.0456070899963
0.0458769798279
0.0316870212555
0.0319700241089
0.0323891639709
0.0327019691467
0.00244092941284
0.0344939231873
0.0347979068756
0.0350880622864
0.0354020595551
0.00292897224426
0.0389730930328
0.039272069931
0.0395579338074
0.0399780273438
0.0402390956879
0.0325539112091
0.0327689647675
0.0329639911652
0.0331618785858
0.033360004425
0.04505610466
0.0455150604248
0.00298094749451
0.0033860206604
0.00375890731812
0.0322949886322
0.0325970649719
0.03289103508
0.0331799983978
0.00218510627747
0.0403699874878
0.00118112564087
0.0019679069519
0.00267291069031
0.00361704826355
0.0215730667114
0.0222320556641
0.0228900909424
0.0232789516449
0.0237669944763
0.0304410457611
0.0019588470459
0.00246596336365
0.0027928352356
0.00310587882996
0.0321929454803
0.0326910018921
0.0331709384918
0.0336480140686
0.0342359542847
0.0364649295807
0.0065770149231
0.00746297836304
0.0126521587372
0.0130741596222
0.0446650981903
0.00714087486267
0.00783896446228
0.00860285758972
0.00915288925171
0.0389919281006
0.00206303596497
0.00348997116089
0.00375390052795
0.00400590896606
0.030956029892
0.00212788581848
0.00342893600464
0.00385284423828
0.00429487228394
0.0389008522034
0.00232601165771
0.00334715843201
0.00359010696411
0.00377011299133
0.0311119556427
0.00203394889832
0.00313186645508
0.00412392616272
0.00493502616882
0.0402040481567
0.00380396842957
0.00424790382385
0.0047869682312
0.00519204139709
0.0439338684082
0.044380903244
0.00212907791138
0.0024778842926
0.00282907485962
0.0305969715118
0.0013439655304
0.00256586074829
0.00300002098083
0.00342988967896
0.0348889827728
0.00182485580444
0.00286102294922
0.00320792198181
0.00372195243835
0.0333058834076
0.0337278842926
0.0341370105743
0.0345718860626
0.0349969863892
0.0315928459167
0.0321478843689
0.032616853714
0.033059835434
0.0335059165955
0.0292639732361
0.0298879146576
0.00169801712036
0.00279116630554
0.00355410575867
0.0300891399384
0.0014820098877
0.00188207626343
0.00220799446106
0.00256299972534
0.0317530632019
0.0322470664978
0.00247287750244
0.00372290611267
0.00444293022156
0.036150932312
0.0365707874298
0.00172901153564
0.00294494628906
0.00335597991943
0.032518863678
0.00139784812927
0.00221586227417
0.0028178691864
0.00314688682556
0.0241768360138
0.0243818759918
0.0246019363403
0.0248138904572
0.0250449180603
0.0298779010773
0.0300989151001
0.0307710170746
0.000983953475952
0.00183701515198
0.0327579975128
0.0337610244751
0.00413107872009
0.00535607337952
0.00579905509949
0.0361459255219
0.0365159511566
0.0367510318756
0.0369341373444
0.0371091365814
0.0325939655304
0.0329530239105
0.0333678722382
0.0337619781494
0.0340948104858
0.033392906189
0.00319194793701
0.00378608703613
0.00421595573425
0.00457215309143
0.0293271541595
0.0301229953766
0.00101184844971
0.00158095359802
0.00235795974731
0.0496969223022
0.0499019622803
0.0500509738922
0.0501959323883
0.0503349304199
0.0544018745422
0.0547139644623
0.0203359127045
0.0210089683533
0.0220708847046
0.0516438484192
0.0521678924561
0.0171070098877
0.0181441307068
0.0229570865631
0.0471529960632
0.0181491374969
0.0190360546112
0.0193231105804
0.0196120738983
0.0656340122223
0.0341820716858
0.035031080246
0.0367681980133
0.03781914711
0.0815460681915
0.0819799900055
0.0533151626587
0.0535461902618
0.0537700653076
0.0905711650848
0.0909471511841
0.0415921211243
0.0428221225739
0.0447001457214
0.0723509788513
0.0331919193268
0.0334060192108
0.0336358547211
0.0338509082794
0.072557926178
0.0414581298828
0.0442540645599
0.0449070930481
0.0452690124512
0.0795531272888
0.0416760444641
0.0432660579681
0.0439569950104
0.0443751811981
0.0814971923828
0.0818769931793
0.0821630954742
0.0824539661407
0.0827000141144
0.0734970569611
0.0333559513092
0.0343840122223
0.0349979400635
0.0353720188141
0.0651919841766
0.0351150035858
0.0363130569458
0.0367240905762
0.0371220111847
0.0647552013397
0.0336019992828
0.0339131355286
0.0341701507568
0.0343980789185
0.0743801593781
0.0747389793396
0.0750279426575
0.0442941188812
0.0446441173553
0.0830240249634
0.0537168979645
0.0549540519714
0.0556039810181
0.0561270713806
0.0765988826752
0.0283198356628
0.0286660194397
0.029040813446
0.0293629169464
0.0505428314209
0.0178990364075
0.0183811187744
0.0187890529633
0.0191922187805
0.0506110191345
0.0178909301758
0.0183789730072
0.0191290378571
0.0198979377747
0.0486989021301
0.0490219593048
0.049329996109
0.0497879981995
0.00331687927246
0.0385880470276
0.0393440723419
0.0398080348969
0.00978302955627
0.010213136673
0.040776014328
0.0413331985474
0.0418710708618
0.0426790714264
0.0436911582947
0.0440649986267
0.0442478656769
0.0443999767303
0.0445690155029
0.0447170734406
0.0738229751587
0.074481010437
0.0751070976257
0.0757329463959
0.0763590335846
0.0525848865509
0.0528018474579
0.0529839992523
0.0531709194183
0.0533518791199
0.0483381748199
0.0486221313477
0.0488340854645
0.0492880344391
0.0195970535278
0.0502948760986
0.0164737701416
0.0173850059509
0.0176138877869
0.0177748203278
0.0398797988892
0.00840401649475
0.0091700553894
0.0102880001068
0.0107071399689
0.0341761112213
0.00331282615662
0.00355386734009
0.00387001037598
0.00407600402832
0.0312399864197
0.0316848754883
0.00215315818787
0.00273609161377
0.00382208824158
0.0403850078583
0.0405950546265
0.0407810211182
0.0409550666809
0.0411651134491
0.0328960418701
0.033066034317
0.0332250595093
0.0333819389343
0.0335400104523
0.0969941616058
0.0976860523224
0.0982761383057
0.0988681316376
0.0994310379028
0.0437819957733
0.0440800189972
0.0443789958954
0.0446729660034
0.0449779033661
0.0312721729279
0.0314621925354
0.0316200256348
0.0317761898041
0.0319781303406
0.0313129425049
0.0315599441528
0.00160884857178
0.00183701515198
0.00253391265869
0.035484790802
0.00171113014221
0.00253915786743
0.00293302536011
0.00347900390625
0.0364019870758
0.00478601455688
0.00530886650085
0.00591087341309
0.00640606880188
0.0343129634857
0.0345559120178
0.0350000858307
0.0032320022583
0.0034339427948
0.0393590927124
0.0399429798126
0.0405721664429
0.0411901473999
0.04181599617
0.0311949253082
0.0314979553223
0.0320479869843
0.032646894455
0.0328769683838
0.0349900722504
0.000805854797363
0.00104093551636
0.00121092796326
0.0020649433136
0.035502910614
0.00256299972534
0.00295209884644
0.00339102745056
0.00374889373779
0.0306899547577
0.0310900211334
0.00192189216614
0.00328993797302
0.00429391860962
0.035915851593
0.0362439155579
0.03657579422
0.0369288921356
0.0374279022217
0.0347151756287
0.00550889968872
0.00611591339111
0.00682401657104
0.00747299194336
0.048535823822
0.00314283370972
0.0037829875946
0.00428986549377
0.0047869682312
0.0361149311066
0.0363340377808
0.0365920066833
0.0368349552155
0.0372228622437
0.0354161262512
0.0355761051178
0.0357351303101
0.0358889102936
0.0360839366913
0.0426199436188
0.0427911281586
0.0429499149323
0.0431060791016
0.0432629585266
0.0282092094421
0.0285491943359
0.0314030647278
0.0325782299042
0.0327951908112
0.0309348106384
0.000875949859619
0.00153017044067
0.00280117988586
0.00384497642517
0.0304410457611
0.0306899547577
0.0309269428253
0.0312011241913
0.0314970016479
0.0390582084656
0.00235414505005
0.00284695625305
0.00315999984741
0.00343799591064
0.0322260856628
0.00162482261658
0.00285792350769
0.00316596031189
0.00335288047791
0.0337028503418
0.0338699817657
0.0340158939362
0.0341579914093
0.0343089103699
0.0302488803864
0.00349593162537
0.00397992134094
0.00439500808716
0.00480699539185
0.0371050834656
0.00224494934082
0.00324201583862
0.00367999076843
0.00396800041199
0.0448620319366
0.0451860427856
0.0455551147461
0.0458791255951
0.0461931228638
0.0427660942078
0.00116109848022
0.00187110900879
0.00268602371216
0.00332498550415
0.0344841480255
0.0348651409149
0.00168800354004
0.00196409225464
0.0022280216217
0.0407259464264
0.0413789749146
0.0420219898224
0.0426630973816
0.0433039665222
0.0372800827026
0.0375270843506
0.0377449989319
0.03799700737
0.0382301807404
0.032842874527
0.0330410003662
0.0332169532776
0.0334048271179
0.0336267948151
0.0272700786591
0.0275120735168
0.0277380943298
0.0279550552368
0.028165102005
0.0853629112244
0.0856158733368
0.0858540534973
0.0860810279846
0.0863199234009
0.0687279701233
0.068902015686
0.0690579414368
0.0692210197449
0.0693879127502
0.0838420391083
0.084165096283
0.0844430923462
0.0847179889679
0.0850529670715
0.14028096199
0.140472173691
0.140649080276
0.140820026398
0.140990018845
0.125896930695
0.126137018204
0.126321077347
0.126538038254
0.126924037933
0.0926887989044
0.061635017395
0.0624978542328
0.0631818771362
0.0638198852539
0.125845909119
0.094358921051
0.0951499938965
0.095449924469
0.095782995224
0.123161077499
0.123403072357
0.123660087585
0.124145030975
0.0927889347076
0.123825788498
0.0874271392822
0.0879199504852
0.0880930423737
0.0883660316467
0.118312120438
0.0896849632263
0.0902628898621
0.090854883194
0.0914499759674
0.133215904236
0.10443687439
0.105000019073
0.105533838272
0.106029987335
0.142246961594
0.14250087738
0.142688035965
0.142992973328
0.143162965775
0.152638912201
0.152921915054
0.15321803093
0.153466939926
0.153727054596
0.15297794342
0.153179883957
0.15340089798
0.153579950333
0.153755903244
0.151604175568
0.112236976624
0.112751960754
0.113266944885
0.11403298378
0.141259908676
0.102459907532
0.103583097458
0.104224920273
0.104860067368
0.135074138641
0.135328054428
0.135570049286
0.135792016983
0.136017084122
0.139680147171
0.103739976883
0.103930950165
0.104420900345
0.105116844177
0.132004976273
0.102360963821
0.103235960007
0.103386878967
0.104141950607
0.139536857605
0.139785051346
0.139979839325
0.140259981155
0.140557050705
0.147792100906
0.148162126541
0.148360013962
0.148559093475
0.148756027222
0.143316030502
0.119506835938
0.120700836182
0.121810913086
0.122767925262
0.147135972977
0.109563112259
0.110265016556
0.110934019089
0.111606121063
0.142908096313
0.102876901627
0.103224992752
0.103594064713
0.103930950165
0.132568120956
0.102666854858
0.10770201683
0.108248949051
0.1087038517
0.130734920502
0.131357908249
0.100434064865
0.101545095444
0.102172136307
0.132115125656
0.097708940506
0.0984239578247
0.0987060070038
0.0989530086517
0.132489919662
0.102312088013
0.102689981461
0.103019952774
0.103348016739
0.124799966812
0.0955009460449
0.0979940891266
0.0982890129089
0.0986750125885
0.125741958618
0.092766046524
0.0934398174286
0.0946459770203
0.0956478118896
0.120187997818
0.0851290225983
0.0858569145203
0.0864889621735
0.0869369506836
0.124897956848
0.0958678722382
0.0964329242706
0.0971138477325
0.0975849628448
0.126998901367
0.0979919433594
0.0995190143585
0.100119113922
0.100489139557
0.131184101105
0.131402015686
0.13161110878
0.131839036942
0.132051944733
0.132875919342
0.103007078171
0.104578971863
0.105252027512
0.105633020401
0.144331932068
0.144771099091
0.145188093185
0.115532159805
0.116893053055
0.144292116165
0.108961820602
0.109328985214
0.109662055969
0.109987020493
0.136715888977
0.107195854187
0.109297990799
0.109712839127
0.110098838806
0.13060092926
0.131642818451
0.132048845291
0.132655858994
0.104090929031
0.132627010345
0.0974299907684
0.098708152771
0.0994040966034
0.0998921394348
0.140846014023
0.141382932663
0.111886024475
0.112711191177
0.114282131195
0.132008075714
0.132971048355
0.139706134796
0.113609075546
0.114017009735
0.145670175552
0.115942955017
0.11994600296
0.120697021484
0.121464014053
0.153846979141
0.121042966843
0.122277975082
0.122617959976
0.122911930084
0.145187854767
0.0981810092926
0.0988609790802
0.0997500419617
0.100373029709
0.13520693779
0.103323936462
0.104825973511
0.105618953705
0.105928897858
0.127734899521
0.0911741256714
0.0919690132141
0.0924119949341
0.0928781032562
0.129817962646
0.130003929138
0.130165100098
0.0968699455261
0.0975389480591
0.127496957779
0.127754926682
0.127971887589
0.128180980682
0.12838602066
0.117652177811
0.117853164673
0.118412971497
0.0897791385651
0.091185092926
0.120081186295
0.0916178226471
0.0920720100403
0.092483997345
0.0928928852081
0.120203018188
0.093080997467
0.0936670303345
0.0943491458893
0.0949351787567
0.124782085419
0.125289201736
0.125701189041
0.126110076904
0.126796007156
0.13001704216
0.102052927017
0.10315489769
0.103938102722
0.104537963867
0.131736040115
0.1012570858
0.101897954941
0.10266494751
0.103060007095
0.130962133408
0.131567001343
0.0996692180634
0.101998090744
0.102488040924
0.132427215576
0.0999350547791
0.101019144058
0.101462125778
0.101850032806
0.134461164474
0.104206085205
0.104583024979
0.104966878891
0.105386972427
0.132797956467
0.133213043213
0.133611917496
0.134217023849
0.134757041931
0.147067070007
0.147454977036
0.147845029831
0.11575293541
0.116125822067
0.140621900558
0.140944004059
0.14125585556
0.107056856155
0.108036994934
0.136627912521
0.104872941971
0.10583114624
0.106601953506
0.106923103333
0.134755134583
0.0910561084747
0.0921430587769
0.0924880504608
0.0928239822388
0.123160123825
0.123466968536
0.123640060425
0.123975992203
0.124325037003
0.124987125397
0.0957090854645
0.0962738990784
0.0973460674286
0.0976560115814
0.134902954102
0.135437011719
0.135891914368
0.136255025864
0.136626005173
0.132489919662
0.101525068283
0.102643966675
0.103116035461
0.103481054306
0.136846065521
0.107559919357
0.108598947525
0.113979101181
0.114409923553
0.133017063141
0.0976700782776
0.0989961624146
0.099377155304
0.0997791290283
0.124360084534
0.0959501266479
0.09632396698
0.0966730117798
0.0970380306244
0.134701967239
0.102324962616
0.103751897812
0.104127883911
0.10445690155
0.145640850067
0.145998001099
0.112545967102
0.112903833389
0.113301992416
0.146514892578
0.117245912552
0.118046045303
0.11823797226
0.118408918381
0.147742986679
0.117345094681
0.117895126343
0.11870098114
0.119004011154
0.149295091629
0.119858026505
0.120892047882
0.121770143509
0.122190952301
0.168352127075
0.168838977814
0.139199972153
0.140205860138
0.141634941101
0.170315980911
0.170980930328
0.171519994736
0.172012805939
0.172466039658
0.16558098793
0.136622905731
0.137974977493
0.138425111771
0.139059066772
0.16206407547
0.13339304924
0.135491847992
0.136255025864
0.137049913406
0.161504030228
0.128205060959
0.129253149033
0.129967212677
0.130377054214
0.162556171417
0.119266986847
0.119905948639
0.120239973068
0.120569944382
0.14652299881
0.117253065109
0.118193149567
0.118692159653
0.119085073471
0.143424987793
0.114798069
0.115829229355
0.116325139999
0.12175822258
0.143294095993
0.114902973175
0.116559028625
0.117067098618
0.117563962936
0.146934986115
0.11780500412
0.119217157364
0.119542121887
0.120283126831
0.153072118759
0.15328001976
0.153464078903
0.153649091721
0.153835058212
0.154770851135
0.155236005783
0.125229120255
0.126238107681
0.12674498558
0.155769109726
0.155995130539
0.156177997589
0.156339168549
0.156500101089
0.153809070587
0.153996944427
0.154154062271
0.154320955276
0.154474020004
0.151093006134
0.151310920715
0.151517868042
0.151715040207
0.151906967163
0.144212007523
0.144464969635
0.144701957703
0.144939899445
0.145243883133
0.140208005905
0.140403032303
0.140570163727
0.140738964081
0.109009027481
0.147959947586
0.148524045944
0.149055957794
0.149552106857
0.150125980377
0.145789861679
0.146056890488
0.116539955139
0.117446899414
0.118254899979
0.152213096619
0.152729988098
0.153106927872
0.123329162598
0.126667976379
0.145632982254
0.146366119385
0.147077083588
0.147811174393
0.148562192917
0.151824235916
0.152055025101
0.122663974762
0.123140096664
0.123473167419
0.161033153534
0.131916999817
0.132719039917
0.133394956589
0.134602069855
0.167994976044
0.168514966965
0.169037103653
0.169578075409
0.170025110245
0.174633979797
0.174952030182
0.175255060196
0.17569899559
0.175989151001
0.176408052444
0.177042961121
0.177356004715
0.177674055099
0.177983999252
0.178687095642
0.145511865616
0.145842790604
0.146179914474
0.146521806717
0.167474985123
0.130104064941
0.131568908691
0.132577896118
0.13289809227
0.170012950897
0.132483005524
0.132849931717
0.133155107498
0.133460998535
0.164566040039
0.165021896362
0.133777856827
0.13408780098
0.134379863739
0.16387295723
0.16427898407
0.164701938629
0.165067911148
0.165417909622
0.164144992828
0.13485789299
0.135504007339
0.13710308075
0.137456893921
0.165748119354
0.16606593132
0.166438102722
0.133228063583
0.133559942245
0.16334104538
0.130194187164
0.130843162537
0.131204128265
0.131540060043
0.162549972534
0.131188869476
0.132665872574
0.13360285759
0.134199857712
0.168383836746
0.13755607605
0.138664960861
0.139101982117
0.139528989792
0.18025302887
0.149061918259
0.149646997452
0.151266098022
0.151614904404
0.183522939682
0.155587911606
0.156260967255
0.156751871109
0.15721487999
0.182279825211
0.149708032608
0.150671005249
0.150943040848
0.151165008545
0.218065023422
0.182410001755
0.182961940765
0.183601140976
0.1841609478
0.219485998154
0.177460193634
0.178984165192
0.180044174194
0.180384159088
0.221669197083
0.221928119659
0.222168207169
0.222410202026
0.223876237869
0.221946001053
0.222439050674
0.193237066269
0.194056987762
0.194575071335
0.224133968353
0.155266046524
0.15639591217
0.156864881516
0.157301902771
0.200206041336
0.200735092163
0.164906024933
0.165189981461
0.165462970734
0.199026823044
0.152474164963
0.154643058777
0.155220985413
0.155716180801
0.187463998795
0.187810182571
0.188148021698
0.188501119614
0.188826084137
0.182545185089
0.182845115662
0.183349132538
0.183665990829
0.18397808075
0.180310964584
0.139045000076
0.140440940857
0.141027927399
0.141367912292
0.166931867599
0.127994775772
0.128633975983
0.12930393219
0.129812955856
0.161634922028
0.127110004425
0.127579927444
0.127919912338
0.128280878067
0.152433872223
0.152729988098
0.153002023697
0.153256893158
0.153500795364
0.154234886169
0.154790878296
0.123456954956
0.125112056732
0.129724979401
0.149045944214
0.149826049805
0.12331199646
0.124165058136
0.12482714653
0.157310009003
0.12709403038
0.127644062042
0.128201961517
0.128746032715
0.164416074753
0.135976076126
0.136698007584
0.137391090393
0.138236999512
0.162185907364
0.162388086319
0.16256403923
0.162734985352
0.162909030914
0.163058996201
0.134240865707
0.135499954224
0.136251926422
0.136974811554
0.162192821503
0.130571126938
0.131160974503
0.131613969803
0.132228136063
0.165256023407
0.12993812561
0.130733013153
0.131307125092
0.131685972214
0.167469024658
0.140836954117
0.141251087189
0.141670942307
0.142071008682
0.172282934189
0.172576904297
0.172872066498
0.173213005066
0.173501968384
0.182223796844
0.182678937912
0.153622150421
0.154266119003
0.154544115067
0.180313110352
0.148340940475
0.149441957474
0.149806022644
0.150190114975
0.18568611145
0.144602060318
0.145300865173
0.14623093605
0.146574020386
0.174566030502
0.141590833664
0.142153978348
0.142628908157
0.143080949783
0.172921895981
0.134475946426
0.134996891022
0.135277032852
0.135552883148
0.174813985825
0.175337076187
0.146661043167
0.147701978683
0.148294210434
0.170799016953
0.171118021011
0.1714220047
0.171725034714
0.172027111053
0.161592006683
0.161917924881
0.162225008011
0.132988929749
0.133691072464
0.155411958694
0.121761083603
0.123521089554
0.123756170273
0.123972177505
0.150498151779
0.150969982147
0.119081020355
0.120252847672
0.121371984482
0.154158830643
0.118661165237
0.120027065277
0.120707035065
0.12101817131
0.148597002029
0.149209976196
0.120074033737
0.120862007141
0.121141195297
0.145760059357
0.113173961639
0.113575935364
0.113742828369
0.113903999329
0.138576984406
0.11084485054
0.11149597168
0.112134933472
0.112779855728
0.148882865906
0.149087905884
0.149288892746
0.149565935135
0.120028972626
0.156064987183
0.124051809311
0.124592781067
0.12517786026
0.125453948975
0.162645816803
0.123389959335
0.124503850937
0.125241041183
0.126210927963
0.156364917755
0.157316923141
0.157989025116
0.158721923828
0.159391880035
0.170640945435
0.134947061539
0.13600897789
0.136355876923
0.136656045914
0.186789989471
0.149830818176
0.150149822235
0.150449991226
0.150745868683
0.186583995819
0.154549121857
0.156096220016
0.157083034515
0.157436132431
0.188570022583
0.158862829208
0.15976190567
0.160213947296
0.161733865738
0.216250896454
0.216779947281
0.217195034027
0.217607975006
0.21803188324
0.235868930817
0.201596021652
0.203649044037
0.204595088959
0.20516705513
0.248099088669
0.218908071518
0.219772100449
0.22007393837
0.220405101776
0.249475002289
0.249831914902
0.250113964081
0.25040102005
0.250580072403
0.250487804413
0.220524072647
0.222057104111
0.223238945007
0.223742008209
0.254538059235
0.197026968002
0.19814991951
0.198632001877
0.199088096619
0.229161977768
0.229764938354
0.230361938477
0.230902910233
0.23144197464
0.228199958801
0.181391954422
0.181813955307
0.182272911072
0.182679891586
0.209321975708
0.177857160568
0.178765058517
0.179103136063
0.179453134537
0.228149175644
0.228414058685
0.228671073914
0.229038000107
0.230043172836
0.22566485405
0.193097829819
0.194218873978
0.194589853287
0.194952011108
0.224968910217
0.225154876709
0.22533082962
0.22550702095
0.225678920746
0.222565889359
0.177120923996
0.177855968475
0.178670883179
0.179332971573
0.211829900742
0.181941986084
0.182544946671
0.183160066605
0.183974027634
0.21661400795
0.167248010635
0.168223142624
0.168643951416
0.16916513443
0.197895050049
0.198141098022
0.198343038559
0.198533058167
0.198755979538
0.194947004318
0.195130109787
0.195294141769
0.195454120636
0.195608139038
0.191279888153
0.191483020782
0.191658973694
0.191827058792
0.191997051239
0.1930809021
0.193307876587
0.193471908569
0.19363284111
0.193795919418
0.185475826263
0.185726881027
0.185945987701
0.186216831207
0.186443805695
0.174983978271
0.175201177597
0.175402164459
0.175594091415
0.175791978836
0.171303987503
0.171486139297
0.171646118164
0.171808004379
0.171966075897
0.173041820526
0.1732878685
0.173503875732
0.17370891571
0.173946857452
0.16660785675
0.166865825653
0.167095899582
0.167270898819
0.167439937592
0.164608001709
0.164808988571
0.164991140366
0.165178060532
0.165340185165
0.167713880539
0.167949914932
0.168132066727
0.168309926987
0.168480873108
0.159742832184
0.160082817078
0.13014292717
0.130776882172
0.13117480278
0.169986963272
0.170284986496
0.17046880722
0.17063498497
0.171048879623
0.203096866608
0.161942958832
0.163203954697
0.16429901123
0.16547703743
0.204765081406
0.172302007675
0.172947883606
0.173755884171
0.174103975296
0.250757932663
0.251051902771
0.251286029816
0.251533985138
0.251920938492
0.320489883423
0.287882804871
0.28822183609
0.288526773453
0.288886785507
0.325636863708
0.325872898102
0.3260409832
0.326204776764
0.326361894608
0.343133211136
0.343523025513
0.343891143799
0.313298940659
0.313996076584
0.340141057968
0.298049926758
0.298800945282
0.299160003662
0.299378871918
0.33340382576
0.333910942078
0.271426916122
0.272173881531
0.272722959518
0.320958852768
0.321821928024
0.217260122299
0.21816110611
0.219054937363
0.250652074814
0.251160144806
0.251729011536
0.252323150635
0.252876996994
0.251016139984
0.251592159271
0.252150058746
0.252647161484
0.253216028214
0.257207870483
0.257740020752
0.258244991302
0.25879406929
0.259353876114
0.304537057877
0.305109977722
0.305668115616
0.306166887283
0.306752920151
0.390046834946
0.390625
0.391170978546
0.391708850861
0.392225027084
0.39288187027
0.393581867218
0.394272089005
0.394950866699
0.395607948303
0.418749809265
0.420054912567
0.421294927597
0.422835826874
0.423862934113
0.423900127411
0.394113063812
0.394701004028
0.395216941833
0.395895004272
0.421175003052
0.392790079117
0.398633956909
0.399521112442
0.400408983231
0.429164886475
0.429368972778
0.429624080658
0.429920911789
0.430133104324
0.402530193329
0.402981996536
0.371908903122
0.372434854507
0.373045921326
0.402230978012
0.40246796608
0.402638912201
0.326191902161
0.326483011246
0.38382101059
0.34197807312
0.342797040939
0.343730926514
0.344034910202
0.386044025421
0.386615991592
0.387209892273
0.387757062912
0.388257026672
0.397942066193
0.398897171021
0.399813175201
0.400722026825
0.401621103287
0.410250902176
0.41086602211
0.411370992661
0.411916971207
0.412416934967
0.401633024216
0.402567148209
0.403475046158
0.404407024384
0.405321121216
0.424371004105
0.425185918808
0.426040887833
0.427305936813
0.394677877426
0.424659967422
0.425394058228
0.426301002502
0.427176952362
0.427742004395
0.422883033752
0.423294067383
0.393357992172
0.393785953522
0.394945859909
0.430135965347
0.430335044861
0.430521011353
0.430699825287
0.430884838104
0.431798934937
0.431967973709
0.432122945786
0.432302951813
0.432456970215
0.406153917313
0.406549930573
0.406790018082
0.40710401535
0.407356023788
0.387812852859
0.387984991074
0.388147830963
0.388303995132
0.388457775116
0.3681640625
0.368335008621
0.368497133255
0.368653059006
0.368811130524
0.367813110352
0.368021965027
0.36820101738
0.368376016617
0.368780136108
0.352373123169
0.352652072906
0.352869987488
0.321530103683
0.321735143661
0.349573135376
0.349770069122
0.350073099136
0.350253105164
0.35041809082
0.347457885742
0.347639083862
0.347800970078
0.347958087921
0.348288059235
0.34352517128
0.343708992004
0.343870162964
0.344031095505
0.344184160233
0.341481924057
0.341701030731
0.341909885406
0.342092990875
0.342277050018
0.332278013229
0.332561969757
0.332767963409
0.333161830902
0.33337187767
0.328742027283
0.331471920013
0.331737995148
0.332006931305
0.332468032837
0.322610139847
0.322792053223
0.322952032089
0.29406785965
0.294979810715
0.320277929306
0.320466995239
0.320652008057
0.320844888687
0.321009874344
0.322766065598
0.28932094574
0.289882898331
0.290429830551
0.290983915329
0.320050954819
0.320849895477
0.321679830551
0.322536945343
0.325017929077
0.315862894058
0.316037893295
0.316195964813
0.316344976425
0.316494941711
0.308114051819
0.308506011963
0.308720111847
0.308926105499
0.30912899971
0.310765981674
0.311100959778
0.311287879944
0.311494827271
0.311674833298
0.311277866364
0.311496019363
0.311677932739
0.311861038208
0.312027931213
0.312889099121
0.313117980957
0.313311100006
0.313490152359
0.313665151596
0.295588970184
0.295783042908
0.295960187912
0.296128034592
0.29630112648
0.289245128632
0.289413928986
0.289575099945
0.289730072021
0.289880990982
0.28711104393
0.287364006042
0.28759098053
0.287817001343
0.288038015366
0.28090596199
0.281224012375
0.281596899033
0.281926870346
0.282418012619
0.289049863815
0.289876937866
0.290505886078
0.291193008423
0.297183990479
0.30199098587
0.302612066269
0.270869970322
0.272028923035
0.272468090057
0.31071305275
0.311183929443
0.280131101608
0.280376195908
0.280704021454
0.315120220184
0.315310001373
0.315502166748
0.315668106079
0.315823078156
0.316297054291
0.316553115845
0.316799163818
0.31703710556
0.2876329422
0.314509153366
0.31484913826
0.315209150314
0.285420179367
0.28590798378
0.315957069397
0.316470146179
0.316697120667
0.316905021667
0.286133050919
0.320243120193
0.320545911789
0.320740938187
0.320923089981
0.321106910706
0.314051866531
0.314258813858
0.314437866211
0.31462097168
0.31480383873
0.311655044556
0.311902046204
0.312118053436
0.312331199646
0.312543153763
0.317104816437
0.317279815674
0.317441940308
0.317601919174
0.317755937576
0.316555023193
0.316825151443
0.317099094391
0.317316055298
0.317538022995
0.31205701828
0.312245130539
0.31241106987
0.312574148178
0.312729120255
0.300144910812
0.300322771072
0.300484895706
0.300640821457
0.30081486702
0.296656131744
0.268851995468
0.269781827927
0.27049779892
0.271198987961
0.298184871674
0.298755884171
0.299276828766
0.299781799316
0.300331830978
0.303819894791
0.269520998001
0.270155906677
0.27069401741
0.271195888519
0.292968988419
0.264502048492
0.265178918839
0.265673875809
0.266184091568
0.29082608223
0.262095928192
0.262773036957
0.263411045074
0.264070987701
0.299519062042
0.271453857422
0.272248029709
0.272974967957
0.273706912994
0.298712968826
0.299031019211
0.299275875092
0.299823999405
0.270558834076
0.308903932571
0.280668973923
0.281344890594
0.281589984894
0.281822919846
0.318270921707
0.318770885468
0.287467956543
0.287654161453
0.288265943527
0.310687065125
0.311141967773
0.311607122421
0.311774969101
0.311982154846
0.311831951141
0.282301902771
0.282856941223
0.283392906189
0.283947944641
0.314872980118
0.31513094902
0.315370082855
0.315632104874
0.31586098671
0.324248075485
0.292903184891
0.293359994888
0.293923139572
0.294166088104
0.337566137314
0.33780002594
0.338217020035
0.30894780159
0.309458971024
0.336920022964
0.337363004684
0.308055877686
0.308512926102
0.309062957764
0.337121009827
0.337636947632
0.338160991669
0.338655948639
0.339830875397
0.334510087967
0.308390140533
0.308823108673
0.309177160263
0.309523105621
0.339183092117
0.305323839188
0.305607795715
0.306453943253
0.30711388588
0.34050488472
0.341234922409
0.342096805573
0.343331813812
0.344100952148
0.337327003479
0.337707996368
0.337917089462
0.338116168976
0.338304042816
0.336971998215
0.337424993515
0.307955026627
0.308418989182
0.309114933014
0.344176054001
0.344605922699
0.345039844513
0.345433950424
0.345677852631
0.340182065964
0.302525043488
0.304064035416
0.304832935333
0.305449962616
0.343682050705
0.309216022491
0.310369968414
0.311206102371
0.31160402298
0.345397949219
0.316323041916
0.317596912384
0.318010091782
0.318341016769
0.353178024292
0.353544950485
0.35384106636
0.354139089584
0.354497909546
0.356231927872
0.322350025177
0.32342004776
0.323724031448
0.324018955231
0.354058980942
0.318576812744
0.319396018982
0.321177959442
0.321700811386
0.349319934845
0.317531108856
0.318119049072
0.318813085556
0.320341110229
0.364153146744
0.334755182266
0.335705041885
0.336246013641
0.336703062057
0.369966030121
0.370186090469
0.370393037796
0.37060213089
0.333472013474
0.372569084167
0.372739076614
0.372896194458
0.373069047928
0.373220205307
0.368589878082
0.368788957596
0.368973016739
0.369152069092
0.369338035583
0.35652089119
0.356760978699
0.331525087357
0.33190202713
0.332190036774
0.363723039627
0.363984107971
0.364212989807
0.326684951782
0.327178955078
0.357724905014
0.358278036118
0.358798980713
0.359427928925
0.360074996948
0.356765985489
0.324781179428
0.325641155243
0.326148986816
0.326646089554
0.367954969406
0.338875055313
0.339662075043
0.340409994125
0.34380698204
0.3696808815
0.331208944321
0.331995010376
0.332751989365
0.333487033844
0.360682964325
0.317566156387
0.3182721138
0.319034099579
0.31994509697
0.35515499115
0.316581010818
0.317497014999
0.318300962448
0.319105863571
0.344033956528
0.34552192688
0.317100048065
0.31801700592
0.318916082382
0.341659069061
0.301919937134
0.302633047104
0.302985906601
0.303338050842
0.338429927826
0.338629007339
0.338886976242
0.339056015015
0.339220046997
0.332311868668
0.332602977753
0.332797050476
0.332979917526
0.333158969879
0.323719024658
0.32400393486
0.293429136276
0.294409990311
0.295151948929
0.32474398613
0.281787872314
0.282231092453
0.282685995102
0.28372502327
0.311935901642
0.312171936035
0.281153917313
0.281440019608
0.28177189827
0.309370994568
0.279429912567
0.279615879059
0.279860973358
0.28019785881
0.314579963684
0.314877033234
0.278481006622
0.279205083847
0.279839992523
0.312318086624
0.282881975174
0.283998966217
0.284945964813
0.285550832748
0.315871953964
0.288018941879
0.288537979126
0.288911104202
0.289269924164
0.318048000336
0.282733917236
0.283066987991
0.283632993698
0.283952951431
0.319001913071
0.319489002228
0.319957017899
0.320430994034
0.320899963379
0.32505106926
0.325325012207
0.295634031296
0.299432992935
0.299695968628
0.326715946198
0.29743885994
0.297873973846
0.298425912857
0.299092054367
0.341114997864
0.341775894165
0.342438936234
0.342985868454
0.34353685379
0.35150718689
0.352014064789
0.352557182312
0.353389978409
0.353984117508
0.365864992142
0.366855144501
0.367818117142
0.368776082993
0.369724988937
0.401794910431
0.402326822281
0.402839899063
0.403379917145
0.403888940811
0.414407968521
0.415068864822
0.384989976883
0.385797977448
0.386162042618
0.411911964417
0.412107944489
0.412388086319
0.412678003311
0.379003047943
0.408988952637
0.409832954407
0.410210132599
0.373994112015
0.374665021896
0.431293010712
0.431921005249
0.398861169815
0.39925122261
0.400143146515
0.42432808876
0.424594163895
0.424829006195
0.393834114075
0.395838022232
0.42905497551
0.429530143738
0.386058092117
0.386626958847
0.387036085129
0.423181056976
0.379482030869
0.379651069641
0.379822015762
0.383279085159
0.412035942078
0.36881685257
0.36973285675
0.370280981064
0.371040821075
0.405571937561
0.406152009964
0.361692905426
0.362890005112
0.363852977753
0.385360956192
0.385609865189
0.385874986649
0.386362075806
0.354863882065
0.390414953232
0.390786886215
0.360872030258
0.361810922623
0.362015962601
0.393306016922
0.394271850586
0.395313024521
0.396122932434
0.370200872421
0.393978834152
0.394185066223
0.394357919693
0.394536018372
0.394711971283
0.397933006287
0.398113012314
0.3982899189
0.398510932922
0.398815155029
0.389852046967
0.390055179596
0.390238046646
0.390419006348
0.391108036041
0.382883071899
0.383064985275
0.383224964142
0.383384943008
0.383538961411
0.374186038971
0.374586105347
0.345641851425
0.345928907394
0.346442937851
0.383773803711
0.38449883461
0.3851749897
0.385863780975
0.386507987976
0.392655849457
0.3936419487
0.394535064697
0.395134925842
0.395706892014
0.402530908585
0.369619846344
0.370471954346
0.371295928955
0.372105836868
0.392544984818
0.363572120667
0.364114046097
0.364611148834
0.365161180496
0.39618396759
0.396351099014
0.396500110626
0.396671056747
0.396819114685
0.390553951263
0.390768051147
0.390938043594
0.3911049366
0.391264915466
0.388625144958
0.389256000519
0.389563083649
0.389827013016
0.390109062195
0.384120941162
0.384361028671
0.384539842606
0.384701013565
0.384863853455
0.377238988876
0.377413034439
0.377599000931
0.377758026123
0.377915143967
0.374740123749
0.34560418129
0.346358060837
0.346910953522
0.347422122955
0.380645036697
0.353343963623
0.355361938477
0.355869054794
0.356550931931
0.387845993042
0.388318061829
0.388833045959
0.389276027679
0.389754056931
0.394048929214
0.356242895126
0.35818195343
0.359016895294
0.35983300209
0.392877101898
0.393510103226
0.39409995079
0.394721984863
0.395311117172
0.389164924622
0.360342025757
0.360905170441
0.361441135406
0.362148046494
0.395303010941
0.367182970047
0.368085861206
0.369024991989
0.369870901108
0.388284921646
0.359371185303
0.360337018967
0.361061096191
0.361894130707
0.391885995865
0.361853122711
0.362498998642
0.363389015198
0.363976955414
0.391514062881
0.359910964966
0.3608751297
0.361505031586
0.36211514473
0.397309064865
0.367542982101
0.367756128311
0.368144035339
0.368786096573
0.40819311142
0.377346038818
0.377743959427
0.378285169601
0.378612041473
0.420237064362
0.390584945679
0.391430139542
0.391746044159
0.392288923264
0.425626993179
0.425818920135
0.425987958908
0.395852088928
0.3962059021
0.429645061493
0.391984939575
0.393779039383
0.394924879074
0.39547085762
0.423861026764
0.424201965332
0.385452032089
0.3868060112
0.387130022049
0.419637918472
0.388239860535
0.388916015625
0.38939499855
0.390084981918
0.423861026764
0.388748168945
0.389377117157
0.390594005585
0.392522096634
0.42612195015
0.42643404007
0.426651000977
0.426864147186
0.427066087723
0.425551891327
0.396682024002
0.39768910408
0.398957014084
0.399590969086
0.435785055161
0.406412124634
0.408648014069
0.409024000168
0.409363031387
0.432265996933
0.400376081467
0.401110172272
0.402317047119
0.402692079544
0.42973613739
0.386031150818
0.387125015259
0.38773393631
0.388513088226
0.421153068542
0.38262295723
0.382899999619
0.383157014847
0.383414983749
0.409117937088
0.374297142029
0.375226974487
0.375714063644
0.376004934311
0.396779060364
0.36141204834
0.362049102783
0.363264083862
0.363660097122
0.384610176086
0.349931955338
0.350649833679
0.350931882858
0.351199865341
0.376867771149
0.345456123352
0.345903158188
0.346208095551
0.34646821022
0.372246980667
0.338436841965
0.340041875839
0.340439796448
0.34081196785
0.368577003479
0.368880987167
0.369119882584
0.369351863861
0.335410118103
0.364870071411
0.328263044357
0.329280853271
0.32986998558
0.330200910568
0.35578083992
0.321869850159
0.32284784317
0.323539018631
0.32385802269
0.353361845016
0.324236154556
0.325114965439
0.325356960297
0.325564146042
0.351838111877
0.323182821274
0.324131011963
0.324721813202
0.325311899185
0.355929851532
0.320755958557
0.321958065033
0.322538137436
0.322826147079
0.348206043243
0.320713996887
0.321244001389
0.321532011032
0.321809053421
0.354115009308
0.324920892715
0.325997114182
0.326313972473
0.326621055603
0.356770992279
0.315325975418
0.316113948822
0.31684589386
0.317405939102
0.344460964203
0.344748973846
0.344966888428
0.345274925232
0.345515012741
0.345898151398
0.346561193466
0.347190141678
0.34784412384
0.348620176315
0.356883049011
0.357167005539
0.357375144958
0.328262805939
0.328475952148
0.359332799911
0.359932899475
0.330569982529
0.331223011017
0.331665039062
0.369292974472
0.343368053436
0.343659877777
0.343872070312
0.344081878662
0.369626998901
0.339843988419
0.341169834137
0.34224486351
0.343235015869
0.376349925995
0.376754045486
0.345146179199
0.346043109894
0.346357107162
0.384730100632
0.385008096695
0.385189056396
0.354528903961
0.354696989059
0.381494998932
0.381927013397
0.34961104393
0.349933862686
0.350116968155
0.376854896545
0.377023935318
0.377186059952
0.377342939377
0.346667051315
0.383408069611
0.383723020554
0.383991003036
0.384244918823
0.384505987167
0.401432991028
0.40185213089
0.402330160141
0.371605157852
0.372286081314
0.416481018066
0.4167740345
0.381627082825
0.381988048553
0.382275104523
0.416754961014
0.41693687439
0.417152881622
0.417335033417
0.417685985565
0.421184062958
0.377027988434
0.378612995148
0.37891292572
0.379375934601
0.417015790939
0.417212963104
0.417581796646
0.38782787323
0.38863492012
0.424808979034
0.391273975372
0.391517162323
0.391686201096
0.391848087311
0.424230098724
0.424414157867
0.42457818985
0.424765110016
0.382687091827
0.416495084763
0.416927099228
0.417298078537
0.38761806488
0.388136148453
0.425635099411
0.426426172256
0.427192211151
0.428155183792
0.429244995117
0.441736936569
0.441989898682
0.442234039307
0.442437887192
0.442646980286
0.447025060654
0.447255134583
0.417445898056
0.417604923248
0.418104887009
0.453737974167
0.454657793045
0.455550909042
0.456499814987
0.457459926605
0.450542926788
0.451109886169
0.451613903046
0.45222401619
0.452729940414
0.458377838135
0.459172010422
0.459956884384
0.460880994797
0.437182188034
0.47601723671
0.43225812912
0.433573961258
0.434010028839
0.434252023697
0.464813947678
0.425126791
0.426558017731
0.426988840103
0.427231788635
0.46636390686
0.433434963226
0.433943033218
0.434448003769
0.435047149658
0.468708992004
0.433098077774
0.433670043945
0.434317111969
0.434839010239
0.465620994568
0.466346979141
0.467092990875
0.467839002609
0.46857714653
0.471152067184
0.471709012985
0.472430944443
0.473409891129
0.430968046188
0.46141409874
0.461737155914
0.462042093277
0.462348222733
0.462681055069
0.44044303894
0.403593063354
0.40456199646
0.404988050461
0.40536904335
0.435106992722
0.400427103043
0.400731086731
0.402031183243
0.403510093689
0.438665151596
0.409358024597
0.414842844009
0.415779829025
0.416262865067
0.443210840225
0.399363040924
0.399616003036
0.400185108185
0.401067972183
0.423014879227
0.423187017441
0.423341989517
0.423512935638
0.392718076706
0.414865016937
0.415042161942
0.384577035904
0.384971857071
0.385434865952
0.416755914688
0.417096853256
0.377598047256
0.378385066986
0.379703044891
0.417190074921
0.417554140091
0.388155937195
0.38861489296
0.389750003815
0.428294897079
0.399062156677
0.400225162506
0.401695013046
0.40266919136
0.431159973145
0.431617021561
0.432001113892
0.432360172272
0.432759046555
0.426728010178
0.388145923615
0.388612031937
0.38902592659
0.389545917511
0.418636083603
0.41900396347
0.388946056366
0.390169143677
0.390733957291
0.426989078522
0.397701978683
0.398504018784
0.398730039597
0.399121999741
0.427575111389
0.398509025574
0.399224996567
0.399435997009
0.399602174759
0.439196109772
0.439578056335
0.439940214157
0.44029712677
0.440653085709
0.441932916641
0.40784406662
0.408896923065
0.409274101257
0.409579992294
0.448940038681
0.449243068695
0.449573040009
0.44983792305
0.450102090836
0.448138952255
0.449112892151
0.403752088547
0.404066085815
0.40429019928
0.432820081711
0.433310031891
0.433775186539
0.434144020081
0.434517145157
0.419500827789
0.378504037857
0.379351139069
0.380321025848
0.380616188049
0.412224054337
0.412630081177
0.413172006607
0.382771015167
0.383183002472
0.41172504425
0.412020921707
0.412409067154
0.412850141525
0.413289070129
0.425498962402
0.397459983826
0.398084878922
0.398537874222
0.398978948593
0.434975862503
0.399504899979
0.400771856308
0.401049852371
0.401252031326
0.421999931335
0.392605066299
0.392883062363
0.393084049225
0.393283128738
0.426238059998
0.385744094849
0.386299133301
0.386730909348
0.387157917023
0.412765979767
0.37655711174
0.377388000488
0.377779960632
0.378180027008
0.410557031631
0.411100149155
0.369078874588
0.369689941406
0.370099782944
0.395749807358
0.365594863892
0.366759061813
0.367441892624
0.367944955826
0.393672943115
0.362061023712
0.363158226013
0.363711118698
0.364036083221
0.400492191315
0.370908975601
0.371309041977
0.371978998184
0.372604846954
0.4129550457
0.383775949478
0.384567975998
0.386027097702
0.3863260746
0.419789075851
0.420140028
0.420481920242
0.420822143555
0.421144962311
0.430984020233
0.431525945663
0.432242870331
0.433031082153
0.433827877045
0.440222024918
0.440423965454
0.440621852875
0.440806865692
0.441167831421
0.447958946228
0.422182798386
0.422578811646
0.422905921936
0.42316699028
0.458829879761
0.429649114609
0.430310964584
0.430716991425
0.430907011032
0.455754995346
0.455945014954
0.45611000061
0.425318002701
0.425586938858
0.452787876129
0.453314065933
0.453507900238
0.453742980957
0.424059152603
0.447154045105
0.415066957474
0.415378093719
0.41560792923
0.415822029114
0.445815086365
0.41792011261
0.418235063553
0.418486118317
0.418741941452
0.449860095978
0.450299978256
0.450648069382
0.45098400116
0.451322078705
0.443733930588
0.443941831589
0.444113969803
0.44428896904
0.444494962692
0.44503903389
0.445253133774
0.409425973892
0.409829854965
0.410792827606
0.443235874176
0.44588303566
0.411334991455
0.412291049957
0.413369178772
0.443436145782
0.401280164719
0.402974128723
0.403886079788
0.404380083084
0.433692216873
0.434202194214
0.39527797699
0.396642923355
0.397003889084
0.424362897873
0.38888001442
0.389847993851
0.391071081161
0.391488075256
0.422441959381
0.42276597023
0.423072099686
0.380661010742
0.381325960159
0.408973932266
0.379674911499
0.381193876266
0.38171005249
0.382124900818
0.40589594841
0.406277894974
0.406495094299
0.406693935394
0.406893968582
0.408411026001
0.408705949783
0.40901684761
0.40932393074
0.409584999084
0.392425775528
0.392738819122
0.393039941788
0.393337965012
0.358896017075
0.388957023621
0.35919713974
0.359732151031
0.360486984253
0.361108064651
0.391546964645
0.392994165421
0.393322944641
0.393608093262
0.365195035934
0.40049290657
0.367953777313
0.368805885315
0.369225978851
0.369514942169
0.395558834076
0.360687017441
0.361237049103
0.362158060074
0.368166923523
0.396351099014
0.363890171051
0.364519119263
0.365390062332
0.365868091583
0.392510175705
0.3630900383
0.363859891891
0.365088939667
0.365372896194
0.398083925247
0.36860704422
0.369467020035
0.36988401413
0.370281934738
0.407094955444
0.373519182205
0.373927116394
0.374279022217
0.374789953232
0.399739980698
0.370990037918
0.372339963913
0.372828006744
0.373018980026
0.399931907654
0.36906504631
0.370522975922
0.370882987976
0.37121295929
0.408138990402
0.37663602829
0.378023147583
0.378529071808
0.378741979599
0.408107042313
0.378229856491
0.379125833511
0.379566907883
0.380012989044
0.405400037766
0.373716115952
0.374897003174
0.375272035599
0.375601053238
0.410342931747
0.410572052002
0.410737991333
0.410916090012
0.411077976227
0.412688970566
0.380453824997
0.381588935852
0.3819668293
0.382365942001
0.408550024033
0.372558116913
0.373844146729
0.374135971069
0.374315023422
0.409994125366
0.381258964539
0.382305145264
0.382708072662
0.383093118668
0.418748140335
0.385497808456
0.388715982437
0.389320850372
0.389804840088
0.421019792557
0.383034944534
0.384543895721
0.385015964508
0.385471820831
0.411178827286
0.381890058517
0.382158994675
0.382353067398
0.382546901703
0.41101193428
0.382270812988
0.382802963257
0.383181810379
0.383341789246
0.412300825119
0.374126911163
0.374703884125
0.374881982803
0.37508392334
0.409437894821
0.409718036652
0.40997004509
0.410220861435
0.410460948944
0.417051076889
0.387840986252
0.388695001602
0.389027118683
0.389327049255
0.416974067688
0.417306184769
0.417577028275
0.417898178101
0.418207168579
0.421118021011
0.422141075134
0.389504909515
0.390211820602
0.390914916992
0.416319847107
0.387157917023
0.387412071228
0.387700080872
0.387953042984
0.410588979721
0.37776184082
0.378858804703
0.379201889038
0.379534006119
0.419587850571
0.379832983017
0.380783081055
0.381608963013
0.382112979889
0.418424129486
0.383059978485
0.384001970291
0.384361982346
0.384706020355
0.428616046906
0.429090976715
0.429404973984
0.399949073792
0.402022123337
0.431428194046
0.403052091599
0.403677225113
0.404046058655
0.404336214066
0.433494091034
0.433965206146
0.403259992599
0.40453004837
0.405617952347
0.44403386116
0.408268213272
0.408791065216
0.409048080444
0.409243106842
0.463488101959
0.463717222214
0.433442115784
0.433991909027
0.434519052505
0.462120056152
0.462672948837
0.463185071945
0.463723897934
0.464230060577
0.470672130585
0.470865011215
0.471024990082
0.47118806839
0.471349000931
0.457296848297
0.457505941391
0.458156824112
0.428336858749
0.428730010986
0.452230930328
0.423569917679
0.424972057343
0.425459861755
0.425956964493
0.450381994247
0.415142059326
0.415920972824
0.416236877441
0.41654586792
0.441750049591
0.405892848969
0.406801939011
0.407160043716
0.407613039017
0.44562792778
0.404028177261
0.404937028885
0.405476093292
0.405819177628
0.437408208847
0.394910097122
0.395551919937
0.396739959717
0.397985935211
0.439718961716
0.440501928329
0.412435054779
0.413565158844
0.41410112381
0.472362995148
0.434429883957
0.434880018234
0.435068845749
0.435224056244
0.524051904678
0.468492984772
0.469748020172
0.470481157303
0.470980167389
0.501479148865
0.462097167969
0.462597131729
0.463088989258
0.464035987854
0.541797161102
0.504622936249
0.509078979492
0.509572029114
0.510113954544
0.544816017151
0.545152902603
0.545471906662
0.545789003372
0.5460729599
0.548228979111
0.519191980362
0.520121097565
0.520450115204
0.520771026611
0.570996046066
0.571316003799
0.539921998978
0.540695905685
0.541531801224
0.571017980576
0.537068128586
0.537415981293
0.537884950638
0.538837909698
0.571811914444
0.572351932526
0.572875022888
0.573447942734
0.573992967606
0.584120035172
0.554687976837
0.555340051651
0.556076049805
0.556580066681
0.592288017273
0.552296161652
0.55438709259
0.554991006851
0.555492162704
0.579761981964
0.531986951828
0.532253980637
0.53244805336
0.532644987106
0.560407161713
0.560784101486
0.531597137451
0.532199144363
0.532506942749
0.558989048004
0.49019908905
0.49178814888
0.49219417572
0.492570161819
0.515671014786
0.476777076721
0.477833986282
0.478142023087
0.478451013565
0.512226104736
0.44774889946
0.448724031448
0.450176000595
0.45044708252
0.484456062317
0.452427864075
0.454128026962
0.455054044724
0.455343961716
0.491605043411
0.49198102951
0.492375850677
0.492704868317
0.49298787117
0.483844995499
0.44611787796
0.446718931198
0.447160005569
0.447567939758
0.477836847305
0.447548866272
0.449018955231
0.449457883835
0.4498898983
0.488507986069
0.457123041153
0.457983016968
0.458232164383
0.458418130875
0.487550020218
0.453219890594
0.454432010651
0.45486497879
0.455276966095
0.490792036057
0.491225004196
0.491529941559
0.491822957993
0.492229938507
0.481718063354
0.444271087646
0.445096969604
0.446314096451
0.447282075882
0.487344026566
0.487696170807
0.488020181656
0.488319158554
0.488624095917
0.489151000977
0.459762811661
0.462433815002
0.462939977646
0.463209867477
0.495230913162
0.466185092926
0.467051029205
0.468075037003
0.468392133713
0.497888088226
0.467460870743
0.469070911407
0.470496892929
0.471035003662
0.504666090012
0.476396083832
0.477536201477
0.477990150452
0.478435993195
0.504944086075
0.469922065735
0.470905065536
0.471341133118
0.471784114838
0.503993034363
0.464155912399
0.464602947235
0.464821100235
0.464991092682
0.500564098358
0.500982999802
0.501383066177
0.501940965652
0.502445936203
0.508414983749
0.509007930756
0.509423971176
0.509813070297
0.51016998291
0.511595010757
0.511985063553
0.470227003098
0.473813056946
0.474452972412
0.501394033432
0.469908952713
0.470665931702
0.47129201889
0.472126960754
0.521095991135
0.482815980911
0.483685970306
0.484251022339
0.485049009323
0.505020141602
0.505342006683
0.505656003952
0.505967140198
0.506316184998
0.505916118622
0.50613117218
0.506731033325
0.506998062134
0.507235050201
0.485234022141
0.485468864441
0.485647916794
0.485806941986
0.485949993134
0.488299846649
0.488624811172
0.488858938217
0.489086866379
0.489312887192
0.484452009201
0.484754085541
0.484961986542
0.485106945038
0.485248088837
0.477072000504
0.477291107178
0.477483987808
0.477678060532
0.477864027023
0.470441102982
0.471098184586
0.47444319725
0.474935054779
0.443057060242
0.473562002182
0.473942995071
0.439061880112
0.440273046494
0.440748929977
0.467530965805
0.430767059326
0.431534051895
0.43196105957
0.434532880783
0.471466064453
0.436414003372
0.438168048859
0.439213991165
0.439992189407
0.476384162903
0.476745128632
0.477089166641
0.441892147064
0.442239046097
0.469022035599
0.4379799366
0.438760995865
0.442234992981
0.442582845688
0.483522891998
0.44930100441
0.450251102448
0.451020002365
0.451585054398
0.486382961273
0.486804008484
0.487082958221
0.487388134003
0.487646102905
0.487458944321
0.45555305481
0.456609964371
0.457293987274
0.457658052444
0.489139080048
0.459364891052
0.460443973541
0.461457967758
0.46174287796
0.491849899292
0.492225885391
0.46287894249
0.463567972183
0.464120149612
0.492931127548
0.493319034576
0.463896036148
0.464750051498
0.465329885483
0.496413946152
0.496627092361
0.49701499939
0.4677298069
0.468132019043
0.487530946732
0.499531984329
0.499696969986
0.499844789505
0.49999499321
0.509578943253
0.509836912155
0.510083913803
0.510365962982
0.510603904724
0.518861055374
0.519026041031
0.519186019897
0.519340991974
0.51949596405
0.52897810936
0.529163122177
0.529340028763
0.529507160187
0.529678106308
0.539800882339
0.539975881577
0.540138959885
0.54031586647
0.540483951569
0.564494848251
0.564649820328
0.564792871475
0.564939022064
0.565079927444
0.563033819199
0.53168797493
0.53214097023
0.532689094543
0.533533096313
0.570507049561
0.570695161819
0.570867061615
0.571079969406
0.571292161942
0.559604167938
0.559844017029
0.560067176819
0.560281038284
0.560525178909
0.556238889694
0.556414842606
0.556562900543
0.556705951691
0.524972915649
0.558588981628
0.558844089508
0.55907201767
0.559297084808
0.559617996216
0.569344997406
0.56963300705
0.569887161255
0.570134162903
0.570376157761
0.632402896881
0.632601976395
0.632783889771
0.632982969284
0.633208036423
0.643933057785
0.644343137741
0.644698143005
0.645154953003
0.645713090897
0.665859937668
0.666177034378
0.666465997696
0.666759967804
0.62831401825
0.678977012634
0.679253101349
0.679510116577
0.67976307869
0.644486904144
0.686490058899
0.647624015808
0.648237943649
0.648814916611
0.649420022964
0.700432062149
0.700612068176
0.700778007507
0.70102596283
0.70130109787
0.702433824539
0.702644824982
0.702821969986
0.702999830246
0.703177928925
0.678120136261
0.678394079208
0.678660154343
0.678913116455
0.679180145264
0.675630807877
0.675836801529
0.676019906998
0.676209926605
0.676403999329
0.681698083878
0.645829916
0.646733999252
0.647665977478
0.648550033569
0.697265863419
0.666057109833
0.666864156723
0.667711019516
0.668673038483
0.691586017609
0.656985044479
0.657600164413
0.658214092255
0.658939123154
0.696485042572
0.696793079376
0.697095155716
0.697396039963
0.697693109512
0.688126087189
0.688401222229
0.688671112061
0.688954114914
0.689232110977
0.747751951218
0.748029947281
0.748279094696
0.74852514267
0.748805046082
0.754134893417
0.754390954971
0.754630088806
0.754862070084
0.708487987518
0.740139961243
0.74071598053
0.741276979446
0.741832017899
0.742411136627
0.720237016678
0.72084403038
0.721428155899
0.722031116486
0.722620010376
0.696470022202
0.697180986404
0.697992086411
0.698863983154
0.65779709816
0.696094036102
0.696485042572
0.696839094162
0.697198152542
0.697535037994
0.680058956146
0.680480957031
0.680751800537
0.681061983109
0.681301832199
0.656805038452
0.657060861588
0.657254934311
0.657441854477
0.657621860504
0.655711174011
0.655899047852
0.656064033508
0.656223058701
0.656386137009
0.649430036545
0.605180025101
0.605986833572
0.60667681694
0.607196807861
0.634835004807
0.582123994827
0.582708120346
0.583447933197
0.58434510231
0.612640142441
0.612853050232
0.613049983978
0.61325097084
0.613631010056
0.629893064499
0.630095005035
0.630270957947
0.630452871323
0.630614995956
0.620261907578
0.620527029037
0.620780944824
0.621074914932
0.621289968491
0.627703905106
0.549937963486
0.55061006546
0.551309108734
0.552053928375
0.680953979492
0.681225061417
0.681474924088
0.681762933731
0.682130098343
0.666450023651
0.666748046875
0.66691493988
0.667083024979
0.667264938354
0.669075965881
0.669321060181
0.669533967972
0.670022964478
0.639986991882
0.672435998917
0.672626018524
0.67279291153
0.673017978668
0.673387050629
0.669367790222
0.669703960419
0.63751912117
0.637921094894
0.642975091934
0.679270982742
0.6798350811
0.637413024902
0.637868881226
0.638080835342
0.679481983185
0.680097818375
0.640616893768
0.641126871109
0.641901016235
0.675711870193
0.676002979279
0.67622089386
0.676431894302
0.676645040512
0.677670001984
0.650058984756
0.651729106903
0.652239084244
0.652451038361
0.697139978409
0.697721004486
0.698233127594
0.69873213768
0.699397087097
0.697385072708
0.667360067368
0.668513059616
0.669162988663
0.66972899437
0.700365066528
0.700654983521
0.700936079025
0.701331138611
0.701606988907
0.699894189835
0.700245141983
0.700613021851
0.7009370327
0.701256036758
0.680478811264
0.680933952332
0.649688959122
0.650595188141
0.651076078415
0.703092098236
0.703363180161
0.703621149063
0.704149961472
0.665058135986
0.692445993423
0.562186002731
0.5634329319
0.564074039459
0.564364910126
0.603850841522
0.568266153336
0.568879127502
0.569478988647
0.570294141769
0.605184078217
0.561564922333
0.565883874893
0.566408872604
0.566982984543
0.594199895859
0.594760894775
0.561283111572
0.561989068985
0.562669992447
0.588325977325
0.558077096939
0.558818101883
0.559509992599
0.560544013977
0.589380979538
0.589822053909
0.554257154465
0.555006980896
0.555634021759
0.588910102844
0.550228118896
0.551185131073
0.551754951477
0.552267074585
0.586854934692
0.546294927597
0.547182798386
0.547353982925
0.547511816025
0.575230836868
0.575610876083
0.575971841812
0.576333999634
0.576669931412
0.571082830429
0.57151389122
0.528833150864
0.52921295166
0.529582977295
0.568405151367
0.526817083359
0.527518033981
0.528464078903
0.528852939606
0.55396604538
0.52052283287
0.521955013275
0.522533893585
0.52284693718
0.556980848312
0.526431083679
0.527365207672
0.527894020081
0.528126001358
0.556925058365
0.528784990311
0.529564857483
0.530527830124
0.531243801117
0.582705020905
0.582909822464
0.583086967468
0.583266019821
0.583446979523
0.566650152206
0.566851139069
0.567011117935
0.567176103592
0.567340135574
0.565989017487
0.566169977188
0.566334962845
0.56649184227
0.566657781601
0.568485975266
0.568689107895
0.568874120712
0.569053888321
0.569230079651
0.578806877136
0.545433044434
0.54634809494
0.550082921982
0.550575017929
0.597608089447
0.598577976227
0.57262802124
0.573194980621
0.573714017868
0.619610071182
0.592465877533
0.593786001205
0.594955921173
0.596559047699
0.631574869156
0.636034965515
0.6363530159
0.636672973633
0.636987924576
0.649222135544
0.649552106857
0.649812221527
0.650062084198
0.650557041168
0.647791862488
0.64798784256
0.613608837128
0.614287853241
0.61566901207
0.636084794998
0.636389970779
0.636662006378
0.636849880219
0.637032985687
0.641044855118
0.64142203331
0.641775846481
0.642179965973
0.605479001999
0.639992952347
0.64045381546
0.640866041183
0.641269922256
0.641679048538
0.654302835464
0.654808998108
0.655101060867
0.655498981476
0.655837059021
0.689859867096
0.690117835999
0.690346956253
0.690943002701
0.691269874573
0.700835943222
0.701213121414
0.655333995819
0.656535148621
0.657333135605
0.689541101456
0.690008163452
0.690551996231
0.690939188004
0.691296100616
0.688199043274
0.689028024673
0.689383983612
0.660156011581
0.661364078522
0.692686080933
0.693042993546
0.693318128586
0.693547010422
0.693771123886
0.707880020142
0.708380937576
0.708734035492
0.709067106247
0.70941901207
0.814588069916
0.78179192543
0.78239607811
0.782971143723
0.784022092819
0.809570074081
0.75573015213
0.757534980774
0.758124113083
0.758466959
0.798154115677
0.79923415184
0.8000831604
0.800645112991
0.801198005676
0.776041984558
0.776630163193
0.777132987976
0.777631998062
0.77817606926
0.768728017807
0.769478082657
0.770191907883
0.770915985107
0.771625995636
0.773334026337
0.773873090744
0.774394989014
0.774912118912
0.775465011597
0.780957937241
0.781391859055
0.752578020096
0.75298500061
0.753188848495
0.790400981903
0.791445016861
0.792402029037
0.793240070343
0.794070005417
0.769543886185
0.770328044891
0.77082490921
0.771337985992
0.772019863129
0.779847860336
0.780472040176
0.781072854996
0.781692028046
0.782291889191
0.771039962769
0.771354913712
0.771659851074
0.77196097374
0.772261857986
0.732501029968
0.732906103134
0.692955970764
0.693920135498
0.694326162338
0.725149154663
0.690118074417
0.690866947174
0.691585063934
0.692511081696
0.729942083359
0.7302339077
0.730436086655
0.730669021606
0.730846881866
0.773689985275
0.774127006531
0.774528980255
0.774978160858
0.775404930115
0.771531820297
0.771734952927
0.771893978119
0.772053956985
0.772212982178
0.759948015213
0.760118961334
0.760267972946
0.760416984558
0.760562896729
0.671358108521
0.671548128128
0.671715974808
0.671884059906
0.672033071518
0.691201925278
0.691513061523
0.691781044006
0.692049026489
0.692322015762
0.696873903275
0.697064876556
0.697230100632
0.697419881821
0.69764995575
0.68857383728
0.689114809036
0.689618825912
0.690114974976
0.690670013428
0.682445049286
0.648133039474
0.649421930313
0.64998292923
0.650344848633
0.695662975311
0.660821914673
0.661909103394
0.663463115692
0.664123058319
0.694374084473
0.694729089737
0.694994926453
0.695261001587
0.695536136627
0.690011978149
0.690322160721
0.690611124039
0.690896034241
0.691145181656
0.694720029831
0.649723052979
0.651300907135
0.651746988297
0.65212893486
0.685289859772
0.685581922531
0.68586397171
0.686266899109
0.686537981033
0.666630983353
0.648914813995
0.649757862091
0.650159835815
0.651454925537
0.684700965881
0.653532981873
0.653980016708
0.654149055481
0.654573917389
0.681881904602
0.682153940201
0.682411909103
0.682665109634
0.682927131653
0.66809296608
0.668463945389
0.594693899155
0.597302913666
0.597707986832
0.630002975464
0.597815990448
0.598932981491
0.599571943283
0.60396695137
0.616626977921
0.576529026031
0.57782793045
0.578171014786
0.578485965729
0.603667020798
0.553889989853
0.554543018341
0.558926105499
0.559334993362
0.589216947556
0.589500904083
0.589762926102
0.590080976486
0.590342998505
0.569678068161
0.569888114929
0.570080041885
0.570380210876
0.570716142654
0.56338095665
0.563690900803
0.563950777054
0.564214944839
0.564496994019
0.557651996613
0.557869195938
0.55806517601
0.558251142502
0.558436155319
0.559625864029
0.520065069199
0.521117925644
0.525079011917
0.525754928589
0.551973104477
0.518491983414
0.519368886948
0.520210981369
0.521005868912
0.563545942307
0.530234098434
0.531307220459
0.532510042191
0.533680200577
0.557194232941
0.525096893311
0.525689840317
0.526268005371
0.526891946793
0.561239004135
0.561414003372
0.561583042145
0.561743021011
0.561930894852
0.555000066757
0.555346012115
0.555699110031
0.55607008934
0.55640411377
0.555990219116
0.522175073624
0.525746107101
0.526256084442
0.526865959167
0.548979997635
0.549248933792
0.549478054047
0.549694061279
0.549907922745
0.551523923874
0.551842927933
0.552215099335
0.552572011948
0.552937984467
0.549174070358
0.549489974976
0.549787998199
0.550086021423
0.550382137299
0.549772024155
0.521497011185
0.522233009338
0.522952079773
0.523687124252
0.553497076035
0.500685214996
0.5015001297
0.502155065536
0.50284910202
0.530992031097
0.531735181808
0.532418012619
0.533092021942
0.507678031921
0.53048992157
0.498018980026
0.498999834061
0.499746799469
0.500540971756
0.53569984436
0.507262945175
0.508021116257
0.508777141571
0.509721040726
0.540362119675
0.54056596756
0.540748119354
0.54093003273
0.541113138199
0.539524793625
0.539760828018
0.539995908737
0.540202856064
0.540403842926
0.540856122971
0.494895219803
0.495475053787
0.49603509903
0.497364997864
0.525804042816
0.526790142059
0.527581214905
0.528343200684
0.529252052307
0.521591186523
0.522348165512
0.522976160049
0.523597002029
0.524235010147
0.51654291153
0.517440795898
0.518110990524
0.51869893074
0.519222974777
0.518379926682
0.519521951675
0.520648956299
0.52154302597
0.522233009338
0.511548042297
0.51219701767
0.512876033783
0.513520002365
0.514127969742
0.516543865204
0.517221927643
0.518007993698
0.518876791
0.519686937332
0.5111348629
0.511340856552
0.511777877808
0.482141017914
0.482659101486
0.516895055771
0.517108201981
0.517300128937
0.517544984818
0.517831087112
0.51455616951
0.51474404335
0.514911174774
0.515074014664
0.515231132507
0.511490821838
0.511854887009
0.512266874313
0.512687921524
0.513097047806
0.509066104889
0.509359121323
0.50962805748
0.509894132614
0.510162115097
0.505815982819
0.5061378479
0.50643992424
0.506735801697
0.507035017014
0.510601043701
0.510922908783
0.511198997498
0.511485099792
0.511763095856
0.504753828049
0.476096868515
0.477005958557
0.478861808777
0.479774951935
0.509054899216
0.509233951569
0.509397029877
0.509552001953
0.509960889816
0.512427091599
0.51308298111
0.513859033585
0.514440059662
0.515006065369
0.512159109116
0.512713909149
0.513256072998
0.51379609108
0.514397144318
0.515465021133
0.483278989792
0.483829975128
0.485244035721
0.485851049423
0.519769906998
0.519966840744
0.520238876343
0.520424842834
0.52058506012
0.512896060944
0.513114929199
0.513299942017
0.513477087021
0.513649940491
0.526738166809
0.527034044266
0.52730512619
0.527585983276
0.527827978134
0.570885181427
0.571070194244
0.571235179901
0.571394205093
0.571552038193
0.569140195847
0.569327116013
0.569488048553
0.569646120071
0.569817066193
0.576339960098
0.576504945755
0.576658010483
0.576807975769
0.576957941055
0.563838005066
0.564178943634
0.564496040344
0.5648188591
0.565104961395
0.568403959274
0.568639993668
0.568828105927
0.569003105164
0.569190979004
0.624918937683
0.62518286705
0.625406980515
0.625622987747
0.625840902328
0.652184963226
0.65238904953
0.652559995651
0.652722120285
0.622953176498
0.657950162888
0.65814614296
0.658321142197
0.658548116684
0.658723115921
0.654224157333
0.654886007309
0.655449151993
0.655979156494
0.656517028809
0.65073800087
0.651767015457
0.652561187744
0.653253078461
0.653937101364
0.652820110321
0.623017787933
0.623616933823
0.624426841736
0.625180006027
0.654277801514
0.654851913452
0.618043899536
0.618859052658
0.619111061096
0.654607057571
0.65495800972
0.655261993408
0.623959064484
0.625983953476
0.652109861374
0.652308940887
0.652513027191
0.652701854706
0.652874946594
0.636156082153
0.636518001556
0.636775970459
0.637032032013
0.637275934219
0.633620023727
0.63386797905
0.634098052979
0.634316921234
0.63453912735
0.689105987549
0.689635038376
0.690111160278
0.690541028976
0.690984010696
0.681024074554
0.68120598793
0.681369066238
0.681521892548
0.681684970856
0.686035871506
0.654983043671
0.655616044998
0.659984827042
0.660440921783
0.685874938965
0.686074018478
0.686246871948
0.686416864395
0.686583042145
0.69300699234
0.693358898163
0.693670034409
0.693950891495
0.694231033325
0.680891036987
0.681275844574
0.681606054306
0.681933879852
0.682224988937
0.683663129807
0.683989048004
0.684296131134
0.684592962265
0.684932947159
0.681735992432
0.682146072388
0.682466983795
0.68278503418
0.683105945587
0.68261885643
0.649639844894
0.650200843811
0.653519868851
0.654090881348
0.69654083252
0.696727991104
0.696903944016
0.697082042694
0.697259902954
0.708782196045
0.708989143372
0.709167003632
0.709339141846
0.709513187408
0.71037197113
0.710600137711
0.710776090622
0.710958003998
0.711137056351
0.70733499527
0.707508087158
0.707719087601
0.707872867584
0.708021879196
0.716655015945
0.71693611145
0.71716594696
0.717392921448
0.717618942261
0.715482950211
0.715695142746
0.715885162354
0.716070175171
0.716284990311
0.711671113968
0.67973613739
0.680387020111
0.681005001068
0.681657075882
0.713886022568
0.714068174362
0.714240074158
0.714412212372
0.714582204819
0.702044010162
0.607122898102
0.607661962509
0.608158826828
0.608652830124
0.639545917511
0.611516952515
0.612159013748
0.61253786087
0.613458871841
0.649219989777
0.649509906769
0.649752855301
0.649996995926
0.650463819504
0.645693063736
0.645928144455
0.646141052246
0.614724159241
0.6154961586
0.649690151215
0.649905204773
0.650098085403
0.650295972824
0.650895118713
0.644073009491
0.644650220871
0.645211219788
0.645786046982
0.646668195724
0.644232988358
0.595988988876
0.596256971359
0.596436023712
0.596602916718
0.624342918396
0.595960855484
0.596633911133
0.597275018692
0.597925901413
0.620122909546
0.590615034103
0.591294050217
0.591997861862
0.592666864395
0.641663074493
0.594125032425
0.594903945923
0.595598936081
0.59624505043
0.629506111145
0.587457180023
0.588082075119
0.588973999023
0.589524030685
0.617160081863
0.581918001175
0.582537174225
0.583430051804
0.584010124207
0.617811203003
0.586158037186
0.586754083633
0.587286949158
0.587810993195
0.618615865707
0.619189023972
0.619765043259
0.620261907578
0.620800018311
0.616302967072
0.617060899734
0.61785697937
0.61870598793
0.619557857513
0.618938922882
0.589755058289
0.590476989746
0.591145038605
0.591819047928
0.641141176224
0.641834020615
0.642132997513
0.642399072647
0.642656087875
0.635879039764
0.6363530159
0.636857032776
0.606750011444
0.606972932816
0.651583909988
0.652194023132
0.652796983719
0.653419971466
0.654021978378
0.649888038635
0.612783908844
0.61359500885
0.61395406723
0.614162921906
0.639719963074
0.639904975891
0.6405210495
0.640866994858
0.641097068787
0.640062093735
0.64066696167
0.641334056854
0.641622066498
0.606810808182
0.640434026718
0.640883922577
0.606913805008
0.607474803925
0.607674837112
0.643884897232
0.615494966507
0.616526842117
0.617269992828
0.622189998627
0.645215988159
0.645426034927
0.645608901978
0.645789861679
0.64714384079
0.667195796967
0.667515993118
0.66780591011
0.668054819107
0.668293952942
0.665532112122
0.665774106979
0.666105985641
0.66636800766
0.666558027267
0.662187099457
0.662373065948
0.662541151047
0.662703990936
0.662862062454
0.671574115753
0.671795129776
0.671988010406
0.67217206955
0.672358989716
0.680166006088
0.680431127548
0.680655002594
0.680871963501
0.681087970734
0.746413946152
0.74661397934
0.746798992157
0.747256994247
0.713599920273
0.744220972061
0.74444103241
0.712785005569
0.712986946106
0.713772058487
0.749969959259
0.750566959381
0.751097917557
0.751672029495
0.752202987671
0.743172883987
0.743392944336
0.743592023849
0.74378991127
0.743993997574
0.720176935196
0.690855026245
0.691628932953
0.692420005798
0.693156003952
0.724174976349
0.724707841873
0.725210905075
0.725708961487
0.726207971573
0.730990886688
0.693315029144
0.694136142731
0.694962024689
0.695493936539
0.720269918442
0.691618919373
0.691991090775
0.692321062088
0.692661046982
0.72550702095
0.696616888046
0.697443962097
0.697829008102
0.698269844055
0.738873004913
0.70484495163
0.705721139908
0.706768035889
0.707427978516
0.750715970993
0.751032114029
0.751235961914
0.751433134079
0.712399959564
0.760108947754
0.760386943817
0.76061296463
0.760833978653
0.761054992676
0.758558034897
0.758729934692
0.758877038956
0.759027957916
0.759172916412
0.750053882599
0.750300884247
0.750502824783
0.750856876373
0.751169919968
0.754593849182
0.754786014557
0.75496506691
0.75541806221
0.755645036697
0.744292020798
0.74453496933
0.697597980499
0.698695898056
0.699579954147
0.725950956345
0.726212978363
0.688519954681
0.689079046249
0.689620018005
0.722288131714
0.722519159317
0.722809076309
0.661325931549
0.662022829056
0.69969201088
0.661428928375
0.662498950958
0.663461923599
0.664327859879
0.726608991623
0.700567960739
0.701570987701
0.702747821808
0.704016923904
0.744947910309
0.745166778564
0.745357990265
0.74554681778
0.745735883713
0.730779886246
0.730975866318
0.731153964996
0.731329917908
0.702600955963
0.724411010742
0.724972009659
0.725504159927
0.726248979568
0.726917982101
0.729686975479
0.730267047882
0.698216915131
0.699285984039
0.700119972229
0.722963809967
0.723186016083
0.681415081024
0.682425022125
0.682610988617
0.717753887177
0.718149900436
0.718487024307
0.718827009201
0.71916103363
0.708606004715
0.709407091141
0.710437059402
0.711287975311
0.712052106857
0.708750963211
0.709719896317
0.710567951202
0.711312055588
0.716654062271
0.697535991669
0.697712898254
0.697878837585
0.698042869568
0.698199987411
0.684161901474
0.654700994492
0.657114028931
0.658088207245
0.658471107483
0.686295032501
0.686647176743
0.686969041824
0.687300205231
0.687702178955
0.685836791992
0.686137914658
0.686327934265
0.686578989029
0.686831951141
0.679677009583
0.679855108261
0.680015087128
0.680171012878
0.649947166443
0.67227602005
0.67248415947
0.632915973663
0.634254932404
0.635382890701
0.667920827866
0.668092012405
0.668244838715
0.668395996094
0.668698787689
0.668892860413
0.669197797775
0.669442892075
0.669607877731
0.669840812683
0.675521850586
0.67569899559
0.675858974457
0.676012039185
0.676167011261
0.721565008163
0.686018943787
0.687094926834
0.687597036362
0.687957048416
0.727766036987
0.728139877319
0.728493928909
0.728846073151
0.729201078415
0.724375963211
0.724695920944
0.724994897842
0.725297927856
0.725584030151
0.722367048264
0.692001104355
0.692946195602
0.693233013153
0.693566083908
0.726344108582
0.685935974121
0.686592817307
0.686817884445
0.686997890472
0.719883918762
0.720096826553
0.720268011093
0.720448970795
0.720603942871
0.718087911606
0.718608140945
0.719444990158
0.720204114914
0.720726966858
0.726233959198
0.727090120316
0.700146913528
0.701056957245
0.701894044876
0.72883605957
0.729058980942
0.729273080826
0.729475975037
0.729681968689
0.732975006104
0.733197927475
0.733402967453
0.733611106873
0.733817100525
0.729120016098
0.729322910309
0.72976398468
0.697793960571
0.698024988174
0.729851961136
0.730154037476
0.730411052704
0.730671167374
0.730919122696
0.739722013474
0.739938020706
0.740404129028
0.711088895798
0.711369991302
0.74538898468
0.745754957199
0.746109008789
0.746615886688
0.746990919113
0.752547025681
0.752748012543
0.752924203873
0.723147153854
0.723790168762
0.756550073624
0.756721019745
0.756888151169
0.757045