0.0180931091309
0.0184271335602
0.0187029838562
0.0191099643707
0.0195910930634
0.0293810367584
0.0299711227417
0.0307681560516
0.0315940380096
0.0324211120605
0.0233659744263
0.0241339206696
0.0249710083008
0.0257978439331
0.026624917984
0.0243589878082
0.0251700878143
0.0258190631866
0.0265200138092
0.0272710323334
0.0271949768066
0.0280799865723
0.0289058685303
0.0297250747681
0.0305259227753
0.0265879631042
0.0273880958557
0.0282230377197
0.0290260314941
0.0298569202423
0.0254249572754
0.0263228416443
0.0273048877716
0.0282769203186
0.0291249752045
0.0286250114441
0.0294809341431
0.0302169322968
0.00109314918518
0.00171208381653
0.0250430107117
0.0258090496063
0.0265920162201
0.0272600650787
0.0279290676117
0.0339391231537
0.0347030162811
0.03542304039
0.0362319946289
0.036966085434
0.0383620262146
0.0391550064087
0.0399341583252
0.0407660007477
0.0417401790619
0.028135061264
0.0283541679382
0.0285220146179
0.0286779403687
0.028834104538
0.0296249389648
0.00294589996338
0.00397992134094
0.00550889968872
0.00698590278625
0.0342857837677
0.0344729423523
0.0346508026123
0.0348398685455
0.0350229740143
0.0322909355164
0.0324959754944
0.0326769351959
0.03284907341
0.0330250263214
0.0299088954926
0.0300889015198
0.0302529335022
0.0304098129272
0.0305998325348
0.0322799682617
0.00249886512756
0.00328087806702
0.00416898727417
0.00482487678528
0.0320599079132
0.0322489738464
0.0324218273163
0.0326118469238
0.0328209400177
0.0313458442688
0.0318338871002
0.0323929786682
0.0326149463654
0.0328328609467
0.032289981842
0.03253698349
0.0329401493073
0.0333499908447
0.0335259437561
0.0282418727875
0.0284349918365
0.0286159515381
0.0289418697357
0.0293209552765
0.0344438552856
0.00217986106873
0.0029149055481
0.00368595123291
0.00434589385986
0.0345950126648
0.00618505477905
0.00700402259827
0.00754594802856
0.008141040802
0.0444629192352
0.00241708755493
0.00341105461121
0.00407218933105
0.00465106964111
0.0360732078552
0.00187611579895
0.0030632019043
0.00376415252686
0.00449299812317
0.0402910709381
0.0406200885773
0.0409491062164
0.0412611961365
0.0415620803833
0.0559298992157
0.0563430786133
0.0220420360565
0.0236101150513
0.0240721702576
0.0582931041718
0.0588541030884
0.0594661235809
0.060024023056
0.0606200695038
0.0619101524353
0.0626881122589
0.0634391307831
0.0644080638885
0.065150976181
0.0741848945618
0.0750639438629
0.075865983963
0.0807340145111
0.0810599327087
0.0786578655243
0.032674074173
0.0333671569824
0.0335290431976
0.0336861610413
0.072517156601
0.0727059841156
0.0728681087494
0.0730340480804
0.073949098587
0.0747210979462
0.0757629871368
0.0766141414642
0.0774149894714
0.0782170295715
0.0702698230743
0.0704720020294
0.0706558227539
0.0708358287811
0.071005821228
0.0773129463196
0.0407540798187
0.0414230823517
0.0422720909119
0.0428910255432
0.0668771266937
0.0297589302063
0.0304918289185
0.0311298370361
0.031947851181
0.0660729408264
0.0391240119934
0.0397670269012
0.0405008792877
0.0411460399628
0.0867049694061
0.0870079994202
0.0873558521271
0.0880708694458
0.0885028839111
0.0947721004486
0.0949602127075
0.0951220989227
0.0952770709991
0.0954670906067
0.0942668914795
0.0945289134979
0.0947270393372
0.0949189662933
0.095116853714
0.0906782150269
0.0909712314606
0.0911490917206
0.0913560390472
0.091607093811
0.0970821380615
0.0972819328308
0.0974650382996
0.0976829528809
0.0980520248413
0.1030189991
0.103626966476
0.104234933853
0.104856967926
0.105414867401
0.105087995529
0.105577945709
0.106108903885
0.0681080818176
0.0686349868774
0.102498054504
0.103100061417
0.103637933731
0.104157924652
0.10467004776
0.100855112076
0.1010389328
0.10121011734
0.101431131363
0.101620912552
0.0989339351654
0.0991759300232
0.0993990898132
0.0996100902557
0.0998229980469
0.0933361053467
0.0939471721649
0.0946500301361
0.0951950550079
0.0956981182098
0.095715045929
0.0963468551636
0.096960067749
0.097571849823
0.0982899665833
0.0979101657867
0.0986242294312
0.0993981361389
0.100394010544
0.101144075394
0.0966260433197
0.0972309112549
0.0978450775146
0.0984079837799
0.0991721153259
0.0894629955292
0.0901200771332
0.0906419754028
0.0912439823151
0.0594611167908
0.096843957901
0.0683379173279
0.069219827652
0.0700688362122
0.0709040164948
0.101858854294
0.0735950469971
0.0746490955353
0.0753960609436
0.0760841369629
0.104171991348
0.0695400238037
0.0742208957672
0.0749468803406
0.0757999420166
0.104093074799
0.0727651119232
0.0732820034027
0.0737900733948
0.0743219852448
0.104483127594
0.104923009872
0.105270147324
0.105604171753
0.106120109558
0.111639022827
0.111942052841
0.112365007401
0.112901926041
0.11329293251
0.120366096497
0.0884740352631
0.088986158371
0.0901660919189
0.0905799865723
0.123991012573
0.124242067337
0.0862898826599
0.0909819602966
0.0913560390472
0.125144958496
0.126029968262
0.126863002777
0.127686977386
0.128593921661
0.119341135025
0.120330095291
0.121271133423
0.12203502655
0.122716188431
0.112492084503
0.113108873367
0.113677978516
0.114217042923
0.114753007889
0.108283996582
0.109218835831
0.110136985779
0.111050844193
0.112033843994
0.102587938309
0.103255987167
0.103891134262
0.104516029358
0.105145931244
0.104844093323
0.105542182922
0.106315135956
0.106976032257
0.10763001442
0.108850955963
0.109472036362
0.110070943832
0.110665082932
0.111254930496
0.105051994324
0.105759143829
0.106460094452
0.107172012329
0.107844114304
0.0972950458527
0.0987370014191
0.099659204483
0.100215196609
0.112329006195
0.108809947968
0.109843015671
0.110852003098
0.11194896698
0.113384008408
0.112193822861
0.113057851791
0.113886833191
0.119102954865
0.119993925095
0.117563009262
0.118255138397
0.118903160095
0.119530200958
0.120170116425
0.108299016953
0.0732078552246
0.073737859726
0.074385881424
0.0748958587646
0.108500003815
0.109829902649
0.110713005066
0.111468076706
0.1122610569
0.112349033356
0.11305308342
0.113752126694
0.114450931549
0.115175962448
0.112544059753
0.113358974457
0.114114999771
0.115123033524
0.11595916748
0.115168094635
0.115781068802
0.116328001022
0.116996049881
0.117532968521
0.104513883591
0.105112075806
0.105705022812
0.106257915497
0.106836080551
0.109658956528
0.110028028488
0.110271930695
0.110474824905
0.110690832138
0.0930330753326
0.0932919979095
0.0935080051422
0.0937390327454
0.0939600467682
0.0908410549164
0.0914180278778
0.0919990539551
0.0925068855286
0.0930109024048
0.0925090312958
0.0931529998779
0.0935959815979
0.0941410064697
0.094621181488
0.0902919769287
0.0909240245819
0.0915939807892
0.0921740531921
0.0928769111633
0.0839059352875
0.0845909118652
0.0852198600769
0.0858209133148
0.0864338874817
0.0808429718018
0.0818009376526
0.0825650691986
0.0833158493042
0.0840630531311
0.0906889438629
0.0915229320526
0.0921919345856
0.0927000045776
0.0932078361511
0.095046043396
0.0955731868744
0.096127986908
0.0966370105743
0.0971441268921
0.0939240455627
0.0946550369263
0.0953459739685
0.0960412025452
0.0967330932617
0.0889999866486
0.0895957946777
0.0901827812195
0.0911238193512
0.0919189453125
0.0811200141907
0.0818150043488
0.0825350284576
0.0834300518036
0.0840840339661
0.0872619152069
0.0878620147705
0.0883960723877
0.0889630317688
0.0894989967346
0.0880360603333
0.0886900424957
0.0893220901489
0.0899569988251
0.0905890464783
0.0859808921814
0.0868079662323
0.0874330997467
0.0880529880524
0.0886659622192
0.0809850692749
0.0816791057587
0.0823390483856
0.0831241607666
0.0544149875641
0.0906209945679
0.0908191204071
0.091001033783
0.0912330150604
0.0914149284363
0.0847320556641
0.0559520721436
0.0564959049225
0.0570249557495
0.0576701164246
0.0884220600128
0.0590450763702
0.0598289966583
0.0605480670929
0.0612111091614
0.0965549945831
0.0638799667358
0.0645179748535
0.0651211738586
0.0657939910889
0.090194940567
0.0617609024048
0.062628030777
0.0651240348816
0.065957069397
0.0882980823517
0.0585148334503
0.0626418590546
0.063453912735
0.0642778873444
0.0881249904633
0.0563859939575
0.057343006134
0.0579948425293
0.0588278770447
0.0824530124664
0.0523858070374
0.0529158115387
0.0535650253296
0.0540750026703
0.0796627998352
0.0510709285736
0.0517158508301
0.0523738861084
0.0530018806458
0.0812859535217
0.0524969100952
0.0530438423157
0.0535860061646
0.0541088581085
0.0794320106506
0.0505359172821
0.0515949726105
0.0524349212646
0.053288936615
0.080757856369
0.0496511459351
0.0504031181335
0.0511260032654
0.0517950057983
0.0751171112061
0.0466260910034
0.0483999252319
0.0489490032196
0.0494909286499
0.0814909934998
0.0411069393158
0.041953086853
0.042594909668
0.0433189868927
0.0694019794464
0.0348699092865
0.0391659736633
0.0403668880463
0.0412888526917
0.0648219585419
0.0348930358887
0.0357182025909
0.0364811420441
0.037248134613
0.0628910064697
0.0344779491425
0.0349929332733
0.0354990959167
0.0359959602356
0.0784380435944
0.0497179031372
0.0507009029388
0.0516500473022
0.0526080131531
0.0826230049133
0.0365569591522
0.0373940467834
0.0379920005798
0.0385870933533
0.0689890384674
0.0692460536957
0.0694799423218
0.0697169303894
0.0701289176941
0.0668549537659
0.0341620445251
0.0349991321564
0.0360140800476
0.0368831157684
0.0683860778809
0.040079832077
0.0409998893738
0.0417919158936
0.0425088405609
0.087553024292
0.0877418518066
0.0879209041595
0.0880959033966
0.0884549617767
0.10005903244
0.100445985794
0.10077881813
0.101116895676
0.101470947266
0.0909512042999
0.0912461280823
0.091548204422
0.0478119850159
0.0490369796753
0.0733921527863
0.0736410617828
0.073860168457
0.0743219852448
0.0747621059418
0.0672590732574
0.0276370048523
0.027853012085
0.0285580158234
0.0290830135345
0.0548050403595
0.0256040096283
0.0262989997864
0.0266849994659
0.0271511077881
0.0675241947174
0.0679659843445
0.0360600948334
0.0362820625305
0.0368909835815
0.0638179779053
0.063992023468
0.0643301010132
0.0304388999939
0.0306179523468
0.0697619915009
0.0699570178986
0.0703020095825
0.0408551692963
0.0421960353851
0.0866370201111
0.0874421596527
0.0492870807648
0.0496950149536
0.0500230789185
0.0977869033813
0.0982370376587
0.100630998611
0.100850105286
0.101020097733
0.0856890678406
0.0858891010284
0.0861949920654
0.0864720344543
0.0867710113525
0.0706450939178
0.071033000946
0.0713441371918
0.0716459751129
0.0719439983368
0.0601089000702
0.0604290962219
0.0606689453125
0.0610399246216
0.061460018158
0.0536270141602
0.0540080070496
0.054347038269
0.0548470020294
0.0551478862762
0.0566771030426
0.0278489589691
0.029529094696
0.0299479961395
0.0305399894714
0.0569739341736
0.0282781124115
0.0295250415802
0.0298779010773
0.0303800106049
0.0549070835114
0.026004076004
0.026762008667
0.0270500183105
0.0273470878601
0.0679399967194
0.0682668685913
0.068500995636
0.0391280651093
0.0402150154114
0.0763039588928
0.0419089794159
0.0424029827118
0.0428800582886
0.0435509681702
0.0774619579315
0.0386390686035
0.0388588905334
0.0391459465027
0.0393340587616
0.0811340808868
0.0814371109009
0.0817201137543
0.0820031166077
0.082279920578
0.0801129341125
0.0803270339966
0.0805418491364
0.0807399749756
0.0809609889984
0.067892074585
0.0681550502777
0.068382024765
0.0686161518097
0.0688409805298
0.0739030838013
0.0741620063782
0.0744051933289
0.0746400356293
0.0748660564423
0.0735211372375
0.0309820175171
0.0312230587006
0.0322110652924
0.0328719615936
0.0896270275116
0.0903809070587
0.0607960224152
0.0616190433502
0.0635030269623
0.107350111008
0.107725143433
0.0701398849487
0.075306892395
0.0771369934082
0.106533050537
0.106950998306
0.107331991196
0.078850030899
0.0791409015656
0.10649394989
0.10698890686
0.0708470344543
0.0727181434631
0.0737390518188
0.108665943146
0.10907793045
0.074177980423
0.0745229721069
0.0748689174652
0.128281831741
0.128867864609
0.129923820496
0.0995328426361
0.100912809372
0.133496046066
0.133854866028
0.134191036224
0.134522914886
0.134848833084
0.12038397789
0.120745897293
0.121172904968
0.121529102325
0.121906042099
0.0983650684357
0.0988321304321
0.0992531776428
0.0996580123901
0.10004401207
0.0962898731232
0.0967609882355
0.0972158908844
0.097620010376
0.098021030426
0.0842499732971
0.0847179889679
0.053524017334
0.0548298358917
0.0560150146484
0.0935277938843
0.0938649177551
0.0941708087921
0.0945029258728
0.094938993454
0.0888700485229
0.0893340110779
0.0898089408875
0.0901138782501
0.09042096138
0.0866470336914
0.0870409011841
0.0873458385468
0.0876388549805
0.0879309177399
0.0784430503845
0.0788900852203
0.0791959762573
0.0800371170044
0.0505599975586
0.0756800174713
0.0760531425476
0.0764060020447
0.076737165451
0.0770552158356
0.0774240493774
0.0777490139008
0.078113079071
0.0784740447998
0.0788280963898
0.0531198978424
0.054358959198
0.0554478168488
0.0566618442535
0.05788397789
0.0792291164398
0.0796611309052
0.0837500095367
0.0843131542206
0.0847501754761
0.0668301582336
0.0672311782837
0.067568063736
0.0679490566254
0.0682899951935
0.0561330318451
0.0565440654755
0.0269389152527
0.02845287323
0.0296659469604
0.0610709190369
0.0618698596954
0.0624248981476
0.0628349781036
0.0632400512695
0.058098077774
0.0585129261017
0.0588159561157
0.0591289997101
0.0594189167023
0.054358959198
0.0547609329224
0.0590569972992
0.0597059726715
0.0603229999542
0.0536561012268
0.0540039539337
0.0542850494385
0.0546140670776
0.0550680160522
0.0492482185364
0.0495960712433
0.0501952171326
0.0615592002869
0.0622210502625
0.0637431144714
0.0641272068024
0.0644881725311
0.0655431747437
0.0351560115814
0.0627911090851
0.0632910728455
0.0636270046234
0.0639491081238
0.0643119812012
0.0598700046539
0.0603201389313
0.0608081817627
0.0614609718323
0.0619111061096
0.0617039203644
0.0623888969421
0.0629119873047
0.0634329319
0.0639500617981
0.0584971904755
0.0588631629944
0.059207201004
0.0595281124115
0.0598771572113
0.0638909339905
0.0353519916534
0.0357420444489
0.0360181331635
0.0362701416016
0.0661180019379
0.0663859844208
0.0666420459747
0.0668890476227
0.0671370029449
0.0729260444641
0.073352098465
0.0736751556396
0.0739941596985
0.0743181705475
0.0722849369049
0.0726180076599
0.0728969573975
0.0731449127197
0.0733959674835
0.0689060688019
0.06924700737
0.0696940422058
0.0701100826263
0.070543050766
0.0680770874023
0.0683979988098
0.068666934967
0.068922996521
0.0691590309143
0.0612008571625
0.0616199970245
0.0620408058167
0.0274298191071
0.0289669036865
0.056147813797
0.0564379692078
0.0566658973694
0.056923866272
0.0571677684784
0.0542669296265
0.0545949935913
0.0548808574677
0.0551319122314
0.0553770065308
0.0522239208221
0.0525550842285
0.0528869628906
0.0218858718872
0.0225069522858
0.0478999614716
0.0483169555664
0.0486099720001
0.048987865448
0.0493848323822
0.0537130832672
0.0540390014648
0.0543439388275
0.0546429157257
0.0549371242523
0.0379898548126
0.0383658409119
0.0386588573456
0.0389428138733
0.0392429828644
0.0335879325867
0.0339949131012
0.0342638492584
0.0345098972321
0.0347349643707
0.0287251472473
0.0289371013641
0.0291180610657
0.0292921066284
0.0294880867004
0.0373661518097
0.000638008117676
0.00162291526794
0.0022599697113
0.00260400772095
0.0369160175323
0.0377130508423
0.038507938385
0.0393898487091
0.040158033371
0.0389251708984
0.0395860671997
0.0399990081787
0.0404012203217
0.0408051013947
0.0304911136627
0.0309431552887
0.0315310955048
0.0319139957428
0.0322029590607
0.0325169563293
0.0334680080414
0.0342130661011
0.0347518920898
0.0352940559387
0.0306119918823
0.0309369564056
0.0312008857727
0.0314440727234
0.0316669940948
0.0361680984497
0.0365500450134
0.0368421077728
0.0371351242065
0.0374231338501
0.0348539352417
0.00201010704041
0.0028350353241
0.00361299514771
0.00410008430481
0.0272781848907
0.0283291339874
0.0288450717926
0.029452085495
0.0298001766205
0.0276300907135
0.02805519104
0.0284531116486
0.028834104538
0.0292131900787
0.0249681472778
0.0254271030426
0.0258619785309
0.0262799263
0.0267019271851
0.0265669822693
0.0269920825958
0.0274250507355
0.0278220176697
0.0282349586487
0.0314059257507
0.0317070484161
0.0320060253143
0.032310962677
0.0326268672943
0.0301880836487
0.030699968338
0.0309951305389
0.0312950611115
0.0316209793091
0.0361199378967
0.0364480018616
0.0367500782013
0.0370321273804
0.0374410152435
0.0337281227112
0.034145116806
0.0345499515533
0.0349111557007
0.0361111164093
0.0292778015137
0.0298738479614
0.0314478874207
0.00180315971375
0.00291299819946
0.0299701690674
0.0305030345917
0.0308599472046
0.0314271450043
0.0318231582642
0.0301430225372
0.0305829048157
0.0308418273926
0.0329179763794
0.0039370059967
0.032191991806
0.0325388908386
0.0328278541565
0.0331139564514
0.0333859920502
0.0244560241699
0.024845123291
0.0252280235291
0.0255930423737
0.0259571075439
0.0216550827026
0.0219030380249
0.0221199989319
0.0225419998169
0.0227670669556
0.0225389003754
0.0228600502014
0.0230829715729
0.023323059082
0.023542881012
0.0278220176697
0.0280199050903
0.0281839370728
0.0283451080322
0.0285520553589
0.031182050705
0.0313990116119
0.0315880775452
0.0318210124969
0.0319910049438
0.0285630226135
0.0287489891052
0.0289158821106
0.0290770530701
0.0293130874634
0.0344021320343
0.0346961021423
0.0349471569061
0.0351881980896
0.0354120731354
0.0241160392761
0.0243680477142
0.0295219421387
0.0297031402588
0.0298681259155
0.0255470275879
0.0258309841156
0.0261678695679
0.0265169143677
0.0268700122833
0.0232050418854
0.0235371589661
0.0238120555878
0.0240800380707
0.0243470668793
0.0238080024719
0.0241799354553
0.0245587825775
0.0248448848724
0.0251557826996
0.0248608589172
0.0252058506012
0.0254218578339
0.0256409645081
0.025857925415
0.0372960567474
0.0378339290619
0.0383551120758
0.038852930069
0.0393719673157
0.0320298671722
0.0324959754944
0.032881975174
0.0331249237061
0.0333609580994
0.028244972229
0.0285711288452
0.0288460254669
0.0290920734406
0.0293221473694
0.0324211120605
0.032989025116
0.033331155777
0.0338070392609
0.0342071056366
0.0373930931091
0.0378050804138
0.0380671024323
0.0382759571075
0.00327610969543
0.0323641300201
0.0327651500702
0.0331611633301
0.0335171222687
0.033842086792
0.0283930301666
0.0287330150604
0.0290510654449
0.0293309688568
0.029639005661
0.0303890705109
0.0310089588165
0.0315239429474
0.0318100452423
0.0320949554443
0.0311799049377
0.0316638946533
0.032154083252
0.0325589179993
0.032970905304
0.0288169384003
0.029228925705
0.0296199321747
0.0300090312958
0.0306789875031
0.0293262004852
0.0297532081604
0.0302262306213
0.0312042236328
0.0316691398621
0.0310029983521
0.0314700603485
0.031895160675
0.0325901508331
0.0330700874329
0.0319950580597
0.0326979160309
0.0331008434296
0.0336139202118
0.0340700149536
0.03297996521
0.0334730148315
0.0339541435242
0.0348119735718
0.0354580879211
0.0343270301819
0.0348479747772
0.035425901413
0.0358128547668
0.0361969470978
0.0408589839935
0.041738986969
0.0420022010803
0.0422492027283
0.0424971580505
0.0316960811615
0.0320739746094
0.0323140621185
0.0325539112091
0.0327889919281
0.0276739597321
0.0278820991516
0.0280699729919
0.0282649993896
0.0284469127655
0.0294389724731
0.0296559333801
0.0298528671265
0.0300588607788
0.0306248664856
0.0290141105652
0.0292041301727
0.0293941497803
0.0295579433441
0.0297181606293
0.0279040336609
0.0281538963318
0.0283629894257
0.0285630226135
0.0290598869324
0.0225570201874
0.0228979587555
0.0232310295105
0.024080991745
0.0249991416931
0.0388190746307
0.039097070694
0.0393559932709
0.0396389961243
0.039892911911
0.0270750522614
0.0275340080261
0.0278000831604
0.0282640457153
0.0286591053009
0.0329031944275
0.0332419872284
0.0335631370544
0.0338821411133
0.0341901779175
0.0278120040894
0.0280251502991
0.0282101631165
0.0283930301666
0.0285890102386
0.0313980579376
0.0317230224609
0.0319302082062
0.0321300029755
0.0323309898376
0.0319650173187
0.0326189994812
0.03289103508
0.0333139896393
0.0335931777954
0.028265953064
0.0287020206451
0.0290179252625
0.0293560028076
0.0296900272369
0.0292799472809
0.030476808548
0.03107380867
0.000992059707642
0.00276303291321
0.0342240333557
0.0346329212189
0.0349650382996
0.035295009613
0.0356199741364
0.0310060977936
0.0315821170807
0.0321190357208
0.0326159000397
0.0331420898438
0.0291030406952
0.0293278694153
0.0295178890228
0.0297210216522
0.0299408435822
0.0266590118408
0.0268800258636
0.027065038681
0.0272889137268
0.0274789333344
0.0336518287659
0.00368189811707
0.00398707389832
0.00423789024353
0.00454807281494
0.027783870697
0.0285649299622
0.0291819572449
0.0297698974609
0.000502824783325
0.0340719223022
0.0345828533173
0.00217509269714
0.00310611724854
0.00355005264282
0.0330109596252
0.00214886665344
0.00309896469116
0.0034008026123
0.0036928653717
0.0327229499817
0.00523090362549
0.00560688972473
0.00607299804688
0.00638198852539
0.0445160865784
0.0452020168304
0.0179469585419
0.0183711051941
0.0194890499115
0.0524859428406
0.0236899852753
0.0249109268188
0.0257060527802
0.0260760784149
0.0707290172577
0.0715439319611
0.0424311161041
0.0429539680481
0.0441811084747
0.0723450183868
0.0329041481018
0.0366160869598
0.0368521213531
0.0370500087738
0.0619521141052
0.0327451229095
0.033175945282
0.033607006073
0.0342240333557
0.0705170631409
0.0708210468292
0.0412621498108
0.0424599647522
0.0439291000366
0.075756072998
0.0381770133972
0.0392730236053
0.0396552085876
0.0400321483612
0.0794951915741
0.0797910690308
0.0800909996033
0.0803661346436
0.0806670188904
0.0856199264526
0.0858519077301
0.0860328674316
0.0862350463867
0.0864350795746
0.0763669013977
0.0767939090729
0.0360488891602
0.0372920036316
0.0379328727722
0.062775850296
0.029571056366
0.0301909446716
0.0309619903564
0.0314619541168
0.0528881549835
0.0232679843903
0.0246319770813
0.0253820419312
0.0257439613342
0.0580790042877
0.0582940578461
0.0584559440613
0.0588021278381
0.0589830875397
0.0452871322632
0.0461270809174
0.0470550060272
0.0478701591492
0.0486040115356
0.0527050495148
0.0235509872437
0.0250179767609
0.0253670215607
0.0257380008698
0.0472369194031
0.0185990333557
0.0188829898834
0.0191130638123
0.0193419456482
0.048103094101
0.0485360622406
0.0488319396973
0.0491609573364
0.0495159626007
0.0416679382324
0.0012378692627
0.0033860206604
0.00371384620667
0.00412893295288
0.02911901474
0.0002121925354
0.00174117088318
0.00264811515808
0.00300002098083
0.0416460037231
0.00571393966675
0.00734901428223
0.00771903991699
0.00810098648071
0.0370559692383
0.00239396095276
0.00339698791504
0.003741979599
0.00410509109497
0.0371119976044
0.00264286994934
0.00696802139282
0.00743699073792
0.00792598724365
0.0327389240265
0.00206995010376
0.00339603424072
0.00431203842163
0.00470209121704
0.0447700023651
0.0452229976654
0.0454289913177
0.0458509922028
0.0460641384125
0.02751994133
0.0278987884521
0.0286109447479
0.0293319225311
0.0299389362335
0.0307130813599
0.0311419963837
0.0315821170807
0.032014131546
0.0324399471283
0.0278959274292
0.0283570289612
0.0288269519806
0.0292570590973
0.0296900272369
0.025582075119
0.0261170864105
0.0267679691315
0.0275449752808
0.0281031131744
0.0241870880127
0.0249059200287
0.0253450870514
0.0293200016022
0.0300118923187
0.0306079387665
0.0321068763733
0.0332708358765
0.00196504592896
0.00264120101929
0.0397341251373
0.00707292556763
0.00749278068542
0.00787281990051
0.00824189186096
0.0378890037537
0.00250816345215
0.00411605834961
0.00459003448486
0.00500822067261
0.0352511405945
0.00586605072021
0.0105500221252
0.0109241008759
0.0112891197205
0.038910150528
0.0394561290741
0.00454306602478
0.00511503219604
0.00565600395203
0.0322799682617
0.032646894455
0.0330080986023
0.00260186195374
0.00311899185181
0.0477368831635
0.0130701065063
0.0147910118103
0.0157611370087
0.0168721675873
0.0442090034485
0.00155901908875
0.00187206268311
0.00216102600098
0.00244903564453
0.0301918983459
0.000560998916626
0.000777959823608
0.00113987922668
0.00134682655334
0.0304419994354
0.00121307373047
0.00204110145569
0.00233602523804
0.00261187553406
0.0267488956451
0.0273149013519
0.0276870727539
0.0283160209656
0.0287079811096
0.0349051952362
0.00348806381226
0.00465393066406
0.00568103790283
0.0061719417572
0.0345799922943
0.0350198745728
0.00375413894653
0.00441598892212
0.00504517555237
0.0328531265259
0.0330519676208
0.0332081317902
0.0334041118622
0.0335471630096
0.0232639312744
0.0236518383026
0.0240478515625
0.0246977806091
0.0249397754669
0.0238049030304
0.0240228176117
0.0242249965668
0.0244209766388
0.0246138572693
0.0237119197845
0.0239119529724
0.0240910053253
0.0242700576782
0.024463891983
0.0398681163788
0.0400850772858
0.0402550697327
0.0404391288757
0.0405831336975
0.0287978649139
0.0291788578033
0.0294539928436
0.0296528339386
0.0298888683319
0.0235929489136
0.0242788791656
0.0250790119171
0.025801897049
0.026538848877
0.0229740142822
0.0231339931488
0.0232789516449
0.0234270095825
0.0236129760742
0.0228848457336
0.0236279964447
0.0244688987732
0.0250430107117
0.0254838466644
0.0315661430359
0.0322570800781
0.00682997703552
0.00781583786011
0.0081799030304
0.0325880050659
0.0327658653259
0.00166797637939
0.00219488143921
0.00260496139526
0.0320999622345
0.03236079216
0.0330049991608
0.0332767963409
0.00203490257263
0.0380890369415
0.00741910934448
0.00813007354736
0.00896310806274
0.00952816009521
0.0440990924835
0.044370174408
0.0445621013641
0.0449821949005
0.0453631877899
0.0407259464264
0.0411429405212
0.0415480136871
0.0419681072235
0.0423600673676
0.0307960510254
0.0313489437103
0.00245904922485
0.00303101539612
0.00369596481323
0.0427138805389
0.0433599948883
0.0439670085907
0.0445659160614
0.0451700687408
0.0246801376343
0.0252270698547
0.0257480144501
0.0260570049286
0.0264949798584
0.039342880249
0.0401639938354
0.00429582595825
0.00551605224609
0.00662803649902
0.0381979942322
0.0387799739838
0.00246500968933
0.00439310073853
0.00483298301697
0.0482749938965
0.0490250587463
0.00504899024963
0.0106000900269
0.0110301971436
0.0503900051117
0.0213768482208
0.0217459201813
0.0219280719757
0.0220959186554
0.0483050346375
0.0183320045471
0.0198049545288
0.0206229686737
0.020987033844
0.0496089458466
0.00223803520203
0.00262808799744
0.00322890281677
0.00395894050598
0.0405719280243
0.00138187408447
0.00229501724243
0.00314497947693
0.00355696678162
0.0460779666901
0.0465018749237
0.0466680526733
0.0468258857727
0.0469920635223
0.0328891277313
0.00233697891235
0.00298500061035
0.00351786613464
0.00374507904053
0.0288779735565
0.0293669700623
0.0299890041351
0.00121998786926
0.00156998634338
0.0330209732056
0.0332870483398
0.0335640907288
0.0339109897614
0.0340840816498
0.0321598052979
0.0327010154724
0.00328016281128
0.00529313087463
0.00675296783447
0.0425951480865
0.00145101547241
0.00225305557251
0.00346398353577
0.00433492660522
0.0360379219055
0.0362498760223
0.00160717964172
0.00260019302368
0.003005027771
0.0472331047058
0.0476140975952
0.00313210487366
0.00364708900452
0.00408506393433
0.0394620895386
0.0397121906281
0.00518989562988
0.00582599639893
0.00603699684143
0.0316529273987
0.00113797187805
0.00136709213257
0.00191903114319
0.00246810913086
0.0266790390015
0.0271000862122
0.0273621082306
0.0278041362762
0.0282480716705
0.0280787944794
0.0283279418945
0.0285139083862
0.0292258262634
0.0298249721527
0.0281281471252
0.0286209583282
0.0290839672089
0.029552936554
0.0299680233002
0.0312070846558
0.0315320491791
0.0017728805542
0.0025110244751
0.00282597541809
0.0360789299011
0.0365409851074
0.0369870662689
0.0373508930206
0.0375509262085
0.0320670604706
0.0323040485382
0.0324659347534
0.00185585021973
0.00246000289917
0.0289719104767
0.0293989181519
0.0297830104828
0.0301449298859
0.000875949859619
0.0374219417572
0.00280690193176
0.00363397598267
0.00410485267639
0.0044047832489
0.0310869216919
0.00181603431702
0.00262904167175
0.00374507904053
0.00440120697021
0.0405960083008
0.041216135025
0.0416870117188
0.0420432090759
0.0422542095184
0.0308308601379
0.0311639308929
0.0314610004425
0.0317549705505
0.0321569442749
0.0288779735565
0.0293788909912
0.0298438072205
0.000406980514526
0.00078296661377
0.0306839942932
0.00120902061462
0.00240778923035
0.00274991989136
0.00305390357971
0.0327730178833
0.0330498218536
0.0332818031311
0.0336029529572
0.0338478088379
0.0296859741211
0.0304291248322
0.000772953033447
0.00186586380005
0.00252389907837
0.0222759246826
0.0240299701691
0.0260789394379
0.0282578468323
0.0298290252686
0.0220520496368
0.022360086441
0.0225970745087
0.0228359699249
0.0230700969696
0.022754907608
0.0230798721313
0.0233149528503
0.0235478878021
0.0237839221954
0.0229558944702
0.0238029956818
0.0243978500366
0.0250627994537
0.0258238315582
0.0292060375214
0.0296909809113
0.0301849842072
0.0308289527893
0.0313060283661
0.0255279541016
0.0258810520172
0.0262310504913
0.0265510082245
0.0268740653992
0.0252079963684
0.0259051322937
0.0266029834747
0.0272691249847
0.0277881622314
0.0394251346588
0.0399830341339
0.0403990745544
0.0410261154175
0.0416219234467
0.0393919944763
0.0398309230804
0.0402610301971
0.0406329631805
0.0410220623016
0.0321419239044
0.0327780246735
0.0334029197693
0.0341470241547
0.0347249507904
0.0337030887604
0.0341629981995
0.0345659255981
0.0349550247192
0.0353519916534
0.0326581001282
0.00191712379456
0.00294899940491
0.00334811210632
0.00371217727661
0.0382089614868
0.00382900238037
0.00466084480286
0.00533986091614
0.00585699081421
0.0517628192902
0.0218842029572
0.0235919952393
0.0243971347809
0.025074005127
0.0445342063904
0.0155429840088
0.0165810585022
0.0171670913696
0.0175790786743
0.0468559265137
0.0181269645691
0.0191719532013
0.0197839736938
0.020220041275
0.0447850227356
0.00179386138916
0.00310397148132
0.00367188453674
0.00399589538574
0.044243812561
0.00250506401062
0.00380396842957
0.00473999977112
0.00522804260254
0.028636932373
0.0293641090393
0.000346899032593
0.00191783905029
0.0026319026947
0.0622019767761
0.0259289741516
0.0284650325775
0.0293109416962
0.03005194664
0.0613279342651
0.062175989151
0.0624928474426
0.0627980232239
0.0631120204926
0.0655958652496
0.0662188529968
0.0376698970795
0.0383598804474
0.0387718677521
0.0658349990845
0.0662858486176
0.0667338371277
0.0672628879547
0.0678858757019
0.0486278533936
0.0674560070038
0.06849193573
0.0690648555756
0.0696239471436
0.0730991363525
0.0362930297852
0.036758184433
0.0371901988983
0.0378181934357
0.0642201900482
0.0647251605988
0.0650701522827
0.0654180049896
0.0658271312714
0.0619580745697
0.0623209476471
0.0325360298157
0.0335350036621
0.0343520641327
0.0564889907837
0.0259068012238
0.027774810791
0.0282049179077
0.0286128520966
0.0530598163605
0.0241160392761
0.0249590873718
0.0255360603333
0.0261099338531
0.0601289272308
0.0287990570068
0.0304329395294
0.0309209823608
0.0313730239868
0.0697231292725
0.0405960083008
0.0439600944519
0.044440984726
0.0448610782623
0.0678079128265
0.0304441452026
0.0317220687866
0.0321221351624
0.0324850082397
0.0607061386108
0.0316290855408
0.0326590538025
0.032998085022
0.0333290100098
0.0587639808655
0.0295829772949
0.0310180187225
0.0314500331879
0.0317850112915
0.0615799427032
0.0329430103302
0.034453868866
0.0349538326263
0.035365819931
0.0661208629608
0.036171913147
0.0373349189758
0.0376870632172
0.0380389690399
0.0659780502319
0.0333890914917
0.0337650775909
0.0341610908508
0.0344851016998
0.0646760463715
0.0340609550476
0.034600019455
0.0350799560547
0.0355298519135
0.0816278457642
0.0497710704803
0.0509049892426
0.0512108802795
0.0515999794006
0.0880160331726
0.057156085968
0.0582230091095
0.0585911273956
0.0589320659637
0.0900719165802
0.0616619586945
0.0631220340729
0.0642259120941
0.0648498535156
0.098424911499
0.068510055542
0.0699069499969
0.0706760883331
0.0709328651428
0.107101917267
0.107352972031
0.107748031616
0.108247995377
0.0804340839386
0.114917039871
0.0814690589905
0.0825710296631
0.0829169750214
0.0832240581512
0.116881132126
0.117127180099
0.117349147797
0.117568016052
0.117783069611
0.109076976776
0.0710680484772
0.0717768669128
0.0724699497223
0.0730760097504
0.11750793457
0.117989063263
0.118409872055
0.0832650661469
0.0849740505219
0.105349063873
0.0726809501648
0.0738689899445
0.0746641159058
0.0750799179077
0.110988140106
0.111421108246
0.0771360397339
0.078155040741
0.0787861347198
0.130280017853
0.0988919734955
0.0993821620941
0.0998120307922
0.100273132324
0.131794929504
0.13219499588
0.132548093796
0.132910966873
0.133258104324
0.111755132675
0.112132072449
0.112560033798
0.112982988358
0.113327980042
0.125658988953
0.0967180728912
0.0974040031433
0.0983250141144
0.0986521244049
0.136380910873
0.137495994568
0.107647180557
0.108341217041
0.109216213226
0.141102075577
0.105233192444
0.105729103088
0.106062173843
0.106729030609
0.134490013123
0.134860038757
0.135205984116
0.13557600975
0.135927200317
0.134776115417
0.0971710681915
0.0986270904541
0.099347114563
0.0996930599213
0.127744913101
0.0939340591431
0.0949139595032
0.0952990055084
0.0956230163574
0.116468906403
0.0872619152069
0.0880749225616
0.0885848999023
0.0891740322113
0.121294021606
0.0915279388428
0.0925829410553
0.0931761264801
0.093652009964
0.127140045166
0.0987460613251
0.100895166397
0.101330041885
0.101723194122
0.129425048828
0.101927042007
0.102387905121
0.102813959122
0.103209972382
0.134222984314
0.134464025497
0.13471698761
0.134955883026
0.135326862335
0.128940105438
0.0943031311035
0.0958971977234
0.0963561534882
0.0969741344452
0.124063968658
0.0940990447998
0.0956621170044
0.0966341495514
0.0970690250397
0.132591962814
0.132863998413
0.133198022842
0.13379406929
0.134299993515
0.132485151291
0.133034944534
0.103499889374
0.104270935059
0.10484790802
0.130792856216
0.10179901123
0.102647066116
0.103095054626
0.103250026703
0.123889923096
0.0890591144562
0.089802980423
0.089968919754
0.090126991272
0.121071100235
0.0866041183472
0.0873470306396
0.0877010822296
0.0880861282349
0.120836019516
0.121528148651
0.0921640396118
0.092581987381
0.0928130149841
0.118819952011
0.119363069534
0.0899200439453
0.0905120372772
0.09161901474
0.122588157654
0.123208045959
0.124049186707
0.124872207642
0.125679016113
0.124598026276
0.124997854233
0.127815961838
0.128375053406
0.128856897354
0.12683391571
0.127226829529
0.127627849579
0.128168821335
0.128544807434
0.128126144409
0.128489971161
0.128792047501
0.129044055939
0.129295110703
0.124663829803
0.125044822693
0.125341892242
0.12562084198
0.125898838043
0.115864038467
0.116209030151
0.11648106575
0.116750001907
0.117020130157
0.119221925735
0.119446992874
0.119641065598
0.119849920273
0.089066028595
0.123966932297
0.12416100502
0.0947229862213
0.0959639549255
0.0966920852661
0.125485897064
0.0939819812775
0.0949809551239
0.096302986145
0.0974969863892
0.13290309906
0.133531093597
0.13399887085
0.134403944016
0.134865045547
0.131788015366
0.104336977005
0.105727910995
0.107101917267
0.10755777359
0.133577823639
0.10494184494
0.106049776077
0.107207775116
0.107637882233
0.135611772537
0.0983910560608
0.0987179279327
0.0990419387817
0.0993790626526
0.123127937317
0.0945889949799
0.0954298973083
0.095773935318
0.0961139202118
0.12899184227
0.0985858440399
0.0993239879608
0.0996849536896
0.100107908249
0.137274980545
0.138268947601
0.13854598999
0.138800859451
0.139055967331
0.131487846375
0.132714986801
0.132993936539
0.133255004883
0.133507013321
0.147037982941
0.114176988602
0.115467071533
0.116017103195
0.116333961487
0.145681142807
0.124436855316
0.125269889832
0.125849962234
0.126418828964
0.15123796463
0.151479005814
0.15166592598
0.15185880661
0.152032852173
0.147331953049
0.147835016251
0.153800010681
0.154149055481
0.154340982437
0.178200006485
0.137230873108
0.13787984848
0.138345956802
0.138899803162
0.168586969376
0.168932914734
0.139210939407
0.140188932419
0.140686035156
0.179370880127
0.136947870255
0.13781785965
0.138110876083
0.139378786087
0.170897006989
0.141746044159
0.142102003098
0.142441987991
0.143342971802
0.173551082611
0.173742055893
0.173928976059
0.17484998703
0.175439119339
0.174558877945
0.145248889923
0.145655870438
0.146088838577
0.146497011185
0.183663845062
0.184099912643
0.146923065186
0.147718906403
0.148128986359
0.180834054947
0.181019067764
0.181170940399
0.182097911835
0.182275056839
0.172981977463
0.140568971634
0.141214132309
0.14143705368
0.142022132874
0.171478033066
0.171871185303
0.172226190567
0.172577142715
0.172919034958
0.169772148132
0.130527019501
0.133244037628
0.133680105209
0.133862018585
0.161051988602
0.129354000092
0.130645036697
0.130985975266
0.131375074387
0.160166978836
0.129515886307
0.130323886871
0.130754947662
0.131183862686
0.156830072403
0.12575006485
0.126785993576
0.127377033234
0.127674102783
0.157358169556
0.157644987106
0.157860040665
0.158413171768
0.158877134323
0.151211023331
0.151611089706
0.151880025864
0.152292966843
0.152672052383
0.155956029892
0.126387119293
0.127254009247
0.127663135529
0.128095149994
0.152533054352
0.125028848648
0.125428915024
0.125851869583
0.126250982285
0.162598848343
0.162969827652
0.163318872452
0.163668870926
0.16393494606
0.162065029144
0.16246509552
0.162847995758
0.163246154785
0.163629055023
0.152842998505
0.124322891235
0.125390052795
0.125803947449
0.126225948334
0.154169082642
0.125180006027
0.126142024994
0.126457929611
0.126793861389
0.148072957993
0.113811016083
0.114912033081
0.115591049194
0.116039991379
0.144351005554
0.115277051926
0.116020917892
0.122138977051
0.122457027435
0.137407064438
0.108787059784
0.109406232834
0.109731197357
0.110272169113
0.139370203018
0.113546848297
0.114084005356
0.114491939545
0.11493396759
0.132900953293
0.139131069183
0.103564977646
0.104333162308
0.10519695282
0.133613109589
0.134191989899
0.134588003159
0.1349401474
0.135381937027
0.129181861877
0.102435112
0.102910995483
0.103415966034
0.10387802124
0.129893064499
0.101281881332
0.102822780609
0.10324883461
0.103641986847
0.146441936493
0.118114948273
0.119390010834
0.120004892349
0.120445013046
0.152692079544
0.120939016342
0.121977090836
0.122514009476
0.12304520607
0.149275064468
0.121430873871
0.121995925903
0.122555971146
0.123121023178
0.148568868637
0.148938894272
0.149268865585
0.14958691597
0.149905920029
0.125900030136
0.0911700725555
0.0929250717163
0.0934870243073
0.093857049942
0.128627061844
0.129007101059
0.129328966141
0.12965297699
0.129976034164
0.147938966751
0.120460033417
0.121392965317
0.122101068497
0.122792005539
0.166287899017
0.139280080795
0.141065120697
0.142087936401
0.142513036728
0.16801905632
0.1366751194
0.137288093567
0.137635946274
0.138047933578
0.172332048416
0.172743082047
0.173152923584
0.173561096191
0.173963069916
0.181463956833
0.131361961365
0.13214802742
0.13302898407
0.133857011795
0.163905143738
0.164226055145
0.164545059204
0.164848089218
0.165153980255
0.15730214119
0.157642126083
0.157953977585
0.158272027969
0.158582925797
0.148532867432
0.14902305603
0.0961198806763
0.0964508056641
0.101037025452
0.133531808853
0.134002923965
0.134442806244
0.134845972061
0.13525390625
0.128424882889
0.0988600254059
0.0998339653015
0.100085020065
0.100311040878
0.130135059357
0.130628108978
0.0974669456482
0.0980241298676
0.0989220142365
0.125072956085
0.125437021255
0.125910043716
0.126767158508
0.128005981445
0.129327058792
0.102956056595
0.103646039963
0.104201078415
0.104679107666
0.138063192368
0.107954025269
0.108863115311
0.109400987625
0.109926939011
0.145838975906
0.116574048996
0.118988037109
0.11943602562
0.119845151901
0.158308982849
0.127316951752
0.128091096878
0.128706932068
0.129235029221
0.163001060486
0.127044916153
0.128201961517
0.128927946091
0.129434108734
0.160619020462
0.122891902924
0.123398065567
0.123778104782
0.124208927155
0.151963949203
0.110714197159
0.112418174744
0.112759113312
0.11306810379
0.153641223907
0.114236116409
0.115612983704
0.116109132767
0.116417169571
0.167603969574
0.168091058731
0.132488012314
0.13308596611
0.134176015854
0.161570072174
0.162451982498
0.132874011993
0.133154153824
0.133375167847
0.168734073639
0.125462055206
0.126179933548
0.127164125443
0.128842115402
0.176079034805
0.176603078842
0.176898956299
0.177205085754
0.177516937256
0.171559095383
0.172110080719
0.172655105591
0.173197031021
0.173735141754
0.174664020538
0.174993038177
0.17523598671
0.175518989563
0.175764083862
0.177867889404
0.178215026855
0.178488016129
0.178760051727
0.179049015045
0.178390026093
0.178700208664
0.179087162018
0.17933011055
0.179576158524
0.169497966766
0.169803857803
0.170063972473
0.170310974121
0.170592784882
0.159919023514
0.160238027573
0.160480976105
0.160732030869
0.160979986191
0.162645816803
0.130116939545
0.130921125412
0.13156414032
0.131910085678
0.157513141632
0.157809019089
0.158057928085
0.158350944519
0.158579111099
0.158936977386
0.159351110458
0.159757137299
0.160150051117
0.160532951355
0.156757116318
0.157076120377
0.157315969467
0.15757393837
0.157810926437
0.162869930267
0.16347193718
0.163839817047
0.164157867432
0.16446685791
0.156915903091
0.157455921173
0.157945871353
0.158357858658
0.158924818039
0.157976150513
0.158303976059
0.158666133881
0.158997058868
0.159291028976
0.162408828735
0.162705898285
0.162987947464
0.163398981094
0.163885831833
0.164161205292
0.164540052414
0.164870023727
0.165131092072
0.165397167206
0.161609172821
0.164129972458
0.164473056793
0.164780139923
0.165259122849
0.171941041946
0.142045021057
0.142626047134
0.143242120743
0.145265102386
0.172369003296
0.172821044922
0.173273086548
0.173719167709
0.174208164215
0.168231010437
0.168643951416
0.169038057327
0.169423103333
0.169816970825
0.171673059464
0.17201089859
0.172341108322
0.172699928284
0.173038005829
0.175010919571
0.175243854523
0.175446033478
0.175644874573
0.175844907761
0.167093038559
0.167396068573
0.136542081833
0.136873960495
0.137124061584
0.168475151062
0.168986082077
0.137768030167
0.138226032257
0.138815879822
0.167605876923
0.167943000793
0.168254852295
0.168557882309
0.168982982635
0.16727399826
0.132168054581
0.132734060287
0.133165121078
0.133696079254
0.177001953125
0.177654981613
0.178274154663
0.178900003433
0.179501056671
0.195363998413
0.195681095123
0.195996999741
0.196295976639
0.19659614563
0.199278831482
0.199685811996
0.199992895126
0.200276851654
0.20054101944
0.203934192657
0.204414129257
0.171896219254
0.172387123108
0.172720193863
0.204463005066
0.204917192459
0.205289125443
0.205654144287
0.20601606369
0.183011054993
0.183523893356
0.184151887894
0.184562921524
0.18492603302
0.167373180389
0.167609214783
0.167816162109
0.168013095856
0.168215036392
0.161422014236
0.161600112915
0.161765098572
0.161921977997
0.162083148956
0.16304397583
0.163640975952
0.163984060287
0.164319992065
0.164732933044
0.155246973038
0.155538082123
0.156008005142
0.12292599678
0.123876094818
0.154182910919
0.154649019241
0.155090093613
0.155518054962
0.156118869781
0.162510156631
0.162995100021
0.163457155228
0.163866043091
0.164302110672
0.165506839752
0.165818929672
0.16606593132
0.166388988495
0.166640996933
0.165722131729
0.166085004807
0.166432142258
0.166777133942
0.167225122452
0.17090010643
0.171307086945
0.171685218811
0.172064065933
0.172507047653
0.172403097153
0.172793149948
0.173115968704
0.173365116119
0.173644065857
0.161654949188
0.162026882172
0.162434101105
0.162970066071
0.163301944733
0.163631916046
0.164219856262
0.164701938629
0.165171861649
0.16570186615
0.159582138062
0.160010099411
0.160403966904
0.160804033279
0.161201000214
0.153322935104
0.153785943985
0.154232025146
0.15466594696
0.155138969421
0.155062913895
0.126107931137
0.126627922058
0.127446889877
0.127940893173
0.15688586235
0.125458955765
0.126199007034
0.126848936081
0.127193927765
0.155655860901
0.155977964401
0.156265974045
0.156592845917
0.156975030899
0.159645080566
0.160166025162
0.160583972931
0.161000013351
0.161438941956
0.163444042206
0.163774013519
0.164027929306
0.164311885834
0.164585113525
0.163156032562
0.132531881332
0.133359909058
0.134286880493
0.13462305069
0.166574954987
0.137593984604
0.138088941574
0.13846206665
0.138808012009
0.166068077087
0.132402896881
0.132889032364
0.133823871613
0.135442018509
0.166825056076
0.167152881622
0.167455911636
0.134309053421
0.134658098221
0.16460609436
0.133980035782
0.134557008743
0.135423898697
0.136039018631
0.169466972351
0.136030912399
0.136891126633
0.137228012085
0.137921094894
0.171008110046
0.142934083939
0.144860029221
0.146964073181
0.147551059723
0.180687189102
0.145900011063
0.150117874146
0.150579929352
0.151021957397
0.180351018906
0.151669979095
0.152174949646
0.152735948563
0.153175115585
0.18457198143
0.149543046951
0.150489091873
0.150788068771
0.15110707283
0.172713041306
0.141687870026
0.143090963364
0.148103952408
0.14871096611
0.172204017639
0.143097877502
0.144253015518
0.144942998886
0.145307064056
0.172344923019
0.144535064697
0.14485502243
0.145206928253
0.145533084869
0.187618970871
0.160342931747
0.161995887756
0.162624835968
0.163395881653
0.200753927231
0.170559167862
0.172280073166
0.172876119614
0.173418998718
0.204810142517
0.173007965088
0.174025058746
0.174407958984
0.17472410202
0.210114002228
0.180826187134
0.182303190231
0.182926177979
0.18329000473
0.212247133255
0.176012992859
0.176667928696
0.178138971329
0.179058790207
0.215576887131
0.187295913696
0.189067840576
0.189674854279
0.190237998962
0.218643903732
0.183571100235
0.184401035309
0.184770107269
0.185096025467
0.222534179688
0.186231136322
0.187646150589
0.188053131104
0.188413143158
0.210591077805
0.175649166107
0.176823139191
0.177150011063
0.177461147308
0.208858013153
0.209212064743
0.209510087967
0.209777116776
0.210074186325
0.206148147583
0.206479072571
0.206640958786
0.206799030304
0.207097053528
0.198843955994
0.165439128876
0.166162014008
0.166942119598
0.167585134506
0.196465969086
0.158697843552
0.159137010574
0.159618854523
0.160027980804
0.19264793396
0.193359851837
0.164087057114
0.165015935898
0.165699005127
0.207812070847
0.179003000259
0.180341005325
0.180917024612
0.181543111801
0.207416057587
0.208373069763
0.177768945694
0.178719043732
0.179202079773
0.212601900101
0.182904958725
0.183894872665
0.184303045273
0.184748888016
0.224442958832
0.201313972473
0.202017784119
0.20247387886
0.202980995178
0.250545978546
0.251038789749
0.216236114502
0.217885017395
0.219573020935
0.248852014542
0.204519987106
0.205617189407
0.206274986267
0.206626176834
0.235509157181
0.204445838928
0.204877853394
0.2052090168
0.205534934998
0.226970911026
0.193694114685
0.194834947586
0.195145130157
0.195465087891
0.228482961655
0.184714794159
0.186045885086
0.186834812164
0.18732380867
0.210578918457
0.192457914352
0.193541765213
0.193953990936
0.194336891174
0.227112770081
0.197046041489
0.19752407074
0.198068141937
0.198400974274
0.226902961731
0.22754907608
0.198179960251
0.19939994812
0.199689865112
0.228228092194
0.197683095932
0.198481082916
0.198943138123
0.199378013611
0.225584030151
0.226006031036
0.226557016373
0.192817211151
0.194171190262
0.216816186905
0.21724820137
0.217537164688
0.218010187149
0.218285083771
0.218398809433
0.218737840652
0.187461853027
0.188846826553
0.189353942871
0.221271038055
0.221943855286
0.187277078629
0.18830704689
0.190047025681
0.2139980793
0.21435713768
0.214684963226
0.215023040771
0.215358972549
0.213963985443
0.184439897537
0.185636997223
0.186258077621
0.186571121216
0.22043299675
0.191096067429
0.192771911621
0.1935069561
0.194036006927
0.230700016022
0.231065988541
0.231399059296
0.20083117485
0.201017141342
0.226904153824
0.1977891922
0.199220180511
0.199579000473
0.199898004532
0.232195138931
0.202462911606
0.203488826752
0.20395898819
0.204260826111
0.236531019211
0.23713684082
0.208660125732
0.209167957306
0.21436715126
0.23903799057
0.2393450737
0.239586114883
0.239973068237
0.240263938904
0.244742155075
0.245207071304
0.245432138443
0.245793104172
0.210654973984
0.245366096497
0.204432010651
0.205328941345
0.207568883896
0.208113908768
0.235110044479
0.206961870193
0.207996845245
0.208431005478
0.208985805511
0.238336801529
0.210136890411
0.210558891296
0.210943937302
0.211314916611
0.244801998138
0.245144844055
0.245433807373
0.245670795441
0.246023893356
0.232343912125
0.232747077942
0.23308300972
0.233443975449
0.233762979507
0.223424911499
0.223792791367
0.224071979523
0.224323987961
0.22477388382
0.214482069016
0.214838981628
0.215200185776
0.179548978806
0.180423021317
0.212237119675
0.183763027191
0.185148000717
0.185640096664
0.186136960983
0.212976932526
0.182293176651
0.183273077011
0.184111118317
0.184408187866
0.216411113739
0.216740131378
0.217069149017
0.217373132706
0.21764922142
0.208261966705
0.208656072617
0.209226131439
0.181753873825
0.182515859604
0.21452498436
0.181308984756
0.182871818542
0.183825016022
0.184389829636
0.219453811646
0.190058946609
0.191056013107
0.191669940948
0.192039966583
0.220839977264
0.192080020905
0.192961931229
0.193708896637
0.194046020508
0.223460912704
0.223768949509
0.224064826965
0.2243309021
0.224599838257
0.225407123566
0.192658185959
0.193602085114
0.193914175034
0.194223165512
0.22042798996
0.191215991974
0.192303180695
0.192946195602
0.193259000778
0.222583055496
0.193327188492
0.195751190186
0.196160078049
0.196537971497
0.231376171112
0.199079036713
0.199585914612
0.199897050858
0.200147867203
0.228953838348
0.198442935944
0.199934959412
0.200372934341
0.2008228302
0.233384847641
0.201180934906
0.201991081238
0.202904939651
0.203485965729
0.227060079575
0.196763038635
0.197553157806
0.197944164276
0.198353052139
0.228802204132
0.20025396347
0.200646877289
0.20099902153
0.234025001526
0.250281095505
0.221227884293
0.222126960754
0.22824382782
0.228782892227
0.264655828476
0.225812911987
0.227642059326
0.228308916092
0.228936910629
0.2680580616
0.238541126251
0.24022102356
0.240561962128
0.24093413353
0.280393123627
0.280828952789
0.281246185303
0.281723022461
0.282118082047
0.26550579071
0.265777826309
0.251549005508
0.252807855606
0.253341913223
0.279099941254
0.252974033356
0.253510951996
0.253970146179
0.254464149475
0.284120082855
0.249819040298
0.25084900856
0.251167058945
0.251461029053
0.280493021011
0.251821994781
0.252557039261
0.252931118011
0.253489017487
0.274821996689
0.245457172394
0.2460501194
0.246867179871
0.247246026993
0.281059980392
0.242962121964
0.244070053101
0.244627952576
0.244976997375
0.280538082123
0.28112411499
0.281678915024
0.282246112823
0.282786130905
0.269169092178
0.269541978836
0.269922971725
0.270390987396
0.270946025848
0.263741016388
0.264153003693
0.264532804489
0.26492190361
0.265272855759
0.266892910004
0.26745390892
0.238522052765
0.239013910294
0.239243984222
0.284805059433
0.284988880157
0.28515791893
0.285323858261
0.285640954971
0.276896953583
0.277265071869
0.277615070343
0.277959108353
0.278310060501
0.280719995499
0.2811460495
0.281493186951
0.28182220459
0.282252073288
0.285431861877
0.286195039749
0.248647928238
0.249047994614
0.249367952347
0.27977514267
0.24525809288
0.245723009109
0.246217012405
0.247235059738
0.272329092026
0.241230010986
0.241986989975
0.24264216423
0.242944002151
0.268671035767
0.26917719841
0.236441850662
0.236857891083
0.237176895142
0.253106832504
0.218559980392
0.219897031784
0.226086139679
0.226428985596
0.24454498291
0.208188056946
0.209120035172
0.21267414093
0.212931156158
0.231664180756
0.198499917984
0.198798894882
0.199068069458
0.199380874634
0.227798938751
0.228280067444
0.193451166153
0.194154024124
0.194416999817
0.224644184113
0.193807125092
0.194324970245
0.195307016373
0.196177005768
0.221217155457
0.192744970322
0.193166971207
0.193539142609
0.193922042847
0.231536149979
0.231955051422
0.202291965485
0.203136920929
0.204309940338
0.22479391098
0.182667016983
0.184895038605
0.185401916504
0.185822963715
0.220854997635
0.193207025528
0.194536924362
0.195000886917
0.19544506073
0.227111101151
0.227574110031
0.199202060699
0.199632883072
0.200068950653
0.228647947311
0.22901892662
0.22935795784
0.229696989059
0.230037927628
0.228785037994
0.229165077209
0.229496955872
0.229816913605
0.230158090591
0.226756095886
0.227392196655
0.227869987488
0.194874048233
0.195605039597
0.223331212997
0.223698139191
0.224033117294
0.224380016327
0.224714040756
0.212867975235
0.183219909668
0.183979034424
0.184563875198
0.184877872467
0.210338830948
0.177016973495
0.178586006165
0.179332017899
0.179722070694
0.216140985489
0.216458082199
0.216747045517
0.217040061951
0.187968015671
0.224545001984
0.19530415535
0.196707010269
0.197172164917
0.197652101517
0.226118087769
0.197663068771
0.197970151901
0.198286056519
0.198606014252
0.223049163818
0.193827152252
0.194789171219
0.195595979691
0.19615316391
0.229154109955
0.201190948486
0.202859163284
0.203444957733
0.204610109329
0.228322029114
0.228723049164
0.229118108749
0.233952999115
0.234568119049
0.228410005569
0.228780031204
0.22900390625
0.229270935059
0.229496955872
0.220279932022
0.220656871796
0.221004962921
0.187223911285
0.188396930695
0.230623006821
0.194536209106
0.195459127426
0.196230173111
0.197070121765
0.231863021851
0.20258307457
0.203590869904
0.203996896744
0.204465866089
0.233320951462
0.202988862991
0.204293966293
0.209003925323
0.209292888641
0.233819961548
0.203840970993
0.205569982529
0.206602811813
0.206907987595
0.235370874405
0.207149982452
0.208297967911
0.208689928055
0.209087133408
0.241421937943
0.215567827225
0.215935945511
0.216200828552
0.216678857803
0.247327804565
0.208688020706
0.210402965546
0.210844993591
0.211272954941
0.242743968964
0.207692146301
0.208383083344
0.208809137344
0.20919418335
0.232488155365
0.202622890472
0.203821897507
0.204236030579
0.204695940018
0.236630916595
0.206007003784
0.208077907562
0.208506822586
0.208944797516
0.240947961807
0.24133682251
0.241683006287
0.24204993248
0.242669820786
0.240354061127
0.24081492424
0.241254091263
0.241699934006
0.242156982422
0.252272129059
0.217376947403
0.218468904495
0.218907117844
0.219357013702
0.255976915359
0.220758914948
0.221773862839
0.222649812698
0.22308588028
0.255343914032
0.25572681427
0.255982875824
0.256232976913
0.256747961044
0.255924940109
0.223699092865
0.224571943283
0.225795984268
0.226232051849
0.256556034088
0.256748914719
0.256932973862
0.257262945175
0.25744509697
0.250971078873
0.251461982727
0.251976966858
0.252478122711
0.252941131592
0.247147798538
0.247486829758
0.247799873352
0.248334884644
0.248717784882
0.235486030579
0.236034154892
0.236443042755
0.236772060394
0.237559080124
0.228338956833
0.22900891304
0.229335069656
0.229767084122
0.230112075806
0.220333099365
0.220710039139
0.221086025238
0.221450090408
0.22180891037
0.225506782532
0.225995779037
0.226457834244
0.226908922195
0.227363824844
0.223581075668
0.224004030228
0.224259138107
0.224503993988
0.224748134613
0.217480897903
0.188722848892
0.18942284584
0.190247058868
0.190980911255
0.214906930923
0.215381860733
0.21586894989
0.21622800827
0.216523885727
0.211125135422
0.211757183075
0.212332010269
0.212754011154
0.213093042374
0.207763195038
0.208106040955
0.208383083344
0.208791971207
0.209172010422
0.201485157013
0.202002048492
0.202388048172
0.202796220779
0.203208208084
0.197605133057
0.197906017303
0.198158025742
0.198427200317
0.198647022247
0.190004110336
0.190320968628
0.190554141998
0.190798997879
0.191061019897
0.193943023682
0.194823980331
0.195337057114
0.195791006088
0.196269989014
0.196343183517
0.166867017746
0.16784787178
0.168109893799
0.168325901031
0.20565199852
0.176162004471
0.177232027054
0.177524089813
0.177925109863
0.198652029037
0.199009895325
0.199440956116
0.199821949005
0.200190067291
0.200404882431
0.200783967972
0.201097011566
0.201388835907
0.201681852341
0.203629970551
0.170031070709
0.170996189117
0.171676158905
0.172096014023
0.195008039474
0.1953561306
0.195633172989
0.196048021317
0.196428060532
0.203175067902
0.165954113007
0.167191982269
0.167778015137
0.168297052383
0.19687795639
0.159438848495
0.160696983337
0.161113023758
0.161607980728
0.192615032196
0.192996025085
0.19337105751
0.193722009659
0.19402885437
0.192742109299
0.160263061523
0.161025047302
0.161771059036
0.162262201309
0.188925027847
0.189265012741
0.189594984055
0.189850091934
0.190110206604
0.187778949738
0.159090995789
0.160747051239
0.165117025375
0.166121006012
0.178645133972
0.14951300621
0.150625944138
0.151404857635
0.152040958405
0.18371796608
0.184147834778
0.152747869492
0.154196977615
0.154623031616
0.188020944595
0.155085086823
0.156434059143
0.157188892365
0.157582044601
0.175213098526
0.175721883774
0.176224946976
0.164381027222
0.166177988052
0.202913045883
0.20321393013
0.203559875488
0.203846931458
0.17440199852
0.204349040985
0.204883098602
0.17262506485
0.173409938812
0.173751115799
0.209925174713
0.210303068161
0.210634946823
0.210958957672
0.211302042007
0.210693120956
0.211385965347
0.211795091629
0.212234020233
0.212785959244
0.206379890442
0.206817865372
0.20715880394
0.170356035233
0.171561002731
0.195698976517
0.19601893425
0.196265935898
0.196554899216
0.196807861328
0.192479133606
0.192811012268
0.193084001541
0.1935069561
0.19376707077
0.184365034103
0.184844970703
0.185338020325
0.18581700325
0.186299085617
0.182256937027
0.183027982712
0.153797149658
0.154324054718
0.154632091522
0.181682109833
0.182284116745
0.182878017426
0.155395030975
0.156743049622
0.187289953232
0.187628984451
0.187888145447
0.188143968582
0.188403129578
0.181525945663
0.181859970093
0.182111024857
0.182372093201
0.182628154755
0.178308963776
0.178802967072
0.179085969925
0.179383993149
0.179677009583
0.183216810226
0.183647871017
0.155441999435
0.15708899498
0.157551050186
0.178214073181
0.149708986282
0.150097846985
0.150491952896
0.151010990143
0.17543387413
0.14551615715
0.145881175995
0.146197080612
0.146512031555
0.192093133926
0.165687084198
0.166806936264
0.167850017548
0.168657064438
0.196563005447
0.165386915207
0.167161941528
0.168066978455
0.168617963791
0.196767091751
0.197072982788
0.167560100555
0.167871952057
0.168178081512
0.202206134796
0.173009157181
0.174118041992
0.174647092819
0.174921989441
0.209177970886
0.209610939026
0.210056066513
0.210471153259
0.210878133774
0.205655813217
0.206179857254
0.169330120087
0.170468091965
0.171213150024
0.192249059677
0.162400007248
0.16300702095
0.163311958313
0.163609981537
0.18723988533
0.151908874512
0.153656959534
0.154331922531
0.154721021652
0.184571027756
0.185106992722
0.151575088501
0.151879072189
0.152199029922
0.19417309761
0.158137083054
0.159102916718
0.160357952118
0.160779953003
0.18697309494
0.159085988998
0.159316062927
0.159531116486
0.159752130508
0.175303936005
0.176109075546
0.176942110062
0.159736871719
0.160677909851
0.191650867462
0.191947937012
0.192188978195
0.192451000214
0.192691087723
0.178874015808
0.179477930069
0.179802894592
0.18004989624
0.1804459095
0.193868875504
0.160581827164
0.162019968033
0.163103818893
0.16357588768
0.199348926544
0.199824810028
0.200273990631
0.200704813004
0.20118188858
0.200609207153
0.201112031937
0.201593160629
0.202157020569
0.202571153641
0.19949388504
0.199982881546
0.200477838516
0.200893878937
0.201299905777
0.196875810623
0.197090864182
0.197324991226
0.197515964508
0.197700977325
0.18735909462
0.187539100647
0.158210992813
0.158834934235
0.159363031387
0.180772066116
0.181011915207
0.181236982346
0.181464910507
0.181623935699
0.172022819519
0.172224998474
0.17240691185
0.172587871552
0.141895055771
0.168332099915
0.168596029282
0.168800115585
0.169023036957
0.169261932373
0.169640779495
0.16986489296
0.170034885406
0.170197963715
0.170361995697
0.166455984116
0.166625976562
0.166787862778
0.16695189476
0.167110919952
0.159059047699
0.159235954285
0.159400939941
0.159560918808
0.159720897675
0.152491092682
0.152667999268
0.152833938599
0.152993917465
0.153147935867
0.132209062576
0.132462978363
0.132673025131
0.1328561306
0.133032083511
0.12263584137
0.122821807861
0.122990846634
0.123148918152
0.123325824738
0.120345115662
0.120548009872
0.120729923248
0.120907068253
0.121093034744
0.118012905121
0.118197917938
0.118381977081
0.11856007576
0.11873793602
0.10781788826
0.108124017715
0.108418941498
0.108680963516
0.108924865723
0.110290050507
0.11051607132
0.11070394516
0.110878944397
0.111102104187
0.104177951813
0.104361057281
0.104521989822
0.104683876038
0.1048579216
0.0877940654755
0.087993144989
0.0881631374359
0.0883331298828
0.0885169506073
0.0868780612946
0.0871870517731
0.0874700546265
0.0877289772034
0.0880379676819
0.0872399806976
0.0874688625336
0.0876748561859
0.0878698825836
0.0880658626556
0.0864369869232
0.0866389274597
0.0868148803711
0.0869829654694
0.0871758460999
0.0899529457092
0.0902528762817
0.0905790328979
0.0909218788147
0.0912430286407
0.0892050266266
0.0895450115204
0.0898289680481
0.0900280475616
0.0902280807495
0.0854778289795
0.0856628417969
0.0858228206635
0.0859909057617
0.0861549377441
0.0865268707275
0.0868339538574
0.0871410369873
0.0874619483948
0.0877468585968
0.0843720436096
0.0846710205078
0.0849471092224
0.0559051036835
0.0571081638336
0.0919961929321
0.0924060344696
0.0927209854126
0.0930271148682
0.0933480262756
0.0957560539246
0.0961339473724
0.0965120792389
0.0968410968781
0.0971360206604
0.0945620536804
0.0655918121338
0.0663030147552
0.0668199062347
0.0673978328705
0.0909028053284
0.0912659168243
0.0916268825531
0.0919768810272
0.0921947956085
0.0809590816498
0.0811669826508
0.0813541412354
0.0815570354462
0.0817580223083
0.0805430412292
0.0807800292969
0.0809960365295
0.0811991691589
0.0815830230713
0.0879130363464
0.088121175766
0.0882980823517
0.08846616745
0.0886371135712
0.0670940876007
0.0290989875793
0.0297000408173
0.030503988266
0.0310118198395
0.0550589561462
0.055223941803
0.0553858280182
0.0555489063263
0.0558679103851
0.0539140701294
0.0540850162506
0.0542509555817
0.054468870163
0.0226218700409
0.0572648048401
0.0575058460236
0.028037071228
0.0288860797882
0.0290710926056
0.0569181442261
0.0243220329285
0.0256261825562
0.0258231163025
0.0259861946106
0.058051109314
0.0285930633545
0.0294070243835
0.0301229953766
0.0307719707489
0.067794084549
0.0680689811707
0.0384061336517
0.0395410060883
0.0400350093842
0.0694670677185
0.0696649551392
0.0328421592712
0.0333399772644
0.0337700843811
0.0672240257263
0.0676500797272
0.0680131912231
0.0683801174164
0.0687510967255
0.0659160614014
0.0661730766296
0.0313889980316
0.0318830013275
0.0324430465698
0.0691208839417
0.069638967514
0.0700719356537
0.0702688694
0.0704629421234
0.0709240436554
0.0714280605316
0.0719518661499
0.0354177951813
0.0357668399811
0.0647518634796
0.0651400089264
0.0337750911713
0.034243106842
0.0349190235138
0.0648601055145
0.0652701854706
0.0655200481415
0.0657591819763
0.0660140514374
0.0490000247955
0.049998998642
0.0674090385437
0.0678150653839
0.0681929588318
0.0625860691071
0.0627510547638
0.0629019737244
0.0630469322205
0.0631928443909
0.0618929862976
0.0620939731598
0.0622730255127
0.0624470710754
0.0626101493835
0.0586831569672
0.0589060783386
0.0590991973877
0.0595231056213
0.0597660541534
0.0591750144958
0.0593650341034
0.0595290660858
0.0596990585327
0.0598819255829
0.0568020343781
0.0569870471954
0.057156085968
0.0573289394379
0.0575180053711
0.0574460029602
0.0577189922333
0.0579481124878
0.0581970214844
0.0584120750427
0.0522420406342
0.052453994751
0.0526518821716
0.0528528690338
0.0530710220337
0.0467200279236
0.0469179153442
0.0471019744873
0.0472750663757
0.0474739074707
0.040766954422
0.0410308837891
0.0412828922272
0.041482925415
0.0416779518127
0.0280249118805
0.0282580852509
0.0284659862518
0.028697013855
0.028902053833
0.0348908901215
0.0350878238678
0.0352568626404
0.0354268550873
0.0356178283691
0.0281801223755
0.0283541679382
0.0285050868988
0.0286710262299
0.0288300514221
0.0250358581543
0.025221824646
0.0253839492798
0.0255448818207
0.0257019996643
0.0282490253448
0.0284340381622
0.0285940170288
0.0287580490112
0.0289151668549
0.0286178588867
0.0288150310516
0.029000043869
0.0293228626251
0.02952003479
0.0263769626617
0.026563167572
0.0267310142517
0.0268919467926
0.0270600318909
0.0291349887848
0.0293409824371
0.029522895813
0.0298790931702
0.0302410125732
0.0266690254211
0.0269958972931
0.0272259712219
0.0276670455933
0.0283319950104
0.0321860313416
0.0325939655304
0.0331039428711
0.00279092788696
0.00368499755859
0.0446238517761
0.00197505950928
0.00276899337769
0.00331997871399
0.00385999679565
0.0362849235535
0.036563873291
0.036817073822
0.0370180606842
0.0371859073639
0.0418610572815
0.0428280830383
0.00109601020813
0.00163507461548
0.00216698646545
0.0368568897247
0.0374870300293
0.0380098819733
0.0385370254517
0.039048910141
0.0402829647064
0.0406911373138
0.00189709663391
0.00246405601501
0.00300407409668
0.0280790328979
0.028792142868
0.0294580459595
0.0304160118103
0.00135111808777
0.0318200588226
0.031986951828
0.0321321487427
0.0322940349579
0.0324430465698
0.0315508842468
0.0319797992706
0.0322887897491
0.0325739383698
0.0328359603882
0.0231938362122
0.0234959125519
0.0237350463867
0.0239219665527
0.0242218971252
0.0248911380768
0.0250639915466
0.0252170562744
0.0253701210022
0.0255200862885
0.0250990390778
0.0254559516907
0.0262451171875
0.0267381668091
0.0273630619049
0.0333549976349
0.0337920188904
0.0342171192169
0.0346541404724
0.0352280139923
0.0273330211639
0.0278949737549
0.0284359455109
0.0289480686188
0.0294539928436
0.0349819660187
0.0362801551819
0.0371510982513
0.0380589962006
0.0389449596405
0.038843870163
0.0390429496765
0.0392229557037
0.00158596038818
0.00204586982727
0.0365059375763
0.0367858409882
0.0370268821716
0.0015230178833
0.00188612937927
0.0305709838867
0.00115704536438
0.00192189216614
0.00290203094482
0.00352096557617
0.0311939716339
0.0033118724823
0.0047299861908
0.00517797470093
0.00569891929626
0.0356340408325
0.00221395492554
0.00336194038391
0.00366806983948
0.00401496887207
0.0249910354614
0.0258519649506
0.0265109539032
0.027086019516
0.0276801586151
0.0344858169556
0.00199508666992
0.00237703323364
0.00274085998535
0.00296187400818
0.0282049179077
0.0288829803467
0.029424905777
0.02996301651
0.00146222114563
0.029862165451
0.0305180549622
0.00181579589844
0.00237488746643
0.00265598297119
0.0318508148193
0.0320618152618
0.0322358608246
0.0324649810791
0.032637834549
0.0293238162994
0.029923915863
0.00117588043213
0.00253295898438
0.00296688079834
0.0302739143372
0.000901937484741
0.00176382064819
0.00246286392212
0.00280284881592
0.0246498584747
0.0255959033966
0.0265109539032
0.0275750160217
0.0285739898682
0.0380871295929
0.0385420322418
0.0389790534973
0.0394170284271
0.0398480892181
0.0306770801544
0.0309810638428
0.0312919616699
0.0316259860992
0.0319910049438
0.0343039035797
0.00172901153564
0.00269985198975
0.00300097465515
0.00327301025391
0.0361869335175
0.00163507461548
0.00251793861389
0.00278997421265
0.00307607650757
0.0326058864594
0.032928943634
0.0332288742065
0.0335319042206
0.0338289737701
0.0313260555267
0.00246286392212
0.00328397750854
0.00504589080811
0.00572204589844
0.0379838943481
0.00190711021423
0.00229096412659
0.00280404090881
0.00306296348572
0.0352210998535
0.0354990959167
0.0358090400696
0.0360939502716
0.0363550186157
0.0307750701904
0.0312211513519
0.031375169754
0.0315191745758
0.0316660404205
0.0239188671112
0.0241649150848
0.0243699550629
0.024573802948
0.0248048305511
0.0229411125183
0.0231931209564
0.0234100818634
0.0237641334534
0.0239741802216
0.0269122123718
0.0270991325378
0.0272600650787
0.0274291038513
0.0276181697845
0.0262539386749
0.0265049934387
0.0267159938812
0.0269260406494
0.0271339416504
0.0268042087555
0.0270180702209
0.0272040367126
0.027398109436
0.0276091098785
0.0314230918884
0.0316882133484
0.0319380760193
0.032222032547
0.0324699878693
0.0292739868164
0.0294749736786
0.0296540260315
0.0298321247101
0.0300321578979
0.0357141494751
0.00144481658936
0.00561189651489
0.00590491294861
0.00613284111023
0.0316019058228
0.00304698944092
0.00346803665161
0.00372004508972
0.0040819644928
0.0378758907318
0.038281917572
0.0386428833008
0.0389850139618
0.0393269062042
0.030946969986
0.0313920974731
0.00218796730042
0.00317287445068
0.00394201278687
0.0419180393219
0.042083978653
0.0422270298004
0.0423719882965
0.0425119400024
0.0367970466614
0.00275588035583
0.0035879611969
0.00437784194946
0.00523686408997
0.0245018005371
0.0255448818207
0.0265829563141
0.0274608135223
0.0284960269928
0.0353379249573
0.0355749130249
0.0357859134674
0.0359909534454
0.0362010002136
0.0287880897522
0.0294511318207
0.0300290584564
0.00401401519775
0.00428509712219
0.0401129722595
0.0405449867249
0.00314903259277
0.0059061050415
0.00761604309082
0.039088010788
0.0394020080566
0.0397310256958
0.0400190353394
0.0403101444244
0.0317671298981
0.0323021411896
0.0327990055084
0.0332720279694
0.0337450504303
0.0419759750366
0.00396990776062
0.00607204437256
0.00671696662903
0.00728797912598
0.0445489883423
0.00550103187561
0.00585603713989
0.00639605522156
0.00670194625854
0.0330200195312
0.00200605392456
0.00283312797546
0.00366902351379
0.00410103797913
0.0343511104584
0.00356221199036
0.00441598892212
0.00545620918274
0.00615620613098
0.0365760326385
0.0369582176208
0.0020489692688
0.00239610671997
0.00271916389465
0.0328600406647
0.033310174942
0.002277135849
0.00267815589905
0.00307703018188
0.0319321155548
0.00384497642517
0.00427889823914
0.00470590591431
0.00510096549988
0.0366549491882
0.0368509292603
0.0370099544525
0.0371599197388
0.0373139381409
0.029228925705
0.0296239852905
0.029837846756
0.03005194664
0.0302648544312
0.0245170593262
0.0252799987793
0.0257129669189
0.026417016983
0.0268609523773
0.0280249118805
0.0282578468323
0.0284609794617
0.0286648273468
0.0288679599762
0.033007144928
0.0333571434021
0.0336790084839
0.0339851379395
0.0342900753021
0.017523765564
0.0178179740906
0.018091917038
0.0183629989624
0.0186469554901
0.0289928913116
0.0298449993134
0.000940084457397
0.00162291526794
0.00242185592651
0.0336689949036
0.0340559482574
0.0343430042267
0.0346319675446
0.0349268913269
0.0333662033081
0.0336711406708
0.0339660644531
0.0343151092529
0.0345680713654
0.0384619235992
0.0388450622559
0.0392100811005
0.0395560264587
0.0398988723755
0.0420949459076
0.0119979381561
0.0145289897919
0.0148570537567
0.0151109695435
0.0541789531708
0.0244688987732
0.0256798267365
0.0260579586029
0.0264179706573
0.0553488731384
0.0258820056915
0.0266990661621
0.0271470546722
0.0277690887451
0.0586819648743
0.02357006073
0.0247220993042
0.0289330482483
0.0294020175934
0.0534060001373
0.0237658023834
0.0242857933044
0.0248699188232
0.0257468223572
0.0665979385376
0.0669188499451
0.0672059059143
0.0386099815369
0.0388119220734
0.0653750896454
0.0364418029785
0.0373618602753
0.0380139350891
0.038361787796
0.0743308067322
0.0745379924774
0.0747427940369
0.0750329494476
0.0752649307251
0.078929901123
0.0791947841644
0.0794019699097
0.0796377658844
0.0798878669739
0.0808200836182
0.0811491012573
0.08145403862
0.0817320346832
0.0821220874786
0.0690460205078
0.069226026535
0.069384098053
0.0695431232452
0.0697000026703
0.0557100772858
0.0559120178223
0.0560870170593
0.0562701225281
0.0564591884613
0.0499269962311
0.0506570339203
0.0512371063232
0.0517911911011
0.0524802207947
0.0566389560699
0.0288240909576
0.029678106308
0.0304691791534
0.0315229892731
0.0610771179199
0.0620291233063
0.0629329681396
0.0638439655304
0.0648391246796
0.0620081424713
0.0626151561737
0.063169002533
0.0636751651764
0.0649681091309
0.060516834259
0.0614428520203
0.0622899532318
0.0631408691406
0.0640258789062
0.0646929740906
0.0656569004059
0.0665819644928
0.0674068927765
0.0682320594788
0.0641269683838
0.0644879341125
0.0341761112213
0.0348410606384
0.0351090431213
0.0689659118652
0.0416069030762
0.0424020290375
0.0431621074677
0.043909072876
0.0795040130615
0.080235004425
0.0809409618378
0.0816369056702
0.0823860168457
0.0737969875336
0.034205198288
0.0348470211029
0.0354380607605
0.0360929965973
0.0608730316162
0.0297291278839
0.0307021141052
0.0314159393311
0.032112121582
0.0581891536713
0.0584800243378
0.0587151050568
0.0589520931244
0.0591819286346
0.0607590675354
0.0609638690948
0.0611460208893
0.0613279342651
0.0615220069885
0.051255941391
0.0514690876007
0.0516731739044
0.0518720149994
0.0520851612091
0.0440888404846
0.0442779064178
0.0444538593292
0.0446038246155
0.0447478294373
0.0419709682465
0.0423409938812
0.0426151752472
0.0428411960602
0.0430691242218
0.0289018154144
0.0292689800262
0.0294969081879
0.0296609401703
0.0298409461975
0.030953168869
0.000396013259888
0.00113105773926
0.00188207626343
0.00206208229065
0.0402631759644
0.0405371189117
0.0407791137695
0.0410242080688
0.0414080619812
0.0392379760742
0.00183200836182
0.00246405601501
0.00307512283325
0.0043261051178
0.0520191192627
0.0529890060425
0.0538790225983
0.0547749996185
0.0556590557098
0.0250601768494
0.026093006134
0.0268700122833
0.0277881622314
0.0286190509796
0.0273380279541
0.0280148983002
0.0292358398438
0.0304248332977
0.0312600135803
0.039489030838
0.0404360294342
0.0412640571594
0.041895866394
0.0424580574036
0.0364801883698
0.0370991230011
0.0376131534576
0.0381259918213
0.0386500358582
0.0338711738586
0.0344791412354
0.0350430011749
0.00119090080261
0.00223803520203
0.0302169322968
0.0304079055786
0.0306990146637
0.0309450626373
0.0311100482941
0.0321779251099
0.00142192840576
0.00219488143921
0.00282382965088
0.00350785255432
0.0286839008331
0.0289578437805
0.0291969776154
0.0294258594513
0.0296590328217
0.0250380039215
0.0253140926361
0.0255610942841
0.0257711410522
0.030492067337
0.0259051322937
0.0261089801788
0.0262789726257
0.0264511108398
0.0266680717468
0.0314857959747
0.0316898822784
0.0318698883057
0.032096862793
0.032283782959
0.0279610157013
0.028146982193
0.0283119678497
0.0284659862518
0.0286109447479
0.0271570682526
0.0274121761322
0.0276260375977
0.0278639793396
0.0280790328979
0.032977104187
0.0332970619202
0.0335891246796
0.0339040756226
0.0341761112213
0.0288429260254
0.0290808677673
0.0293068885803
0.0294990539551
0.0296890735626
0.0255289077759
0.0257408618927
0.0259239673615
0.0261058807373
0.0262868404388
0.0270230770111
0.0272109508514
0.0273740291595
0.0275359153748
0.0277330875397
0.0246360301971
0.0255579948425
0.0264401435852
0.0272941589355
0.0280630588531
0.0379350185394
0.0383021831512
0.038642168045
0.0389831066132
0.0393190383911
0.0240960121155
0.0245609283447
0.0250279903412
0.025465965271
0.0258359909058
0.0292119979858
0.029403924942
0.029569