0.0226438045502,
0.0230708122253,
0.0289769172668,
0.0292630195618,
0.0243928432465,
0.0246160030365,
0.0224690437317,
0.0226631164551,
0.0284149646759,
0.0287449359894,
0.0242421627045,
0.0245761871338,
0.0261929035187,
0.0269899368286,
0.0297789573669,
0.0299918651581,
0.0489828586578,
0.0492208003998,
0.025032043457,
0.0257539749146,
0.0385038852692,
0.0394988059998,
0.0330619812012,
0.0341808795929,
0.0267639160156,
0.0272967815399,
0.0268578529358,
0.0275979042053,
0.0251400470734,
0.0261518955231,
0.0410120487213,
0.0423200130463,
0.0324440002441,
0.0331790447235,
0.0362839698792,
0.0372798442841,
0.0372939109802,
0.0378739833832,
0.0293428897858,
0.0310049057007,
0.039932012558,
0.0440099239349,
0.0296158790588,
0.0307629108429,
0.0338559150696,
0.0352869033813,
0.0282130241394,
0.0285248756409,
0.0279769897461,
0.0283989906311,
0.0311970710754,
0.0314400196075,
0.0334289073944,
0.0338819026947,
0.0313351154327,
0.0317320823669,
0.03200507164,
0.0322740077972,
0.0287609100342,
0.0297598838806,
0.0314650535583,
0.0318880081177,
0.0227370262146,
0.0230479240417,
0.026086807251,
0.0263509750366,
0.0209250450134,
0.0211129188538,
0.0243968963623,
0.0246288776398,
0.0268588066101,
0.0280129909515,
0.024927854538,
0.0261368751526,
0.0347390174866,
0.0351939201355,
0.0339050292969,
0.0341730117798,
0.0225780010223,
0.0228428840637,
0.0261390209198,
0.0263731479645,
0.0299081802368,
0.0302901268005,
0.0215730667114,
0.0218529701233,
0.0290098190308,
0.0293188095093,
0.0286600589752,
0.0290811061859,
0.0286519527435,
0.0300540924072,
0.028529882431,
0.0292258262634,
0.0344040393829,
0.0360341072083,
0.0284180641174,
0.0298850536346,
0.0342710018158,
0.0347430706024,
0.0227999687195,
0.0230958461761,
0.0281610488892,
0.0284991264343,
0.0252230167389,
0.0263841152191,
0.0226788520813,
0.0228779315948,
0.0220010280609,
0.0223960876465,
0.0232110023499,
0.0234761238098,
0.0243880748749,
0.0248041152954,
0.0226011276245,
0.0229239463806,
0.0284960269928,
0.0293321609497,
0.0231971740723,
0.0247881412506,
0.0262560844421,
0.0274741649628,
0.0230770111084,
0.0244851112366,
0.022754907608,
0.0236270427704,
0.0259749889374,
0.0267798900604,
0.0247159004211,
0.0261628627777,
0.0278730392456,
0.0288689136505,
0.0262699127197,
0.0271978378296,
0.0378201007843,
0.0380420684814,
0.0216012001038,
0.0218331813812,
0.027487039566,
0.027734041214,
0.0252270698547,
0.0255780220032,
0.0216360092163,
0.0219600200653,
0.0255749225616,
0.0274758338928,
0.0231900215149,
0.02450299263,
0.0285987854004,
0.028883934021,
0.0282230377197,
0.028470993042,
0.0243480205536,
0.0245699882507,
0.02303814888,
0.0232701301575,
0.032203912735,
0.0330958366394,
0.0300211906433,
0.0302510261536,
0.0376451015472,
0.0387721061707,
0.0289919376373,
0.0300698280334,
0.0424599647522,
0.0435659885406,
0.0300121307373,
0.0308349132538,
0.0371420383453,
0.0378408432007,
0.0359671115875,
0.0362429618835,
0.0236151218414,
0.0244610309601,
0.0352189540863,
0.0360069274902,
0.0344579219818,
0.0350749492645,
0.028373003006,
0.0288867950439,
0.0297131538391,
0.0303239822388,
0.0253100395203,
0.0259981155396,
0.0273098945618,
0.0280950069427,
0.0268590450287,
0.0282309055328,
0.0245499610901,
0.025652885437,
0.0280601978302,
0.0289051532745,
0.0351150035858,
0.035884141922,
0.0237090587616,
0.0249719619751,
0.0226919651031,
0.0233249664307,
0.0364921092987,
0.0379321575165,
0.029942035675,
0.031005859375,
0.042172908783,
0.0430769920349,
0.0300459861755,
0.031042098999,
0.0414140224457,
0.0424859523773,
0.0287868976593,
0.0294618606567,
0.0305769443512,
0.0320978164673,
0.0304069519043,
0.0320518016815,
0.0306642055511,
0.0315380096436,
0.0378551483154,
0.0388081073761,
0.0286860466003,
0.0292851924896,
0.0286459922791,
0.0293049812317,
0.0286231040955,
0.0292551517487,
0.037360906601,
0.0384359359741,
0.0290651321411,
0.0297560691833,
0.0243020057678,
0.024600982666,
0.0196270942688,
0.0287621021271,
0.024295091629,
0.0246751308441,
0.0305621623993,
0.0314540863037,
0.0245370864868,
0.0254049301147,
0.0334310531616,
0.0343511104584,
0.0389199256897,
0.0395729541779,
0.0265460014343,
0.0280780792236,
0.0283079147339,
0.0290589332581,
0.023649930954,
0.0248370170593,
0.0246970653534,
0.025377035141,
0.0293860435486,
0.0319900512695,
0.0304880142212,
0.0316970348358,
0.0337500572205,
0.0349819660187,
0.037565946579,
0.0414319038391,
0.0369260311127,
0.0382521152496,
0.0332579612732,
0.0342741012573,
0.0284340381622,
0.0297570228577,
0.0339109897614,
0.0340800285339,
0.031925201416,
0.0322051048279,
0.0219008922577,
0.0222880840302,
0.0263159275055,
0.0265698432922,
0.028352022171,
0.0287880897522,
0.0217180252075,
0.0220739841461,
0.0476770401001,
0.0478920936584,
0.0315759181976,
0.0329759120941,
0.0166981220245,
0.0283880233765,
0.0430459976196,
0.043967962265,
0.0488109588623,
0.0495140552521,
0.0343749523163,
0.0354831218719,
0.0531380176544,
0.0548748970032,
0.0238671302795,
0.0241851806641,
0.0295929908752,
0.0299341678619,
0.0247092247009,
0.0251581668854,
0.0224947929382,
0.0226678848267,
0.0260949134827,
0.0264139175415,
0.028135061264,
0.0284030437469,
0.0249791145325,
0.0252220630646,
0.0234999656677,
0.0238361358643,
0.0229599475861,
0.0234260559082,
0.0211009979248,
0.0213048458099,
0.0227649211884,
0.0229890346527,
0.0218191146851,
0.0220181941986,
0.0274088382721,
0.0276629924774,
0.0246210098267,
0.0248589515686,
0.0238878726959,
0.0243759155273,
0.0260779857635,
0.0262839794159,
0.0278789997101,
0.0282299518585,
0.0299370288849,
0.0301558971405,
0.0276749134064,
0.0279190540314,
0.0328071117401,
0.0330200195312,
0.0318598747253,
0.0320398807526,
0.0221619606018,
0.0223619937897,
0.028058052063,
0.0282971858978,
0.0230300426483,
0.0234949588776,
0.029942035675,
0.0302329063416,
0.0217139720917,
0.0220170021057,
0.0244770050049,
0.0246968269348,
0.0239238739014,
0.0241990089417,
0.0243330001831,
0.024670124054,
0.0217249393463,
0.022176027298,
0.028265953064,
0.0286960601807,
0.023029088974,
0.0233371257782,
0.0263509750366,
0.0265760421753,
0.0275909900665,
0.0279839038849,
0.0295789241791,
0.0300018787384,
0.0227599143982,
0.0230529308319,
0.0219690799713,
0.0223209857941,
0.0287349224091,
0.0290679931641,
0.0329179763794,
0.0332849025726,
0.0224258899689,
0.0227808952332,
0.0332038402557,
0.0334658622742,
0.0217440128326,
0.0219640731812,
0.0218410491943,
0.0221610069275,
0.0281801223755,
0.0284512042999,
0.0233750343323,
0.0235950946808,
0.0298261642456,
0.0300500392914,
0.0319910049438,
0.032243013382,
0.0223751068115,
0.0226340293884,
0.0237550735474,
0.0239970684052,
0.0219900608063,
0.0223450660706,
0.0382270812988,
0.0385189056396,
0.0279560089111,
0.028223991394,
0.0232179164886,
0.023628950119,
0.0220289230347,
0.0223309993744,
0.0232901573181,
0.023647069931,
0.0228481292725,
0.023106098175,
0.0222141742706,
0.0225100517273,
0.0258128643036,
0.0261969566345,
0.0244338512421,
0.0249049663544,
0.0278618335724,
0.0280940532684,
0.0249400138855,
0.0252208709717,
0.0270671844482,
0.0273940563202,
0.0254099369049,
0.025887966156,
0.0218830108643,
0.0221722126007,
0.0286979675293,
0.0290758609772,
0.0279541015625,
0.0283250808716,
0.0325450897217,
0.0329451560974,
0.100081205368,
0.100532054901,
0.181343078613,
0.18217086792,
0.045471906662,
0.047308921814,
0.023316860199,
0.023500919342,
0.0272340774536,
0.0276708602905,
0.0254509449005,
0.025731086731,
0.036474943161,
0.0368270874023,
0.0325548648834,
0.0328378677368,
0.0215990543365,
0.0217950344086,
0.033271074295,
0.0335450172424,
0.0239541530609,
0.0242011547089,
0.0236411094666,
0.0239021778107,
0.0219728946686,
0.0224039554596,
0.0283689498901,
0.0286819934845,
0.0237789154053,
0.0241219997406,
0.0210919380188,
0.0213949680328,
0.0215771198273,
0.0220749378204,
0.0216097831726,
0.0219619274139,
0.0237019062042,
0.0241119861603,
0.0259058475494,
0.0261960029602,
0.0235280990601,
0.0239150524139,
0.022402048111,
0.0226321220398,
0.0248918533325,
0.025230884552,
0.242935180664,
0.255593061447,
0.0214958190918,
0.0217468738556,
0.0280630588531,
0.0294959545135,
0.0233190059662,
0.0246729850769,
0.0242850780487,
0.0254900455475,
0.0289781093597,
0.0291819572449,
0.0360209941864,
0.0369989871979,
0.0679318904877,
0.0693910121918,
0.028559923172,
0.0289421081543,
0.0431981086731,
0.0443470478058,
0.0419840812683,
0.0426919460297,
0.0519089698792,
0.0532379150391,
0.0288679599762,
0.0293099880219,
0.0333290100098,
0.0335559844971,
0.0253231525421,
0.0257380008698,
0.0270171165466,
0.0272920131683,
0.0445749759674,
0.0458190441132,
0.0184619426727,
0.019299030304,
0.0349700450897,
0.0357511043549,
0.0305409431458,
0.0314249992371,
0.0450990200043,
0.0485601425171,
0.0233361721039,
0.0235512256622,
0.0335400104523,
0.033812046051,
0.0258300304413,
0.0260798931122,
0.0273118019104,
0.0276448726654,
0.0258009433746,
0.0260241031647,
0.0243790149689,
0.024710893631,
0.0305790901184,
0.0309090614319,
0.0322530269623,
0.0325269699097,
0.0241839885712,
0.0260648727417,
0.0290739536285,
0.0294160842896,
0.027400970459,
0.0284199714661,
0.0264949798584,
0.0274269580841,
0.0230481624603,
0.0240399837494,
0.0281519889832,
0.0292398929596,
0.0243887901306,
0.0254549980164,
0.0288469791412,
0.0308151245117,
0.0235369205475,
0.0247159004211,
0.0187149047852,
0.0189278125763,
0.0241229534149,
0.0245649814606,
0.0181338787079,
0.0185699462891,
0.0214619636536,
0.0217518806458,
0.0268092155457,
0.027172088623,
0.0247240066528,
0.0250370502472,
0.0245280265808,
0.0249531269073,
0.0322329998016,
0.03253698349,
0.0221419334412,
0.0223779678345,
0.0246000289917,
0.0250279903412,
0.0259130001068,
0.0261509418488,
0.0329041481018,
0.0336501598358,
0.026643037796,
0.0271339416504,
0.0218238830566,
0.022038936615,
0.0218060016632,
0.022045135498,
0.0242891311646,
0.0245821475983,
0.0231850147247,
0.0234079360962,
0.0224959850311,
0.0228991508484,
0.0283989906311,
0.0286340713501,
0.0248508453369,
0.0251019001007,
0.025092124939,
0.0252830982208,
0.0238001346588,
0.0240080356598,
0.0364181995392,
0.0368630886078,
0.047721862793,
0.0481059551239,
0.0304470062256,
0.0312790870667,
0.0528790950775,
0.0531961917877,
0.0310430526733,
0.0312540531158,
0.0395472049713,
0.040598154068,
0.0255510807037,
0.0263240337372,
0.0617668628693,
0.0620119571686,
0.0152821540833,
0.0284781455994,
0.0298490524292,
0.0309071540833,
0.0251090526581,
0.0260970592499,
0.0256419181824,
0.0262839794159,
0.035826921463,
0.0373010635376,
0.0271110534668,
0.0284249782562,
0.0420141220093,
0.0428531169891,
0.0311341285706,
0.0316669940948,
0.0291168689728,
0.029865026474,
0.0267281532288,
0.0275089740753,
0.0282490253448,
0.029226064682,
0.0432980060577,
0.0438179969788,
0.0319230556488,
0.0322802066803,
0.0378320217133,
0.0381808280945,
0.0272381305695,
0.0274980068207,
0.0375800132751,
0.0379650592804,
0.0339000225067,
0.0353820323944,
0.0474009513855,
0.0476748943329,
0.0260639190674,
0.0268409252167,
0.0778000354767,
0.0785529613495,
0.0703670978546,
0.0713438987732,
0.0606880187988,
0.0609860420227,
0.0588939189911,
0.0598440170288,
0.0268361568451,
0.0273230075836,
0.02587890625,
0.0263149738312,
0.0359840393066,
0.0363419055939,
0.0217959880829,
0.0220279693604,
0.023885011673,
0.0242011547089,
0.0216250419617,
0.0221290588379,
0.0300278663635,
0.0303089618683,
0.0235869884491,
0.0238778591156,
0.0233340263367,
0.0249259471893,
0.0252420902252,
0.0268230438232,
0.0262930393219,
0.026505947113,
0.0355441570282,
0.035863161087,
0.0238919258118,
0.0241417884827,
0.0215749740601,
0.0217869281769,
0.0251410007477,
0.0268568992615,
0.0245981216431,
0.0262172222137,
0.033951997757,
0.034970998764,
0.0585899353027,
0.0592858791351,
0.0371530056,
0.0385310649872,
0.0226540565491,
0.0230851173401,
0.027636051178,
0.0278890132904,
0.0286960601807,
0.02894115448,
0.0242850780487,
0.0246639251709,
0.0232548713684,
0.0234460830688,
0.0227158069611,
0.0240499973297,
0.024906873703,
0.0264000892639,
0.0252499580383,
0.0254950523376,
0.0255858898163,
0.0271179676056,
0.0226309299469,
0.02357006073,
0.0231680870056,
0.0240020751953,
0.0311861038208,
0.0323719978333,
0.0243349075317,
0.0253829956055,
0.0255789756775,
0.0267519950867,
0.0293431282043,
0.0302631855011,
0.0258870124817,
0.0273630619049,
0.0244798660278,
0.0259530544281,
0.0290458202362,
0.0303900241852,
0.0304729938507,
0.0317049026489,
0.0278718471527,
0.0292570590973,
0.0289449691772,
0.0298700332642,
0.0399649143219,
0.0403409004211,
0.0220220088959,
0.0222730636597,
0.0251088142395,
0.0253169536591,
0.0433189868927,
0.0436539649963,
0.0706021785736,
0.0710830688477,
0.0939650535583,
0.0945649147034,
0.0429360866547,
0.043319940567,
0.103669166565,
0.104720115662,
0.0585029125214,
0.0594170093536,
0.0295088291168,
0.0298099517822,
0.0592901706696,
0.0599391460419,
0.0629379749298,
0.0639541149139,
0.0666449069977,
0.0674488544464,
0.0306911468506,
0.0309391021729,
0.0835411548615,
0.0838220119476,
0.0440409183502,
0.0443170070648,
0.0273430347443,
0.0276329517365,
0.0503489971161,
0.0508930683136,
0.0345799922943,
0.0348401069641,
0.0330510139465,
0.0333659648895,
0.0262141227722,
0.0264739990234,
0.0311880111694,
0.0315251350403,
0.0281829833984,
0.0284788608551,
0.0280849933624,
0.0284461975098,
0.0292980670929,
0.0297060012817,
0.0505359172821,
0.0507478713989,
0.0257768630981,
0.0262598991394,
0.0329060554504,
0.03329205513,
0.0251650810242,
0.0254240036011,
0.0359709262848,
0.0362730026245,
0.029639005661,
0.0300810337067,
0.0362939834595,
0.0367269515991,
0.0263788700104,
0.0266678333282,
0.0237848758698,
0.0240838527679,
0.0266499519348,
0.0269968509674,
0.0340311527252,
0.0344140529633,
0.0343608856201,
0.0346908569336,
0.0300471782684,
0.0302541255951,
0.0253720283508,
0.0255990028381,
0.0297930240631,
0.0300788879395,
0.0306468009949,
0.0308558940887,
0.0300641059875,
0.0304489135742,
0.0320041179657,
0.0323569774628,
0.0258510112762,
0.0262141227722,
0.0358340740204,
0.0362479686737,
0.0273339748383,
0.0275630950928,
0.0332019329071,
0.0335030555725,
0.023656129837,
0.02401304245,
0.0270688533783,
0.0272920131683,
0.0228099822998,
0.0231189727783,
0.0326020717621,
0.03289103508,
0.0223519802094,
0.0227160453796,
0.025505065918,
0.0268750190735,
0.0270099639893,
0.0272719860077,
0.0263469219208,
0.0267000198364,
0.0288372039795,
0.0291390419006,
0.038626909256,
0.0388269424438,
0.0247828960419,
0.025151014328,
0.0270080566406,
0.0272450447083,
0.0255799293518,
0.0258708000183,
0.0329310894012,
0.0333108901978,
0.0218849182129,
0.0221450328827,
0.0289258956909,
0.0292479991913,
0.0338411331177,
0.0346169471741,
0.0220468044281,
0.0224139690399,
0.0244700908661,
0.0252420902252,
0.0292429924011,
0.0295081138611,
0.0247311592102,
0.0252511501312,
0.0282938480377,
0.0292620658875,
0.0218079090118,
0.0229239463806,
0.0333888530731,
0.034334897995,
0.0428221225739,
0.0430579185486,
0.0290520191193,
0.0293350219727,
0.0514891147614,
0.0525531768799,
0.029406785965,
0.0297129154205,
0.0248069763184,
0.025132894516,
0.0271639823914,
0.0279009342194,
0.0236599445343,
0.0240128040314,
0.0298271179199,
0.0301342010498,
0.022675037384,
0.023421049118,
0.0456311702728,
0.0466561317444,
0.0380189418793,
0.0383307933807,
0.0367691516876,
0.0369942188263,
0.0352580547333,
0.0356111526489,
0.0336179733276,
0.0338399410248,
0.0348207950592,
0.0350568294525,
0.0336639881134,
0.0340170860291,
0.0315248966217,
0.031769990921,
0.0275559425354,
0.0277409553528,
0.0275552272797,
0.0277709960938,
0.0277078151703,
0.0290608406067,
0.0238358974457,
0.0247008800507,
0.0333979129791,
0.0342209339142,
0.0215039253235,
0.0218458175659,
0.016364812851,
0.025908946991,
0.0263810157776,
0.0266289710999,
0.0253891944885,
0.0259740352631,
0.0252010822296,
0.0258860588074,
0.024759054184,
0.0256299972534,
0.0248718261719,
0.0252468585968,
0.0227088928223,
0.0233449935913,
0.026389837265,
0.0268678665161,
0.0255181789398,
0.0258121490479,
0.0307340621948,
0.0314419269562,
0.0251019001007,
0.0258369445801,
0.0252280235291,
0.0254621505737,
0.0242369174957,
0.0247550010681,
0.0315849781036,
0.0323760509491,
0.0233969688416,
0.024092912674,
0.0276830196381,
0.0284819602966,
0.0340580940247,
0.0349471569061,
0.0326321125031,
0.0337209701538,
0.0241010189056,
0.0248239040375,
0.024227142334,
0.025141954422,
0.0282900333405,
0.0291340351105,
0.0238440036774,
0.0247318744659,
0.0261290073395,
0.0268969535828,
0.0233569145203,
0.0241239070892,
0.0240969657898,
0.0251169204712,
0.0258798599243,
0.026734828949,
0.024337053299,
0.0250720977783,
0.028361082077,
0.029107093811,
0.0237691402435,
0.0246951580048,
0.0242071151733,
0.0251421928406,
0.0260210037231,
0.0274670124054,
0.0258150100708,
0.0264241695404,
0.0247712135315,
0.0255601406097,
0.0244319438934,
0.0253851413727,
0.0236110687256,
0.0237929821014,
0.0236308574677,
0.0240797996521,
0.0254499912262,
0.0256850719452,
0.0239679813385,
0.0244119167328,
0.0275268554688,
0.0282938480377,
0.0523359775543,
0.0530309677124,
0.0287029743195,
0.0291159152985,
0.0500538349152,
0.0509719848633,
0.0449168682098,
0.0458168983459,
0.0214960575104,
0.0224351882935,
0.0311119556427,
0.03133893013,
0.0267570018768,
0.0270049571991,
0.016576051712,
0.0168678760529,
0.0286819934845,
0.0290648937225,
0.0273401737213,
0.0277750492096,
0.0240590572357,
0.0267660617828,
0.0216958522797,
0.0220220088959,
0.0237560272217,
0.0241138935089,
0.0257179737091,
0.0260429382324,
0.0236179828644,
0.0239360332489,
0.0236849784851,
0.0245609283447,
0.0308859348297,
0.0313260555267,
0.0214569568634,
0.0218729972839,
0.0216619968414,
0.0219089984894,
0.0253019332886,
0.0255169868469,
0.0252070426941,
0.0254619121552,
0.0250308513641,
0.0254368782043,
0.0259420871735,
0.0261971950531,
0.0288970470428,
0.0291681289673,
0.0285320281982,
0.0289359092712,
0.0238258838654,
0.0247519016266,
0.0311100482941,
0.0313129425049,
0.0256109237671,
0.0264401435852,
0.0254831314087,
0.026034116745,
0.0284461975098,
0.0297560691833,
0.0311839580536,
0.0319540500641,
0.0260128974915,
0.0271909236908,
0.0391721725464,
0.0401210784912,
0.0240230560303,
0.0246460437775,
0.0245459079742,
0.0251591205597,
0.0354211330414,
0.03626704216,
0.0347540378571,
0.0349409580231,
0.024307012558,
0.0246448516846,
0.0238101482391,
0.0249090194702,
0.038990020752,
0.0392580032349,
0.0266978740692,
0.0271298885345,
0.0295040607452,
0.0298550128937,
0.0328121185303,
0.0330421924591,
0.0278449058533,
0.0281400680542,
0.0274889469147,
0.0277559757233,
0.0355830192566,
0.0361361503601,
0.0312578678131,
0.0319819450378,
0.0390899181366,
0.0400199890137,
0.0244240760803,
0.0253069400787,
0.0259149074554,
0.0275518894196,
0.0314610004425,
0.0326359272003,
0.0430200099945,
0.0437819957733,
0.0342209339142,
0.034793138504,
0.0502729415894,
0.0513081550598,
0.0329918861389,
0.0343899726868,
0.029296875,
0.0305428504944,
0.023209810257,
0.0253448486328,
0.0369210243225,
0.0371890068054,
0.0260570049286,
0.0264449119568,
0.0315408706665,
0.0318927764893,
0.0379149913788,
0.0381889343262,
0.0367939472198,
0.0370769500732,
0.0268330574036,
0.0271611213684,
0.0413770675659,
0.0417220592499,
0.0288488864899,
0.0292959213257,
0.0258901119232,
0.0262289047241,
0.0329418182373,
0.0331749916077,
0.0328099727631,
0.0330519676208,
0.0235300064087,
0.0239548683167,
0.0335550308228,
0.0344111919403,
0.0275299549103,
0.027872800827,
0.0215780735016,
0.0219900608063,
0.0245869159698,
0.0250630378723,
0.0700328350067,
0.0713889598846,
0.0510470867157,
0.0513510704041,
0.0251529216766,
0.0255498886108,
0.0340890884399,
0.0347189903259,
0.0508990287781,
0.0516238212585,
0.0497601032257,
0.0506851673126,
0.0295989513397,
0.0306088924408,
0.0526659488678,
0.0530529022217,
0.0271759033203,
0.0274429321289,
0.0315248966217,
0.0318760871887,
0.0285551548004,
0.0288860797882,
0.0354981422424,
0.0369510650635,
0.0294840335846,
0.0297911167145,
0.0229029655457,
0.0231409072876,
0.0325288772583,
0.0327568054199,
0.0272800922394,
0.0275139808655,
0.0371239185333,
0.0380220413208,
0.0253360271454,
0.0255718231201,
0.027606010437,
0.0280640125275,
0.023698091507,
0.0239329338074,
0.025249004364,
0.0257089138031,
0.0231239795685,
0.0233318805695,
0.0222361087799,
0.022628068924,
0.0251660346985,
0.0256481170654,
0.0311980247498,
0.031555891037,
0.0291781425476,
0.0296199321747,
0.0258839130402,
0.0261600017548,
0.0227088928223,
0.0230889320374,
0.0248100757599,
0.0250730514526,
0.0256369113922,
0.0259418487549,
0.0210437774658,
0.0213289260864,
0.0272059440613,
0.0284190177917,
0.0394370555878,
0.0404469966888,
0.034117937088,
0.035120010376,
0.0289480686188,
0.0294120311737,
0.0340840816498,
0.0343291759491,
0.0335369110107,
0.0337791442871,
0.0311849117279,
0.0316910743713,
0.0398981571198,
0.0414271354675,
0.0473289489746,
0.0488510131836,
0.0298588275909,
0.0308229923248,
0.0243067741394,
0.025209903717,
0.0242550373077,
0.0268981456757,
0.0253539085388,
0.0261869430542,
0.0369679927826,
0.037416934967,
0.0257549285889,
0.0261418819427,
0.0295851230621,
0.0299801826477,
0.0330128669739,
0.0333008766174,
0.0333378314972,
0.0337359905243,
0.0304548740387,
0.0307080745697,
0.0294940471649,
0.0297260284424,
0.0235710144043,
0.0238919258118,
0.029825925827,
0.0313401222229,
0.0310199260712,
0.0317630767822,
0.0235497951508,
0.0242528915405,
0.0438890457153,
0.0449500083923,
0.0343210697174,
0.0352699756622,
0.0318579673767,
0.0321338176727,
0.031996011734,
0.0324008464813,
0.0233910083771,
0.0237040519714,
0.0263540744781,
0.0268070697784,
0.0295031070709,
0.0297830104828,
0.0370690822601,
0.0377759933472,
0.0311191082001,
0.0316572189331,
0.0275590419769,
0.028382062912,
0.033597946167,
0.03444480896,
0.0285007953644,
0.0294458866119,
0.023610830307,
0.0245399475098,
0.033665895462,
0.0344920158386,
0.0249710083008,
0.0255618095398,
0.0243260860443,
0.025820016861,
0.0257298946381,
0.0266938209534,
0.0237770080566,
0.0245490074158,
0.0207440853119,
0.0216219425201,
0.0215060710907,
0.0224080085754,
0.0305678844452,
0.0315759181976,
0.0222570896149,
0.0231211185455,
0.02397108078,
0.0246410369873,
0.0235459804535,
0.0244221687317,
0.0255069732666,
0.0263929367065,
0.0313670635223,
0.0317718982697,
0.0288689136505,
0.0291159152985,
0.0237469673157,
0.0239970684052,
0.0257971286774,
0.0260910987854,
0.0249350070953,
0.0253350734711,
0.0235590934753,
0.0239300727844,
0.0257518291473,
0.0265209674835,
0.0603408813477,
0.0606110095978,
0.029757976532,
0.0350940227509,
0.0251181125641,
0.0253221988678,
0.0229511260986,
0.0233089923859,
0.0233399868011,
0.0237350463867,
0.0244941711426,
0.0247571468353,
0.021075963974,
0.0213449001312,
0.0261561870575,
0.0264081954956,
0.0323779582977,
0.0327079296112,
0.0409510135651,
0.0426449775696,
0.0368900299072,
0.037544965744,
0.0393269062042,
0.0398690700531,
0.0288882255554,
0.029128074646,
0.0317900180817,
0.032811164856,
0.0249290466309,
0.0255279541016,
0.0297751426697,
0.0303571224213,
0.0229868888855,
0.0232329368591,
0.0362200737,
0.0368859767914,
0.0286359786987,
0.0290939807892,
0.0289368629456,
0.0295689105988,
0.0284068584442,
0.0286290645599,
0.0218269824982,
0.0224809646606,
0.0220739841461,
0.0223870277405,
0.0274369716644,
0.027715921402,
0.0337598323822,
0.0342237949371,
0.0256700515747,
0.0259990692139,
0.027419090271,
0.0283811092377,
0.0299000740051,
0.0302178859711,
0.0355610847473,
0.0366530418396,
0.0271399021149,
0.0280270576477,
0.0294389724731,
0.0309269428253,
0.0242278575897,
0.0245449542999,
0.0291321277618,
0.0299661159515,
0.0377678871155,
0.0382640361786,
0.0321431159973,
0.0336921215057,
0.0346429347992,
0.0352568626404,
0.023167848587,
0.02414894104,
0.0304758548737,
0.0316009521484,
0.0309059619904,
0.03178191185,
0.0331070423126,
0.0344700813293,
0.0234889984131,
0.0246448516846,
0.036584854126,
0.0368649959564,
0.0299642086029,
0.0308470726013,
0.0278449058533,
0.0293328762054,
0.0238420963287,
0.0268251895905,
0.0295979976654,
0.0303590297699,
0.0341498851776,
0.0344560146332,
0.0235161781311,
0.0239090919495,
0.0143110752106,
0.0186259746552,
0.0251309871674,
0.0253729820251,
0.171324014664,
0.179802894592,
0.0242459774017,
0.024610042572,
0.0262911319733,
0.0266690254211,
0.0240521430969,
0.0243110656738,
0.0286910533905,
0.0299370288849,
0.0316889286041,
0.0320320129395,
0.0331249237061,
0.0333590507507,
0.0233907699585,
0.0238788127899,
0.0349888801575,
0.0366108417511,
0.0348200798035,
0.0354619026184,
0.0376200675964,
0.0378799438477,
0.0253751277924,
0.0255970954895,
0.0318939685822,
0.0322270393372,
0.0279181003571,
0.0287711620331,
0.0257678031921,
0.0262079238892,
0.0232410430908,
0.0234658718109,
0.0212829113007,
0.0215530395508,
0.0220630168915,
0.103760004044,
0.0261988639832,
0.0264439582825,
0.024610042572,
0.0249109268188,
0.0300228595734,
0.0303189754486,
0.0276339054108,
0.0278668403625,
0.0278131961823,
0.0289621353149,
0.0225200653076,
0.0229420661926,
0.0311629772186,
0.0314807891846,
0.0212590694427,
0.021546125412,
0.0478179454803,
0.0482130050659,
0.0701100826263,
0.0705111026764,
0.0264601707458,
0.0267050266266,
0.0267541408539,
0.0270130634308,
0.0262310504913,
0.0265331268311,
0.0260639190674,
0.0263359546661,
0.0224690437317,
0.0229041576385,
0.0262429714203,
0.0265641212463,
0.0257318019867,
0.0259969234467,
0.0144581794739,
0.0277900695801,
0.0252680778503,
0.025808095932,
0.0231781005859,
0.0234410762787,
0.0277161598206,
0.0280160903931,
0.021684885025,
0.0220999717712,
0.023246049881,
0.0235300064087,
0.0231809616089,
0.023561000824,
0.0317580699921,
0.0320301055908,
0.0212149620056,
0.0214600563049,
0.024160861969,
0.0245289802551,
0.0220148563385,
0.0222799777985,
0.0252339839935,
0.025603055954,
0.0412039756775,
0.0436580181122,
0.0577108860016,
0.0587100982666,
0.0528991222382,
0.0550570487976,
0.0758759975433,
0.0771040916443,
0.0283420085907,
0.0292298793793,
0.0666091442108,
0.0674290657043,
0.0211861133575,
0.0219161510468,
0.0236439704895,
0.024377822876,
0.0256960391998,
0.0259671211243,
0.025279045105,
0.0255920886993,
0.0267250537872,
0.027410030365,
0.0263991355896,
0.0270671844482,
0.034873008728,
0.0356070995331,
0.0229508876801,
0.0237669944763,
0.0287280082703,
0.029767036438,
0.0274939537048,
0.0277149677277,
0.0220861434937,
0.0222861766815,
0.036828994751,
0.0371508598328,
0.0303230285645,
0.0305879116058,
0.0230360031128,
0.0235018730164,
0.0221450328827,
0.0223679542542,
0.0257019996643,
0.0259318351746,
0.0252258777618,
0.0256998538971,
0.0223920345306,
0.0227930545807,
0.0247421264648,
0.0250241756439,
0.0230419635773,
0.023353099823,
0.0235230922699,
0.0238790512085,
0.028489112854,
0.0287320613861,
0.0230360031128,
0.0240390300751,
0.0327110290527,
0.0341560840607,
0.0214560031891,
0.0223281383514,
0.0302410125732,
0.0309739112854,
0.0232291221619,
0.0237009525299,
0.022784948349,
0.0230650901794,
0.0247189998627,
0.0252361297607,
0.0250079631805,
0.0252709388733,
0.0272080898285,
0.0274710655212,
0.0224289894104,
0.022656917572,
0.0241389274597,
0.0246148109436,
0.0263741016388,
0.0268511772156,
0.0274298191071,
0.0284299850464,
0.0430359840393,
0.0435888767242,
0.0227999687195,
0.0241689682007,
0.0305950641632,
0.0310039520264,
0.032604932785,
0.0329298973083,
0.0243480205536,
0.0250239372253,
0.023640871048,
0.0239598751068,
0.0213360786438,
0.0217070579529,
0.0244641304016,
0.025367975235,
0.0324230194092,
0.0334131717682,
0.0228359699249,
0.023796081543,
0.0316751003265,
0.0327241420746,
0.0289549827576,
0.0298790931702,
0.0273189544678,
0.0281419754028,
0.0282828807831,
0.0292239189148,
0.0218560695648,
0.0226981639862,
0.0354490280151,
0.0358221530914,
0.0302209854126,
0.0312581062317,
0.0251049995422,
0.0262670516968,
0.0242960453033,
0.0256350040436,
0.0271520614624,
0.0279378890991,
0.0259728431702,
0.0264728069305,
0.038743019104,
0.040027141571,
0.0320239067078,
0.0339710712433,
0.0328409671783,
0.0336990356445,
0.0327229499817,
0.0349819660187,
0.0328109264374,
0.0336489677429,
0.0410981178284,
0.0416281223297,
0.0845959186554,
0.0860278606415,
0.029011964798,
0.0334320068359,
0.0570631027222,
0.0575230121613,
0.0258569717407,
0.0261690616608,
0.0242528915405,
0.0248429775238,
0.0225558280945,
0.0228910446167,
0.0231029987335,
0.0239150524139,
0.0248968601227,
0.0267140865326,
0.0166079998016,
0.0352380275726,
0.0444378852844,
0.0464129447937,
0.0419909954071,
0.0422561168671,
0.0315668582916,
0.0319049358368,
0.0699200630188,
0.0701670646667,
0.0294559001923,
0.0298628807068,
0.0325331687927,
0.0337879657745,
0.0230190753937,
0.0232760906219,
0.0284731388092,
0.028736114502,
0.0243740081787,
0.0250749588013,
0.0235280990601,
0.0242772102356,
0.029433965683,
0.0306730270386,
0.0286591053009,
0.028990983963,
0.0487480163574,
0.0496580600739,
0.0240619182587,
0.0247540473938,
0.0296468734741,
0.0301198959351,
0.0561518669128,
0.0569319725037,
0.0237929821014,
0.0246739387512,
0.0299980640411,
0.0303730964661,
0.0263719558716,
0.0277609825134,
0.0325410366058,
0.0337491035461,
0.0243270397186,
0.0253341197968,
0.0321290493011,
0.0328660011292,
0.0363249778748,
0.0371918678284,
0.0210838317871,
0.0213317871094,
0.023698091507,
0.0246729850769,
0.0228881835938,
0.0244920253754,
0.0223979949951,
0.022796869278,
0.0273578166962,
0.0275819301605,
0.025022983551,
0.0253078937531,
0.0240151882172,
0.0244719982147,
0.0236160755157,
0.0250861644745,
0.0243630409241,
0.0245921611786,
0.0211200714111,
0.0214219093323,
0.035640001297,
0.0368759632111,
0.0259790420532,
0.0273590087891,
0.0231790542603,
0.0233860015869,
0.0251731872559,
0.0254762172699,
0.0246460437775,
0.0249130725861,
0.0233252048492,
0.0237231254578,
0.0219330787659,
0.0222690105438,
0.0273718833923,
0.0275950431824,
0.0231289863586,
0.0233860015869,
0.0249619483948,
0.0252330303192,
0.0222239494324,
0.022488117218,
0.0291519165039,
0.0294349193573,
0.0272109508514,
0.0275490283966,
0.0212271213531,
0.0215599536896,
0.0231838226318,
0.0234899520874,
0.0244760513306,
0.0247058868408,
0.0226199626923,
0.0230810642242,
0.0268669128418,
0.0270991325378,
0.0234770774841,
0.0237350463867,
0.0251178741455,
0.0254418849945,
0.0229699611664,
0.0231938362122,
0.0270709991455,
0.0275061130524,
0.0230851173401,
0.0233099460602,
0.026214838028,
0.0264580249786,
0.0229430198669,
0.0232930183411,
0.0281188488007,
0.0284898281097,
0.0280108451843,
0.0283699035645,
0.0246479511261,
0.0249090194702,
0.0245728492737,
0.0248689651489,
0.0231800079346,
0.0233850479126,
0.0233471393585,
0.023609161377,
0.0251121520996,
0.025407075882,
0.113988876343,
0.114331960678,
0.0255920886993,
0.0262851715088,
0.0296778678894,
0.0309729576111,
0.05823802948,
0.0589010715485,
0.0673379898071,
0.0681779384613,
0.0515689849854,
0.0525691509247,
0.0504369735718,
0.0512681007385,
0.0294308662415,
0.0302200317383,
0.0360131263733,
0.0368709564209,
0.0271890163422,
0.0278580188751,
0.0266389846802,
0.0276207923889,
0.0400130748749,
0.0406591892242,
0.0377869606018,
0.0383920669556,
0.0232248306274,
0.0244359970093,
0.0324788093567,
0.0333058834076,
0.0335159301758,
0.0342597961426,
0.0267159938812,
0.0274140834808,
0.0352039337158,
0.0357840061188,
0.0346760749817,
0.0358560085297,
0.0362279415131,
0.0369100570679,
0.0370969772339,
0.037850856781,
0.0328321456909,
0.03355717659,
0.0446598529816,
0.0451579093933,
0.0259101390839,
0.0264630317688,
0.028470993042,
0.028881072998,
0.0233800411224,
0.0237460136414,
0.0304841995239,
0.0308182239532,
0.0508952140808,
0.0514841079712,
0.0264310836792,
0.0274760723114,
0.0328378677368,
0.0337009429932,
0.0323100090027,
0.03338098526,
0.0273950099945,
0.0282418727875,
0.0381209850311,
0.0395629405975,
0.0229859352112,
0.0234279632568,
0.0250399112701,
0.0252587795258,
0.0295581817627,
0.0300731658936,
0.0269730091095,
0.0272710323334,
0.0225079059601,
0.0227489471436,
0.0249509811401,
0.0253460407257,
0.0269961357117,
0.0272371768951,
0.0258989334106,
0.0268788337708,
0.022586107254,
0.0236711502075,
0.0253038406372,
0.025584936142,
0.0228600502014,
0.0233240127563,
0.0225811004639,
0.0229561328888,
0.0224480628967,
0.0228531360626,
0.0252211093903,
0.0256431102753,
0.0267388820648,
0.0269219875336,
0.0219478607178,
0.0222909450531,
0.0315811634064,
0.0318710803986,
0.0238490104675,
0.0241990089417,
0.0250728130341,
0.0253639221191,
0.0289859771729,
0.0293090343475,
0.0349099636078,
0.0353031158447,
0.0289618968964,
0.0293419361115,
0.0241589546204,
0.0245840549469,
0.0234408378601,
0.023717880249,
0.0214281082153,
0.0216710567474,
0.0246639251709,
0.0249269008636,
0.0231521129608,
0.023344039917,
0.0249760150909,
0.0251479148865,
0.0217959880829,
0.0219759941101,
0.0244789123535,
0.0248470306396,
0.0241439342499,
0.0245349407196,
0.0217189788818,
0.0220890045166,
0.0232589244843,
0.023649930954,
0.0277070999146,
0.0279290676117,
0.0248458385468,
0.0251288414001,
0.023677110672,
0.0239450931549,
0.0243730545044,
0.0246651172638,
0.0227391719818,
0.0229821205139,
0.0243649482727,
0.0245590209961,
0.0239870548248,
0.0243310928345,
0.0221569538116,
0.0224499702454,
0.0231690406799,
0.0233850479126,
0.0250570774078,
0.0254790782928,
0.0237729549408,
0.0240640640259,
0.0239229202271,
0.0241570472717,
0.0306160449982,
0.0310139656067,
0.0224950313568,
0.0239741802216,
0.0257201194763,
0.0261189937592,
0.0240678787231,
0.0243649482727,
0.0221171379089,
0.0225541591644,
0.0266189575195,
0.0270669460297,
0.0257260799408,
0.0259940624237,
0.0204730033875,
0.0207200050354,
0.0236539840698,
0.0238709449768,
0.0233659744263,
0.0243699550629,
0.0235259532928,
0.0245070457458,
0.0254709720612,
0.0257000923157,
0.0249149799347,
0.0253911018372,
0.0287020206451,
0.0290470123291,
0.0237109661102,
0.023962020874,
0.0296628475189,
0.0299007892609,
0.0292751789093,
0.0297441482544,
0.0400710105896,
0.0403530597687,
0.0539529323578,
0.0548989772797,
0.0302028656006,
0.0304839611053,
0.0482800006866,
0.0493941307068,
0.0229859352112,
0.0233788490295,
0.0326080322266,
0.0349299907684,
0.0348751544952,
0.0357401371002,
0.0329349040985,
0.0338599681854,
0.0386209487915,
0.0413811206818,
0.0305790901184,
0.0312371253967,
0.0363409519196,
0.037045955658,
0.0283780097961,
0.0318109989166,
0.0366020202637,
0.0375201702118,
0.0347018241882,
0.0366768836975,
0.0302860736847,
0.0313251018524,
0.0190999507904,
0.0393588542938,
0.0344870090485,
0.0362911224365,
0.034138917923,
0.0349659919739,
0.0370810031891,
0.03782081604,
0.0242111682892,
0.0248551368713,
0.0217361450195,
0.0220620632172,
0.026997089386,
0.0282320976257,
0.0291929244995,
0.0300850868225,
0.0258870124817,
0.0272948741913,
0.0353269577026,
0.0356891155243,
0.124031066895,
0.125240087509,
0.0227830410004,
0.0236999988556,
0.0266790390015,
0.0279490947723,
0.0373840332031,
0.03755402565,
0.0228939056396,
0.0231869220734,
0.0244500637054,
0.0248019695282,
0.0245277881622,
0.0248029232025,
0.0230209827423,
0.0232698917389,
0.0225079059601,
0.0227320194244,
0.0319159030914,
0.0323629379272,
0.0248789787292,
0.0251109600067,
0.0244469642639,
0.0249009132385,
0.0231759548187,
0.0234100818634,
0.0309190750122,
0.0313811302185,
0.0260770320892,
0.0262959003448,
0.0228118896484,
0.0231919288635,
0.0242321491241,
0.024530172348,
0.0286200046539,
0.0289540290833,
0.0232169628143,
0.0234949588776,
0.031919002533,
0.0321547985077,
0.0235431194305,
0.0238451957703,
0.0246450901031,
0.0249130725861,
0.0242071151733,
0.0243921279907,
0.0237929821014,
0.02419090271,
0.0687479972839,
0.0691208839417,
0.0320301055908,
0.0331110954285,
0.0231041908264,
0.0240612030029,
0.0282759666443,
0.0294971466064,
0.0293300151825,
0.0302460193634,
0.017767906189,
0.0295219421387,
0.0304811000824,
0.0306761264801,
0.0247280597687,
0.0252330303192,
0.0239109992981,
0.0241031646729,
0.0228159427643,
0.0230779647827,
0.0255351066589,
0.0258810520172,
0.0211770534515,
0.0217921733856,
0.0290369987488,
0.0304100513458,
0.0381591320038,
0.0391621589661,
0.0234830379486,
0.0250499248505,
0.0308530330658,
0.0311539173126,
0.0308599472046,
0.0311439037323,
0.0200951099396,
0.0217981338501,
0.031121969223,
0.0321979522705,
0.0322079658508,
0.032516002655,
0.0318918228149,
0.0321969985962,
0.0192809104919,
0.0195100307465,
0.030561208725,
0.0311470031738,
0.0256459712982,
0.0259969234467,
0.0282990932465,
0.0286681652069,
0.0492789745331,
0.0495691299438,
0.0264160633087,
0.0267539024353,
0.031977891922,
0.0323889255524,
0.0249259471893,
0.0253219604492,
0.0312559604645,
0.0315840244293,
0.0220940113068,
0.0223779678345,
0.0253250598907,
0.0257129669189,
0.0232639312744,
0.0236258506775,
0.0267441272736,
0.0269620418549,
0.0261368751526,
0.0263998508453,
0.0282299518585,
0.0285220146179,
0.0235989093781,
0.0240049362183,
0.0238571166992,
0.0240890979767,
0.028116941452,
0.0283558368683,
0.0270590782166,
0.027312040329,
0.0267770290375,
0.0270490646362,
0.0297639369965,
0.0301449298859,
0.0527710914612,
0.0529849529266,
0.027755022049,
0.0279469490051,
0.0334939956665,
0.0337319374084,
0.0290088653564,
0.030574798584,
0.0240662097931,
0.0268080234528,
0.0218460559845,
0.0237050056458,
0.0307838916779,
0.0323438644409,
0.034078836441,
0.0352249145508,
0.0278358459473,
0.0287909507751,
0.0284662246704,
0.0294170379639,
0.0247180461884,
0.0256679058075,
0.027074098587,
0.0287230014801,
0.036896944046,
0.0370659828186,
0.0294580459595,
0.029767036438,
0.0306539535522,
0.0309550762177,
0.027195930481,
0.0273780822754,
0.0334160327911,
0.0336909294128,
0.027596950531,
0.0279901027679,
0.0256190299988,
0.0259349346161,
0.0403289794922,
0.0406529903412,
0.0274469852448,
0.0276260375977,
0.0246839523315,
0.0249230861664,
0.0302731990814,
0.030590057373,
0.020828962326,
0.0210788249969,
0.0283260345459,
0.0287480354309,
0.0278489589691,
0.0280499458313,
0.0267159938812,
0.0271279811859,
0.0304989814758,
0.0310401916504,
0.0274839401245,
0.0278260707855,
0.0274510383606,
0.0277380943298,
0.0391499996185,
0.0396718978882,
0.0302920341492,
0.0306100845337,
0.0276730060577,
0.0284848213196,
0.0242838859558,
0.0248739719391,
0.0253520011902,
0.0259170532227,
0.0236201286316,
0.0240361690521,
0.0258681774139,
0.0260920524597,
0.0279610157013,
0.0283529758453,
0.0214540958405,
0.0217621326447,
0.023365020752,
0.0237798690796,
0.0263459682465,
0.0276639461517,
0.0252280235291,
0.0256471633911,
0.0247280597687,
0.0254721641541,
0.0309400558472,
0.031327009201,
0.0258100032806,
0.0265779495239,
0.0258300304413,
0.0269460678101,
0.0233778953552,
0.0236158370972,
0.024570941925,
0.0251369476318,
0.0258400440216,
0.0265100002289,
0.0216128826141,
0.0219058990479,
0.0251200199127,
0.0258150100708,
0.0238881111145,
0.0242750644684,
0.0229201316833,
0.0232610702515,
0.0240631103516,
0.0247621536255,
0.0339181423187,
0.0353050231934,
0.035099029541,
0.0355050563812,
0.0225429534912,
0.0227780342102,
0.0250699520111,
0.0258300304413,
0.0313138961792,
0.047043800354,
0.0288138389587,
0.0290930271149,
0.0234110355377,
0.0237090587616,
0.021008014679,
0.0212578773499,
0.029128074646,
0.0293250083923,
0.0275840759277,
0.0281641483307,
0.0257999897003,
0.0267717838287,
0.0244750976562,
0.0251109600067,
0.0227138996124,
0.0239419937134,
0.0311300754547,
0.031366109848,
0.0247149467468,
0.025130033493,
0.02672290802,
0.027135848999,
0.0246939659119,
0.0250160694122,
0.0235168933868,
0.0244998931885,
0.0347158908844,
0.0356159210205,
0.0548670291901,
0.0562200546265,
0.0349900722504,
0.0360131263733,
0.022852897644,
0.0238659381866,
0.0342409610748,
0.0352070331573,
0.0245699882507,
0.0280148983002,
0.0294001102448,
0.0306389331818,
0.0249710083008,
0.0262179374695,
0.0276100635529,
0.0283899307251,
0.0382249355316,
0.0391221046448,
0.0273320674896,
0.028792142868,
0.0377190113068,
0.0385611057281,
0.0115089416504,
0.0252778530121,
0.0431931018829,
0.0440089702606,
0.0230369567871,
0.0235879421234,
0.0289199352264,
0.0299859046936,
0.0242590904236,
0.0247509479523,
0.0265839099884,
0.0278189182281,
0.079283952713,
0.0795340538025,
0.0352251529694,
0.0354840755463,
0.0701661109924,
0.0716519355774,
0.0346269607544,
0.0349369049072,
0.0517148971558,
0.0520739555359,
0.0399630069733,
0.0403301715851,
0.102432966232,
0.103050947189,
0.0424518585205,
0.0428140163422,
0.0366270542145,
0.0375180244446,
0.0303189754486,
0.0305230617523,
0.0233540534973,
0.0241460800171,
0.025377035141,
0.0258231163025,
0.0265848636627,
0.0270118713379,
0.0337581634521,
0.0347321033478,
0.022479057312,
0.0233790874481,
0.0134589672089,
0.0309929847717,
0.0281598567963,
0.0287818908691,
0.0208919048309,
0.0211880207062,
0.0235559940338,
0.0239291191101,
0.0393691062927,
0.0407562255859,
0.026515007019,
0.027419090271,
0.0230040550232,
0.02401304245,
0.0242519378662,
0.0251297950745,
0.0276191234589,
0.0284960269928,
0.0229759216309,
0.0237278938293,
0.023745059967,
0.0239391326904,
0.020712852478,
0.0210478305817,
0.022087097168,
0.022341966629,
0.0267140865326,
0.0269889831543,
0.0225961208344,
0.0235769748688,
0.0301539897919,
0.0304050445557,
0.0298779010773,
0.0302350521088,
0.0311861038208,
0.0314500331879,
0.0370950698853,
0.0374190807343,
0.0380420684814,
0.0383501052856,
0.0285820960999,
0.028902053833,
0.0335731506348,
0.0340461730957,
0.0255169868469,
0.0259320735931,
0.0327589511871,
0.0330038070679,
0.03346991539,
0.0338768959045,
0.0281829833984,
0.0284910202026,
0.0343868732452,
0.0346169471741,
0.0368421077728,
0.0370931625366,
0.0273630619049,
0.0277109146118,
0.0307030677795,
0.0310740470886,
0.0312371253967,
0.0315539836884,
0.0219900608063,
0.0222821235657,
0.0214478969574,
0.0217020511627,
0.0284039974213,
0.028599023819,
0.0283470153809,
0.0286021232605,
0.0258021354675,
0.0261001586914,
0.0309062004089,
0.0320560932159,
0.0357999801636,
0.0368001461029,
0.026862859726,
0.0277178287506,
0.027596950531,
0.0290410518646,
0.0352649688721,
0.0376629829407,
0.027939081192,
0.0293669700623,
0.0282678604126,
0.0291979312897,
0.0411410331726,
0.0414280891418,
0.0312569141388,
0.0315880775452,
0.0299170017242,
0.0301439762115,
0.0255839824677,
0.0259430408478,
0.0213150978088,
0.0214920043945,
0.0318059921265,
0.0320200920105,
0.0312271118164,
0.0314490795135,
0.0315809249878,
0.0319318771362,
0.0232138633728,
0.0235469341278,
0.0230631828308,
0.0235559940338,
0.026636838913,
0.0268778800964,
0.0248758792877,
0.0254368782043,
0.0272161960602,
0.0276801586151,
0.0250771045685,
0.0255351066589,
0.0232429504395,
0.0235729217529,
0.032114982605,
0.0323390960693,
0.0287251472473,
0.0290470123291,
0.0228509902954,
0.0231649875641,
0.0217130184174,
0.0219411849976,
0.0249390602112,
0.0253188610077,
0.0273621082306,
0.0279970169067,
0.0291850566864,
0.0302000045776,
0.0272030830383,
0.0274078845978,
0.0314779281616,
0.0327639579773,
0.0369968414307,
0.0386657714844,
0.0264120101929,
0.0278239250183,
0.0399949550629,
0.0408310890198,
0.0257511138916,
0.0272738933563,
0.0280780792236,
0.0294470787048,
0.0295178890228,
0.0301339626312,
0.0420758724213,
0.0425360202789,
0.0308589935303,
0.0313720703125,
0.0184981822968,
0.0429940223694,
0.0226848125458,
0.0232088565826,
0.0301139354706,
0.0304410457611,
0.0330560207367,
0.0337710380554,
0.0232689380646,
0.0238950252533,
0.0252418518066,
0.0261590480804,
0.0302789211273,
0.0339369773865,
0.0410940647125,
0.0421049594879,
0.0288860797882,
0.0298612117767,
0.0377221107483,
0.0386791229248,
0.0534439086914,
0.0541789531708,
0.0613398551941,
0.0624079704285,
0.0333821773529,
0.0344531536102,
0.160934209824,
0.161820173264,
0.0566561222076,
0.0573830604553,
0.0762529373169,
0.0769789218903,
0.0474281311035,
0.048248052597,
0.0275721549988,
0.0283241271973,
0.0299639701843,
0.0309088230133,
0.0496551990509,
0.0508091449738,
0.0363478660583,
0.0372340679169,
0.0231981277466,
0.0238521099091,
0.046422958374,
0.0466809272766,
0.0353019237518,
0.0357019901276,
0.035227060318,
0.0355589389801,
0.0333099365234,
0.0335118770599,
0.024316072464,
0.0245401859283,
0.0314400196075,
0.0318410396576,
0.0302379131317,
0.0306100845337,
0.0323758125305,
0.0327298641205,
0.021518945694,
0.0217218399048,
0.0408029556274,
0.0414218902588,
0.0288500785828,
0.0292739868164,
0.0258631706238,
0.0261600017548,
0.0301020145416,
0.030445098877,
0.0217509269714,
0.0219869613647,
0.0272080898285,
0.0274548530579,
0.0322079658508,
0.0329217910767,
0.0237131118774,
0.0248000621796,
0.0348019599915,
0.0355341434479,
0.0306119918823,
0.030898809433,
0.0220801830292,
0.0226562023163,
0.0237121582031,
0.0247151851654,
0.0247859954834,
0.0250360965729,
0.0262529850006,
0.026486158371,
0.021124124527,
0.0214860439301,
0.0308527946472,
0.031082868576,
0.0238020420074,
0.0240371227264,
0.0217881202698,
0.0220520496368,
0.0231740474701,
0.0234961509705,
0.0277669429779,
0.0280480384827,
0.022647857666,
0.0230629444122,
0.0215690135956,
0.0218570232391,
0.0254948139191,
0.0259149074554,
0.0299570560455,
0.0301599502563,
0.0298540592194,
0.0303039550781,
0.0234460830688,
0.0237140655518,
0.0278880596161,
0.0281338691711,
0.0326540470123,
0.0337491035461,
0.0343070030212,
0.0350041389465,
0.0276188850403,
0.0283770561218,
0.0304110050201,
0.0313808917999,
0.0255389213562,
0.0264728069305,
0.0243899822235,
0.0248579978943,
0.028636932373,
0.0289540290833,
0.0236358642578,
0.0243940353394,
0.0269520282745,
0.0273180007935,
0.0259170532227,
0.0261750221252,
0.0251090526581,
0.0257480144501,
0.0571849346161,
0.0577569007874,
0.029403924942,
0.029825925827,
0.0285060405731,
0.0288989543915,
0.0268099308014,
0.0271339416504,
0.031975030899,
0.032506942749,
0.0250821113586,
0.0268659591675,
0.0326700210571,
0.0328531265259,
0.0242559909821,
0.024542093277,
0.0233149528503,
0.0236690044403,
0.0302419662476,
0.0308058261871,
0.0289430618286,
0.0294630527496,
0.0291697978973,
0.0294508934021,
0.0265860557556,
0.0268771648407,
0.0295920372009,
0.0304789543152,
0.0381529331207,
0.038957118988,
0.0252871513367,
0.0264852046967,
0.0327498912811,
0.0341620445251,
0.0315089225769,
0.0323550701141,
0.0332081317902,
0.0349149703979,
0.0336639881134,
0.0351409912109,
0.0386528968811,
0.0398199558258,
0.0304999351501,
0.0315899848938,
0.0330939292908,
0.0346348285675,
0.0325939655304,
0.0333080291748,
0.0301480293274,
0.0318999290466,
0.0383021831512,
0.0394330024719,
0.0411789417267,
0.0421450138092,
0.0318579673767,
0.0330958366394,
0.0397448539734,
0.0409150123596,
0.0285079479218,
0.0289959907532,
0.0318040847778,
0.0330111980438,
0.142761945724,
0.144242048264,
0.037789106369,
0.0392189025879,
0.0289487838745,
0.0296537876129,
0.0317189693451,
0.0324919223785,
0.0288248062134,
0.0299618244171,
0.01322889328,
0.0306029319763,
0.0248730182648,
0.0255670547485,
0.0311689376831,
0.0322749614716,
0.0265710353851,
0.0275981426239,
0.0297591686249,
0.0303020477295,
0.0318701267242,
0.0325021743774,
0.0367200374603,
0.0374829769135,
0.0367460250854,
0.0380311012268,
0.0227129459381,
0.0232970714569,
0.0321369171143,
0.0356478691101,
0.0294690132141,
0.0306398868561,
0.0365159511566,
0.037024974823,
0.036425113678,
0.0373539924622,
0.0327401161194,
0.0339291095734,
0.0310599803925,
0.031818151474,
0.0195589065552,
0.0205249786377,
0.041121006012,
0.0420351028442,
0.0322577953339,
0.0329067707062,
0.0151929855347,
0.0274171829224,
0.0380210876465,
0.0387420654297,
0.0219478607178,
0.0222399234772,
0.0287230014801,
0.0294470787048,
0.0251951217651,
0.0264091491699,
0.0230891704559,
0.0243871212006,
0.041405916214,
0.0416209697723,
0.0283949375153,
0.0286180973053,
0.02237200737,
0.0225958824158,
0.0284330844879,
0.028825044632,
0.0283849239349,
0.0287721157074,
0.0253779888153,
0.0256459712982,
0.0194540023804,
0.0196928977966,
0.0381209850311,
0.0386219024658,
0.0243220329285,
0.0245699882507,
0.0237457752228,
0.0239927768707,
0.0246720314026,
0.0254600048065,
0.0322558879852,
0.0358738899231,
0.0290651321411,
0.0301611423492,
0.0293290615082,
0.0296561717987,
0.0246670246124,
0.02494597435,
0.0282611846924,
0.0285680294037,
0.0313310623169,
0.0315508842468,
0.0335710048676,
0.0340008735657,
0.0323059558868,
0.0325450897217,
0.0262398719788,
0.0269949436188,
0.0407931804657,
0.041965007782,
0.0241980552673,
0.0244979858398,
0.0281939506531,
0.0286109447479,
0.026242017746,
0.0264348983765,
0.0331120491028,
0.0336439609528,
0.0263900756836,
0.026829957962,
0.0304591655731,
0.0307700634003,
0.0346620082855,
0.0348699092865,
0.0360350608826,
0.036238193512,
0.0695459842682,
0.0697550773621,
0.036721944809,
0.0370860099792,
0.0350050926208,
0.0353581905365,
0.0535337924957,
0.0539009571075,
0.0220899581909,
0.022362947464,
0.02312707901,
0.0235850811005,
0.0236279964447,
0.023854970932,
0.0283071994781,
0.0286910533905,
0.0209939479828,
0.0212390422821,
0.0221881866455,
0.0224990844727,
0.0270850658417,
0.0273599624634,
0.0318119525909,
0.0321431159973,
0.0505089759827,
0.0511529445648,
0.0643990039825,
0.0651240348816,
0.0409879684448,
0.0422160625458,
0.0262830257416,
0.0272738933563,
0.0295341014862,
0.029776096344,
0.0289978981018,
0.0294368267059,
0.0219171047211,
0.0221531391144,
0.0218191146851,
0.0219900608063,
0.0236711502075,
0.0240030288696,
0.0220928192139,
0.0225419998169,
0.02272605896,
0.023185968399,
0.0271830558777,
0.0277910232544,
0.0250799655914,
0.0258390903473,
0.0250449180603,
0.0252449512482,
0.0284340381622,
0.0286359786987,
0.022164106369,
0.0224070549011,
0.0239927768707,
0.0252068042755,
0.0248517990112,
0.0256159305573,
0.0223100185394,
0.0233809947968,
0.0244998931885,
0.0254909992218,
0.0349349975586,
0.0362870693207,
0.0256798267365,
0.0265438556671