0.027645111084
0.0278398990631
0.0279989242554
0.0281538963318
0.0283069610596
0.0309429168701
0.0316169261932
0.0321450233459
0.0327169895172
0.0332610607147
0.0253720283508
0.0266020298004
0.0274970531464
0.0281300544739
0.0284020900726
0.0238618850708
0.0240459442139
0.0242648124695
0.0245008468628
0.0247118473053
0.0284860134125
0.0290951728821
0.029666185379
0.0302820205688
0.030905008316
0.0349681377411
0.0363049507141
0.03768491745
0.0392050743103
0.0404450893402
0.033539056778
0.0348370075226
0.0365159511566
0.0372910499573
0.038036108017
0.0345258712769
0.0348768234253
0.0351288318634
0.0353989601135
0.035619020462
0.0196158885956
0.0399549007416
0.0412650108337
0.0416538715363
0.0418908596039
0.0329229831696
0.033173084259
0.0334360599518
0.0336639881134
0.0338840484619
0.0329780578613
0.0332901477814
0.0338370800018
0.0340690612793
0.0342671871185
0.026487827301
0.0267798900604
0.0270910263062
0.0273849964142
0.0276839733124
0.0257730484009
0.0260419845581
0.0263111591339
0.0265321731567
0.0267300605774
0.0239448547363
0.0243260860443
0.0246329307556
0.024808883667
0.025130033493
0.0273158550262
0.0275599956512
0.0277638435364
0.0279448032379
0.0281188488007
0.0256359577179
0.0260288715363
0.0263669490814
0.0266919136047
0.0270109176636
0.0270659923553
0.0273699760437
0.027596950531
0.0278260707855
0.0281748771667
0.0235340595245
0.0241460800171
0.024484872818
0.0249989032745
0.0254199504852
0.0346229076385
0.0354459285736
0.036260843277
0.0368309020996
0.0374419689178
0.0249300003052
0.0253090858459
0.0257251262665
0.0261659622192
0.0265159606934
0.0297999382019
0.0300798416138
0.0304298400879
0.0306839942932
0.030905008316
0.0278360843658
0.0281641483307
0.0284781455994
0.0287871360779
0.029109954834
0.0333349704742
0.034008026123
0.0346260070801
0.0359089374542
0.0367519855499
0.0271179676056
0.0274028778076
0.0276570320129
0.0279719829559
0.0282499790192
0.0259799957275
0.0262038707733
0.026407957077
0.0265989303589
0.0267717838287
0.0272789001465
0.0275230407715
0.0278398990631
0.0281898975372
0.0284841060638
0.0235130786896
0.0237078666687
0.0239949226379
0.0242929458618
0.0245199203491
0.0271010398865
0.027811050415
0.0284008979797
0.0290780067444
0.0298070907593
0.028990983963
0.0292019844055
0.0293769836426
0.0295369625092
0.0296959877014
0.0330040454865
0.0331900119781
0.0333569049835
0.0335319042206
0.0336859226227
0.0233261585236
0.0238161087036
0.0242841243744
0.024581193924
0.0248529911041
0.0315639972687
0.0319409370422
0.032280921936
0.0327689647675
0.033175945282
0.0306141376495
0.0315961837769
0.0327541828156
0.0333352088928
0.03422498703
0.0321960449219
0.0332930088043
0.034560918808
0.0353729724884
0.0368270874023
0.0316400527954
0.0326988697052
0.0335550308228
0.034530878067
0.0354239940643
0.0378139019012
0.0380737781525
0.0384449958801
0.0388298034668
0.039048910141
0.023225069046
0.0239160060883
0.0244920253754
0.0248501300812
0.0255880355835
0.0352301597595
0.0362069606781
0.0372159481049
0.038015127182
0.0389430522919
0.028028011322
0.0289030075073
0.0297238826752
0.0314168930054
0.0324239730835
0.0306780338287
0.0317778587341
0.0329329967499
0.0337569713593
0.034688949585
0.0255098342896
0.0270140171051
0.0281958580017
0.0296609401703
0.0306570529938
0.0302200317383
0.0308289527893
0.0313739776611
0.0319349765778
0.0324771404266
0.0343608856201
0.0351779460907
0.0365488529205
0.0374269485474
0.0381009578705
0.0285639762878
0.0296530723572
0.030396938324
0.0307970046997
0.0310990810394
0.0292921066284
0.0295541286469
0.0297610759735
0.0300409793854
0.0302431583405
0.0258841514587
0.0269901752472
0.0284521579742
0.0298261642456
0.0317411422729
0.0344820022583
0.0368440151215
0.0380082130432
0.0392801761627
0.0403900146484
0.0417580604553
0.0420410633087
0.0423579216003
0.042829990387
0.0433340072632
0.0330591201782
0.0332880020142
0.0334470272064
0.033627986908
0.0339870452881
0.0477778911591
0.0489029884338
0.050066947937
0.0503258705139
0.0505349636078
0.0542020797729
0.054722070694
0.0550849437714
0.0557699203491
0.0564498901367
0.0316669940948
0.0318779945374
0.0322570800781
0.0326511859894
0.037308216095
0.049309015274
0.0498979091644
0.0501990318298
0.05047082901
0.0511679649353
0.0233352184296
0.023736000061
0.024108171463
0.024444103241
0.0248260498047
0.0280768871307
0.0283358097076
0.0285658836365
0.0287477970123
0.0289158821106
0.0271627902985
0.0274739265442
0.0277419090271
0.0281357765198
0.0283749103546
0.0292270183563
0.0316979885101
0.0325410366058
0.0331530570984
0.0341329574585
0.0314428806305
0.032252073288
0.0329229831696
0.0336010456085
0.0343968868256
0.0372729301453
0.0375158786774
0.0376958847046
0.0379099845886
0.0380938053131
0.0517010688782
0.0523209571838
0.0529279708862
0.0535221099854
0.0544769763947
0.0334680080414
0.0337610244751
0.0339381694794
0.0341210365295
0.0347671508789
0.0521111488342
0.053102016449
0.0544691085815
0.0553970336914
0.0599172115326
0.0332748889923
0.0334839820862
0.0337288379669
0.0339248180389
0.0341749191284
0.0235209465027
0.0242240428925
0.0249350070953
0.0257411003113
0.0261099338531
0.0371580123901
0.0378820896149
0.038526058197
0.0391821861267
0.040057182312
0.0322248935699
0.032684803009
0.0329909324646
0.033282995224
0.0335519313812
0.0361130237579
0.0370049476624
0.0384240150452
0.0408680438995
0.0428109169006
0.0438439846039
0.0445079803467
0.0452358722687
0.0458669662476
0.0464918613434
0.0286421775818
0.0296251773834
0.0303800106049
0.0311939716339
0.0319809913635
0.0447580814362
0.0457150936127
0.046550989151
0.0473351478577
0.0481150150299
0.0592288970947
0.0600848197937
0.0607450008392
0.0612809658051
0.0618088245392
0.0303270816803
0.0315189361572
0.0325820446014
0.033506155014
0.0372290611267
0.0293641090393
0.0300960540771
0.0305089950562
0.0310130119324
0.0313611030579
0.0274569988251
0.0277681350708
0.0280821323395
0.028342962265
0.0285050868988
0.0368430614471
0.0376360416412
0.0382499694824
0.0384981632233
0.0387251377106
0.0405430793762
0.0407621860504
0.0411341190338
0.0415241718292
0.0417101383209
0.0256540775299
0.0269141197205
0.0279030799866
0.0285661220551
0.02903008461
0.0341138839722
0.0344438552856
0.0347208976746
0.0349149703979
0.0350940227509
0.0536091327667
0.0539350509644
0.0543301105499
0.0551002025604
0.0556449890137
0.0240118503571
0.0242519378662
0.0244858264923
0.0299229621887
0.0302670001984
0.0543420314789
0.0547640323639
0.055123090744
0.0554909706116
0.0558969974518
0.041051864624
0.042093038559
0.0455529689789
0.0462460517883
0.0468549728394
0.0340411663055
0.0357000827789
0.0369470119476
0.0376501083374
0.0390040874481
0.0307621955872
0.0312950611115
0.0320889949799
0.0326731204987
0.0333390235901
0.0356500148773
0.036288022995
0.0367710590363
0.0375518798828
0.0381059646606
0.0432031154633
0.0444450378418
0.045184135437
0.0461919307709
0.0475280284882
0.0332708358765
0.0334758758545
0.0336949825287
0.0338869094849
0.0340709686279
0.0274131298065
0.0276470184326
0.027853012085
0.0280420780182
0.0282249450684
0.042032957077
0.0422909259796
0.0425219535828
0.0427708625793
0.0429799556732
0.0311930179596
0.0314800739288
0.0317559242249
0.0320680141449
0.0322840213776
0.0406150817871
0.0411448478699
0.0418210029602
0.0420968532562
0.0423040390015
0.0346460342407
0.0349280834198
0.0351250171661
0.0354421138763
0.0364670753479
0.0382051467896
0.0384359359741
0.0386271476746
0.0388009548187
0.0389919281006
0.03595495224
0.0361731052399
0.0363590717316
0.0367791652679
0.0370790958405
0.0256359577179
0.0258469581604
0.0260331630707
0.0262100696564
0.0264639854431
0.0360429286957
0.0365109443665
0.0397229194641
0.0400319099426
0.040806055069
0.0321087837219
0.0324878692627
0.0330128669739
0.0334479808807
0.0337209701538
0.0323138237
0.0325689315796
0.0327949523926
0.0330379009247
0.0332069396973
0.0389809608459
0.0393397808075
0.0397880077362
0.0400488376617
0.0405240058899
0.0342469215393
0.0350699424744
0.0359079837799
0.0371079444885
0.0382790565491
0.031093120575
0.0313799381256
0.0315821170807
0.0318830013275
0.0322279930115
0.0266969203949
0.0275628566742
0.0278468132019
0.0280678272247
0.0282719135284
0.0414800643921
0.0416691303253
0.0418310165405
0.0419991016388
0.0421590805054
0.0315570831299
0.0321741104126
0.0330650806427
0.0333340167999
0.0376439094543
0.0334060192108
0.0341429710388
0.0348491668701
0.035628080368
0.0364060401917
0.0317211151123
0.0326209068298
0.0338380336761
0.0352718830109
0.0363190174103
0.0324971675873
0.0326631069183
0.0328171253204
0.0329689979553
0.0331180095673
0.0216040611267
0.0219130516052
0.0221700668335
0.0224170684814
0.0226020812988
0.0344848632812
0.0352070331573
0.0359449386597
0.0366718769073
0.0373928546906
0.0399770736694
0.0410668849945
0.0422990322113
0.043478012085
0.0447130203247
0.0330181121826
0.0333170890808
0.0335350036621
0.0340731143951
0.0343019962311
0.047376871109
0.0476720333099
0.0478758811951
0.0484368801117
0.0486660003662
0.0441172122955
0.0445730686188
0.0449230670929
0.0451400279999
0.0453150272369
0.0360579490662
0.03639793396
0.0367109775543
0.0372159481049
0.0374090671539
0.0348169803619
0.0368278026581
0.0389358997345
0.0394108295441
0.0398409366608
0.0271689891815
0.0276660919189
0.0283000469208
0.0287499427795
0.0293560028076
0.0331509113312
0.0343608856201
0.0349688529968
0.0354340076447
0.0360369682312
0.0276639461517
0.0283160209656
0.029100894928
0.0296618938446
0.0303978919983
0.0274620056152
0.0282459259033
0.0289859771729
0.0296039581299
0.0298709869385
0.0380120277405
0.038969039917
0.0399858951569
0.0409779548645
0.0420010089874
0.0341460704803
0.0343410968781
0.0345020294189
0.0346581935883
0.0348470211029
0.0254898071289
0.025899887085
0.0260848999023
0.0263149738312
0.0264899730682
0.0297231674194
0.0299229621887
0.0302259922028
0.0304441452026
0.0306360721588
0.0610959529877
0.0618779659271
0.0623009204865
0.0627031326294
0.0631310939789
0.037425994873
0.0383820533752
0.0393869876862
0.0401301383972
0.0410130023956
0.0211021900177
0.0217859745026
0.022469997406
0.0232009887695
0.0241761207581
0.025918006897
0.0271141529083
0.0283560752869
0.0295550823212
0.0312039852142
0.0282909870148
0.0298631191254
0.0309231281281
0.0341939926147
0.0353720188141
0.0365409851074
0.0375959873199
0.0387170314789
0.039803981781
0.0405120849609
0.034982919693
0.0359010696411
0.0367050170898
0.03746509552
0.0382640361786
0.0449640750885
0.0457119941711
0.0466070175171
0.0473349094391
0.048721075058
0.0400688648224
0.0403769016266
0.0406169891357
0.0413410663605
0.0419058799744
0.0402410030365
0.0404329299927
0.0406179428101
0.0407989025116
0.0410530567169
0.128772974014
0.129256010056
0.130390882492
0.130960941315
0.131688833237
0.0370891094208
0.0377988815308
0.0383400917053
0.0390379428864
0.039577960968
0.0358691215515
0.0362741947174
0.0364711284637
0.0366752147675
0.0369040966034
0.0378339290619
0.0380671024323
0.0382790565491
0.0384449958801
0.0386099815369
0.0618710517883
0.0623741149902
0.0627911090851
0.0635030269623
0.0639190673828
0.0510010719299
0.0518300533295
0.0525059700012
0.053181886673
0.0539798736572
0.0212697982788
0.0214920043945
0.0216867923737
0.0219049453735
0.0221028327942
0.0418839454651
0.0425510406494
0.0431020259857
0.043662071228
0.0443730354309
0.0321979522705
0.0325009822845
0.032811164856
0.033135175705
0.0333750247955
0.0531711578369
0.053827047348
0.054032087326
0.0542020797729
0.0543961524963
0.0348789691925
0.0357038974762
0.0361270904541
0.0365779399872
0.0373258590698
0.0262200832367
0.0265009403229
0.026731967926
0.0269210338593
0.0270979404449
0.0229949951172
0.0232131481171
0.0233750343323
0.0235440731049
0.0237050056458
0.0287601947784
0.0289611816406
0.0291271209717
0.0293262004852
0.0294830799103
0.0236070156097
0.0237939357758
0.0240368843079
0.0241940021515
0.0244128704071
0.0425610542297
0.0428738594055
0.043200969696
0.0436699390411
0.0442628860474
0.0333681106567
0.0339250564575
0.0344619750977
0.0351531505585
0.0358669757843
0.0382759571075
0.0392179489136
0.0400640964508
0.0408990383148
0.0418000221252
0.0230820178986
0.0242440700531
0.0252950191498
0.0265879631042
0.0278429985046
0.029079914093
0.0292639732361
0.0294749736786
0.0296640396118
0.0298418998718
0.0342140197754
0.0345239639282
0.034912109375
0.0352249145508
0.03595495224
0.0245339870453
0.0248770713806
0.0252211093903
0.0255711078644
0.0259051322937
0.0313568115234
0.0315399169922
0.0316889286041
0.0318429470062
0.0319948196411
0.0287120342255
0.0289371013641
0.0291261672974
0.0293180942535
0.0295071601868
0.0276811122894
0.0281660556793
0.0284600257874
0.0286409854889
0.0288550853729
0.0258769989014
0.0261700153351
0.0263779163361
0.0265669822693
0.026752948761
0.0225141048431
0.0227270126343
0.0229001045227
0.023068189621
0.0232260227203
0.0224199295044
0.0227098464966
0.0230557918549
0.0233809947968
0.0237197875977
0.0307769775391
0.0310778617859
0.0314648151398
0.0316388607025
0.0318648815155
0.0293378829956
0.0296709537506
0.0298628807068
0.0300319194794
0.0305559635162
0.0254409313202
0.0257239341736
0.0259130001068
0.0260698795319
0.0271120071411
0.031925201416
0.0321412086487
0.0322930812836
0.0324420928955
0.0325911045074
0.0266239643097
0.0268120765686
0.0269711017609
0.0271229743958
0.0272860527039
0.0240449905396
0.0244219303131
0.0250158309937
0.0259687900543
0.0298738479614
0.024482011795
0.0246710777283
0.0248310565948
0.0252721309662
0.0266239643097
0.0297319889069
0.0300300121307
0.0303540229797
0.0307881832123
0.0311319828033
0.0313980579376
0.032124042511
0.0333299636841
0.0339550971985
0.0345151424408
0.0481588840485
0.0486998558044
0.0493648052216
0.0501668453217
0.0512948036194
0.0333321094513
0.0337269306183
0.0339510440826
0.0341899394989
0.0345799922943
0.0247368812561
0.0258839130402
0.0267508029938
0.028265953064
0.0321178436279
0.0253250598907
0.0256021022797
0.0257890224457
0.0261449813843
0.0263969898224
0.0221748352051
0.0225310325623
0.0228760242462
0.0232288837433
0.0235748291016
0.023875951767
0.0241680145264
0.0245089530945
0.0248320102692
0.025141954422
0.0273339748383
0.0275731086731
0.0278379917145
0.0280420780182
0.0282020568848
0.0283560752869
0.0289080142975
0.0293600559235
0.0296580791473
0.0299100875854
0.026969909668
0.0281398296356
0.0293769836426
0.0301649570465
0.0308768749237
0.0276391506195
0.0279901027679
0.0283491611481
0.0287280082703
0.029009103775
0.0308439731598
0.0315051078796
0.0319859981537
0.0325520038605
0.0328290462494
0.0290319919586
0.0302340984344
0.0314559936523
0.0320320129395
0.0330879688263
0.0366990566254
0.037896156311
0.0393171310425
0.040009021759
0.0407590866089
0.0377669334412
0.0388460159302
0.0401039123535
0.041307926178
0.0421390533447
0.0440480709076
0.0443561077118
0.044606924057
0.0448391437531
0.0450220108032
0.0562851428986
0.0567870140076
0.0571000576019
0.0584969520569
0.0591280460358
0.0596418380737
0.0603199005127
0.0607490539551
0.0613529682159
0.0620110034943
0.034600019455
0.0351378917694
0.0354590415955
0.0357129573822
0.0359139442444
0.0355830192566
0.0358550548553
0.0361070632935
0.0363659858704
0.0366251468658
0.0605988502502
0.0619080066681
0.0631668567657
0.0640280246735
0.0648889541626
0.0296669006348
0.031035900116
0.0320470333099
0.0327730178833
0.033509016037
0.0281369686127
0.0293650627136
0.0307328701019
0.0319910049438
0.0389518737793
0.0294620990753
0.0307440757751
0.031681060791
0.033185005188
0.0341081619263
0.0425109863281
0.0435750484467
0.0441360473633
0.0448560714722
0.0458750724792
0.0361618995667
0.036777973175
0.037348985672
0.0379090309143
0.0381488800049
0.0189960002899
0.0193769931793
0.0196931362152
0.0199999809265
0.0203030109406
0.0251960754395
0.0255041122437
0.0260241031647
0.0267531871796
0.0275189876556
0.0424590110779
0.0426840782166
0.042976140976
0.0431480407715
0.0433149337769
0.0256149768829
0.0258719921112
0.0260329246521
0.0261890888214
0.0263369083405
0.0353829860687
0.0355658531189
0.0357959270477
0.0359778404236
0.0361359119415
0.0304498672485
0.0307018756866
0.030925989151
0.0311160087585
0.0312879085541
0.0275220870972
0.0281360149384
0.0288190841675
0.0293490886688
0.0299150943756
0.024405002594
0.0246360301971
0.024847984314
0.0250871181488
0.0253140926361
0.0293550491333
0.0299611091614
0.0305759906769
0.0311779975891
0.0321052074432
0.0259349346161
0.0265848636627
0.0271058082581
0.027804851532
0.0284149646759
0.0468471050262
0.0472650527954
0.0476310253143
0.0481100082397
0.0485060214996
0.0454020500183
0.0457510948181
0.0460860729218
0.0464820861816
0.0467641353607
0.0356240272522
0.0359539985657
0.0362617969513
0.0365629196167
0.0368828773499
0.0351920127869
0.0354270935059
0.0357151031494
0.035884141922
0.0361580848694
0.0349359512329
0.0353379249573
0.0356929302216
0.0360069274902
0.0362720489502
0.0282480716705
0.0290420055389
0.0300970077515
0.0312061309814
0.0323259830475
0.0233089923859
0.0239901542664
0.0248780250549
0.0258100032806
0.0267350673676
0.0243000984192
0.0249919891357
0.0256249904633
0.0263020992279
0.0268790721893
0.038614988327
0.0389709472656
0.0395309925079
0.0402359962463
0.0409607887268
0.0281879901886
0.0283689498901
0.0285201072693
0.0286619663239
0.0288150310516
0.0251970291138
0.0255630016327
0.0258300304413
0.0260219573975
0.0262160301208
0.0263471603394
0.0266909599304
0.0269911289215
0.0272960662842
0.0277450084686
0.0277998447418
0.0279819965363
0.0281629562378
0.028312921524
0.0284659862518
0.0284271240234
0.0286061763763
0.0287661552429
0.0289289951324
0.0290961265564
0.027999162674
0.0283601284027
0.0285489559174
0.0288469791412
0.0297830104828
0.0326111316681
0.0333781242371
0.0342650413513
0.0350840091705
0.0360629558563
0.042857170105
0.0442290306091
0.0459110736847
0.0473539829254
0.0482070446014
0.0284099578857
0.0293660163879
0.0301580429077
0.0315170288086
0.0324490070343
0.0557081699371
0.0572481155396
0.0586750507355
0.0600030422211
0.0609240531921
0.0491309165955
0.0493049621582
0.0494589805603
0.0496158599854
0.0497708320618
0.029205083847
0.0294680595398
0.0296280384064
0.0297789573669
0.0299229621887
0.0207660198212
0.0212361812592
0.0216541290283
0.0220470428467
0.0224380493164
0.0265228748322
0.0267159938812
0.0269079208374
0.0270760059357
0.0272488594055
0.0305161476135
0.0307171344757
0.0308640003204
0.0310502052307
0.0312190055847
0.0245800018311
0.0248720645905
0.0251839160919
0.0255229473114
0.0258750915527
0.0278289318085
0.0280838012695
0.0283579826355
0.0285828113556
0.0287828445435
0.017783164978
0.0300049781799
0.0302159786224
0.0303909778595
0.0306031703949
0.0225780010223
0.0229818820953
0.0232357978821
0.0235748291016
0.0238299369812
0.0281820297241
0.0284831523895
0.0287930965424
0.0290892124176
0.0293869972229
0.0511050224304
0.0514061450958
0.0517151355743
0.0518970489502
0.0520679950714
0.02570104599
0.0259330272675
0.0262069702148
0.0264799594879
0.0267910957336
0.0330300331116
0.0334119796753
0.0337929725647
0.0341761112213
0.034451007843
0.0476961135864
0.047954082489
0.048189163208
0.04842710495
0.0486772060394
0.025584936142
0.025820016861
0.0259828567505
0.0261330604553
0.0263118743896
0.0276350975037
0.0278420448303
0.0280621051788
0.0282301902771
0.028391122818
0.111306905746
0.112215995789
0.112554073334
0.113311052322
0.114450931549
0.0283207893372
0.0284910202026
0.028657913208
0.028904914856
0.0290718078613
0.0288009643555
0.0297439098358
0.0308527946472
0.0319268703461
0.033439874649
0.0331809520721
0.0341489315033
0.0350170135498
0.0359449386597
0.0371899604797
0.0374181270599
0.0388569831848
0.0401711463928
0.0416960716248
0.0428791046143
0.0292189121246
0.0305299758911
0.0316600799561
0.0326979160309
0.034019947052
0.0407590866089
0.0416240692139
0.0427761077881
0.0442371368408
0.0453991889954
0.0346179008484
0.0352849960327
0.036700963974
0.0380110740662
0.0389618873596
0.0340559482574
0.0349948406219
0.0361049175262
0.0410900115967
0.0427618026733
0.0311172008514
0.0325632095337
0.0332682132721
0.0365281105042
0.0375301837921
0.0286209583282
0.029326915741
0.0300500392914
0.0306990146637
0.031683921814
0.0306549072266
0.0310249328613
0.0315220355988
0.0318129062653
0.0320830345154
0.0275559425354
0.0278789997101
0.0281190872192
0.0284330844879
0.0288109779358
0.0261158943176
0.026468038559
0.0267450809479
0.0270760059357
0.0275928974152
0.0257790088654
0.0266258716583
0.0275678634644
0.0281820297241
0.029000043869
0.0252559185028
0.0259139537811
0.0265951156616
0.0272569656372
0.0278279781342
0.0321180820465
0.0332579612732
0.0341079235077
0.0351409912109
0.0361289978027
0.0294499397278
0.0297410488129
0.0300099849701
0.0302710533142
0.0305540561676
0.0275869369507
0.030534029007
0.0308918952942
0.0314509868622
0.0321228504181
0.040687084198
0.0448741912842
0.0460650920868
0.0473890304565
0.048495054245
0.0257248878479
0.0266890525818
0.0278029441833
0.0285949707031
0.0289919376373
0.0266439914703
0.0270211696625
0.0275061130524
0.027969121933
0.0284299850464
0.0287170410156
0.0290670394897
0.0297758579254
0.0303978919983
0.0307059288025
0.0307068824768
0.0309419631958
0.0316498279572
0.0328228473663
0.0339078903198
0.0268239974976
0.0275499820709
0.0283319950104
0.029060125351
0.0356850624084
0.0319881439209
0.032830953598
0.0344760417938
0.0359411239624
0.0376279354095
0.0314970016479
0.0327990055084
0.0339710712433
0.0351641178131
0.0361521244049
0.0302059650421
0.030797958374
0.0315358638763
0.0322349071503
0.0328698158264
0.031907081604
0.0324940681458
0.0336179733276
0.0344519615173
0.0353181362152
0.0330011844635
0.0342650413513
0.035441160202
0.041442155838
0.0422451496124
0.0317399501801
0.033182144165
0.0344390869141
0.0356979370117
0.0370409488678
0.039498090744
0.0407240390778
0.0442781448364
0.0450320243835
0.04567694664
0.0344040393829
0.0357160568237
0.0372610092163
0.0387270450592
0.0400221347809
0.0261030197144
0.0274901390076
0.0286870002747
0.0362350940704
0.0373740196228
0.0293200016022
0.0294888019562
0.0297088623047
0.0298638343811
0.0300359725952
0.0262720584869
0.0265140533447
0.0267519950867
0.0270049571991
0.0273189544678
0.0261690616608
0.0263569355011
0.026526927948
0.0266919136047
0.0272288322449
0.0242168903351
0.025298833847
0.0261418819427
0.0270178318024
0.0279769897461
0.0287301540375
0.0297989845276
0.0307331085205
0.0315160751343
0.0352339744568
0.0347208976746
0.0349390506744
0.0352239608765
0.0354340076447
0.035835981369
0.0261540412903
0.026673078537
0.0277018547058
0.0286309719086
0.0290820598602
0.0291090011597
0.0297448635101
0.0307168960571
0.0317029953003
0.0325078964233
0.0315170288086
0.0332119464874
0.0342810153961
0.0389089584351
0.040344953537
0.032684803009
0.0338768959045
0.0348968505859
0.0358238220215
0.0366218090057
0.0269529819489
0.0279450416565
0.0287301540375
0.0294790267944
0.0329101085663
0.0312159061432
0.0321679115295
0.0345199108124
0.0363059043884
0.0378549098969
0.0289218425751
0.0300168991089
0.0309658050537
0.0320198535919
0.0330758094788
0.0296609401703
0.0305268764496
0.0312190055847
0.0319299697876
0.0326528549194
0.030837059021
0.0311560630798
0.0315010547638
0.0317859649658
0.0320580005646
0.0284252166748
0.0289580821991
0.0292601585388
0.029883146286
0.0306220054626
0.0643630027771
0.0647928714752
0.0650849342346
0.0654230117798
0.0657138824463
0.0337610244751
0.0339632034302
0.0341360569
0.0343132019043
0.0344860553741
0.0447199344635
0.0449130535126
0.0450720787048
0.04523396492
0.045392036438
0.044960975647
0.046089887619
0.0471549034119
0.0482399463654
0.0494699478149
0.0433011054993
0.0440890789032
0.0448470115662
0.0454790592194
0.046147108078
0.0344550609589
0.0358741283417
0.0373589992523
0.0439670085907
0.0450940132141
0.0411310195923
0.0422329902649
0.0435049533844
0.0444350242615
0.0451049804688
0.0368309020996
0.0379810333252
0.038852930069
0.0396299362183
0.0403468608856
0.0382089614868
0.0390331745148
0.0398509502411
0.0412261486053
0.0420310497284
0.0357351303101
0.0367980003357
0.0389950275421
0.0428309440613
0.0438079833984
0.0322790145874
0.033262014389
0.0344240665436
0.0352499485016
0.0367329120636
0.0347540378571
0.0349941253662
0.0354290008545
0.0363030433655
0.0370030403137
0.0303959846497
0.0306689739227
0.0310020446777
0.0313279628754
0.0316560268402
0.0236549377441
0.0239269733429
0.0241918563843
0.0244338512421
0.0246138572693
0.0256898403168
0.0259368419647
0.0261468887329
0.026330947876
0.0266559123993
0.0289700031281
0.029247045517
0.0294299125671
0.0298070907593
0.0300490856171
0.026269197464
0.0266351699829
0.0268440246582
0.0270349979401
0.02721118927
0.0318598747253
0.032378911972
0.0332939624786
0.0338540077209
0.0346138477325
0.0261480808258
0.0268030166626
0.0272920131683
0.028352022171
0.0290050506592
0.0314960479736
0.0322909355164
0.0327229499817
0.0331308841705
0.0336768627167
0.0245881080627
0.025367975235
0.0258510112762
0.0266320705414
0.0270969867706
0.0277698040009
0.0279579162598
0.0281369686127
0.0283269882202
0.0286858081818
0.0237810611725
0.0242819786072
0.0246980190277
0.0250959396362
0.0253601074219
0.0284349918365
0.028666973114
0.0288679599762
0.0290520191193
0.0292270183563
0.0289869308472
0.0291910171509
0.0293729305267
0.029550075531
0.0297000408173
0.0285651683807
0.0294871330261
0.0297570228577
0.030070066452
0.0303030014038
0.0288360118866
0.0290400981903
0.029196023941
0.0294809341431
0.0300719738007
0.0417029857635
0.0419199466705
0.0423431396484
0.0431411266327
0.0437650680542
0.0295689105988
0.0298910140991
0.0301809310913
0.0305328369141
0.0308158397675
0.0492789745331
0.0499138832092
0.0505259037018
0.0510358810425
0.0517981052399
0.0379328727722
0.0388779640198
0.0393900871277
0.0399439334869
0.0404689311981
0.0329430103302
0.0336430072784
0.0341730117798
0.0346720218658
0.0351500511169
0.0322279930115
0.032940864563
0.0336010456085
0.0343940258026
0.0348610877991
0.0344150066376
0.0347130298615
0.0351929664612
0.0360929965973
0.0364279747009
0.0366938114166
0.0372269153595
0.0384228229523
0.039449930191
0.0399208068848
0.0350821018219
0.0358800888062
0.0366299152374
0.0370800495148
0.0375039577484
0.036777973175
0.0374031066895
0.0381450653076
0.0386860370636
0.0395781993866
0.0403079986572
0.0413458347321
0.0448188781738
0.0458688735962
0.0466089248657
0.0298261642456
0.030632019043
0.0314781665802
0.032341003418
0.0333590507507
0.0334599018097
0.0343630313873
0.0354189872742
0.0366430282593
0.0375530719757
0.0351710319519
0.0353798866272
0.0355558395386
0.0357339382172
0.0359380245209
0.0259718894958
0.0261898040771
0.0263848304749
0.0265538692474
0.0267179012299
0.0247249603271
0.0250389575958
0.0253939628601
0.0256979465485
0.0260150432587
0.0273079872131
0.0276749134064
0.0280249118805
0.0283670425415
0.0286810398102
0.0278849601746
0.0282330513
0.0284640789032
0.0286750793457
0.028902053833
0.0277400016785
0.0280530452728
0.0283620357513
0.0286569595337
0.0290250778198
0.0711801052094
0.072014093399
0.0728321075439
0.0736911296844
0.0743010044098
0.0285248756409
0.0295748710632
0.0307309627533
0.0316970348358
0.0331518650055
0.027930021286
0.0282061100006
0.0284039974213
0.0285880565643
0.0288169384003
0.0266659259796
0.0268659591675
0.0270328521729
0.027195930481
0.0277650356293
0.0212850570679
0.0214710235596
0.0216341018677
0.021800994873
0.0219640731812
0.0264201164246
0.027055978775
0.0277481079102
0.0282709598541
0.028825044632
0.0213658809662
0.021625995636
0.021833896637
0.0220468044281
0.0222358703613
0.0288028717041
0.0289809703827
0.0291440486908
0.0293049812317
0.0294659137726
0.0281670093536
0.0283749103546
0.0285670757294
0.0287499427795
0.0289340019226
0.021959066391
0.0222151279449
0.0224239826202
0.0227379798889
0.0229811668396
0.0221560001373
0.023097038269
0.0240631103516
0.0245759487152
0.0253748893738
0.0477130413055
0.0486660003662
0.0497488975525
0.0507140159607
0.0514969825745
0.0229609012604
0.0231728553772
0.023344039917
0.0235748291016
0.0237329006195
0.0299730300903
0.0302531719208
0.0305321216583
0.0308661460876
0.0311272144318
0.0299599170685
0.0302188396454
0.0304369926453
0.0306289196014
0.0308420658112
0.0286149978638
0.0298500061035
0.0318820476532
0.0331571102142
0.034716129303
0.0248100757599
0.0249710083008
0.0251171588898
0.0252661705017
0.0254120826721
0.0288560390472
0.0290961265564
0.0293159484863
0.0296130180359
0.0301129817963
0.0583031177521
0.0589070320129
0.0598149299622
0.0605010986328
0.0613520145416
0.0408179759979
0.0417640209198
0.0449328422546
0.0461578369141
0.0469529628754
0.0375850200653
0.0383961200714
0.0392301082611
0.040027141571
0.0411140918732
0.0310571193695
0.0337929725647
0.0368299484253
0.0378489494324
0.0389199256897
0.0242221355438
0.0249471664429
0.0255601406097
0.0262379646301
0.0272920131683
0.0316779613495
0.0333869457245
0.0343339443207
0.0358600616455
0.0367350578308
0.0269258022308
0.0278708934784
0.0291049480438
0.0303328037262
0.0313370227814
0.0319039821625
0.0324749946594
0.0371809005737
0.0386729240417
0.0400638580322
0.0248739719391
0.0250849723816
0.0252420902252
0.0253949165344
0.0255830287933
0.0276100635529
0.0278060436249
0.0279741287231
0.0281240940094
0.0282781124115
0.0216310024261
0.0218489170074
0.0220289230347
0.0222949981689
0.0224840641022
0.0251979827881
0.025622844696
0.0260169506073
0.0263910293579
0.0267589092255
0.0287528038025
0.0292148590088
0.0296080112457
0.0297908782959
0.0299499034882
0.0237829685211
0.0240018367767
0.024199962616
0.024600982666
0.0249888896942
0.0258989334106
0.0261950492859
0.0264050960541
0.0265951156616
0.0267961025238
0.0317709445953
0.0323920249939
0.0328068733215
0.0332579612732
0.0339629650116
0.0340731143951
0.0344491004944
0.0348629951477
0.0351870059967
0.0356321334839
0.0304789543152
0.0312919616699
0.0316469669342
0.031888961792
0.0320749282837
0.045490026474
0.0463840961456
0.0473539829254
0.0478401184082
0.0484929084778
0.048299074173
0.0492310523987
0.0498580932617
0.051677942276
0.0522990226746
0.0433518886566
0.0440878868103
0.0450007915497
0.0460247993469
0.0474457740784
0.0180099010468
0.0182628631592
0.0309188365936
0.0311369895935
0.0313279628754
0.0278630256653
0.0280799865723
0.0282669067383
0.028568983078
0.0287668704987
0.0242309570312
0.0244319438934
0.0246450901031
0.0248260498047
0.0249929428101
0.0265381336212
0.0271470546722
0.0278739929199
0.0285902023315
0.0296270847321
0.0442349910736
0.0450780391693
0.046117067337
0.0471601486206
0.0480749607086
0.0387561321259
0.0390541553497
0.0403301715851
0.0415370464325
0.0427281856537
0.0304808616638
0.031683921814
0.0327618122101
0.0342829227448
0.0352997779846
0.0301439762115
0.0311141014099
0.0322811603546
0.0331041812897
0.0342471599579
0.0404560565948
0.0408320426941
0.0412790775299
0.0416171550751
0.0419521331787
0.026300907135
0.0265488624573
0.0268979072571
0.0271990299225
0.0275819301605
0.0341861248016
0.0347490310669
0.0350639820099
0.0353639125824
0.0356929302216
0.0333640575409
0.0337131023407
0.0341060161591
0.0344052314758
0.0346441268921
0.0267958641052
0.0270268917084
0.0271949768066
0.0274250507355
0.0276448726654
0.0218780040741
0.0221819877625
0.0224771499634
0.0227789878845
0.0230729579926
0.0250549316406
0.0252869129181
0.0255029201508
0.0257098674774
0.0259578227997
0.046844959259
0.0477941036224
0.0501110553741
0.0538799762726
0.0550320148468
0.0484158992767
0.049546957016
0.0503289699554
0.0511078834534
0.0520868301392
0.0631258487701
0.0637249946594
0.0643458366394
0.0649919509888
0.0655620098114
0.0437598228455
0.0439908504486
0.0441699028015
0.0444059371948
0.0454549789429
0.0328989028931
0.0332598686218
0.0338799953461
0.0345430374146
0.0352220535278
0.0318250656128
0.0322380065918
0.032674074173
0.0330920219421
0.0335600376129
0.0302839279175
0.0308239459991
0.0310189723969
0.031455039978
0.0316479206085
0.0288288593292
0.0298678874969
0.0307250022888
0.0310537815094
0.0318307876587
0.0494480133057
0.049703836441
0.0500199794769
0.0502548217773
0.0504829883575
0.0372660160065
0.0375030040741
0.0377850532532
0.0381031036377
0.0382969379425
0.0303490161896
0.0307021141052
0.0309631824493
0.0314400196075
0.0317230224609
0.0425498485565
0.0428199768066
0.0433158874512
0.0439088344574
0.0445640087128
0.0302169322968
0.0304939746857
0.030925989151
0.0311579704285
0.0313520431519
0.0506827831268
0.0520129203796
0.0529019832611
0.0536630153656
0.0545008182526
0.0264081954956
0.0276501178741
0.0285530090332
0.029687166214
0.0314381122589
0.037878036499
0.0381200313568
0.0383670330048
0.0398252010345
0.0400750637054
0.0281479358673
0.0284340381622
0.0286519527435
0.0288441181183
0.0290369987488
0.0264840126038
0.0274469852448
0.0280840396881
0.0290360450745
0.0302269458771
0.0341408252716
0.0350489616394
0.0357918739319
0.0366008281708
0.0392038822174
0.040687084198
0.0422520637512
0.0428171157837
0.0431749820709
0.0434350967407
0.0223271846771
0.0225591659546
0.0227720737457
0.0229640007019
0.0231611728668
0.0307838916779
0.031152009964
0.0339789390564
0.034970998764
0.035707950592
0.0712280273438
0.0714712142944
0.0717082023621
0.0719730854034
0.0795071125031
0.079638004303
0.080757856369
0.0815558433533
0.0825319290161
0.0832738876343
0.0326840877533
0.033684015274
0.0349161624908
0.0359930992126
0.0370950698853
0.0301549434662
0.0312008857727
0.0321960449219
0.0333099365234
0.0342969894409
0.0314681529999
0.0323231220245
0.0332980155945
0.034205198288
0.0349390506744
0.0388641357422
0.0395350456238
0.0402460098267
0.0446531772614
0.0457711219788
0.0492689609528
0.0502150058746
0.0512158870697
0.0516939163208
0.0525348186493
0.0447218418121
0.0453119277954
0.0460338592529
0.0467710494995
0.0472819805145
0.0345511436462
0.0356440544128
0.0366580486298
0.0377061367035
0.0386881828308
0.032644033432
0.0335650444031
0.0339961051941
0.0344789028168
0.035355091095
0.0311920642853
0.0317029953003
0.0322329998016
0.032732963562
0.0334579944611
0.0308349132538
0.031751871109
0.032546043396
0.0329668521881
0.0337660312653
0.0256140232086
0.0264708995819
0.0270159244537
0.0278780460358
0.02885389328
0.0265209674835
0.0275559425354
0.0285279750824
0.0295450687408
0.0305409431458
0.033106803894
0.0334539413452
0.0338327884674
0.0340538024902
0.0342528820038
0.0266160964966
0.0269191265106
0.0273001194
0.0276639461517
0.0280261039734
0.029764175415
0.030100107193
0.0304431915283
0.0307459831238
0.0310730934143
0.0329730510712
0.0331869125366
0.033371925354
0.0335459709167
0.033707857132
0.0226008892059
0.0228779315948
0.0232179164886
0.0237109661102
0.0240159034729
0.0352368354797
0.0354409217834
0.0356259346008
0.0358018875122
0.0359599590302
0.0377600193024
0.03866314888
0.0392580032349
0.0399692058563
0.040796995163
0.026211977005
0.0264720916748
0.0266590118408
0.0269401073456
0.0272271633148
0.0292520523071
0.0295541286469
0.0299310684204
0.0302259922028
0.0305070877075
0.0259020328522
0.0260789394379
0.0262749195099
0.0264739990234
0.0266408920288
0.0217678546906
0.0219378471375
0.0220899581909
0.0222380161285
0.0223858356476
0.0312008857727
0.0325338840485
0.033362865448
0.034481048584
0.0354838371277
0.0363380908966
0.037581205368
0.0388820171356
0.0401840209961
0.041454076767
0.046422958374
0.047632932663
0.0485360622406
0.0497770309448
0.0510149002075
0.0307819843292
0.0321490764618
0.0335190296173
0.03457903862
0.0355131626129
0.0336811542511
0.0345711708069
0.0353322029114
0.0408260822296
0.0420241355896
0.0408301353455
0.0417611598969
0.0425119400024
0.0431399345398
0.043741941452
0.0273509025574
0.0281639099121
0.0288109779358
0.0295128822327
0.0301809310913
0.0314490795135
0.0324099063873
0.0333399772644
0.0340728759766
0.0348289012909
0.0294961929321
0.0296840667725
0.0298671722412
0.0301389694214
0.0303580760956
0.0232429504395
0.0234470367432
0.0236630439758
0.0239410400391
0.0241119861603
0.0292851924896
0.0295221805573
0.0297131538391
0.0298821926117
0.0300459861755
0.0279538631439
0.0282227993011
0.0284748077393
0.028972864151
0.0297939777374
0.0344591140747
0.0351212024689
0.0356380939484
0.0363290309906
0.0374100208282
0.0352208614349
0.037211894989
0.0392220020294
0.0407128334045
0.0418479442596
0.036346912384
0.0371098518372
0.0378458499908
0.0389518737793
0.0402669906616
0.0367069244385
0.0378818511963
0.0387630462646
0.039479970932
0.0402019023895
0.032341003418
0.033145904541
0.0338449478149
0.0345630645752
0.0354399681091
0.0342261791229
0.0352990627289
0.0362441539764
0.0372140407562
0.0381832122803
0.045756816864
0.0470869541168
0.0485520362854
0.0499939918518
0.0514998435974
0.0374510288239
0.0389189720154
0.0401599407196
0.046550989151
0.0477089881897
0.0337378978729
0.0354309082031
0.0364909172058
0.0374958515167
0.0384039878845
0.0436820983887
0.0446269512177
0.0455350875854
0.0464849472046
0.0475869178772
0.0397272109985
0.041079044342
0.0423080921173
0.0436971187592
0.045107126236
0.0374670028687
0.0384311676025
0.039715051651
0.0406401157379
0.0417029857635
0.0370490550995
0.038104057312
0.0391581058502
0.0407161712646
0.0457980632782
0.0425519943237
0.0434079170227
0.0446491241455
0.0460319519043
0.0473489761353
0.0370841026306
0.0386219024658
0.0402820110321
0.0417509078979
0.0428590774536
0.0285701751709
0.0293841362
0.0301229953766
0.0342481136322
0.0354471206665
0.0338318347931
0.0347328186035
0.0354809761047
0.0362198352814
0.036878824234
0.0148661136627
0.0281269550323
0.0302591323853
0.0315570831299
0.0323901176453
0.0257480144501
0.0261299610138
0.0264949798584
0.0270481109619
0.0273909568787
0.0314009189606
0.0316140651703
0.0317850112915
0.0320520401001
0.032329082489
0.0350937843323
0.0353899002075
0.0359039306641
0.0364849567413
0.0370128154755
0.0360279083252
0.0368299484253
0.0375230312347
0.0385019779205
0.0396399497986
0.0307040214539
0.0314929485321
0.0324418544769
0.0334630012512
0.034619808197
0.0318930149078
0.0329549312592
0.0339300632477
0.0349390506744
0.0358078479767
0.0313069820404
0.0329539775848
0.0348238945007
0.0362589359283
0.0376648902893
0.0340921878815
0.0355010032654
0.0369870662689
0.0383260250092
0.0394330024719
0.0321710109711
0.0323960781097
0.0325841903687
0.0329041481018
0.0335650444031
0.0291800498962
0.0295162200928
0.0299320220947
0.0304231643677
0.0308611392975
0.0344319343567
0.0355889797211
0.0369379520416
0.0378501415253
0.0389149188995
0.0324609279633
0.0333120822906
0.034040927887
0.03511095047
0.035984992981
0.0382239818573
0.0392091274261
0.0403950214386
0.0415000915527
0.0426199436188
0.0342690944672
0.0354311466217
0.0364511013031
0.0375859737396
0.0384819507599
0.0378108024597
0.0389919281006
0.0401120185852
0.0412168502808
0.0431079864502
0.0370171070099
0.0380439758301
0.0391421318054
0.0449600219727
0.0458421707153
0.031672000885
0.0328969955444
0.0338699817657
0.0393130779266
0.0407371520996
0.0559649467468
0.0569598674774
0.0577719211578
0.0585939884186
0.0593218803406
0.0403900146484
0.0409669876099
0.0416119098663
0.0424430370331
0.0433919429779
0.0261199474335
0.0264449119568
0.0267739295959
0.0270888805389
0.0274090766907
0.0275208950043
0.0277349948883
0.02792096138
0.0280959606171
0.028254032135
0.0268440246582
0.0271520614624
0.0273699760437
0.0275959968567
0.027804851532
0.0337021350861
0.0343811511993
0.0351669788361
0.0358409881592
0.0422351360321
0.0357999801636
0.036022901535
0.0362060070038
0.0363948345184
0.0365958213806
0.0263020992279
0.0267610549927
0.0276901721954
0.0291359424591
0.0337460041046
0.037887096405
0.0390739440918
0.0403809547424
0.0414869785309
0.0426249504089
0.0325088500977
0.0334339141846
0.0345637798309
0.0357098579407
0.0369927883148
0.0366401672363
0.0374360084534
0.0382750034332
0.03901720047
0.0398042201996
0.0392110347748
0.0408179759979
0.0419509410858
0.0431931018829
0.0440800189972
0.0347368717194
0.034903049469
0.0350549221039
0.0352108478546
0.0353639125824
0.0315721035004
0.0318050384521
0.0320000648499
0.0321891307831
0.0323600769043
0.0277240276337
0.0279262065887
0.0281112194061
0.028284072876
0.0284481048584
0.0261869430542
0.0265691280365
0.0270600318909
0.0273549556732
0.0277011394501
0.0354740619659
0.0357940196991
0.0361151695251
0.0363199710846
0.0366451740265
0.02263712883
0.0230560302734
0.0234351158142
0.0238029956818
0.0244281291962
0.0298550128937
0.0301320552826
0.0303659439087
0.0305891036987
0.0309069156647
0.0374810695648
0.0377571582794
0.0380110740662
0.0382690429688
0.0386211872101
0.0326480865479
0.0330851078033
0.033271074295
0.0334501266479
0.033851146698
0.0389378070831
0.0396099090576
0.0402038097382
0.0408709049225
0.0415108203888
0.0240080356598
0.024808883667
0.0256009101868
0.026419878006
0.0273449420929
0.025995016098
0.0268788337708
0.027704000473
0.0286419391632
0.0295770168304
0.0303299427032
0.031485080719
0.0323839187622
0.0333321094513
0.0398828983307
0.0335681438446
0.0349609851837
0.0357329845428
0.0366311073303
0.0379431247711
0.0389750003815
0.041011095047
0.0422391891479
0.0437190532684
0.044762134552
0.0242512226105
0.0252292156219
0.0263781547546
0.0272641181946
0.0280561447144
0.028706073761
0.0303220748901
0.0320451259613
0.0328769683838
0.0335960388184
0.0354819297791
0.0373950004578
0.0387449264526
0.0401659011841
0.0417149066925
0.0398848056793
0.04106092453
0.0420279502869
0.0428328514099
0.0435869693756
0.0338270664215
0.0340440273285
0.0342319011688
0.0346660614014
0.0349140167236
0.0430228710175
0.0437250137329
0.0439329147339
0.0441188812256
0.0466709136963
0.0320949554443
0.0322999954224
0.0325899124146
0.0328240394592
0.0330328941345
0.0279901027679
0.0282101631165
0.0287270545959
0.0293490886688
0.0297491550446
0.0326969623566
0.033077955246
0.0333569049835
0.0337181091309
0.0340950489044
0.026566028595
0.0271570682526
0.0276210308075
0.0283019542694
0.0285868644714
0.042916059494
0.043573141098
0.044417142868
0.0453491210938
0.0462529659271
0.0388479232788
0.0400860309601
0.0449929237366
0.0463480949402
0.0477159023285
0.0285358428955
0.0290749073029
0.0295329093933
0.0301530361176
0.0304019451141
0.0307829380035
0.031534910202
0.0321660041809
0.0329430103302
0.0338249206543
0.0240640640259
0.0243039131165
0.024512052536
0.0246958732605
0.0248758792877
0.0307931900024
0.0309770107269
0.0311360359192
0.0312871932983
0.0315341949463
0.0307369232178
0.0310490131378
0.0312719345093
0.0317289829254
0.0319938659668
0.0222709178925
0.0227119922638
0.0229818820953
0.0233418941498
0.0236279964447
0.025750875473
0.0260288715363
0.0262579917908
0.0265030860901
0.0267128944397
0.0312478542328
0.0323238372803
0.0338518619537
0.0348410606384
0.0359659194946
0.0258281230927
0.0261001586914
0.0263450145721
0.0265970230103
0.0269041061401
0.0257110595703
0.0259699821472
0.0261850357056
0.0263900756836
0.0265929698944
0.0228960514069
0.023316860199
0.0236749649048
0.0239989757538
0.0243139266968
0.0302670001984
0.030590057373
0.0308980941772
0.0311720371246
0.0313880443573
0.031240940094
0.0315029621124
0.0317471027374
0.0319740772247
0.0321731567383
0.0250549316406
0.0253839492798
0.0256500244141
0.0259039402008
0.0261678695679
0.0322799682617
0.0324969291687
0.032744884491
0.0329058170319
0.0330607891083
0.0392708778381
0.0395379066467
0.0398848056793
0.0400609970093
0.0402200222015
0.0352921485901
0.0355069637299
0.0356891155243
0.0358519554138
0.0360240936279
0.0305171012878
0.0307312011719
0.0309200286865
0.0310900211334
0.0312540531158
0.026340007782
0.026538848877
0.0267169475555
0.0268828868866
0.0270440578461
0.0259299278259
0.0266799926758
0.027067899704
0.0275089740753
0.0278608798981
0.0319011211395
0.0322389602661
0.0325360298157
0.0328359603882
0.0332260131836
0.0454440116882
0.0457458496094
0.0459778308868
0.046187877655
0.0472388267517
0.0196030139923
0.0202610492706
0.0208339691162
0.0213940143585
0.0219540596008
0.0292959213257
0.0300590991974
0.0309529304504
0.0317459106445
0.0325379371643
0.0313329696655
0.0321590900421
0.0328829288483
0.0336089134216
0.0341360569
0.0295491218567
0.030403137207
0.0311291217804
0.0321049690247
0.0328450202942
0.0300250053406
0.0308198928833
0.0318179130554
0.0325479507446
0.0332679748535
0.0339121818542
0.034380197525
0.0352280139923
0.0358340740204
0.0364570617676
0.0248172283173
0.0251262187958
0.025404214859
0.025671005249
0.0259130001068
0.0367000102997
0.0371129512787
0.0377428531647
0.038006067276
0.0382099151611
0.0341699123383
0.0348618030548
0.0354928970337
0.0370349884033
0.0382888317108
0.0340719223022
0.0342769622803
0.0344998836517
0.034677028656
0.0350208282471
0.0262379646301
0.0264201164246
0.0265860557556
0.0267491340637
0.0269041061401
0.0369560718536
0.0371379852295
0.0373389720917
0.0374970436096
0.0376451015472
0.0293829441071
0.0297060012817
0.0299088954926
0.0302858352661
0.0313789844513
0.023010969162
0.0233471393585
0.0235500335693
0.0237741470337
0.0249149799347
0.0243718624115
0.0253448486328
0.0260648727417
0.0265400409698
0.0272889137268
0.0386419296265
0.0388510227203
0.0390269756317
0.039186000824
0.039332151413
0.0306618213654
0.0318839550018
0.0328090190887
0.0343539714813
0.0358710289001
0.0292098522186
0.0294268131256
0.0296869277954
0.0298569202423
0.0300099849701
0.0286641120911
0.0294802188873
0.0304760932922
0.0308232307434
0.03142619133
0.0341489315033
0.0354909896851
0.0369701385498
0.0387499332428
0.0399119853973
0.0328729152679
0.0338578224182
0.0344669818878
0.0349948406219
0.0355498790741
0.0307838916779
0.0312638282776
0.031672000885
0.0321428775787
0.0323989391327
0.0339999198914
0.035041809082
0.0363249778748
0.0379619598389
0.0398030281067
0.0263481140137
0.0265460014343
0.0268249511719
0.0270049571991
0.0271680355072
0.0291550159454
0.0294761657715
0.0299210548401
0.0303480625153
0.0308351516724
0.0315220355988
0.0327830314636
0.0336780548096
0.0344650745392
0.0353870391846
0.0402541160583
0.0410511493683
0.0417191982269
0.0423741340637
0.0430262088776
0.0299680233002
0.0306439399719
0.031308889389
0.0319428443909
0.0325529575348
0.0256588459015
0.0263228416443
0.0269207954407
0.0275769233704
0.0282669067383
0.0290448665619
0.0297830104828
0.0306458473206
0.0314660072327
0.0321910381317
0.0275268554688
0.0282089710236
0.0288109779358
0.0295798778534
0.0302419662476
0.0425760746002
0.0435352325439
0.0445711612701
0.0454621315002
0.0462691783905
0.0324370861053
0.0336401462555
0.0346910953522
0.0357990264893
0.0368721485138
0.0359890460968
0.0368721485138
0.0377650260925
0.0386462211609
0.0395510196686
0.0337820053101
0.0348391532898
0.0357429981232
0.0365550518036
0.037348985672
0.0274729728699
0.0284128189087
0.0291759967804
0.0300939083099
0.0311608314514
0.0336120128632
0.0348589420319
0.0362210273743
0.0374979972839
0.0390141010284
0.0312581062317
0.0314462184906
0.0316081047058
0.0317931175232
0.0319480895996
0.036926984787
0.0371539592743
0.0373368263245
0.037505865097
0.0376689434052
0.030797958374
0.0310690402985
0.0312988758087
0.0314779281616
0.0316400527954
0.0343010425568
0.0346240997314
0.0349462032318
0.0352799892426
0.0356121063232
0.0405180454254
0.0407259464264
0.0410161018372
0.0412850379944
0.0415489673615
0.0283079147339
0.0285739898682
0.0289378166199
0.0292129516602
0.0295009613037
0.0223219394684
0.0225298404694
0.0226809978485
0.0228478908539
0.0246870517731
0.0320069789886
0.0321869850159
0.0323708057404
0.0325729846954
0.0327839851379
0.0264360904694
0.0275862216949
0.0286161899567
0.029571056366
0.0307331085205
0.0389750003815
0.0392408370972
0.0396089553833
0.0400128364563
0.0403668880463
0.034499168396
0.0355219841003
0.0358481407166
0.0364871025085
0.0376269817352
0.0300831794739
0.0309410095215
0.0316622257233
0.0323240756989
0.0329530239105
0.0324790477753
0.0335230827332
0.0344421863556
0.0357401371002
0.0368871688843
0.023148059845
0.0240368843079
0.0247929096222
0.0255539417267
0.0263049602509
0.0321691036224
0.0330629348755
0.0338251590729
0.0346901416779
0.0354480743408
0.0307650566101
0.0315818786621
0.0322320461273
0.0328118801117
0.033401966095
0.0232260227203
0.0245490074158
0.0255200862885
0.0266950130463
0.0278599262238
0.0242199897766
0.0263848304749
0.0333340167999
0.0354268550873
0.0380918979645
0.0239810943604
0.0243270397186
0.0247271060944
0.0250968933105
0.0252890586853
0.031179189682
0.0314021110535
0.0315930843353
0.0317749977112
0.0321400165558
0.0262989997864
0.0265688896179
0.0269029140472
0.0272438526154
0.0275518894196
0.0262720584869
0.0265531539917
0.0268981456757
0.0271000862122
0.0273180007935
0.0328891277313
0.0331959724426
0.0335030555725
0.033753156662
0.0341920852661
0.0436918735504
0.0440838336945
0.0444610118866
0.0446629524231
0.0448958873749
0.0378739833832
0.0380609035492
0.0382239818573
0.0383880138397
0.0386390686035
0.027615070343
0.0286889076233
0.0302340984344
0.0312728881836
0.032203912735
0.0278961658478
0.0281450748444
0.0284440517426
0.0286471843719
0.0289480686188
0.0262999534607
0.0267059803009
0.0270919799805
0.0274159908295
0.0280330181122
0.0313291549683
0.0316390991211
0.0318820476532
0.0321090221405
0.0323281288147
0.0225918292999
0.0230247974396
0.0234098434448
0.0235970020294
0.0237679481506
0.0276391506195
0.0285379886627
0.0294849872589
0.0308611392975
0.0322840213776
0.0379979610443
0.0381960868835
0.0383810997009
0.0385489463806
0.0387320518494
0.0368721485138
0.0378181934357
0.0388910770416
0.0399870872498
0.0411100387573
0.0317449569702
0.0327680110931
0.0340328216553
0.0346648693085
0.0352468490601
0.0655889511108
0.0661089420319
0.0665581226349
0.0668370723724
0.0670559406281
0.0416948795319
0.0419409275055
0.042515039444
0.0433928966522
0.0443830490112
0.044251203537
0.0453360080719
0.0465919971466
0.047226190567
0.0479969978333
0.0348620414734
0.0351850986481
0.0353901386261
0.0355770587921
0.035737991333
0.0145070552826
0.0146989822388
0.0258920192719
0.0261471271515
0.0263659954071
0.0366530418396
0.0369629859924
0.0372080802917
0.0374720096588
0.038106918335
0.0281147956848
0.0286738872528
0.0292999744415
0.0298039913177
0.0313019752502
0.0323119163513
0.0335400104523
0.034688949585
0.035717010498
0.0366489887238
0.0333340167999
0.0340781211853
0.0348999500275
0.0356140136719
0.0364971160889
0.0310971736908
0.0326550006866
0.0338699817657
0.0352621078491
0.0364081859589
0.0401439666748
0.0418620109558
0.0429301261902
0.0482831001282
0.0494019985199
0.0361261367798
0.0369379520416
0.0376799106598
0.0384500026703
0.0392329692841
0.0447130203247
0.0458800792694
0.0471959114075
0.0483300685883
0.0494539737701
0.040107011795
0.0416610240936
0.0430541038513
0.0443599224091
0.0457000732422
0.032655954361
0.0343689918518
0.0359280109406
0.0376808643341
0.0388789176941
0.0326759815216
0.0333449840546
0.0340731143951
0.0347809791565
0.0354340076447
0.0395250320435
0.0449130535126
0.0460519790649
0.0471529960632
0.0479559898376
0.0262269973755
0.0269529819489
0.027676820755
0.0284569263458
0.029237985611
0.0287730693817
0.0296459197998
0.0309059619904
0.0319640636444
0.0332200527191
0.0257210731506
0.0264570713043
0.0271110534668
0.0277481079102
0.0286490917206
0.033362865448
0.0339608192444
0.034481048584
0.0349998474121
0.0415899753571
0.0233750343323
0.0235800743103
0.02397108078
0.0244479179382
0.0246920585632
0.0283710956573
0.0285739898682
0.0287239551544
0.0290570259094
0.0292370319366
0.0355479717255
0.0357730388641
0.0359830856323
0.0362401008606
0.0364329814911
0.0410921573639
0.041403055191
0.0416340827942
0.0418479442596
0.0421860218048
0.0331990718842
0.0339272022247
0.0346851348877
0.0354812145233
0.0365281105042
0.0279829502106
0.0282108783722
0.0283949375153
0.0285968780518
0.0293638706207
0.0323400497437
0.0335218906403
0.0345299243927
0.035658121109
0.0375509262085
0.0269360542297
0.0278141498566
0.0286471843719
0.0295560359955
0.0305550098419
0.0245368480682
0.0258088111877
0.0271899700165
0.0284140110016
0.0295388698578
0.0431830883026
0.0441720485687
0.0450971126556
0.0464780330658
0.0473461151123
0.0429410934448
0.0440521240234
0.0450370311737
0.0460350513458
0.046991109848
0.0329990386963
0.0340690612793
0.0355939865112
0.0367381572723
0.037623167038
0.0352199077606
0.0365879535675
0.0378928184509
0.0393068790436
0.0450959205627
0.035609960556
0.0368359088898
0.0381829738617
0.0389850139618
0.03972697258
0.0358538627625
0.0368149280548
0.0376048088074
0.038341999054
0.039256811142
0.0429229736328
0.0436720848083
0.044291973114
0.0448889732361
0.0454750061035
0.0363409519196
0.0370919704437
0.0377869606018
0.0384318828583
0.039069890976
0.0259408950806
0.0267028808594
0.0274219512939
0.0280640125275
0.0287809371948
0.0280528068542
0.028312921524
0.0285727977753
0.0288989543915
0.0297548770905
0.0247402191162
0.0250232219696
0.0252251625061
0.0254130363464
0.0255861282349
0.0268030166626
0.0270760059357
0.0276989936829
0.0295858383179
0.0338258743286
0.0389440059662
0.0397601127625
0.0405910015106
0.0415551662445
0.0423212051392
0.0232441425323
0.0234391689301
0.0236151218414
0.0237979888916
0.0242171287537
0.0267429351807
0.0281488895416
0.0297198295593
0.0309438705444
0.0320699214935
0.0304839611053
0.0318129062653
0.0332889556885
0.0351049900055
0.0364317893982
0.0368731021881
0.0377149581909
0.0385739803314
0.0397350788116
0.0408430099487
0.0329291820526
0.0338051319122
0.0345811843872
0.0352370738983
0.0359129905701
0.031592130661
0.032702922821
0.0342271327972
0.0353541374207
0.0362801551819
0.035444021225
0.0361239910126
0.0368819236755
0.0376579761505
0.0384240150452
0.0287110805511
0.0296609401703
0.0301940441132
0.0311179161072
0.0321550369263
0.0312621593475
0.0321819782257
0.0329110622406
0.0337190628052
0.0342831611633
0.0282011032104
0.0294370651245
0.0307669639587
0.0317449569702
0.0327091217041
0.0339710712433
0.0346801280975
0.0353009700775
0.0358109474182
0.0363450050354
0.0407841205597
0.0416090488434
0.0426321029663
0.0435450077057
0.0447611808777
0.0298089981079
0.0300629138947
0.0302839279175
0.0304968357086
0.0307109355927
0.0270810127258
0.0277500152588
0.0284099578857
0.0291149616241
0.0297620296478
0.0254619121552
0.0262529850006
0.0269298553467
0.02756690979
0.0280969142914
0.0311498641968
0.0313808917999
0.0315630435944
0.0317380428314
0.0319249629974
0.02210688591
0.0223870277405
0.0226318836212
0.0228629112244
0.0232708454132
0.0298089981079
0.030091047287
0.0303120613098
0.0305171012878
0.0307002067566
0.0253369808197
0.0255599021912
0.0257530212402
0.0259368419647
0.0261089801788
0.0412590503693
0.041540145874
0.0419421195984
0.0423510074615
0.0430099964142
0.0328869819641
0.0338568687439
0.0346128940582
0.0354239940643
0.0363318920135
0.0325698852539
0.0335710048676
0.0344569683075
0.0354218482971
0.0363399982452
0.0271100997925
0.0273039340973
0.0274801254272
0.0276539325714
0.0278210639954
0.0219128131866
0.022127866745
0.022314786911
0.0224919319153
0.0226759910583
0.0292680263519
0.0295219421387
0.0297338962555
0.0299189090729
0.0300958156586
0.0320529937744
0.0331749916077
0.0341460704803
0.035108089447
0.0402591228485
0.0353519916534
0.0364248752594
0.0371189117432
0.0379328727722
0.0386779308319
0.0360169410706
0.0374879837036
0.0387539863586
0.0400469303131
0.041393995285
0.0377810001373
0.0385551452637
0.0391969680786
0.0400240421295
0.0407679080963
0.0296700000763
0.0302550792694
0.0314371585846
0.0318360328674
0.0320501327515
0.0281958580017
0.0290338993073
0.0299279689789
0.0303530693054
0.03058385849
0.0330281257629
0.0337550640106
0.0342309474945
0.0354859828949
0.0362660884857
0.040764093399
0.0410079956055
0.0412631034851
0.0414509773254
0.0416660308838
0.0329239368439
0.0331199169159
0.0334649085999
0.0338430404663
0.0342688560486
0.0301749706268
0.0313699245453
0.0324540138245
0.0335910320282
0.034600019455
0.0296339988708
0.0298171043396
0.0299739837646
0.0301320552826
0.0302970409393
0.0226910114288
0.0234169960022
0.024078130722
0.0246920585632
0.0254731178284
0.0291810035706
0.0295989513397
0.0299940109253
0.0303959846497
0.0308439731598
0.0323379039764
0.0327019691467
0.033029794693
0.0332939624786
0.0335419178009
0.0281779766083
0.0288169384003
0.0298857688904
0.0309188365936
0.0313739776611
0.0269610881805
0.0280790328979
0.0287730693817
0.0295910835266
0.0304510593414
0.0362548828125
0.0366389751434
0.0369958877563
0.037358045578
0.0378038883209
0.0279009342194
0.0283110141754
0.0285999774933
0.0289418697357
0.0292949676514
0.0267550945282
0.0271420478821
0.0274660587311
0.0276861190796
0.0278899669647
0.0265951156616
0.0272259712219
0.0275809764862
0.0278930664062
0.0286018848419
0.0351660251617
0.0353469848633
0.0355160236359
0.0356750488281
0.0358369350433
0.0247900485992
0.0250639915466
0.025356054306
0.0255351066589
0.0257608890533
0.0252931118011
0.0255360603333
0.0257811546326
0.0260331630707
0.0264160633087
0.0287141799927
0.0290050506592
0.0293691158295
0.029736995697
0.0299530029297
0.0296349525452
0.0300309658051
0.0305089950562
0.0313358306885
0.0323119163513
0.027419090271
0.0282158851624
0.0289390087128
0.0297179222107
0.0304040908813
0.0301969051361
0.031938791275
0.0335869789124
0.0351738929749
0.0366368293762
0.0296828746796
0.030580997467
0.0314588546753
0.0327098369598
0.0334570407867
0.0272409915924
0.0279710292816
0.0286350250244
0.029284954071
0.0302200317383
0.032201051712
0.0334489345551
0.034364938736
0.0353100299835
0.0361199378967
0.0327670574188
0.0330190658569
0.033271074295
0.0334649085999
0.0336871147156
0.022588968277
0.0229649543762
0.0231988430023
0.0234169960022
0.0238468647003
0.0303900241852
0.030739068985
0.0310530662537
0.0313520431519
0.0316479206085
0.0265288352966
0.0267648696899
0.0269680023193
0.0272119045258
0.0275068283081
0.025997877121
0.0263450145721
0.0271849632263
0.0284078121185
0.0295829772949
0.0340180397034
0.0351140499115
0.0361959934235
0.0369658470154
0.0382220745087
0.040491104126
0.0407860279083
0.0410239696503
0.0415830612183
0.0424699783325
0.0395529270172
0.0397708415985
0.0400078296661
0.0401740074158
0.0403549671173
0.0286309719086
0.0289258956909
0.0292448997498
0.0294969081879
0.0297889709473
0.0299179553986
0.0302250385284
0.0307970046997
0.0316760540009
0.0324769020081
0.0370819568634
0.0387270450592
0.0401849746704
0.0415589809418
0.0428559780121
0.0324318408966
0.0333139896393
0.0345640182495
0.0358839035034
0.037092924118
0.0335240364075
0.033716917038
0.0338788032532
0.034040927887
0.0341989994049
0.0393550395966
0.0397770404816
0.0404140949249
0.0409429073334
0.0412809848785
0.0268578529358
0.0276620388031
0.0280389785767
0.0284550189972
0.0290598869324
0.0226590633392
0.0241949558258
0.0252661705017
0.0274450778961
0.0283269882202
0.034343957901
0.0351068973541
0.0363879203796
0.0369238853455
0.0376667976379
0.0276188850403
0.0280549526215
0.0288589000702
0.030100107193
0.0311059951782
0.0314118862152
0.032341003418
0.0332479476929
0.0348339080811
0.0364518165588
0.0232601165771
0.0242400169373
0.0250461101532
0.025689125061
0.0263381004333
0.026752948761
0.0275259017944
0.0283510684967
0.0290389060974
0.029620885849
0.0363159179688
0.0370020866394
0.0378830432892
0.0387721061707
0.0396800041199
0.0373759269714
0.0381209850311
0.0388178825378
0.03968501091
0.0406050682068
0.0232830047607
0.0234839916229
0.0236551761627
0.0238170623779
0.023980140686
0.0297930240631
0.0300679206848
0.0302710533142
0.0304529666901
0.0308001041412
0.0288531780243
0.029139995575
0.0293371677399
0.0295000076294
0.0296521186829
0.026113986969
0.0269978046417
0.0280919075012
0.0289750099182
0.0292649269104
0.0323710441589
0.0335140228271
0.0343701839447
0.0351259708405
0.0363540649414
0.0411651134491
0.0421380996704
0.042906999588
0.0436060428619
0.0442759990692
0.0330400466919
0.0334451198578
0.0338242053986
0.0342020988464
0.0344221591949
0.0317571163177
0.0320129394531
0.0321989059448
0.0323629379272
0.0327520370483
0.0329110622406
0.0345089435577
0.0353779792786
0.0360388755798
0.0368220806122
0.0325450897217
0.0337650775909
0.040776014328
0.0422110557556
0.0435860157013
0.0275349617004
0.0278260707855
0.0284810066223
0.0294940471649
0.0308709144592
0.0396828651428
0.0402178764343
0.0406019687653
0.0409939289093
0.0433719158173
0.0361242294312
0.0368390083313
0.0375020503998
0.0382602214813
0.0390131473541
0.0314409732819
0.0325989723206
0.0336661338806
0.0346910953522
0.0355920791626
0.025230884552
0.0259890556335
0.026792049408
0.0278830528259
0.0289499759674
0.0363609790802
0.0371260643005
0.0380790233612
0.0389380455017
0.0397751331329
0.0336000919342
0.0342700481415
0.0345799922943
0.0350592136383
0.0355181694031
0.0337960720062
0.0343039035797
0.0348379611969
0.0352599620819
0.0356569290161
0.035346031189
0.0358891487122
0.0368030071259
0.0374641418457
0.0379350185394
0.0385830402374
0.0391421318054
0.0432379245758
0.0441269874573
0.0448830127716
0.0390679836273
0.0393271446228
0.0395641326904
0.0398399829865
0.0400471687317
0.0268511772156
0.027074098587
0.0272710323334
0.0274529457092
0.0276191234589
0.0276961326599
0.0280170440674
0.0282139778137
0.0284020900726
0.0286250114441
0.0237729549408
0.02406001091
0.0242760181427
0.024482011795
0.0246851444244
0.0256719589233
0.0259208679199
0.0261559486389
0.0263319015503
0.0267050266266
0.0242869853973
0.0246748924255
0.0254809856415
0.0265119075775
0.0276370048523
0.023540019989
0.0240180492401
0.0246529579163
0.0256948471069
0.0266890525818
0.0374908447266
0.0377340316772
0.0379109382629
0.038094997406
0.038516998291
0.0277109146118
0.0278928279877
0.0281138420105
0.0283207893372
0.0285258293152
0.0240609645844
0.0254230499268
0.026309967041
0.0307328701019
0.0314888954163
0.0301389694214
0.0312168598175
0.0324227809906
0.0333659648895
0.034551858902
0.0288798809052
0.0297288894653
0.0304720401764
0.0314099788666
0.0327019691467
0.0283691883087
0.029205083847
0.029983997345
0.0307869911194
0.03160405159
0.0248520374298
0.0256221294403
0.0263390541077
0.027015209198
0.0277800559998
0.0318720340729
0.0328171253204
0.0335791110992
0.0342509746552
0.0349140167236
0.0304081439972
0.0337870121002
0.034686088562
0.0356299877167
0.0369300842285
0.0407710075378
0.0415599346161
0.0427949428558
0.0488691329956
0.0500841140747
0.0341489315033
0.0353848934174
0.0365970134735
0.0378959178925
0.0391750335693
0.028795003891
0.0298240184784
0.0306589603424
0.0317618846893
0.0326340198517
0.0335400104523
0.0342040061951
0.0348129272461
0.0355818271637
0.0366208553314
0.024876832962
0.0254127979279
0.0262157917023
0.0268158912659
0.044294834137
0.0481860637665
0.0486528873444
0.0490798950195
0.0493900775909
0.0497119426727
0.0222461223602
0.0225470066071
0.0228419303894
0.0231709480286
0.023460149765
0.0627250671387
0.0629410743713
0.0631160736084
0.0632719993591
0.0634281635284
0.0238399505615
0.0240747928619
0.0242879390717
0.024482011795
0.0246758460999
0.0321760177612
0.0324110984802
0.0326430797577
0.032870054245
0.0330529212952
0.0259079933167
0.0261490345001
0.0263779163361
0.0266079902649
0.0268170833588
0.0262989997864
0.0266389846802
0.0268440246582
0.0272459983826
0.0288410186768
0.0290908813477
0.0293228626251
0.0295288562775
0.0297050476074
0.0299029350281
0.0261859893799
0.0264918804169
0.0268030166626
0.0271048545837
0.0274178981781
0.0333638191223
0.0335810184479
0.0337629318237
0.034029006958
0.0355298519135
0.0284359455109
0.0286688804626
0.028862953186
0.0290589332581
0.0292420387268
0.0285041332245
0.0289220809937
0.0298030376434
0.0303630828857
0.0312070846558
0.0316090583801
0.0326411724091
0.0339200496674
0.0356440544128
0.0366790294647
0.0270619392395
0.0277891159058
0.0283849239349
0.029060125351
0.0295770168304
0.0371360778809
0.0382301807404
0.0391402244568
0.040167093277
0.0410301685333
0.030266046524
0.030905008316
0.0317831039429
0.03280210495
0.0336470603943
0.0244419574738
0.0252859592438
0.025985956192
0.026652097702
0.0273230075836
0.0281369686127
0.0290610790253
0.0297560691833
0.0304288864136
0.0357489585876
0.0299999713898
0.0302939414978
0.0306239128113
0.0310208797455
0.031368970871
0.0330240726471
0.0333259105682
0.0336298942566
0.0338969230652
0.0341720581055
0.0557589530945
0.0574200153351
0.0589089393616
0.0604209899902
0.0617620944977
0.024316072464
0.0257430076599
0.027027130127
0.0283260345459
0.0296499729156
0.0301809310913
0.0309448242188
0.031730890274
0.0324969291687
0.0338168144226
0.0321729183197
0.0331208705902
0.0340509414673
0.0349450111389
0.0357010364532
0.0417108535767
0.043643951416
0.045028924942
0.0459690093994
0.0468230247498
0.0352129936218
0.0354371070862
0.0358560085297
0.0363099575043
0.0364999771118
0.0303831100464
0.0305840969086
0.0307500362396
0.0309240818024
0.0310890674591
0.0257959365845
0.0261619091034
0.0269629955292
0.0282599925995
0.029599905014
0.0293490886688
0.0306100845337
0.0320589542389
0.0334901809692
0.0349149703979
0.0347461700439
0.0350201129913
0.0352029800415
0.0357799530029
0.0360510349274
0.0327391624451
0.0330851078033
0.0333299636841
0.034157037735
0.0349631309509
0.0251989364624
0.0263440608978
0.0324881076813
0.0333449840546
0.0340468883514
0.0436270236969
0.0443952083588
0.0451250076294
0.0458130836487
0.0465199947357
0.0272269248962
0.033399105072
0.0346970558167
0.0359280109406
0.0371599197388
0.0298418998718
0.0305380821228
0.0312728881836
0.0319199562073
0.0324909687042
0.024698972702
0.0260789394379
0.0284690856934
0.0296380519867
0.030709028244
0.0247149467468
0.0249569416046
0.0253150463104
0.0255908966064
0.0283000469208
0.0262031555176
0.0264389514923
0.0267341136932
0.0269291400909
0.0271079540253
0.0347402095795
0.0351002216339
0.0354430675507
0.0358262062073
0.0362131595612
0.0238008499146
0.024894952774
0.0259320735931
0.0269110202789
0.0277738571167
0.0333831310272
0.0338361263275
0.0345621109009
0.0358021259308
0.0365540981293
0.0298810005188
0.0309000015259
0.031886100769
0.0331358909607
0.0342559814453
0.0336740016937
0.0338561534882
0.0340249538422
0.0341811180115
0.0343379974365
0.0268177986145
0.0271627902985
0.0274479389191
0.0277299880981
0.0279409885406
0.0337860584259
0.0341260433197
0.0344090461731
0.0347089767456
0.0350139141083
0.0268061161041
0.0271060466766
0.0273900032043
0.0276720523834
0.0279431343079
0.0264329910278
0.0266170501709
0.0267798900604
0.0270059108734
0.027370929718
0.0318820476532
0.0321528911591
0.0323560237885
0.0325779914856
0.0327639579773
0.0318338871002
0.032289981842
0.0325908660889
0.0327908992767
0.0329699516296
0.0275218486786
0.0277309417725
0.0279140472412
0.0280828475952
0.0284390449524
0.0260798931122
0.0262899398804
0.0264658927917
0.0266399383545
0.0268080234528
0.0281221866608
0.0284740924835
0.028804063797
0.0290291309357
0.0292091369629
0.0269269943237
0.0271689891815
0.0273559093475
0.0275609493256
0.027792930603
0.0271339416504
0.0277810096741
0.0284688472748
0.0291268825531
0.0293569564819
0.045716047287
0.0462870597839
0.046875
0.0474190711975
0.0479609966278
0.0310249328613
0.031779050827
0.0324170589447
0.0330049991608
0.0336110591888
0.0271351337433
0.0279471874237
0.0289540290833
0.0298280715942
0.0307910442352
0.03400182724
0.034325838089
0.0346488952637
0.035071849823
0.0356080532074
0.029217004776
0.0294871330261
0.0299310684204
0.0302770137787
0.0307340621948
0.0582480430603
0.0589501857758
0.0596280097961
0.0602951049805
0.0609440803528
0.026221036911
0.0269160270691
0.0276520252228
0.0283379554749
0.0289540290833
0.0363259315491
0.0375690460205
0.0387451648712
0.039834022522
0.0410070419312
0.0274510383606
0.0276539325714
0.0278208255768
0.0281479358673
0.0283699035645
0.0212070941925
0.0215871334076
0.0219089984894
0.0221030712128
0.0222690105438
0.0227949619293
0.0230889320374
0.0233879089355
0.0236449241638
0.0239539146423
0.0263569355011
0.0267028808594
0.0270309448242
0.0273280143738
0.0276110172272
0.0265629291534
0.0267810821533
0.02716588974
0.027783870697
0.0280249118805
0.0261769294739
0.0263960361481
0.0267088413239
0.0269110202789
0.0271258354187
0.0243449211121
0.0246579647064
0.0281269550323
0.0285460948944
0.0288820266724
0.0592858791351
0.0600998401642
0.060919046402
0.0620179176331
0.0629169940948
0.0351638793945
0.0354828834534
0.0357890129089
0.0360918045044
0.03644490242
0.0245020389557
0.0248889923096
0.0252070426941
0.025505065918
0.0258510112762
0.0251820087433
0.0255742073059
0.0259170532227
0.0262441635132
0.0265700817108
0.0275740623474
0.0278298854828
0.0280339717865
0.0282440185547
0.0284469127655
0.0262129306793
0.026419878006
0.0266258716583
0.0268468856812
0.0270388126373
0.022274017334
0.0225229263306
0.0227680206299
0.0229828357697
0.0232789516449
0.0279068946838
0.0281708240509
0.0283839702606
0.0285789966583
0.0287568569183
0.0316691398621
0.0319261550903
0.0321531295776
0.0323631763458
0.032567024231
0.0276510715485
0.0278720855713
0.0280900001526
0.028354883194
0.0285458564758
0.0327289104462
0.0329220294952
0.0331029891968
0.0332820415497
0.0334508419037
0.0248680114746
0.0251469612122
0.0254218578339
0.0256328582764
0.025848865509
0.0266602039337
0.0268661975861
0.0270621776581
0.0272471904755
0.0274221897125
0.0273199081421
0.027664899826
0.0278718471527
0.0280539989471
0.0282747745514
0.0300958156586
0.0303308963776
0.0305190086365
0.0306968688965
0.0308859348297
0.029844045639
0.0302629470825
0.0306248664856
0.030935049057
0.031259059906
0.0337729454041
0.0341899394989
0.0345840454102
0.0350120067596
0.0352640151978
0.0244438648224
0.0247819423676
0.0251438617706
0.0254678726196
0.0259869098663
0.0268859863281
0.0270891189575
0.0272691249847
0.0274291038513
0.0275909900665
0.0232510566711
0.0234801769257
0.0236489772797
0.0238130092621
0.0239660739899
0.0448360443115
0.0452029705048
0.04576587677
0.0460638999939
0.0463209152222
0.0607669353485
0.0618739128113
0.0629029273987
0.0640890598297
0.06507396698
0.0552489757538
0.0560100078583
0.0566210746765
0.0573880672455
0.0580399036407
0.0307040214539
0.0316319465637
0.0327079296112
0.0335159301758
0.034991979599
0.048458814621
0.0497858524323
0.0509219169617
0.0520648956299
0.0532968044281
0.029284954071
0.0295450687408
0.029757976532
0.029981136322
0.0302169322968
0.0276432037354
0.0282101631165
0.0289251804352
0.0297880172729
0.0304222106934
0.0313320159912
0.0316798686981
0.0323259830475
0.0333070755005
0.0349400043488
0.0317702293396
0.0326080322266
0.0333411693573
0.0342841148376
0.0350811481476
0.0514712333679
0.0517270565033
0.0519289970398
0.0521101951599
0.0522940158844
0.0484871864319
0.0488350391388
0.0491330623627
0.049446105957
0.0498349666595
0.0242710113525
0.024512052536
0.0247421264648
0.0249991416931
0.0258350372314
0.029589176178
0.0297770500183
0.0299651622772
0.0301342010498
0.0303151607513
0.0263381004333
0.0265791416168
0.0267961025238
0.0270261764526
0.0272471904755
0.0290200710297
0.0292961597443
0.0295300483704
0.0297169685364
0.0300300121307
0.0271158218384
0.0281279087067
0.029070854187
0.030081987381
0.0310668945312
0.0233418941498
0.0236158370972
0.0239419937134
0.0241808891296
0.0244908332825
0.0266280174255
0.0269331932068
0.0272440910339
0.0275959968567
0.0279011726379
0.035964012146
0.0361740589142
0.0363931655884
0.0367901325226
0.0370330810547
0.0247321128845
0.0253901481628
0.0291199684143
0.0295851230621
0.0299050807953
0.0524640083313
0.053181886673
0.0539040565491
0.0545780658722
0.055496931076
0.0283951759338
0.0291750431061
0.0306370258331
0.0321080684662
0.0328321456909
0.036495923996
0.0367839336395
0.0369930267334
0.0372259616852
0.0374238491058
0.0296070575714
0.0298879146576
0.0302040576935
0.0304100513458
0.0320000648499
0.0267610549927
0.0276780128479
0.0290610790253
0.0299499034882
0.030641078949
0.032840013504
0.0331699848175
0.0334510803223
0.0336611270905
0.0338850021362
0.0444920063019
0.0452837944031
0.0458059310913
0.0465188026428
0.0469908714294
0.0418210029602
0.0421028137207
0.0423319339752
0.0425670146942
0.0427868366241
0.0419411659241
0.0424950122833
0.0429530143738
0.0434901714325
0.0440511703491
0.0287611484528
0.0290420055389
0.0293312072754
0.0298850536346
0.0303750038147
0.0278120040894
0.0281190872192
0.0283670425415
0.0285911560059
0.0289840698242
0.0352621078491
0.0356230735779
0.0362040996552
0.0369119644165
0.0373079776764
0.0614011287689
0.0617220401764
0.0619790554047
0.0622420310974
0.0624580383301
0.034600019455
0.0350530147552
0.0358970165253
0.0366439819336
0.0370981693268
0.0342741012573
0.034991979599
0.0355780124664
0.0370471477509
0.0377271175385
0.0366771221161
0.0369701385498
0.0371649265289
0.0373549461365
0.0375909805298
0.049898147583
0.0501849651337
0.0505509376526
0.0508949756622
0.0511879920959
0.0611989498138
0.062108039856
0.0671060085297
0.068106174469
0.0691511631012
0.0250790119171
0.0262198448181
0.0271508693695
0.0281670093536
0.0292148590088
0.0306570529938
0.0319240093231
0.0327370166779
0.0336320400238
0.0347230434418
0.0343160629272
0.0351691246033
0.03617811203
0.037230014801
0.0394492149353
0.0321459770203
0.0324079990387
0.0326199531555
0.0328938961029
0.0331130027771
0.0527541637421
0.0538029670715
0.0550220012665
0.0558111667633
0.0566329956055
0.0277190208435
0.0297179222107
0.0307779312134
0.0321259498596
0.0329310894012
0.0372638702393
0.0397078990936
0.0403831005096
0.0408570766449
0.0415880680084
0.0321128368378
0.0327877998352
0.0333979129791
0.0339879989624
0.0346519947052
0.0286190509796
0.0292448997498
0.0299139022827
0.0305500030518
0.0311539173126
0.0296878814697
0.0303149223328
0.0309128761292
0.0314650535583
0.0320150852203
0.0289831161499
0.0296540260315
0.0302488803864
0.0309360027313
0.031769990921
0.0301191806793
0.0303449630737
0.0311710834503
0.0321359634399
0.0330440998077
0.0214400291443
0.0216150283813
0.0217821598053
0.0220501422882
0.022420167923
0.0321471691132
0.0324020385742
0.0326051712036
0.0335612297058
0.0343980789185
0.0344710350037
0.0347812175751
0.0349910259247
0.035177230835
0.0354380607605
0.0340049266815
0.0342800617218
0.0348620414734
0.0356509685516
0.03648686409
0.0330541133881
0.0341839790344
0.034989118576
0.0357520580292
0.0371029376984
0.0362069606781
0.0369319915771
0.0376098155975
0.0382368564606
0.0389478206635
0.0269720554352
0.0273339748383
0.0281269550323
0.0294361114502
0.0306880474091
0.0224640369415
0.0226550102234
0.0228309631348
0.0229971408844
0.0231621265411
0.0285801887512
0.0293431282043
0.0295791625977
0.029797077179
0.030277967453
0.0327727794647
0.0341539382935
0.0348348617554
0.035493850708
0.0361068248749
0.0377550125122
0.0379810333252
0.0382010936737
0.0384111404419
0.0390591621399
0.0323648452759
0.0326719284058
0.0330798625946
0.0335810184479
0.0350480079651
0.0314371585846
0.0320580005646
0.0334031581879
0.0348680019379
0.0385060310364
0.0375530719757
0.0390529632568
0.0406861305237
0.0421190261841
0.0431981086731
0.0307898521423
0.0317378044128
0.0325520038605
0.0334730148315
0.0350708961487
0.037780046463
0.0380599498749
0.0383088588715
0.038498878479
0.0387668609619
0.0320091247559
0.0323181152344
0.0328330993652
0.0337789058685
0.0346829891205
0.0381209850311
0.0393559932709
0.0404808521271
0.0415558815002
0.0431439876556
0.0236029624939
0.024749994278
0.0258021354675
0.0268950462341
0.0278379917145
0.0321569442749
0.0323450565338
0.0325829982758
0.0327849388123
0.0330419540405
0.0275821685791
0.0277760028839
0.0279521942139
0.028126001358
0.0282909870148
0.0306601524353
0.030846118927
0.0310480594635
0.0312170982361
0.0313851833344
0.0344641208649
0.0348041057587
0.0351209640503
0.0359020233154
0.0372250080109
0.031238079071
0.0314218997955
0.0315799713135
0.0317490100861
0.0319030284882
0.0310130119324
0.0319001674652
0.0329210758209
0.0338871479034
0.0347120761871
0.0259308815002
0.0261979103088
0.0264248847961
0.0266318321228
0.0268518924713
0.0324800014496
0.0326728820801
0.0328500270844
0.0331168174744
0.0333268642426
0.0355892181396
0.0361649990082
0.0365920066833
0.0373380184174
0.0375411510468
0.0326700210571
0.0331439971924
0.0335540771484
0.0340709686279
0.0343959331512
0.0372250080109
0.0379838943481
0.038754940033
0.0394399166107
0.0400428771973
0.0351622104645
0.0353620052338
0.035542011261
0.0358071327209
0.0360600948334
0.0228579044342
0.0232310295105
0.0234899520874
0.0236978530884
0.0239748954773
0.0281589031219
0.0284969806671
0.0288219451904
0.0291519165039
0.0294618606567
0.0327050685883
0.0342261791229
0.034900188446
0.035560131073
0.0364670753479
0.0257260799408
0.0264930725098
0.0271399021149
0.0275399684906
0.0278558731079
0.0377218723297
0.0383589267731
0.038861989975
0.0395250320435
0.0398449897766
0.0250380039215
0.0255279541016
0.0259709358215
0.0267040729523
0.0272550582886
0.0270731449127
0.0276792049408
0.0283970832825
0.0299251079559
0.0306551456451
0.0339338779449
0.0346539020538
0.0352668762207
0.0362188816071
0.0376019477844
0.0282092094421
0.028557062149
0.0288531780243
0.0291261672974
0.0293960571289
0.0373549461365
0.0385961532593
0.0396900177002
0.0406379699707
0.0417211055756
0.0261511802673
0.0268650054932
0.0273280143738
0.0282299518585
0.0291919708252
0.0298998355865
0.0307018756866
0.031772851944
0.032821893692
0.0340049266815
0.0306258201599
0.032233953476
0.0331559181213
0.0348908901215
0.0362029075623
0.029021024704
0.0294909477234
0.0297000408173
0.0299248695374
0.0303108692169
0.0262219905853
0.0271050930023
0.0279099941254
0.0289149284363
0.0297510623932
0.0271780490875
0.0284399986267
0.0293819904327
0.0304231643677
0.0312700271606
0.0357191562653
0.036101102829
0.0363290309906
0.0365891456604
0.0369770526886
0.0309410095215
0.0313529968262
0.0320959091187
0.0330309867859
0.034500837326
0.043967962265
0.0442380905151
0.0445129871368
0.0451200008392
0.046257019043
0.0366249084473
0.0370628833771
0.0374920368195
0.0379540920258
0.038754940033
0.030601978302
0.0313720703125
0.0324120521545
0.0330400466919
0.0340950489044
0.0271790027618
0.0278971195221
0.0287570953369
0.0294110774994
0.0300309658051
0.0305979251862
0.0314648151398
0.0326149463654
0.0335419178009
0.0349028110504
0.0373520851135
0.0383901596069
0.039500951767
0.0405211448669
0.0415830612183
0.038074016571
0.0390889644623
0.0401511192322
0.0406520366669
0.0415179729462
0.0386190414429
0.039647102356
0.040589094162
0.0413401126862
0.0419490337372
0.0263249874115
0.0271589756012
0.0279011726379
0.0287621021271
0.0296211242676
0.037260055542
0.0376250743866
0.0379898548126
0.0383479595184
0.038703918457
0.0306739807129
0.030886888504
0.0310518741608
0.0312538146973
0.0314249992371
0.0259389877319
0.0261118412018
0.0262818336487
0.0264408588409
0.0265958309174
0.0299019813538
0.030250787735
0.0305819511414
0.0309197902679
0.031121969223
0.0355517864227
0.0367059707642
0.0381078720093
0.0390918254852
0.0398278236389
0.0245940685272
0.02480411