0.0260307788849
0.0263278484344
0.0216798782349
0.0226809978485
0.0232248306274
0.0586938858032
0.0542969703674
0.0552461147308
0.0561010837555
0.0571920871735
0.0874230861664
0.0733871459961
0.0747520923615
0.0750980377197
0.0754361152649
0.103886127472
0.104320049286
0.100411176682
0.101874113083
0.102297067642
0.131493091583
0.131875991821
0.132243156433
0.132599115372
0.13298201561
0.158249855042
0.158547878265
0.158921003342
0.159268856049
0.159605979919
0.169600009918
0.166381120682
0.166989088058
0.167598009109
0.168252944946
0.20876789093
0.205351114273
0.206149101257
0.206733942032
0.207326889038
0.239365100861
0.239901065826
0.235269069672
0.236844062805
0.238288164139
0.273849964142
0.274378061295
0.254797935486
0.255202054977
0.25559592247
0.291113853455
0.286876916885
0.287808895111
0.289071083069
0.289395093918
0.317688941956
0.298504829407
0.299080848694
0.299715995789
0.299967050552
0.328490018845
0.324086904526
0.324529886246
0.325073957443
0.325376987457
0.35866689682
0.353825092316
0.354588985443
0.355683088303
0.356265068054
0.385478019714
0.385932207108
0.386355161667
0.386780023575
0.387191057205
0.415786027908
0.410485982895
0.411116123199
0.411535024643
0.411954164505
0.453063964844
0.453586101532
0.453977108002
0.454377174377
0.454737186432
0.46844792366
0.461719989777
0.462335824966
0.462798833847
0.463986873627
0.500012874603
0.50021481514
0.495970010757
0.49667596817
0.496994018555
0.537858009338
0.521208047867
0.522433042526
0.523953199387
0.525101184845
0.568439006805
0.565342187881
0.566332101822
0.566964149475
0.567561149597
0.592721223831
0.593329191208
0.593773126602
0.594285011292
0.594734191895
0.618788003922
0.603012084961
0.604014158249
0.604326963425
0.604547977448
0.636293172836
0.631333827972
0.631949901581
0.63222694397
0.632519960403
0.667631864548
0.658277988434
0.659149885178
0.659383773804
0.659553766251
0.689080953598
0.685132980347
0.686347007751
0.68673491478
0.687083959579
0.713066101074
0.687441110611
0.689420938492
0.690082073212
0.690542936325
0.727471113205
0.730396032333
0.727034091949
0.729101896286
0.729598999023
0.751457929611
0.747502088547
0.747843027115
0.748133182526
0.748419046402
0.782618999481
0.782998085022
0.779115915298
0.779453992844
0.779808044434
0.813045978546
0.813467979431
0.813871860504
0.814184904099
0.814471006393
0.82687497139
0.82169508934
0.821911096573
0.822095155716
0.822498083115
0.846709012985
0.846950054169
0.847185134888
0.84742307663
0.841778993607
0.868577957153
0.86877989769
0.868974924088
0.862331151962
0.862617015839
0.893628120422
0.888226985931
0.888844013214
0.889460086823
0.889703035355
0.925571918488
0.906751871109
0.907322883606
0.907547950745
0.907711982727
0.939946889877
0.9401679039
0.933057069778
0.933399915695
0.934021949768
0.9688808918
0.969099998474
0.969295978546
0.969480991364
0.96966791153
1.00057792664
1.0010099411
0.979039907455
0.980414867401
0.981063842773
1.01842689514
1.01864981651
1.01881790161
1.01898980141
1.0191488266
1.04055905342
1.0408821106
1.04119610786
1.04150605202
1.04178500175
1.06856703758
1.06935501099
1.06990289688
1.07038092613
1.07079792023
1.09706497192
1.09743380547
1.08159613609
1.08289813995
1.08375620842
1.11221122742
1.11248016357
1.11267209053
1.11285710335
1.11304020882
1.13553404808
1.13612008095
1.13664913177
1.13705420494
1.13747215271
1.16715502739
1.16317605972
1.16420507431
1.1645591259
1.16488814354
1.20249700546
1.19879794121
1.19902515411
1.19923496246
1.19943213463
1.23024511337
1.23056507111
1.23085904121
1.23115706444
1.22238898277
1.24413394928
1.24120998383
1.24166202545
1.24205088615
1.24243497849
1.26801896095
1.26330804825
1.26406407356
1.2643930912
1.26477909088
1.28647398949
1.28255701065
1.28311109543
1.2838280201
1.28465294838
1.31312894821
1.29607486725
1.29686999321
1.29777598381
1.29854393005
1.32667803764
1.32704591751
1.32740402222
1.32779502869
1.32815885544
1.35694813728
1.35732913017
1.35770201683
1.35811305046
1.35263299942
1.37825989723
1.37847900391
1.37864804268
1.3789498806
1.37912106514
1.3837659359
1.38406515121
1.38426804543
1.37732195854
1.37764692307
1.40034484863
1.39424490929
1.39476394653
1.39508795738
1.39552783966
1.42591285706
1.42617082596
1.42635083199
1.42677593231
1.40653395653
1.43675518036
1.43713402748
1.43362593651
1.43409395218
1.43450093269
1.46379208565
1.45787501335
1.45819211006
1.45861697197
1.45956993103
1.49224996567
1.49244999886
1.49263000488
1.49281215668
1.49298596382
1.51507496834
1.51529812813
1.51548504829
1.5034558773
1.50375509262
1.53320097923
1.52198290825
1.52323198318
1.52381205559
1.52440500259
1.55222797394
1.55260586739
1.55295300484
1.55328989029
1.55367088318
1.57437205315
1.56939697266
1.57159900665
1.57191705704
1.57225799561
1.59636497498
1.60583305359
1.60620117188
1.59140515327
1.59319901466
1.62459516525
1.62507009506
1.62556815147
1.62473702431
1.62527012825
1.64843702316
1.64871501923
1.6442501545
1.64456605911
1.64483308792
1.67841720581
1.67470479012
1.67555093765
1.67640995979
1.67735099792
1.71486592293
1.70505189896
1.70527696609
1.70548605919
1.70569300652
1.73279190063
1.73299384117
1.72088384628
1.72117686272
1.72153687477
1.75672698021
1.75581002235
1.75625300407
1.75687885284
1.75731492043
1.77899193764
1.77918100357
1.77935695648
1.77202606201
1.77257514
1.79559206963
1.79611420631
1.79651117325
1.7969250679
1.79732108116
1.82620096207
1.80293989182
1.80381298065
1.80419898033
1.80454897881
1.82863497734
1.82438492775
1.82549500465
1.82614898682
1.82658195496
1.86576700211
1.86614394188
1.86642313004
1.86668395996
1.86694812775
1.8987569809
1.8994038105
1.89988589287
1.90038585663
1.90081596375
1.88894200325
1.88936805725
1.88481092453
1.8899641037
1.89017701149
1.90744495392
1.90764307976
1.90782809258
1.90805006027
1.90824007988
1.92902708054
1.92618107796
1.92907619476
1.92960596085
1.93007302284
1.95528817177
1.94495010376
1.94544911385
1.94597911835
1.94636106491
1.97224211693
1.96791601181
1.96843695641
1.96911692619
1.96963000298
2.00902104378
2.00488686562
2.00624799728
2.00668597221
2.00713586807
2.03367900848
2.02505898476
2.02601885796
2.02657794952
2.02694988251
2.06154584885
2.04623699188
2.04728507996
2.05248999596
2.05295991898
2.09468388557
2.09117603302
2.09216403961
2.09256386757
2.09296298027
2.12641406059
2.12712001801
2.12281894684
2.12322998047
2.12468600273
2.14794397354
2.14828109741
2.14859890938
2.14882302284
2.14913511276
2.19384407997
2.19403600693
2.19420003891
2.19436788559
2.19456100464
2.20470309258
2.19832396507
2.19919085503
2.19966602325
2.19987988472
2.21854496002
2.21889090538
2.21966695786
2.22002887726
2.22024488449
2.26375293732
2.2578868866
2.25809884071
2.25918793678
2.25941085815
2.28724193573
2.27711105347
2.27774500847
2.27824306488
2.27898907661
2.31071805954
2.31120800972
2.31144189835
2.31166291237
2.31189990044
2.34245705605
2.34270000458
2.34288811684
2.34307694435
2.34326004982
2.36864304543
2.36883807182
2.36916899681
2.36936616898
2.369546175
2.3843588829
2.38457298279
2.38477897644
2.38498091698
2.38517689705
2.40039801598
2.40066194534
2.40084695816
2.40101408958
2.40118193626
2.41927504539
2.4195151329
2.41984009743
2.42017316818
2.42047905922
2.44587898254
2.44644999504
2.446819067
2.44709300995
2.44737291336
2.45587277412
2.4562599659
2.45649981499
2.4567129612
2.45708084106
2.47888207436
2.47923612595
2.47958111763
2.47992300987
2.48025202751
2.50588607788
2.50624608994
2.50656986237
2.5069129467
2.50727891922
2.53260803223
2.53298711777
2.53332519531
2.5336830616
2.53403306007
2.55485606194
2.5550391674
2.55521202087
2.54959487915
2.55030989647
2.57719802856
2.56469297409
2.56500697136
2.56544208527
2.56964898109
2.59299492836
2.58859300613
2.58899593353
2.5894548893
2.58985805511
2.61638689041
2.61666798592
2.6169219017
2.61715292931
2.61743092537
2.64495396614
2.64524197578
2.62945914268
2.63024497032
2.63096809387
2.66061997414
2.6535949707
2.65397310257
2.65455794334
2.65519714355
2.67623114586
2.67176413536
2.67198109627
2.67215895653
2.67234110832
2.6997320652
2.70012807846
2.70047307014
2.70085597038
2.7012181282
2.70441699028
2.70481204987
2.70521092415
2.70560693741
2.70595502853
2.72690200806
2.7273068428
2.72768092155
2.72804689407
2.72843694687
2.75246310234
2.75268912315
2.74311804771
2.74377393723
2.74420309067
2.76847505569
2.75479483604
2.75507187843
2.75529098511
2.75551199913
2.78859901428
2.78455400467
2.78561282158
2.78606295586
2.78626585007
2.81181788445
2.80800104141
2.81008315086
2.81044697762
2.81083607674
2.84479308128
2.84512019157
2.84542107582
2.82628107071
2.82665801048
2.85302305222
2.85352110863
2.84987592697
2.8502368927
2.85059189796
2.87213993073
2.8723359108
2.87252378464
2.86558890343
2.86632394791
2.90691399574
2.89500904083
2.89606308937
2.89647221565
2.89731621742
2.92806315422
2.92349791527
2.92377781868
2.92398500443
2.92478895187
2.95154595375
2.94500923157
2.94599509239
2.94657611847
2.94680213928
2.97243404388
2.95789003372
2.9584338665
2.95930886269
2.96024703979
2.98556399345
2.97841596603
2.97866797447
2.9788980484
2.97913002968
3.00833392143
3.00314688683
3.00392889977
3.00506591797
3.005671978
3.03022503853
3.01468396187
3.01514101028
3.01559591293
3.01603293419
3.04494094849
3.03867888451
3.03940486908
3.03981900215
3.04026484489
3.07585501671
3.07324981689
3.07381677628
3.07425880432
3.07471394539
3.10764980316
3.08560204506
3.08603000641
3.08655309677
3.08693504333
3.13162708282
3.13238716125
3.12712597847
3.12802481651
3.12963986397
3.16891098022
3.16496086121
3.16624593735
3.16666698456
3.1670768261
3.20031380653
3.1960067749
3.19667291641
3.19704389572
3.19740080833
3.21964597702
3.20185494423
3.20234394073
3.20284485817
3.20319080353
3.23015379906
3.22422814369
3.22926902771
3.22981214523
3.23024296761
3.26413393021
3.26465702057
3.26058983803
3.26146483421
3.26190185547
3.29892802238
3.2940928936
3.29502892494
3.29570388794
3.29659700394
3.32978200912
3.31494402885
3.31572413445
3.3167860508
3.31757998466
3.34810900688
3.34830307961
3.34847211838
3.34863305092
3.34879612923
3.37213397026
3.37234807014
3.3725540638
3.3727619648
3.37314391136
3.38988614082
3.39004993439
3.39020013809
3.39034700394
3.39056301117
3.42155194283
3.42213177681
3.41646409035
3.41699004173
3.41726899147
3.45323491096
3.43657803535
3.43723416328
3.43754816055
3.43858098984
3.46376109123
3.46409416199
3.46432304382
3.46455311775
3.46478009224
3.48796606064
3.48818206787
3.48838210106
3.48856902122
3.48877596855
3.5149128437
3.50732803345
3.50788593292
3.50852584839
3.51407289505
3.54023790359
3.52166295052
3.52265787125
3.52323389053
3.52391982079
3.56008982658
3.55411601067
3.55465507507
3.55517196655
3.55577206612
3.58446097374
3.58548593521
3.58594107628
3.58618092537
3.58637309074
3.61514401436
3.61537384987
3.61557793617
3.61596393585
3.61626696587
3.64022922516
3.64052820206
3.64080905914
3.64108419418
3.64134907722
3.66187119484
3.66222214699
3.66250610352
3.66274023056
3.66297602654
3.69006896019
3.69042897224
3.69070506096
3.69097900391
3.69125199318
3.70068788528
3.70099401474
3.69324278831
3.69387078285
3.69456100464
3.72496795654
3.72561597824
3.72607684135
3.72627496719
3.72040104866
3.75101995468
3.75136017799
3.75167298317
3.75198912621
3.75228404999
3.75852394104
3.75888180733
3.7592189312
3.75955486298
3.76007080078
3.78161001205
3.78251314163
3.78309416771
3.78371596336
3.78429102898
3.80879187584
3.80941987038
3.81007003784
3.79262089729
3.79309797287
3.84020805359
3.83653903008
3.83820199966
3.83877921104
3.83901405334
3.86754512787
3.8681511879
3.8687081337
3.86934304237
3.86989617348
3.90042185783
3.90109086037
3.9017329216
3.90237593651
3.90301585197
3.92390108109
3.92413806915
3.92439508438
3.9246070385
3.91138482094
3.93991804123
3.94032096863
3.94070386887
3.9411149025
3.9414999485
3.97025513649
3.97065615654
3.97103309631
3.97140598297
3.97198319435
3.99938797951
3.97347593307
3.97393798828
3.97420501709
3.97474694252
4.00553584099
4.00586891174
4.00618886948
4.00650501251
4.00681686401
4.02453899384
4.02495193481
4.02534294128
4.0257267952
4.02611088753
4.04598498344
4.03926706314
4.0401699543
4.04048085213
4.04081296921
4.06205105782
4.06245589256
4.06282687187
4.06318497658
4.06354689598
4.07436203957
4.07088398933
4.0714430809
4.07190299034
4.07241606712
4.09763503075
4.08421397209
4.08586502075
4.08629584312
4.08679389954
4.1188788414
4.11914801598
4.11938285828
4.1195909977
4.11979699135
4.14740204811
4.14262294769
4.14320683479
4.14408898354
4.14442586899
4.17652392387
4.17685103416
4.17715287209
4.17254590988
4.17352104187
4.20908784866
4.19883203506
4.19952607155
4.20024895668
4.20098805428
4.22406601906
4.22451591492
4.22086000443
4.22142696381
4.22183704376
4.24277210236
4.24313998222
4.24350404739
4.24387001991
4.24426817894
4.26038002968
4.26086616516
4.26136398315
4.26223301888
4.26301717758
4.27653384209
4.26850414276
4.26954913139
4.27046394348
4.27062702179
4.29960799217
4.29980015755
4.29998111725
4.30015301704
4.3003320694
4.32143712044
4.31444096565
4.31592106819
4.31665802002
4.31724405289
4.36345505714
4.3442440033
4.34546995163
4.34621191025
4.34687781334
4.38909578323
4.38934397697
4.38991594315
4.39043188095
4.39090681076
4.43609690666
4.43228197098
4.43389892578
4.43522500992
4.43592500687
4.47778296471
4.47814297676
4.47836685181
4.47856783867
4.47876000404
4.50320196152
4.48701190948
4.4879720211
4.48906803131
4.48954296112
4.52017092705
4.52046608925
4.52075195312
4.52103495598
4.52131700516
4.54745697975
4.54799103737
4.54837799072
4.54875612259
4.54930114746
4.58166098595
4.58188509941
4.58232307434
4.57267594337
4.57328486443
4.60810303688
4.60862994194
4.6090939045
4.6094930172
4.60989904404
4.62829589844
4.62873005867
4.62907290459
4.62959098816
4.62993693352
4.65489792824
4.65524196625
4.65553998947
4.65583586693
4.65612101555
4.67291617393
4.67607212067
4.6766731739
4.67718505859
4.67759799957
4.69236111641
4.68818998337
4.68889093399
4.68934798241
4.68979096413
4.72294402122
4.7232029438
4.72342395782
4.72363185883
4.72383499146
4.74358916283
4.72918891907
4.73031401634
4.73073601723
4.73114991188
4.75719189644
4.75769400597
4.75566983223
4.75646996498
4.756939888
4.79109287262
4.79133296013
4.79272580147
4.79334187508
4.7939209938
4.81770086288
4.80750012398
4.80825400352
4.80940294266
4.81036710739
4.83968997002
4.83570408821
4.8371219635
4.83759498596
4.83821105957
4.86656904221
4.86265897751
4.86337995529
4.8636200428
4.86380004883
4.89771103859
4.87420606613
4.87495303154
4.87547802925
4.87629389763
4.90432786942
4.9046599865
4.90498685837
4.90530991554
4.90562987328
4.92707586288
4.91796422005
4.91833519936
4.91865420341
4.91896319389
4.94903302193
4.93433594704
4.93550491333
4.93683099747
4.93786501884
4.97505998611
4.96863102913
4.96955990791
4.97005605698
4.97069597244
5.0187458992
5.01940894127
5.01994585991
5.01587510109
5.01693606377
5.04762101173
5.04794406891
5.04836416245
5.04874014854
5.04912805557
5.06652116776
5.06677508354
5.06697511673
5.06717014313
5.06737303734
5.08214402199
5.08244109154
5.08269810677
5.0829269886
5.08317899704
5.10613894463
5.10659599304
5.10676002502
5.10692214966
5.10726094246
5.13329291344
5.1336979866
5.13407111168
5.13444209099
5.13483309746
5.15451598167
5.15502691269
5.1441628933
5.14546489716
5.14583086967
5.19281005859
5.18880105019
5.18959307671
5.19002914429
5.19130206108
5.234634161
5.23050713539
5.2315030098
5.23189902306
5.23227405548
5.27092599869
5.27156019211
5.25568699837
5.25710988045
5.25756788254
5.28850197792
5.28884601593
5.28917503357
5.28965187073
5.29003000259
5.3180141449
5.31818604469
5.31833910942
5.31848502159
5.31862998009
5.33810710907
5.32429099083
5.3254699707
5.32683706284
5.32725310326
5.36028695107
5.35663104057
5.35813784599
5.35843491554
5.35865688324
5.39235186577
5.38776397705
5.38830900192
5.38897705078
5.38982009888
5.41649508476
5.4168651104
5.41722917557
5.41759109497
5.41797399521
5.42082905769
5.42122197151
5.42160701752
5.42199802399
5.42243003845
5.43943190575
5.43980193138
5.44016289711
5.43306708336
5.43341207504
5.45513606071
5.45552992821
5.45590806007
5.45629096031
5.44361591339
5.46888780594
5.46932387352
5.46980285645
5.46268391609
5.46894478798
5.49564695358
5.49148797989
5.49213910103
5.49250602722
5.49329209328
5.51388311386
5.50057888031
5.50160503387
5.50235795975
5.50272989273
5.52866387367
5.51994991302
5.52031302452
5.52135801315
5.52258896828
5.55578494072
5.55134916306
5.55241203308
5.55385613441
5.55432796478
5.58648014069
5.58208799362
5.58249807358
5.58352804184
5.58442997932
5.61394405365
5.60971593857
5.61005783081
5.61038684845
5.61069297791
5.6333129406
5.62820386887
5.62874603271
5.62964606285
5.63054490089
5.65889501572
5.6493139267
5.64985203743
5.65190196037
5.65236592293
5.69058203697
5.68698883057
5.68753099442
5.68787288666
5.68821191788
5.72530388832
5.72119498253
5.72220087051
5.72254681587
5.72282290459
5.74624586105
5.73232793808
5.74763989449
5.74805402756
5.74840593338
5.76714992523
5.76340103149
5.76410794258
5.76521086693
5.76580691338
5.79047894478
5.78684401512
5.78727602959
5.78766703606
5.78819298744
5.81346416473
5.81373000145
5.81393408775
5.81430411339
5.81452798843
5.81636404991
5.81184601784
5.81317090988
5.81353783607
5.81391191483
5.83926606178
5.82906579971
5.83022880554
5.83054494858
5.83087778091
5.8596367836
5.86004900932
5.86044383049
5.86083984375
5.85703110695
5.89352416992
5.87544894218
5.87581777573
5.87618780136
5.8765308857
5.8964099884
5.89701390266
5.89233589172
5.89302182198
5.89376997948
5.9225859642
5.91829800606
5.91888403893
5.91964316368
5.92002797127
5.95808315277
5.95383310318
5.95460104942
5.95598292351
5.95682287216
5.99030303955
5.9772131443
5.97823214531
5.97857999802
5.97884607315
6.01295208931
6.00622415543
6.00671100616
6.00769209862
6.00881505013
6.04493117332
6.04534602165
6.04574608803
6.04617714882
6.04643321037
6.06754279137
6.06784582138
6.04697084427
6.0472240448
6.04758286476
6.08718895912
6.08753395081
6.08786392212
6.08817481995
6.08849787712
6.11545610428
6.11586618423
6.11626410484
6.11665916443
6.1173350811
6.14056515694
6.14070820808
6.14085412025
6.14099216461
6.14112710953
6.16525602341
6.16108703613
6.16179704666
6.16251397133
6.16286802292
6.18738389015
6.18020796776
6.1806499958
6.18095707893
6.18128705025
6.21471214294
6.20161581039
6.20356202126
6.20406794548
6.20485591888
6.24038887024
6.23393297195
6.23566603661
6.23596096039
6.23625302315
6.2690680027
6.2706580162
6.27169489861
6.2719950676
6.27228808403
6.30026006699
6.27855300903
6.27967715263
6.28014612198
6.28038811684
6.31272101402
6.30780887604
6.30816102028
6.30912208557
6.30949687958
6.33478808403
6.33519697189
6.33559703827
6.33601093292
6.33631110191
6.35253500938
6.33892393112
6.33974003792
6.34011483192
6.34066486359
6.36610984802
6.36645483971
6.36680603027
6.3630399704
6.36336708069
6.39284014702
6.38766098022
6.38787198067
6.38805389404
6.38825798035
6.42304897308
6.41870713234
6.41977405548
6.42049121857
6.42145800591
6.45015311241
6.42802095413
6.42848300934
6.42883896828
6.42914509773
6.45039010048
6.44650602341
6.44735908508
6.44774794579
6.4480779171
6.4744040966
6.4596619606
6.46061706543
6.46167111397
6.46217012405
6.49645209312
6.49215507507
6.4925301075
6.49286413193
6.49319005013
6.5190680027
6.50492811203
6.50530314445
6.50564217567
6.50597596169
6.54080796242
6.54139113426
6.54195904732
6.54250907898
6.54317307472
6.56629610062
6.56665897369
6.56704592705
6.562718153
6.56328296661
6.5902941227
6.58484601974
6.58560609818
6.58600401878
6.58638191223
6.62015199661
6.61158084869
6.61196184158
6.61231780052
6.612667799
6.64106488228
6.6365468502
6.63690781593
6.63725185394
6.63761782646
6.66165089607
6.65827894211
6.65897393227
6.65957307816
6.66026306152
6.69610595703
6.69692397118
6.69769001007
6.69847798347
6.69015097618
6.720733881
6.72089982033
6.72104501724
6.72118997574
6.72133803368
6.74229812622
6.74257802963
6.74282407761
6.74304199219
6.74328017235
6.75601196289
6.7562289238
6.75197100639
6.75297117233
6.75381207466
6.78470206261
6.78488707542
6.78506708145
6.78524708748
6.78541898727
6.8079969883
6.8043410778
6.8049120903
6.80562806129
6.80619502068
6.83965015411
6.82320213318
6.82384896278
6.82446098328
6.82506394386
6.85051512718
6.84528183937
6.84934282303
6.85006594658
6.8505859375
6.87796998024
6.87821602821
6.87842392921
6.87861394882
6.8788998127
6.88904881477
6.88930892944
6.88955283165
6.88978290558
6.8900449276
6.91402506828
6.91447901726
6.90534591675
6.90558099747
6.90580010414
6.93186306953
6.93290305138
6.91528296471
6.9159040451
6.91643714905
6.94541597366
6.94122099876
6.94176006317
6.94261622429
6.94299817085
6.96788620949
6.96848917007
6.96497392654
6.96681499481
6.96718406677
7.00285601616
6.99663209915
6.99727511406
6.99801802635
6.99872803688
7.02285599709
7.01129007339
7.01193594933
7.01259708405
7.01322698593
7.04074907303
7.0358710289
7.03656721115
7.03725218773
7.03796720505
7.06607317924
7.06650900841
7.06667709351
7.06683206558
7.06711101532
7.0913131237
7.08748197556
7.08890104294
7.08967685699
7.09071493149
7.11930394173
7.10653185844
7.10720300674
7.10782504082
7.10871696472
7.13224887848
7.12627196312
7.1313958168
7.1321849823
7.1329870224
7.1597738266
7.15360999107
7.15424394608
7.15510487556
7.15552186966
7.19867300987
7.1944899559
7.19539403915
7.19595313072
7.19650506973
7.22238302231
7.1966381073
7.19752502441
7.19824695587
7.19896101952
7.22579908371
7.22625899315
7.22658014297
7.22684216499
7.22708797455
7.26579999924
7.2663769722
7.26698279381
7.26758289337
7.26810693741
7.31083607674
7.28892493248
7.28983592987
7.2909989357
7.29189491272
7.32496905327
7.32524609566
7.32543301582
7.32562494278
7.32091593742
7.35078382492
7.34689283371
7.34717392921
7.34743499756
7.3490588665
7.37540388107
7.37604880333
7.37642884254
7.37683582306
7.37736797333
7.4091219902
7.40943813324
7.4097161293
7.40998220444
7.41025710106
7.43074703217
7.43129205704
7.43183302879
7.43236589432
7.43289589882
7.46914315224
7.46933603287
7.46952009201
7.46969914436
7.46989512444
7.49938297272
7.48424601555
7.48483896255
7.48547005653
7.48606395721
7.51675009727
7.51725196838
7.51751899719
7.5177359581
7.51793599129
7.53775882721
7.52870202065
7.52959799767
7.53058600426
7.53086686134
7.59958982468
7.60016798973
7.60063099861
7.60107684135
7.60152101517
7.62540316582
7.61355280876
7.61424398422
7.61529397964
7.61605978012
7.65250778198
7.64825510979
7.64868307114
7.64975309372
7.65023612976
7.67549800873
7.66864395142
7.67060208321
7.67100811005
7.67130112648
7.69326591492
7.69409608841
7.67981410027
7.68115496635
7.68166208267
7.72127509117
7.71420407295
7.71523594856
7.71582508087
7.71635103226
7.74519395828
7.74086403847
7.74170303345
7.74225616455
7.74256801605
7.77420306206
7.76932382584
7.77052783966
7.77130889893
7.77196097374
7.80395793915
7.79100298882
7.79171681404
7.79244685173
7.793186903
7.81826281548
7.80927395821
7.80967712402
7.80988812447
7.81008291245
7.84992408752
7.8503639698
7.85060811043
7.84179806709
7.84297800064
7.87011790276
7.85677480698
7.85700082779
7.85776495934
7.85827493668
7.88431882858
7.8795440197
7.88339400291
7.88378500938
7.88414788246
7.90826392174
7.90348911285
7.90382313728
7.90415501595
7.90446209908
7.91727399826
7.91822195053
7.91864514351
7.91902494431
7.91939616203
7.95091414452
7.936825037
7.93722605705
7.93766403198
7.93807792664
7.9669380188
7.96267700195
7.96403384209
7.96442580223
7.96479082108
7.99309682846
7.99279499054
7.99324798584
7.99364209175
7.99412488937
8.02026295662
8.01454210281
8.01516604424
8.01575303078
8.01618695259
8.04961514473
8.04983401299
8.05002713203
8.03531193733
8.03600001335
8.06937289238
8.06972002983
8.06766605377
8.0681579113
8.06885099411
8.09703707695
8.08908200264
8.09028887749
8.0910358429
8.09137296677
8.13643288612
8.13354802132
8.13397288322
8.13438487053
8.1347899437
8.16214299202
8.16250491142
8.15804004669
8.15885400772
8.15979099274
8.19466495514
8.19487810135
8.19506597519
8.1952559948
8.19543504715
8.21224308014
8.20777487755
8.20845484734
8.21013593674
8.21097493172
8.2459628582
8.2428150177
8.24410605431
8.24464607239
8.2451980114
8.27389788628
8.27118110657
8.27158403397
8.2726790905
8.27295804024
8.29673290253
8.28030395508
8.28126215935
8.28227615356
8.28291296959
8.30851912498
8.30448913574
8.30535292625
8.30574703217
8.30606508255
8.33068013191
8.33098101616
8.33125805855
8.33153414726
8.33180594444
8.36313915253
8.35488986969
8.35621500015
8.35707592964
8.35928297043
8.39625883102
8.3997528553
8.4006588459
8.39762687683
8.39913392067
8.43194794655
8.42328000069
8.42405700684
8.42454791069
8.42530989647
8.46230483055
8.44831299782
8.45048499107
8.45121121407
8.45173406601
8.48549818993
8.48165106773
8.48216819763
8.48251199722
8.48282814026
8.50849914551
8.50885510445
8.50921010971
8.50956106186
8.50567293167
8.53303003311
8.53340506554
8.53376889229
8.53412890434
8.53448295593
8.54853987694
8.5490128994
8.54939103127
8.54978203773
8.55009198189
8.5689971447
8.56609511375
8.56701803207
8.56764507294
8.56810212135
8.59183001518
8.59220409393
8.57924199104
8.57964897156
8.57999205589
8.61265087128
8.60896205902
8.61021399498
8.61079502106
8.61214113235
8.64263510704
8.63929486275
8.639950037
8.64029192924
8.64064908028
8.66187405586
8.64603900909
8.64692902565
8.64800906181
8.64852190018
8.6876680851
8.68794488907
8.68818306923
8.688560009
8.68377614021
8.71682620049
8.71707415581
8.71730303764
8.71782207489
8.71809506416
8.75012588501
8.75051784515
8.75097084045
8.75149488449
8.75198483467
8.77275681496
8.77333498001
8.7696158886
8.76998782158
8.77034783363
8.79981088638
8.80138301849
8.79734396935
8.79768395424
8.80277490616
8.83052396774
8.81002616882
8.81138300896
8.8122241497
8.81285500526
8.8544011116
8.85107588768
8.851749897
8.85220694542
8.85266900063
8.88773798943
8.87627506256
8.87662816048
8.87700104713
8.87748122215
8.90668106079
8.8940320015
8.89870381355
8.89907193184
8.89947080612
8.93327188492
8.93395590782
8.9346678257
8.93258404732
8.93448996544
8.97916293144
8.97951292992
8.97973489761
8.97256016731
8.97375798225
9.00387907028
9.00424098969
9.00456094742
9.00492095947
9.00524306297
9.01255512238
9.00389099121
9.0042719841
9.00465297699
9.00522184372
9.02603602409
9.00963997841
9.01084399223
9.01116800308
9.01142811775
9.03372907639
9.02695512772
9.0273411274
9.02773404121
9.02807617188
9.05707502365
9.05324077606
9.05438780785
9.0552380085
9.05562996864
9.09005880356
9.09063792229
9.09125781059
9.09185194969
9.0920689106
9.10478210449
9.1053071022
9.1010248661
9.10152387619
9.10189199448
9.1253759861
9.12110590935
9.12324595451
9.12359499931
9.12397694588
9.15822005272
9.15392708778
9.15590000153
9.15629816055
9.15650105476
9.19700908661
9.18254208565
9.18291521072
9.1832511425
9.18367314339
9.2085351944
9.20893406868
9.2050280571
9.20625305176
9.20661211014
9.23152518272
9.22776699066
9.22801494598
9.2282397747
9.22844982147
9.26700687408
9.26741194725
9.24265217781
9.24384403229
9.24465417862
9.27632117271
9.26875090599
9.26988506317
9.27037000656
9.27122497559
9.31344103813
9.3096871376
9.31041407585
9.3113090992
9.31205701828
9.33906602859
9.33951401711
9.32227516174
9.32365107536
9.32415318489
9.34689116478
9.34732413292
9.35150313377
9.35235404968
9.35364508629
9.37345314026
9.3739900589
9.38703918457
9.3831551075
9.38475418091
9.4011080265
9.40168714523
9.40626120567
9.40858197212
9.40933895111
9.44079995155
9.43766498566
9.43876504898
9.4393658638
9.44000482559
9.47236800194
9.47282195091
9.46884298325
9.470443964
9.4712870121
9.50918912888
9.49373793602
9.4943048954
9.49482297897
9.49533200264
9.52395987511
9.52427482605
9.52457785606
9.52487897873
9.5207259655
9.55342292786
9.54948711395
9.55040717125
9.55074501038
9.55111002922
9.59371900558
9.57710886002
9.57808899879
9.57845783234
9.57875990868
9.60831999779
9.60479998589
9.60553407669
9.60592317581
9.60630297661
9.64472007751
9.64066290855
9.64181780815
9.64225482941
9.64343595505
9.67021799088
9.67083787918
9.65499687195
9.65588903427
9.65632081032
9.68816900253
9.68421506882
9.68504500389
9.68535804749
9.68565106392
9.7176258564
9.70881891251
9.70946907997
9.71035599709
9.71110892296
9.7329390049
9.73330307007
9.71754312515
9.71926403046
9.7196149826
9.74655008316
9.73967909813
9.74032902718
9.74112200737
9.74159002304
9.76882100105
9.75220298767
9.75312590599
9.75358700752
9.75398898125
9.78365182877
9.77858495712
9.77962398529
9.78006100655
9.78038692474
9.81111598015
9.81139993668
9.81165885925
9.81192183495
9.81223988533
9.83569598198
9.83605217934
9.83630013466
9.83654904366
9.83681416512
9.85786104202
9.85805606842
9.85824012756
9.85842108727
9.85860204697
9.86824798584
9.86848902702
9.86322999001
9.86344599724
9.86409592628
9.89037680626
9.8905608654
9.88605999947
9.88661313057
9.88717103004
9.91962409019
9.92001414299
9.90358710289
9.90476799011
9.90519809723
9.94066500664
9.93743300438
9.9380068779
9.93840885162
9.93874192238
9.97138500214
9.96285200119
9.96366405487
9.96406292915
9.96444702148
9.99436092377
9.9894990921
9.99109697342
9.99170017242
9.99251198769
10.028553009
10.0113279819
10.0119290352
10.0140910149
10.0145418644
10.0423119068
10.0384311676
10.0393910408
10.039700985
10.0399661064
10.0794301033
10.0796780586
10.0799319744
10.0801410675
10.0803570747
10.0989980698
10.1117680073
10.1122059822
10.0980250835
10.0988490582
10.1282660961
10.1240780354
10.1242780685
10.1244421005
10.1246390343
10.1595449448
10.1548550129
10.1560120583
10.1571750641
10.1583790779
10.1862809658
10.1697409153
10.1722538471
10.1726429462
10.1730248928
10.2368998528
10.2309579849
10.2315831184
10.2322881222
10.2328100204
10.2667429447
10.2671761513
10.2616200447
10.2630281448
10.2636752129
10.2938110828
10.2674441338
10.2676420212
10.2678451538
10.2680280209
10.3088920116
10.3094120026
10.3098812103
10.3090350628
10.3097541332
10.3360431194
10.3316819668
10.3330130577
10.3335371017
10.3340260983
10.3684470654
10.3686339855
10.3688020706
10.3689661026
10.3455741405
10.374420166
10.3697471619
10.3699481487
10.3709170818
10.3715369701
10.3931920528
10.3901381493
10.3908159733
10.391493082
10.3927340508
10.417222023
10.4016349316
10.4024720192
10.4031829834
10.4041509628
10.4363150597
10.4323489666
10.4329571724
10.4340250492
10.4346950054
10.4631590843
10.4638130665
10.4561719894
10.4573569298
10.4575829506
10.4952089787
10.4822590351
10.4840238094
10.484774828
10.4858260155
10.520526886
10.5167081356
10.5185799599
10.519010067
10.5194041729
10.5517230034
10.5461769104
10.5469498634
10.5475349426
10.5479490757
10.5736589432
10.5580019951
10.561882019
10.5626120567
10.5630221367
10.5966482162
10.5915491581
10.5921370983
10.5929331779
10.5935750008
10.6262011528
10.626595974
10.6221280098
10.622975111
10.6240820885
10.6532189846
10.6534011364
10.6535539627
10.6537051201
10.6538569927
10.6799941063
10.6802299023
10.6804380417
10.6808550358
10.6810669899
10.6922409534
10.6925039291
10.6927380562
10.6929650307
10.6932020187
10.7190959454
10.7193379402
10.7195780277
10.7198069096
10.7199869156
10.7415959835
10.7418680191
10.7420959473
10.742347002
10.7425758839
10.7611351013
10.7570469379
10.7572159767
10.7573599815
10.7575061321
10.7857999802
10.781607151
10.7822699547
10.7830750942
10.7834320068
10.8073749542
10.8041579723
10.8050608635
10.805382967
10.8058168888
10.8290839195
10.8294057846
10.8297119141
10.8300228119
10.8303349018
10.8571460247
10.8575751781
10.8580021858
10.8584041595
10.8587901592
10.8914480209
10.892029047
10.880368948
10.8807017803
10.8810079098
10.9145348072
10.896584034
10.8979270458
10.8982889652
10.8986639977
10.9280500412
10.923607111
10.9240579605
10.9251151085
10.9253861904
10.9521169662
10.9523639679
10.9529430866
10.9533221722
10.9536559582
10.9766201973
10.9769151211
10.9771661758
10.9774119854
10.9776511192
10.9998650551
10.9935240746
10.994988203
10.9956622124
10.9965121746
11.02841115
11.0136518478
11.01491189
11.015857935
11.016327858
11.0450909138
11.0457189083
11.0413451195
11.0419251919
11.0425832272
11.0867152214
11.0871670246
11.0765240192
11.0770459175
11.0775411129
11.1036510468
11.0981140137
11.0982840061
11.0985839367
11.0988690853
11.1391069889
11.1361289024
11.137004137
11.1378791332
11.1387629509
11.1725440025
11.172727108
11.1728811264
11.1730489731
11.1731979847
11.1887829304
11.1896588802
11.1905429363
11.1914188862
11.1922807693
11.2148888111
11.2153859138
11.2157518864
11.216108799
11.2164750099
11.2415590286
11.2421879768
11.2425069809
11.2428228855
11.2431330681
11.2645459175
11.257983923
11.2586700916
11.2592260838
11.2599899769
11.2853360176
11.2858500481
11.2819008827
11.2826828957
11.2832269669
11.3078858852
11.2929878235
11.2940130234
11.294533968
11.3007719517
11.3228178024
11.3186719418
11.3191931248
11.3201789856
11.320745945
11.3591210842
11.3597869873
11.3592698574
11.3598840237
11.3604478836
11.3964078426
11.3917291164
11.3930280209
11.3934049606
11.393723011
11.4246680737
11.4058508873
11.4074699879
11.4080739021
11.408520937
11.4449179173
11.4405360222
11.4409110546
11.4411051273
11.4412891865
11.4833211899
11.4837520123
11.4839820862
11.4794440269
11.4828910828
11.5101070404
11.5104370117
11.5107550621
11.5110681057
11.511382103
11.5287799835
11.5291500092
11.5294439793
11.529733181
11.5300211906
11.5446779728
11.5459179878
11.5467419624
11.5475080013
11.5483419895
11.5793981552
11.5796179771
11.5798220634
11.5800220966
11.5802180767
11.6031250954
11.6033270359
11.6035189629
11.6036889553
11.6038720608
11.6203701496
11.6205761433
11.6207480431
11.6209220886
11.621117115
11.6417350769
11.6421031952
11.6425681114
11.642799139
11.6430230141
11.6614441872
11.6620810032
11.6625201702
11.6634011269
11.6644442081
11.692317009
11.6889331341
11.6906859875
11.6911079884
11.6917619705
11.7232489586
11.7104270458
11.7109668255
11.7117989063
11.7123110294
11.7414679527
11.7381160259
11.7413079739
11.742716074
11.7439329624
11.7763230801
11.776900053
11.7723081112
11.7729611397
11.7734370232
11.8087770939
11.8020200729
11.8028039932
11.8030600548
11.803319931
11.8369839191
11.833220005
11.833935976
11.8342471123
11.834526062
11.8707859516
11.8711819649
11.8713998795
11.8716130257
11.8754711151
11.8852059841
11.8856070042
11.8859848976
11.8863549232
11.8867478371
11.9083361626
11.9107291698
11.91101408
11.9112980366
11.911547184
11.939344883
11.9398150444
11.9169549942
11.9228539467
11.9232499599
11.9488210678
11.94906497
11.9439890385
11.944206953
11.9443888664
11.9772479534
11.9776818752
11.9782049656
11.9784188271
11.9786288738
11.9958059788
11.9963870049
11.9969770908
11.9976291656
11.9981751442
12.0231978893
12.0237739086
12.0243299007
12.0248458385
12.0253670216
12.0513780117
12.0483560562
12.049079895
12.0498020649
12.0507450104
12.0787379742
12.0799388885
12.0626320839
12.0632100105
12.0637431145
12.0922532082
12.0885910988
12.0892920494
12.0899140835
12.0906569958
12.1111791134
12.1077060699
12.1084051132
12.1090929508
12.1097669601
12.1348400116
12.1350090504
12.1351671219
12.1353280544
12.1354830265
12.1456620693
12.1464190483
12.1471111774
12.1479439735
12.1456079483
12.1700649261
12.1654968262
12.1664969921
12.1667978764
12.1670808792
12.1966178417
12.1746530533
12.1750731468
12.1754891872
12.1758720875
12.2045350075
12.2008209229
12.2012369633
12.2014968395
12.2016928196
12.2232239246
12.2236227989
12.218380928
12.2187387943
12.2190988064
12.2408349514
12.2362430096
12.2365820408
12.2367711067
12.2369570732
12.2640099525
12.2465438843
12.2469899654
12.2474138737
12.2478449345
12.2783708572
12.2740621567
12.2743070126
12.274559021
12.2748000622
12.3060569763
12.306677103
12.3026590347
12.3040699959
12.3048319817
12.3353779316
12.3310739994
12.3325049877
12.3327789307
12.3330359459
12.3627989292
12.3629739285
12.3631219864
12.3632669449
12.3634009361
12.3767139912
12.3771440983
12.3775570393
12.3781440258
12.3787379265
12.4141039848
12.4143111706
12.4144830704
12.4146461487
12.4149420261
12.4229669571
12.4232261181
12.4234311581
12.4236390591
12.423844099
12.4457161427
12.4459211826
12.446087122
12.4462680817
12.446434021
12.4684479237
12.4686439037
12.4688129425
12.468982935
12.4691519737
12.4722290039
12.4724829197
12.4726979733
12.4729168415
12.4731349945
12.4901590347
12.4903540611
12.4905378819
12.4907250404
12.4909200668
12.513174057
12.5134010315
12.5136020184
12.5137979984
12.5140030384
12.532047987
12.5322921276
12.5324959755
12.5326931477
12.5328850746
12.5441260338
12.5402030945
12.5405471325
12.5413610935
12.5419969559
12.5630340576
12.559087038
12.560021162
12.5606400967
12.5609509945
12.5824260712
12.5785229206
12.5796120167
12.5800099373
12.5803480148
12.6053490639
12.5867831707
12.5874071121
12.5881261826
12.5887720585
12.6165730953
12.6129729748
12.6136188507
12.6143069267
12.6153149605
12.6475429535
12.6408009529
12.641710043
12.6424090862
12.6430771351
12.6702270508
12.6704080105
12.6705589294
12.6707069874
12.6708519459
12.692070961
12.692262888
12.692440033
12.6926119328
12.6927769184
12.7041141987
12.7043671608
12.7045860291
12.70480299
12.7050871849
12.7302620411
12.732478857
12.7326960564
12.7328848839
12.7330999374
12.7535347939
12.7538158894
12.7508749962
12.7519719601
12.7529308796
12.7721989155
12.7727279663
12.7729139328
12.7730708122
12.7572031021
12.7938191891
12.7940120697
12.7941851616
12.7943580151
12.794522047
12.8134570122
12.8136749268
12.8138768673
12.8140828609
12.81427598
12.8233809471
12.8239269257
12.8244531155
12.8248729706
12.825261116
12.8416199684
12.8418018818
12.8419668674
12.842247963
12.842509985
12.8524239063
12.8527588844
12.8530678749
12.8533689976
12.8536729813
12.877644062
12.8783800602
12.878868103
12.8793509007
12.8798129559
12.9036071301
12.9041450024
12.9044280052
12.9047300816
12.9051759243
12.918446064
12.919244051
12.920156002
12.9210920334
12.9221298695
12.9581608772
12.9592168331
12.9599869251
12.9607658386
12.9615769386
12.9934580326
12.9968919754
12.9972219467
12.9975309372
12.9978430271
13.01252985
13.0129029751
13.0132100582
13.0134880543
13.0137619972
13.0483620167
13.0486910343
13.0489392281
13.0491762161
13.0494101048
13.0646140575
13.0650570393
13.0654711723
13.0658841133
13.0662531853
13.0732140541
13.0735170841
13.0737512112
13.0739901066
13.0742280483
13.0960409641
13.0963749886
13.0966329575
13.0968880653
13.0971169472
13.1235980988
13.1240110397
13.1243159771
13.1247749329
13.125054121
13.1529791355
13.1533479691
13.1536459923
13.1542439461
13.1546671391
13.1629080772
13.1632249355
13.1635150909
13.1638100147
13.1641020775
13.1856870651
13.1859931946
13.1862940788
13.1865940094
13.1868851185
13.2043521404
13.2046840191
13.2049450874
13.2052071095
13.2054679394
13.2009170055
13.2024469376
13.203346014
13.2044560909
13.2061579227
13.2427990437
13.2430839539
13.2433760166
13.2437720299
13.2402160168
13.2688610554
13.2559909821
13.2568030357
13.2584760189
13.2593739033
13.2925860882
13.2929759026
13.2933769226
13.2935550213
13.2939670086
13.3212931156
13.3215279579
13.3217189312
13.3219020367
13.3220860958
13.3382158279
13.3244261742
13.325163126
13.3259551525
13.3270990849
13.3634221554
13.3637111187
13.3639361858
13.3642120361
13.3644111156
13.3852939606
13.3854799271
13.3856799603
13.3858549595
13.3860609531
13.4075760841
13.4077839851
13.4079449177
13.4080979824
13.4082970619
13.4304969311
13.4307348728
13.4309449196
13.4311439991
13.431347847
13.448693037
13.448895216
13.4490711689
13.4518811703
13.4520761967
13.4696569443
13.469892025
13.4700930119
13.4702920914
13.4705400467
13.4977030754
13.49792099
13.4981019497
13.498281002
13.4984600544
13.5207169056
13.5210649967
13.5213699341
13.521668911
13.5219659805
13.539167881
13.5393657684
13.5395498276
13.5397269726
13.539949894
13.537222147
13.5374062061
13.5375721455
13.5377290249
13.5378930569
13.5732550621
13.5734820366
13.5736339092
13.573775053
13.5739200115
13.5892570019
13.5896148682
13.5899219513
13.5902488232
13.5906989574
13.6229829788
13.6238250732
13.6155118942
13.6158649921
13.6162118912
13.6487350464
13.6491379738
13.6495330334
13.6499230862
13.6503310204
13.6656680107
13.6660079956
13.6662108898
13.6665599346
13.6667709351
13.688575983
13.6887881756
13.6889610291
13.6891469955
13.6893401146
13.7113330364
13.7115831375
13.7118041515
13.7120239735
13.7122731209
13.7438759804
13.7441020012
13.7442629337
13.7444210052
13.7445881367
13.7577619553
13.7579579353
13.7581539154
13.7583589554
13.7585449219
13.788533926
13.7887208462
13.7888929844
13.7890558243
13.7892208099
13.7932159901
13.7863259315
13.787749052
13.7882928848
13.788779974
13.8138380051
13.8140408993
13.8142230511
13.8143949509
13.8145689964
13.8367118835
13.8369479179
13.8371419907
13.8373868465
13.8376739025
13.8477151394
13.8479061127
13.848088026
13.8482680321
13.848443985
13.8759810925
13.8764760494
13.8720879555
13.8727920055
13.873459816
13.8977308273
13.8894000053
13.8899619579
13.8904809952
13.8911509514
13.9163548946
13.9034800529
13.9040520191
13.9045701027
13.9050819874
13.933409214
13.9301319122
13.9309029579
13.9315950871
13.9322869778
13.967787981
13.9638960361
13.96453619
13.9660201073
13.9665801525
13.986467123
13.9822540283
13.9827899933
13.9832940102
13.9839360714
14.0096318722
13.9926838875
13.9932129383
13.9937701225
13.9942820072
14.0199799538
14.0165781975
14.0177741051
14.0183110237
14.0197620392
14.0499820709
14.0462369919
14.0474350452
14.0520348549
14.0525958538
14.0803790092
14.0767951012
14.0775220394
14.0784091949
14.0790631771
14.1079261303
14.0911509991
14.0918498039
14.0924348831
14.0930278301
14.1089808941
14.1053781509
14.1059081554
14.106637001
14.108041048
14.1360361576
14.1294550896
14.1356959343
14.1365480423
14.1373200417
14.1662619114
14.1570539474
14.1577920914
14.1584129333
14.1589519978
14.1901659966
14.1864190102
14.1869878769
14.1875398159
14.1883189678
14.2181169987
14.2114360332
14.2122888565
14.2145109177
14.2167489529
14.2404110432
14.2276930809
14.2286400795
14.2306470871
14.232434988
14.2535920143
14.2466671467
14.2472839355
14.2478790283
14.2487080097
14.2720270157
14.2581930161
14.2587201595
14.2592391968
14.2653110027
14.2846841812
14.2854471207
14.2872109413
14.2877910137
14.2883739471
14.3118441105
14.3125929832
14.3132579327
14.3138251305
14.3103899956
14.3426170349
14.3383979797
14.3389620781
14.3394851685
14.3400299549
14.3647270203
14.3544528484
14.3549947739
14.3555078506
14.356128931
14.3805589676
14.381182909
14.3818159103
14.3778061867
14.3789970875
14.4254419804
14.4226801395
14.4235970974
14.4241881371
14.4249122143
14.4513761997
14.4354219437
14.4368369579
14.4384679794
14.439948082
14.454996109
14.4516091347
14.4532542229
14.4546761513
14.4562652111
14.4790320396
14.4752559662
14.4759809971
14.4765021801
14.4820051193
14.5088779926
14.4845888615
14.4855618477
14.4861288071
14.4866559505
14.5127599239
14.5100569725
14.5108890533
14.5123589039
14.5137979984
14.537334919
14.5277447701
14.5285367966
14.5292179585
14.5299317837
14.5644857883
14.5595390797
14.5601320267
14.560680151
14.5612230301
14.5943360329
14.5774240494
14.5779850483
14.5785291195
14.5790731907
14.6125872135
14.6086268425
14.6092338562
14.6097710133
14.6102938652
14.6470558643
14.6432681084
14.6445500851
14.645717144
14.6469080448
14.6761341095
14.6722178459
14.673306942
14.6740679741
14.6751539707
14.7028028965
14.6856770515
14.686647892
14.6875269413
14.6884720325
14.7122428417
14.7087419033
14.7092728615
14.7097899914
14.7105259895
14.7466888428
14.7419011593
14.7434580326
14.7442121506
14.7450470924
14.7692811489
14.7647271156
14.7654020786
14.7661919594
14.7668371201
14.7982120514
14.7935829163
14.7944560051
14.7953541279
14.8033571243
14.8265650272
14.8135380745
14.8143849373
14.8153629303
14.8160450459
14.8857870102
14.881319046
14.8823978901
14.8832709789
14.88458395
14.9225869179
14.9188570976
14.9198131561
14.9209151268
14.9216701984
14.9456701279
14.9299428463
14.930729866
14.9313139915
14.9320509434
14.9606490135
14.9564518929
14.9569919109
14.9575099945
14.95814991
14.9941878319
14.9896469116
14.9908089638
14.991506815
14.9929349422
15.0251328945
15.0259668827
15.0269618034
15.0279579163
15.0288639069
15.0403251648
15.0410621166
15.0392611027
15.0398130417
15.0403490067
15.0571079254
15.0469908714
15.0476880074
15.0482990742
15.0488200188
15.0609328747
15.062702179
15.0635490417
15.0643210411
15.0650801659
15.0973951817
15.0932281017
15.0937919617
15.094326973
15.0950620174
15.1218881607
15.1143040657
15.1150710583
15.1206860542
15.121338129
15.1523120403
15.1421279907
15.1428930759
15.1435129642
15.1441469193
15.1691350937
15.1655800343
15.1661231518
15.1667141914
15.1672332287
15.1998901367
15.1945309639
15.1952309608
15.1959481239
15.1966240406
15.2360169888
15.236770153
15.2373731136
15.2380731106
15.2389681339
15.2449221611
15.24492383
15.2456359863
15.2463488579
15.2469329834
15.2726149559
15.2710709572
15.2719700336
15.272644043
15.2732789516
15.3035421371
15.301555872
15.3021969795
15.3029069901
15.3034417629
15.3279209137
15.312882185
15.3135139942
15.3141222
15.314718008
15.3384420872
15.3346869946
15.3353910446
15.3361799717
15.336990118
15.3667681217
15.3538458347
15.3545680046
15.3552570343
15.3560018539
15.3806090355
15.3765671253
15.3771131039
15.3776741028
15.3782160282
15.403427124
15.4018318653
15.4025168419
15.4031608105
15.4039227962
15.4316749573
15.414411068
15.41502285
15.4156188965
15.4161949158
15.4541430473
15.4507288933
15.4513919353
15.4520149231
15.4526329041
15.4886829853
15.4892389774
15.4897689819
15.4903309345
15.4908468723
15.510696888
15.5108759403
15.5110478401
15.5112068653
15.5113680363
15.5401329994
15.54033494
15.5405161381
15.5406899452
15.5410599709
15.5396330357
15.539951086
15.540199995
15.5403981209
15.5405890942
15.5562009811
15.5563988686
15.5565638542
15.5567278862
15.54728508
15.5855989456
15.5860099792
15.586327076
15.5866248608
15.586920023
15.5977809429
15.5979530811
15.5981121063
15.5982720852
15.5984320641
15.6282579899
15.6284430027
15.6286051273
15.6287591457
15.6289241314
15.6482470036
15.6484160423
15.6485648155
15.6229081154
15.6233389378
15.6568391323
15.6570401192
15.6572721004
15.6574411392
15.6575920582
15.6755979061
15.6757879257
15.6759660244
15.6761388779
15.6763398647
15.7055139542
15.7060780525
15.7066030502
15.7071630955
15.7076859474
15.7272250652
15.7274200916
15.7275810242
15.7277441025
15.727905035
15.7379889488
15.7386169434
15.7392771244
15.7401609421
15.7407341003
15.7611119747
15.7616989613
15.7622718811
15.7627999783
15.7633938789
15.784599781
15.7851798534
15.7856957912
15.7862458229
15.790574789
15.8040909767
15.7992110252
15.8006110191
15.8012058735
15.8019969463
15.8267970085
15.8175690174
15.8187298775
15.8192670345
15.8196718693
15.8404450417
15.8257520199
15.8263049126
15.8265810013
15.8268527985
15.8524489403
15.8455710411
15.8564050198
15.8572311401
15.8576231003
15.8943650723
15.8948061466
15.8951721191
15.895537138
15.895922184
15.9252638817
15.9256949425
15.9261000156
15.9265019894
15.9269068241
15.9409580231
15.950191021
15.9505910873
15.9508972168
15.9511940479
15.9525959492
15.9547450542
15.9564390182
15.9581270218
15.959897995
15.9900901318
15.9906311035
15.9910809994
15.9917609692
15.9921550751
16.0121369362
16.015750885
16.0171329975
16.0183038712
16.0199398994
16.0337069035
16.0466859341
16.0471429825
16.0474998951
16.0478279591
16.0807211399
16.0812051296
16.0815811157
16.0820059776
16.0824141502
16.1187858582
16.119189024
16.1194918156
16.1197648048
16.1200430393
16.1355991364
16.1374731064
16.1392140388
16.1404230595
16.1416110992
16.1590678692
16.1609268188
16.162530899
16.1642129421
16.1658070087
16.1856408119
16.1874649525
16.1892328262
16.1909029484
16.1924889088
16.2283351421
16.2114520073
16.2119061947
16.2124450207
16.2127170563
16.243129015
16.2396059036
16.2398569584
16.2404949665
16.242208004
16.2766959667
16.2778220177
16.2742180824
16.2747979164
16.2753460407
16.3161659241
16.3035120964
16.3042280674
16.3051350117
16.3059000969
16.3371829987
16.3374409676
16.3381009102
16.3390181065
16.3398859501
16.3639719486
16.3603570461
16.3608920574
16.3614358902
16.3621590137
16.3932869434
16.3710911274
16.3717939854
16.3725039959
16.3731629848
16.3941040039
16.3874127865
16.3879468441
16.3886499405
16.3898739815
16.4179069996
16.4106810093
16.4112360477
16.4117820263
16.4126811028
16.432806015
16.4149301052
16.4155540466
16.416203022
16.4222140312
16.4544510841
16.4547641277
16.4550361633
16.4553301334
16.4556081295
16.4792809486
16.4794900417
16.4796588421
16.4798190594
16.4799809456
16.510668993
16.5108368397
16.510986805
16.511138916
16.4959290028
16.5290839672
16.5259342194
16.5266811848
16.5274050236
16.5281701088
16.5597720146
16.5558469296
16.5563809872
16.5569028854
16.5574579239
16.6083650589
16.6085639
16.6087419987
16.6091890335
16.6095738411
16.628303051
16.628524065
16.6287121773
16.628993988
16.6292691231
16.6552340984
16.6556110382
16.6559739113
16.6563639641
16.6567471027
16.6823971272
16.6725950241
16.6732571125
16.6739070415
16.674505949
16.7184050083
16.7186310291
16.7188670635
16.7190830708
16.719285965
16.7429480553
16.7431819439
16.7433969975
16.7436070442
16.7439520359
16.7636511326
16.7638630867
16.7640562057
16.7642300129
16.7644062042
16.7826871872
16.7829761505
16.7832551003
16.7834920883
16.7837030888
16.814054966
16.7988100052
16.7993779182
16.7998919487
16.8004059792
16.8282959461
16.8249349594
16.8255300522
16.8261320591
16.8268330097
16.8527390957
16.853456974
16.8541810513
16.8548851013
16.8556239605
16.8704190254
16.8830499649
16.883975029
16.8846280575
16.8853681087
16.8965249062
16.8969249725
16.8973031044
16.897687912
16.8980920315
16.9314701557
16.9322161674
16.9327561855
16.9333250523
16.9339821339
16.9657819271
16.9663219452
16.966850996
16.9675219059
16.9681520462
16.9862949848
16.9865808487
16.9868028164
16.9870548248
16.9873318672
17.0160338879
17.0163910389
17.0166609287
17.0169150829
17.0171620846
17.0378811359
17.0380859375
17.0382730961
17.0384380817
17.0386049747
17.0670888424
17.0677599907
17.0683350563
17.0688729286
17.0694129467
17.0817148685
17.0825238228
17.0831689835
17.0838258266
17.0844659805
17.1320180893
17.1323411465
17.1302838326
17.1308269501
17.1313419342
17.1672558784
17.1467990875
17.1478829384
17.1485068798
17.1488440037
17.1884219646
17.1887969971
17.1891040802
17.1894080639
17.1896009445
17.2117800713
17.212143898
17.2124938965
17.2048370838
17.2051520348
17.2264430523
17.2267799377
17.2271089554
17.2274370193
17.227782011
17.2449669838
17.2454431057
17.2458300591
17.2433979511
17.2439389229
17.263078928
17.276211977
17.2767720222
17.2770798206
17.2775080204
17.3029351234
17.3037650585
17.3040640354
17.3043580055
17.3046679497
17.3133399487
17.313765049
17.3141651154
17.3145520687
17.3149299622
17.3391070366
17.3398029804
17.3401839733
17.3405609131
17.3410978317
17.3666131496
17.3669631481
17.3673260212
17.3676970005
17.3645939827
17.3967609406
17.3974719048
17.3979458809
17.3984060287
17.3989191055
17.3982121944
17.3992621899
17.3997051716
17.4003221989
17.4008510113
17.4359271526
17.4369850159
17.438297987
17.4392740726
17.4402990341
17.4736218452
17.4749369621
17.4761710167
17.4606499672
17.4611179829
17.4866240025
17.4876749516
17.4896199703
17.4898087978
17.4899778366
17.5180268288
17.5182368755
17.5184249878
17.5186109543
17.5187950134
17.5486760139
17.5488979816
17.5490989685
17.5493001938
17.5494930744
17.5772180557
17.5774781704
17.5776801109
17.5778751373
17.5780651569
17.5782780647
17.5791618824
17.5800669193
17.581045866
17.5819699764
17.6143319607
17.6153790951
17.6162190437
17.6170041561
17.6177921295
17.6523401737
17.6530840397
17.6576991081
17.6591980457
17.6599020958
17.6803450584
17.6811540127
17.6818430424
17.6825609207
17.6832680702
17.7090239525
17.7097530365
17.7103879452
17.7109239101
17.7115089893
17.737226963
17.7380199432
17.7388310432
17.7395069599
17.7401371002
17.7497980595
17.7503409386
17.7509849072
17.7515721321
17.7521810532
17.7731599808
17.7739179134
17.7746489048
17.7753548622
17.776091814
17.7997040749
17.8004419804
17.8011910915
17.8055310249
17.8059289455
17.8163650036
17.8165860176
17.8167660236
17.8171811104
17.817715168
17.8398089409
17.8406720161
17.841490984
17.8423070908
17.8431940079
17.8715319633
17.8727529049
17.8735499382
17.8744089603
17.8752548695
17.8895218372
17.8908209801
17.8915247917
17.8920698166
17.89260602
17.9207630157
17.9214389324
17.9221158028
17.9263298512
17.9267640114
17.9491500854
17.9498119354
17.9504079819
17.9510259628
17.9516220093
17.9782049656
17.9897100925
17.990046978
17.990432024
17.9858529568
18.0092339516
18.0094468594
18.0096490383
18.0098519325
18.024821043
18.0251228809
18.025357008
18.0255889893
18.0351951122
18.036260128
18.0375909805
18.0389361382
18.0474860668
18.0477199554
18.0479450226
18.0481290817
18.0703129768
18.071064949
18.0712709427
18.0714528561
18.0887160301
18.0894398689
18.0900428295
18.0906250477
18.1063389778
18.1070690155
18.1077840328
18.10846591
18.1134297848
18.113670826
18.1138708591
18.1140708923
18.1445581913
18.1449210644
18.1452560425
18.1455740929
18.1683759689
18.1692960262
18.1703131199
18.1711440086
18.1775319576
18.1851878166
18.186414957
18.1870257854
18.2191720009
18.2198898792
18.2205898762
18.221282959
18.2507789135
18.2512199879
18.2515630722
18.2518959045
18.2696039677
18.270031929
18.2703619003
18.2706949711
18.2840189934
18.2843561172
18.2846550941
18.2849321365
18.3148560524
18.3152461052
18.3156449795
18.3159589767
18.3361170292
18.3364989758
18.3369131088
18.3373191357
18.3563017845
18.3567488194
18.3656308651
18.365819931
18.3743259907
18.3748948574
18.3763959408
18.3769700527
18.4128749371
18.4130969048
18.4132959843
18.4134869576
18.4247529507
18.4249670506
18.4251351357
18.4253139496
18.4506540298
18.4509100914
18.4512240887
18.4526219368
18.4767580032
18.4770338535
18.4772570133
18.4786818027
18.524078846
18.5244858265
18.5249049664
18.5252869129
18.5630590916
18.5678181648
18.5689060688
18.5701589584
18.5734388828
18.5739729404
18.5744879246
18.5754098892
18.5768499374
18.5839738846
18.5905618668
18.5918819904
18.6161360741
18.6167590618
18.6175289154
18.6183588505
18.6191949844
18.6199738979
18.6207799911
18.6218500137
18.630218029
18.630879879
18.6313898563
18.6320710182
18.6327638626
18.6335718632
18.6346390247
18.6355750561
18.6362829208
18.6373870373
18.6240561008
18.6247501373
18.6342389584
18.6346559525
18.6575670242
18.6513550282
18.6524550915
18.6530411243
18.6535980701
18.6881890297
18.6829857826
18.6837089062
18.6844480038
18.6851358414
18.7173318863
18.7180199623
18.718556881
18.7190859318
18.7196218967
18.7478120327
18.7484891415
18.7492301464
18.7500112057
18.7508461475
18.7706511021
18.7712581158
18.7718191147
18.7723760605
18.7729330063
18.8007438183
18.797492981
18.798140049
18.7987780571
18.8050270081
18.8309240341
18.8311679363
18.8314058781
18.8316600323
18.8318970203
18.8370320797
18.8372740746
18.8374891281
18.8377041817
18.8379151821
18.8575668335
18.8578279018
18.8580679893
18.8582758904
18.8585078716
18.876283884
18.8765079975
18.8766989708
18.8768730164
18.8770449162
18.8962569237
18.8964719772
18.8966879845
18.8969829082
18.8972699642
18.9190480709
18.9192750454
18.9194769859
18.919672966
18.9198598862
18.93247509
18.9326839447
18.9328560829
18.9330229759
18.9332311153
18.9555897713
18.9559979439
18.9564089775
18.9567627907
18.95707798
18.9872820377
18.9875369072
18.9877688885
18.9880290031
18.988298893
19.012691021
19.0128631592
19.0130140781
19.0131621361
19.0133051872
19.0390410423
19.039345026
19.0395350456
19.0397338867
19.0399899483
19.0556211472
19.0562679768
19.0566990376
19.0572149754
19.0610661507
19.081594944
19.0823130608
19.0804281235
19.0817379951
19.0824341774
19.1098811626
19.1040139198
19.1047070026
19.1053709984
19.106030941
19.1407878399
19.1411449909
19.1360259056
19.1368319988
19.1373119354
19.1603970528
19.1607370377
19.1618089676
19.1627569199
19.1630940437
19.1953780651
19.1822240353
19.1826701164
19.182901144
19.1831121445
19.213283062
19.2096841335
19.210021019
19.2105960846
19.2109811306
19.2359859943
19.219299078
19.219990015
19.2206830978
19.2218902111
19.2355451584
19.2400062084
19.2402281761
19.2404851913
19.2416059971
19.2814807892
19.2774939537
19.277823925
19.2781498432
19.2784729004
19.306760788
19.3073179722
19.3187968731
19.3193869591
19.3199779987
19.3408999443
19.3295791149
19.3299560547
19.3303151131
19.3306810856
19.3562891483
19.3516151905
19.3519661427
19.3522970676
19.3526241779
19.3864810467
19.3866550922
19.3868200779
19.3869831562
19.3871459961
19.4103519917
19.4105479717
19.4107141495
19.4108819962
19.4110469818
19.4347779751
19.4351568222
19.43551898
19.435874939
19.4362409115
19.4443280697
19.444535017
19.4447159767
19.4448940754
19.4450690746
19.4671311378
19.4673511982
19.4630770683
19.4642910957
19.4687721729
19.4850611687
19.4853110313
19.4854981899
19.485776186
19.4860620499
19.5207340717
19.5210289955
19.5213549137
19.5215470791
19.5217430592
19.5213840008
19.5216209888
19.5218551159
19.5226380825
19.5244750977
19.5631511211
19.5633711815
19.5635821819
19.5637750626
19.5639610291
19.5894570351
19.5897331238
19.5899391174
19.5901441574
19.5903420448
19.6167609692
19.6169500351
19.6170969009
19.6172380447
19.6173739433
19.6321341991
19.6323111057
19.6324579716
19.6326429844
19.6328279972
19.6550700665
19.655367136
19.6556620598
19.6559481621
19.6562399864
19.6818468571
19.6821608543
19.6824650764
19.6827499866
19.6830198765
19.6936130524
19.6937890053
19.6939370632
19.6940860748
19.6942410469
19.7200219631
19.7201988697
19.7203559875
19.720512867
19.7206728458
19.7427520752
19.7429180145
19.743076086
19.7432291508
19.7433979511
19.7524499893
19.7526478767
19.7528240681
19.7530090809
19.7532229424
19.7796359062
19.7764399052
19.7770569324
19.7776870728
19.7785909176
19.8075950146
19.8046350479
19.8054840565
19.8064329624
19.8077161312
19.8352520466
19.8287198544
19.8303179741
19.8351449966
19.8359029293
19.8686459064
19.8689219952
19.8691148758
19.8692889214
19.869645834
19.8697018623
19.871106863
19.8725118637
19.8734519482
19.8743128777
19.9011218548
19.9019370079
19.9029889107
19.9037599564
19.9045519829
19.9389002323
19.9351918697
19.9360439777
19.937057972
19.9379758835
19.9678249359
19.9493150711
19.9499719143
19.95093894
19.9513289928
19.9767439365
19.9705491066
19.9716091156
19.9721062183
19.9726099968
20.0027601719
19.9996449947
19.9999070168
20.000125885
20.0003349781
20.0278809071
20.025154829
20.0253369808
20.0256807804
20.0258488655
20.0508348942
20.0384898186
20.03905797
20.0403389931
20.0405619144
20.0688300133
20.0645768642
20.068035841
20.0683188438
20.0685880184
20.0920660496
20.0774359703
20.0784227848
20.078717947
20.0795807838
20.1129179001
20.0984449387
20.099230051
20.1001439095
20.1008808613
20.1334378719
20.1288700104
20.1293439865
20.1301109791
20.1306729317
20.1663579941
20.1669390202
20.163244009
20.1651699543
20.1656448841
20.1908268929
20.1895940304
20.189964056
20.1906578541
20.1908998489
20.2176370621
20.2025029659
20.2049620152
20.2057290077
20.2066328526
20.2376630306
20.2297389507
20.2336540222
20.2341001034
20.2348399162
20.25948596
20.2421870232
20.2428150177
20.2435429096
20.2437899113
20.2695429325
20.2651500702
20.2659900188
20.2667660713
20.2673511505
20.2997550964
20.2956871986
20.2963562012
20.2969360352
20.2971169949
20.3229169846
20.3066790104
20.3074729443
20.3078610897
20.3080289364
20.335091114
20.3305130005
20.3325529099
20.3333039284
20.3335168362
20.3637769222
20.3595237732
20.3607509136
20.3609378338
20.3611087799
20.386141777
20.3863899708
20.3866069317
20.3868169785
20.3872079849
20.3924720287
20.3928151131
20.3931119442
20.3933579922
20.3935539722
20.4159119129
20.4161298275
20.4163918495
20.4166858196
20.4169018269
20.4176211357
20.4187130928
20.4196121693
20.4204671383
20.4332790375
20.4553229809
20.4555101395
20.4556601048
20.4558579922
20.4563519955
20.4683980942
20.4695281982
20.4705951214
20.4758071899
20.4771339893
20.4972970486
20.5124440193
20.5127401352
20.5129740238
20.5132260323
20.5370619297
20.5374629498
20.5377500057
20.5380160809
20.5382540226
20.5417079926
20.5419170856
20.5420939922
20.5422739983
20.5424480438
20.5605418682
20.5607118607
20.560874939
20.5610349178
20.5611908436
20.5834789276
20.5836400986
20.5837900639
20.583933115
20.5840790272
20.6001219749
20.6003818512
20.6005909443
20.6007888317
20.600990057
20.6177158356
20.6179988384
20.6181879044
20.6183748245
20.6185610294
20.6362960339
20.6365339756
20.6367621422
20.6369700432
20.637155056
20.659594059
20.6598200798
20.6600310802
20.660241127
20.6604480743
20.6613669395
20.6628339291
20.6640350819
20.665168047
20.6664819717
20.7073540688
20.70439291
20.7055568695
20.7059688568
20.706403017
20.7338569164
20.7249407768
20.7261588573
20.7264847755
20.7269787788
20.7575569153
20.737858057
20.7386090755
20.7394640446
20.7398040295
20.7680339813
20.7639269829
20.7652280331
20.7655799389
20.7659180164
20.7985498905
20.7949020863
20.7958629131
20.8014681339
20.8020040989
20.8337049484
20.8301730156
20.8318619728
20.832326889
20.8328609467
20.8657410145
20.8478560448
20.8494670391
20.8514220715
20.8519620895
20.8768661022
20.8734409809
20.8745849133
20.8748929501
20.8752248287
20.9038898945
20.8997550011
20.9008660316
20.9013569355
20.9017400742
20.9234290123
20.9194970131
20.920470953
20.9209330082
20.9213118553
20.955509901
20.95165205
20.9528028965
20.9533100128
20.9538478851
20.9883210659
20.9705410004
20.971364975
20.9720900059
20.9726099968
20.9968900681
20.993983984
20.9944109917
20.9948248863
20.9953598976
21.0263018608
21.0221250057
21.0232760906
21.0242171288
21.024668932
21.0627589226
21.0603208542
21.0646958351
21.0651807785
21.0661048889
21.0967099667
21.0971009731
21.091176033
21.0915839672
21.0920519829
21.1280539036
21.1282830238
21.1285719872
21.1289539337
21.1123709679
21.1364569664
21.136715889
21.1369791031
21.1333827972
21.1351189613
21.160558939
21.1612370014
21.1615328789
21.1617679596
21.1621527672
21.1791682243
21.1805210114
21.180932045
21.1827270985
21.1830711365
21.2139730453
21.2281279564
21.2284619808
21.2287659645
21.2290809155
21.2378330231
21.251003027
21.2512500286
21.2514259815
21.2516078949
21.2673888206
21.2838637829
21.2840688229
21.2842469215
21.2844269276
21.3006701469
21.3170630932
21.3172590733
21.3174440861
21.3176550865
21.3154480457
21.31569314
21.3159291744
21.3161289692
21.3163180351
21.3342130184
21.3344111443
21.3345770836
21.3214800358
21.3223171234
21.3477330208
21.3479349613
21.3481149673
21.3483009338
21.3484830856
21.3683850765
21.3685991764
21.3687980175
21.3690111637
21.3692212105
21.3955750465
21.3992431164
21.3995261192
21.3998010159
21.4000751972
21.4161608219
21.4165949821
21.4120900631
21.4133059978
21.41437006
21.4381830692
21.438380003
21.4385681152
21.4388179779
21.439125061
21.4559409618
21.4561319351
21.456305027
21.4564759731
21.4566428661
21.4779059887
21.4780879021
21.4782550335
21.4784140587
21.4785768986
21.499808073
21.500013113
21.5001950264
21.5003709793
21.5005660057
21.5110459328
21.5071780682
21.5079290867
21.5086371899
21.5093569756
21.5312490463
21.5315101147
21.5318100452
21.5259971619
21.5280771255
21.5525751114
21.5527870655
21.5529839993
21.5532171726
21.5374519825
21.5685448647
21.5687909126
21.5689759254
21.5645530224
21.5647680759
21.5996460915
21.5998249054
21.5948040485
21.5955431461
21.5971450806
21.6216089725
21.6175100803
21.6187109947
21.6190991402
21.6194171906
21.6550381184
21.6555960178
21.655919075
21.6561911106
21.6564571857
21.656306982
21.6589419842
21.6602580547
21.6606040001
21.6609339714
21.6928069592
21.6942110062
21.6945650578
21.6955220699
21.6960880756
21.7405028343
21.7407109737
21.7408950329
21.7410590649
21.7412149906
21.7671630383
21.7676138878
21.7732551098
21.7736451626
21.7740430832
21.7971110344
21.7976641655
21.7982010841
21.7988879681
21.7841219902
21.8086409569
21.8090131283
21.8093729019
21.8097369671
21.8101949692
21.8351070881
21.8353090286
21.8354890347
21.8356671333
21.8358550072
21.8549420834
21.8552150726
21.8554551601
21.8557021618
21.8559191227
21.8757839203
21.8759720325
21.8761439323
21.8763129711
21.8725609779
21.8945660591
21.8947999477
21.8950181007
21.883491993
21.8847668171
21.9130909443
21.9087481499
21.9094641209
21.911285162
21.9123950005
21.9304320812
21.9265909195
21.927159071
21.9276759624
21.9281959534
21.9574198723
21.9503591061
21.951417923
21.9522180557
21.9531149864
21.9840569496
21.9698019028
21.9704270363
21.9709439278
21.9714548588
22.0054478645
22.0001180172
22.0007469654
22.0013821125
22.0019791126
22.0301029682
22.0264451504
22.0270149708
22.0277731419
22.0283169746
22.0530560017
22.0490210056
22.0497000217
22.0502181053
22.0507850647
22.0836350918
22.0657229424
22.0666000843
22.0673599243
22.0678069592
22.1039149761
22.1036150455
22.1041309834
22.1049089432
22.105301857
22.1334359646
22.1337769032
22.1341049671
22.1344149113
22.1347470284
22.1642708778
22.1478409767
22.1481568813
22.1487779617
22.1535179615
22.1689038277
22.1649699211
22.1655929089
22.1658878326
22.1661729813
22.1916179657
22.1882109642
22.188906908
22.1897890568
22.1902308464
22.2151679993
22.2157888412
22.2163870335
22.2167439461
22.2171189785
22.2359509468
22.2362718582
22.2365758419
22.2368857861
22.2373378277
22.2589600086
22.2591660023
22.2593300343
22.2594900131
22.2596511841
22.272840023
22.2734730244
22.2740781307
22.2750210762
22.2755591869
22.295994997
22.2969610691
22.2975451946
22.2981569767
22.2995550632
22.3238220215
22.3240139484
22.324187994
22.3243620396
22.3245351315
22.339548111
22.3253040314
22.3258328438
22.3264160156
22.3269379139
22.3650429249
22.3665738106
22.3633420467
22.3650841713
22.3658590317
22.3998529911
22.4002430439
22.4005119801
22.4007749557
22.4010920525
22.4303908348
22.4307379723
22.4310488701
22.4313600063
22.4316618443
22.4572200775
22.4575221539
22.4578130245
22