0.0225040912628
0.0186960697174
0.0203921794891
0.0208179950714
0.021418094635
0.0444810390472
0.0407288074493
0.0413839817047
0.0424058437347
0.0432398319244
0.0806519985199
0.0812289714813
0.0816679000854
0.0820999145508
0.0825707912445
0.101025819778
0.101236820221
0.0967938899994
0.0974578857422
0.0982239246368
0.137099981308
0.137434005737
0.132468938828
0.133030891418
0.133335828781
0.164080858231
0.15037894249
0.151083946228
0.151463985443
0.151831865311
0.17734003067
0.17334985733
0.174649953842
0.175173997879
0.175699949265
0.211045980453
0.211582899094
0.209499120712
0.209957122803
0.210574150085
0.235540151596
0.236155033112
0.236764192581
0.231615066528
0.232032060623
0.266245126724
0.261733055115
0.262315988541
0.263184070587
0.263725996017
0.289541006088
0.28994011879
0.29012799263
0.286823034286
0.287377119064
0.317361116409
0.317610025406
0.317825078964
0.318045139313
0.318201065063
0.332343101501
0.33266711235
0.332901000977
0.33310008049
0.333361148834
0.360172986984
0.36047911644
0.360851049423
0.361204147339
0.361475944519
0.384485006332
0.385210037231
0.364624023438
0.366012096405
0.367516994476
0.405092000961
0.401864051819
0.402292966843
0.402674913406
0.40306186676
0.433836936951
0.434324979782
0.43469786644
0.435083866119
0.435443878174
0.449340105057
0.449577093124
0.449779987335
0.449980020523
0.450190067291
0.47070813179
0.470942020416
0.471148014069
0.471337080002
0.471570014954
0.485517978668
0.485786914825
0.481640100479
0.482197999954
0.482583999634
0.516731023788
0.517157077789
0.513789176941
0.514299154282
0.514727115631
0.539406061172
0.539849042892
0.540282964706
0.540713071823
0.541126012802
0.55780506134
0.558240890503
0.558683872223
0.559130907059
0.559392929077
0.580352067947
0.581192016602
0.57831120491
0.579014062881
0.580037117004
0.619280099869
0.615394830704
0.616592884064
0.617285966873
0.61790394783
0.64124083519
0.642946004868
0.64425778389
0.656891107559
0.658858060837
0.696886062622
0.68967795372
0.690196037292
0.690606117249
0.691066026688
0.709622144699
0.711565971375
0.771291971207
0.77153801918
0.772182941437
0.801086902618
0.793212890625
0.794843912125
0.795788049698
0.796163082123
0.831157922745
0.831644058228
0.831888914108
0.832129001617
0.832374095917
0.859651088715
0.859964132309
0.860534191132
0.86101102829
0.861633062363
0.885697126389
0.886298179626
0.88681101799
0.887176990509
0.887426137924
0.907096862793
0.907618045807
0.907993078232
0.908359050751
0.908714056015
0.932073831558
0.928647041321
0.929574012756
0.930392980576
0.931236028671
0.97584605217
0.976689100266
0.961068868637
0.961807966232
0.962730884552
0.994836807251
0.995533943176
0.995889902115
0.996289014816
0.996603965759
1.03006601334
1.03037786484
1.03067183495
1.03090286255
1.03112101555
1.05472207069
1.05144906044
1.05208706856
1.05269598961
1.05318713188
1.07891106606
1.07926106453
1.07962703705
1.07994699478
1.08030295372
1.08649897575
1.09415793419
1.09462499619
1.0951628685
1.09555602074
1.13313293457
1.13345885277
1.13375687599
1.13416194916
1.13447093964
1.14429593086
1.14622712135
1.14701700211
1.14879703522
1.1494550705
1.17693400383
1.19245886803
1.19305586815
1.19368696213
1.19431495667
1.22990489006
1.23037600517
1.23073005676
1.2309949398
1.23128390312
1.26191711426
1.26222014427
1.26248216629
1.26280212402
1.26306796074
1.30108594894
1.29843688011
1.29906082153
1.29936790466
1.29964780807
1.32314991951
1.3063158989
1.30671095848
1.30696606636
1.30723500252
1.33584189415
1.33249497414
1.33372998238
1.33411216736
1.33453702927
1.36458206177
1.36163210869
1.36609697342
1.36662101746
1.36688899994
1.39395594597
1.39073109627
1.3913860321
1.39173388481
1.39202308655
1.42479109764
1.41434907913
1.41539311409
1.41571688652
1.4160990715
1.44558691978
1.43816208839
1.43925189972
1.4397559166
1.44574809074
1.47044801712
1.46770191193
1.46818208694
1.46866512299
1.46912312508
1.50096607208
1.49610209465
1.49737215042
1.49776315689
1.49809002876
1.57229614258
1.57276320457
1.56252813339
1.56323409081
1.56373715401
1.59242415428
1.59297704697
1.59008216858
1.59042406082
1.59072613716
1.6100320816
1.61071896553
1.61118412018
1.6116039753
1.612637043
1.65909004211
1.65968608856
1.66022801399
1.66079211235
1.66122198105
1.68248319626
1.68301820755
1.68337798119
1.68375706673
1.68412518501
1.70160579681
1.70247387886
1.70295786858
1.703373909
1.7162899971
1.73549389839
1.73661494255
1.73814892769
1.73883104324
1.7395529747
1.76778411865
1.76872205734
1.76965308189
1.77057790756
1.77129101753
1.80727100372
1.78880500793
1.78915500641
1.78948092461
1.78976988792
1.82284593582
1.82374501228
1.81969499588
1.82073187828
1.82190179825
1.84640789032
1.84733390808
1.84352993965
1.84989380836
1.85067892075
1.8851108551
1.88152194023
1.88314795494
1.88484191895
1.88562297821
1.91984200478
1.90380096436
1.90424394608
1.9045791626
1.90492296219
1.93349003792
1.92912602425
1.93086004257
1.93144607544
1.93196415901
1.97670221329
1.96824193001
1.9696688652
1.97153806686
1.97230100632
2.00377202034
1.99191999435
1.99271011353
1.99417304993
1.99454712868
2.02861118317
2.02479982376
2.02610397339
2.02689886093
2.02726888657
2.05650901794
2.05163693428
2.05276203156
2.05317592621
2.05360507965
2.07780098915
2.0614669323
2.0631070137
2.06346797943
2.06383800507
2.099848032
2.09526586533
2.09581589699
2.09613084793
2.09644079208
2.12583088875
2.12163805962
2.12301516533
2.12340807915
2.1237180233
2.14995503426
2.13215112686
2.13298892975
2.13373398781
2.13408493996
2.17284202576
2.17352199554
2.16943097115
2.17027711868
2.17112016678
2.19467115402
2.19667410851
2.20899891853
2.20935702324
2.20974302292
2.24679899216
2.24769496918
2.24341511726
2.24442696571
2.24479317665
2.27740001678
2.2576239109
2.25870990753
2.25951290131
2.25984096527
2.2942109108
2.294713974
2.29518198967
2.29561400414
2.29612994194
2.31752300262
2.31959414482
2.32067394257
2.32109212875
2.34295105934
2.36102294922
2.36217904091
2.363063097
2.3681230545
2.36923503876
2.40092015266
2.40192008018
2.40299415588
2.40424013138
2.40551304817
2.44817709923
2.44883298874
2.44907712936
2.44935297966
2.44965100288
2.46434092522
2.46503400803
2.46556401253
2.46607303619
2.46702599525
2.51641702652
2.51750302315
2.51810693741
2.51860904694
2.51908993721
2.53833913803
2.5404920578
2.54177999496
2.54295516014
2.55538988113
2.59533786774
2.59582281113
2.59640192986
2.59692192078
2.59735703468
2.61608982086
2.6180729866
2.61866688728
2.61923694611
2.61957383156
2.65310978889
2.6551887989
2.65566086769
2.65614581108
2.65658998489
2.67503094673
2.67548894882
2.67593407631
2.67649793625
2.67698192596
2.713367939
2.7138531208
2.71427798271
2.71472215652
2.7151350975
2.75017285347
2.7511408329
2.75135684013
2.75154685974
2.75172495842
2.77777194977
2.77849888802
2.77910089493
2.77947688103
2.78039097786
2.81276798248
2.81534481049
2.81581187248
2.8165678978
2.81708884239
2.85555911064
2.85598397255
2.8412630558
2.84153914452
2.84173202515
2.86896514893
2.86971998215
2.87012195587
2.87048697472
2.87082195282
2.89966392517
2.89594912529
2.8973300457
2.89774394035
2.8980550766
2.92212295532
2.92257714272
2.92289996147
2.92315793037
2.9234521389
2.93482685089
2.93543601036
2.93583202362
2.93626284599
2.93670201302
2.96133804321
2.96176600456
2.96216201782
2.96256494522
2.9630241394
2.98404097557
2.98456382751
2.98504900932
2.99123191833
2.99152779579
2.99902319908
2.99937009811
2.99963498116
2.99986720085
2.996489048
3.03514909744
3.0354552269
3.03582620621
3.03613615036
3.036465168
3.062032938
3.06245493889
3.06279301643
3.0630698204
3.06336283684
3.08458995819
3.0849108696
3.08521103859
3.08554792404
3.08593702316
3.11794495583
3.11830210686
3.11854815483
3.11892914772
3.11920595169
3.12390995026
3.12421488762
3.12445187569
3.12470293045
3.12494087219
3.15430998802
3.15464711189
3.15495705605
3.15530204773
3.15560102463
3.18121504784
3.18148899078
3.18175792694
3.18203306198
3.182295084
3.20267486572
3.20316696167
3.20364189148
3.204185009
3.20466589928
3.22555112839
3.22601819038
3.22628116608
3.22654008865
3.22678422928
3.25253295898
3.2532889843
3.2537548542
3.2542488575
3.25480294228
3.22350502014
3.22378396988
3.22402787209
3.22427082062
3.22451901436
3.24578690529
3.24608302116
3.24131679535
3.24326491356
3.24407577515
3.27671194077
3.2772397995
3.27766084671
3.278195858
3.27849197388
3.29041409492
3.29096603394
3.29147291183
3.29181694984
3.29211091995
3.32560706139
3.32598018646
3.32267999649
3.32335519791
3.32382202148
3.34494304657
3.34047198296
3.34232497215
3.3427670002
3.34331703186
3.38167190552
3.36643004417
3.36750006676
3.36788201332
3.3683860302
3.39317107201
3.3937959671
3.39009380341
3.39194083214
3.39374780655
3.41896486282
3.41466784477
3.41591596603
3.4167599678
3.41714882851
3.44647097588
3.44232296944
3.44825100899
3.44869494438
3.44917201996
3.47625803947
3.47281193733
3.47428107262
3.47480106354
3.47540092468
3.50852799416
3.4913289547
3.49289011955
3.49326300621
3.49364495277
3.52426600456
3.5250620842
3.52107191086
3.5230178833
3.52364397049
3.57153105736
3.57206201553
3.56367897987
3.56448411942
3.56654500961
3.61176109314
3.58613801003
3.58724093437
3.58757305145
3.5878329277
3.61953997612
3.61510396004
3.61567997932
3.61744093895
3.6179690361
3.65825486183
3.65006804466
3.65071487427
3.65120601654
3.65165090561
3.67924284935
3.67983007431
3.67014789581
3.67057394981
3.67098689079
3.69673895836
3.69308495522
3.69414710999
3.69466710091
3.69484496117
3.74351811409
3.73883390427
3.73902893066
3.73918294907
3.73935580254
3.77583098412
3.75696802139
3.75721001625
3.75788402557
3.75856399536
3.79158616066
3.78730893135
3.78831505775
3.78893399239
3.78947210312
3.82910609245
3.8293659687
3.82963299751
3.82413506508
3.82442998886
3.85579705238
3.85013699532
3.85071396828
3.8512468338
3.85198688507
3.87661385536
3.84950208664
3.85006093979
3.85043311119
3.85088992119
3.88767790794
3.88265299797
3.88368010521
3.88447523117
3.88495206833
3.91507601738
3.91528916359
3.91005802155
3.91031503677
3.91052412987
3.941010952
3.94131803513
3.93425917625
3.93525695801
3.93551206589
3.96161913872
3.94116997719
3.94567489624
3.94610786438
3.94670701027
3.97682595253
3.97360110283
3.9755821228
3.97620511055
3.97661399841
4.01683497429
4.00741696358
4.00910687447
4.00951504707
4.0098760128
4.05357289314
4.05427598953
4.054666996
4.05511903763
4.0554690361
4.07287502289
4.07411718369
4.07757306099
4.07806015015
4.07984399796
4.10665583611
4.10740399361
4.10780787468
4.10822105408
4.10869288445
4.11693501472
4.12915587425
4.12970089912
4.12998986244
4.13030600548
4.17375588417
4.15598797798
4.157102108
4.15863513947
4.1590051651
4.19114995003
4.1873319149
4.18775582314
4.18862199783
4.18893384933
4.21010994911
4.2106359005
4.20713400841
4.20761418343
4.20792818069
4.24187803268
4.24247598648
4.24283719063
4.24335598946
4.24372911453
4.26255893707
4.26393485069
4.26652193069
4.2839179039
4.27352690697
4.29730796814
4.29145598412
4.29178500175
4.29210186005
4.29296779633
4.32272481918
4.31777596474
4.31869006157
4.3198530674
4.32179903984
4.35106396675
4.34705495834
4.34773087502
4.3488099575
4.34913301468
4.37992286682
4.37422204018
4.37582802773
4.37737512589
4.37986016273
4.40770816803
4.39609599113
4.39785313606
4.39826607704
4.39857697487
4.42906594276
4.4300429821
4.43075919151
4.4311041832
4.43148112297
4.46831512451
4.46963000298
4.47022390366
4.47085404396
4.4712460041
4.49775505066
4.49354290962
4.49436998367
4.49553894997
4.49627685547
4.52941679955
4.50654911995
4.50718593597
4.50752091408
4.5078561306
4.53289794922
4.53211402893
4.5329990387
4.53351092339
4.53397798538
4.55881404877
4.55533289909
4.55574584007
4.55628681183
4.55672597885
4.58702802658
4.58303880692
4.58472895622
4.58522200584
4.58566594124
4.61561393738
4.61598491669
4.5995080471
4.60002183914
4.60610795021
4.63807988167
4.63848805428
4.63888192177
4.63941192627
4.6397998333
4.66328883171
4.6636428833
4.66402387619
4.66438484192
4.66490101814
4.6903219223
4.69071292877
4.6910738945
4.6914730072
4.69207406044
4.71679902077
4.71729707718
4.71772289276
4.71836900711
4.71876907349
4.72660899162
4.72710084915
4.72746396065
4.72784280777
4.72817277908
4.75012898445
4.75056004524
4.75092601776
4.75125098228
4.75157094002
4.77168512344
4.77214312553
4.77248907089
4.77293992043
4.76963305473
4.80111098289
4.80159211159
4.80203413963
4.8025021553
4.80293011665
4.82313704491
4.82347202301
4.82383012772
4.82418322563
4.82449412346
4.83384490013
4.83429503441
4.83468794823
4.83506608009
4.83547496796
4.85611987114
4.85671591759
4.85713791847
4.85759496689
4.8579480648
4.88990497589
4.89025998116
4.89057683945
4.89086484909
4.89123392105
4.9182779789
4.91866493225
4.91898393631
4.91927790642
4.91954708099
4.93762993813
4.93807196617
4.93841195107
4.9387409687
4.9390308857
4.94803905487
4.94834709167
4.94872021675
4.94930100441
4.94964909554
4.98241400719
4.98297095299
4.98346090317
4.98395299911
4.98452281952
5.00614285469
5.00669503212
5.00698781013
5.00731801987
5.0076239109
4.99974608421
5.0000500679
5.00035214424
5.00068593025
5.00120615959
5.02262377739
5.02294898033
5.02350187302
5.02383494377
5.02418279648
5.045388937
5.0457379818
5.0460729599
5.04639387131
5.04670381546
5.05379104614
5.05416512489
5.05451917648
5.05487418175
5.05522298813
5.07270693779
5.07312393188
5.07352185249
5.0739839077
5.07432699203
5.10348200798
5.10392093658
5.1042869091
5.10459804535
5.10491299629
5.11508011818
5.11546111107
5.11590409279
5.11624217033
5.11661314964
5.1407828331
5.14126586914
5.1417388916
5.14210391045
5.14249587059
5.16374397278
5.16417503357
5.16447687149
5.16475987434
5.16503691673
5.17220592499
5.17276597023
5.17326593399
5.17373800278
5.17418885231
5.18741488457
5.18788504601
5.18833494186
5.1887819767
5.18922400475
5.2143330574
5.21484398842
5.21518015862
5.21568703651
5.2162091732
5.23175096512
5.22841596603
5.23009896278
5.23041582108
5.23076701164
5.25890898705
5.25465202332
5.25522613525
5.25570511818
5.25629901886
5.28969812393
5.26654696465
5.26690196991
5.26723504066
5.2675280571
5.29668498039
5.296916008
5.29732704163
5.29770708084
5.29811406136
5.32340598106
5.31497097015
5.31672906876
5.31716704369
5.31752610207
5.3465089798
5.33194804192
5.33576703072
5.33627414703
5.3365881443
5.37275099754
5.36462116241
5.36501502991
5.36541414261
5.36590504646
5.39894008636
5.39464306831
5.39537906647
5.400578022
5.40137505531
5.42527794838
5.42566895485
5.42606902122
5.42637491226
5.42673897743
5.43829107285
5.43877911568
5.4391720295
5.43964505196
5.44004797935
5.47920393944
5.47488617897
5.47552514076
5.47619509697
5.47650003433
5.51884818077
5.49493694305
5.49699497223
5.49829602242
5.49878191948
5.53529500961
5.53136897087
5.532984972
5.53923392296
5.53965401649
5.56576800346
5.55707383156
5.5583999157
5.55955791473
5.5598988533
5.5878880024
5.53123307228
5.53250312805
5.53319311142
5.53369498253
5.56988501549
5.56623697281
5.56697583199
5.56733894348
5.56768488884
5.5923948288
5.58905696869
5.59063696861
5.59099006653
5.59157991409
5.61598801613
5.61296892166
5.61418294907
5.61477804184
5.61554694176
5.64326906204
5.63423991203
5.63515710831
5.63574790955
5.63654303551
5.66979694366
5.66086101532
5.66126513481
5.66211509705
5.66258311272
5.70332503319
5.6993970871
5.70047807693
5.70129704475
5.70203709602
5.73924803734
5.73190712929
5.73232007027
5.73271608353
5.73310494423
5.76521992683
5.76586508751
5.76632404327
5.76678490639
5.76710510254
5.77987599373
5.7885890007
5.78896284103
5.7893550396
5.78978395462
5.81171584129
5.81208896637
5.81242489815
5.81279492378
5.81300902367
5.8367638588
5.83743596077
5.84755682945
5.84789991379
5.84820604324
5.86486506462
5.86542510986
5.86594510078
5.84480404854
5.84692811966
5.87247109413
5.87302303314
5.87348008156
5.87385606766
5.8742620945
5.89513397217
5.89844799042
5.89530086517
5.89591002464
5.89763998985
5.9228708744
5.92323589325
5.92353892326
5.92386007309
5.92416405678
5.95489287376
5.95526981354
5.9556210041
5.95595097542
5.95624399185
5.98664498329
5.98733711243
5.98790001869
5.98868513107
5.98922395706
6.01967906952
6.02005505562
6.02042198181
6.02073311806
6.0210211277
6.02757096291
6.02796387672
6.02826786041
6.02860999107
6.02898597717
6.04962992668
6.04982495308
6.05003094673
6.05035400391
6.05075001717
6.0766119957
6.0768699646
6.07703495026
6.07720088959
6.07738900185
6.08837008476
6.09868502617
6.09921622276
6.09980201721
6.10034823418
6.12723398209
6.11454319954
6.11523509026
6.11584210396
6.1166510582
6.15162420273
6.14627790451
6.14693403244
6.14755702019
6.14849996567
6.18404507637
6.18463993073
6.18519091606
6.18576788902
6.18636608124
6.21860313416
6.21949911118
6.22032403946
6.22141814232
6.22266507149
6.24510502815
6.25116705894
6.25292897224
6.25398015976
6.25572609901
6.28416109085
6.28593921661
6.28733921051
6.28788113594
6.28914904594
6.33914613724
6.34056305885
6.34215092659
6.34304594994
6.34361505508
6.37850999832
6.38078093529
6.38210010529
6.38312602043
6.38390016556
6.41928887367
6.41997098923
6.42096185684
6.42176389694
6.42264199257
6.44427204132
6.44634103775
6.44827198982
6.45016002655
6.45716190338
6.48189091682
6.48424696922
6.48580908775
6.48718214035
6.4885430336
6.49784207344
6.50015497208
6.50192594528
6.5201420784
6.52142286301
6.54678297043
6.55165100098
6.55263113976
6.55336999893
6.55006504059
6.58169698715
6.58244895935
6.5832259655
6.58387303352
6.58452391624
6.60394906998
6.60498809814
6.60894703865
6.60913014412
6.60930800438
6.63061380386
6.63083791733
6.6310210228
6.6312148571
6.63138389587
6.64974188805
6.62788796425
6.63088202477
6.63403391838
6.63614702225
6.65739798546
6.65826010704
6.65907812119
6.65972495079
6.65666484833
6.68738698959
6.68829393387
6.68939495087
6.69004702568
6.68757987022
6.71797895432
6.71823883057
6.71846079826
6.71865987778
6.71887779236
6.73282194138
6.73308181763
6.73328399658
6.73349094391
6.73365998268
6.75250387192
6.75317788124
6.75385189056
6.75449085236
6.75517201424
6.7877600193
6.78897595406
6.79065012932
6.79161310196
6.79255604744
6.82422804832
6.82517004013
6.82574987411
6.82641291618
6.8269970417
6.8494591713
6.86209917068
6.86728906631
6.84808397293
6.84888195992
6.88435196877
6.88551402092
6.88685297966
6.88810300827
6.88902306557
6.91543316841
6.917345047
6.91842293739
6.91988110542
6.92137312889
6.94574999809
6.94719910622
6.95280599594
6.95441699028
6.95560097694
6.98263287544
6.98402190208
6.98527598381
6.98589801788
6.98716902733
7.01313495636
7.0146188736
7.01681399345
7.01853585243
7.02007293701
7.06012892723
7.06221795082
7.06371307373
7.06482005119
7.06541490555
7.10407090187
7.10619783401
7.10785293579
7.10931587219
7.13003492355
7.14720988274
7.14953589439
7.15130090714
7.15301585197
7.15485787392
7.1815829277
7.18304491043
7.18394088745
7.19181609154
7.19243407249
7.22208499908
7.22293686867
7.22378396988
7.22454094887
7.22526288033
7.24953389168
7.25050997734
7.25114989281
7.25190091133
7.25247597694
7.27345609665
7.27422308922
7.27485704422
7.2754611969
7.27621102333
7.2806699276
7.28148889542
7.28217697144
7.28282690048
7.28945088387
7.30904507637
7.30939793587
7.30961203575
7.3099770546
7.31021595001
7.3375210762
7.33776211739
7.33794116974
7.33821606636
7.33850908279
7.36356115341
7.36430597305
7.36490607262
7.36559700966
7.36623096466
7.38114094734
7.38350200653
7.38538002968
7.38731217384
7.38927102089
7.42199492455
7.42407894135
7.42602491379
7.42771792412
7.43021893501
7.46486401558
7.46597409248
7.46690201759
7.46797919273
7.47917509079
7.50727796555
7.50817894936
7.50899100304
7.50986909866
7.51075315475
7.53257083893
7.53337192535
7.53420090675
7.53494787216
7.53551793098
7.55776381493
7.55838990211
7.55900597572
7.55964493752
7.56020283699
7.58536314964
7.58631706238
7.56647205353
7.56830811501
7.56982922554
7.60675120354
7.60745120049
7.60843300819
7.60907912254
7.60963201523
7.63507390022
7.63612508774
7.63693904877
7.63777709007
7.63840508461
7.66597390175
7.66668581963
7.66749501228
7.66817593575
7.66916298866
7.6931438446
7.69395494461
7.69504785538
7.69611287117
7.69723391533
7.70880699158
7.71056103706
7.71281909943
7.72454500198
7.72522306442
7.74850702286
7.74940896034
7.75468111038
7.75535511971
7.75569796562
7.77369093895
7.77405691147
7.77433609962
7.77465510368
7.77490496635
7.79194307327
7.79246997833
7.79302096367
7.79364490509
7.79420804977
7.80544805527
7.80654406548
7.80735301971
7.80826711655
7.80918502808
7.84025502205
7.84098386765
7.84166693687
7.84234499931
7.84297990799
7.85856199265
7.85921001434
7.85987114906
7.86046218872
7.86113905907
7.89965796471
7.90037798882
7.90109586716
7.9017059803
7.90230679512
7.91254496574
7.91399598122
7.91488099098
7.91595005989
7.91683387756
7.93957901001
7.94064307213
7.94128704071
7.94188094139
7.94276213646
7.97060799599
7.9713549614
7.97193098068
7.97249889374
7.95665001869
7.98016095161
7.98069310188
7.98135709763
7.98206210136
7.98263692856
7.99978089333
8.00034284592
8.0008790493
7.99073886871
7.9922850132
8.01797199249
8.01855492592
8.01908683777
8.01965284348
8.02046203613
8.04126286507
8.04200387001
8.04263091087
8.04322886467
8.04384088516
8.05290102959
8.05370020866
8.0500330925
8.05112910271
8.05195617676
8.08772110939
8.08343195915
8.085064888
8.08553504944
8.08595705032
8.1188480854
8.11945104599
8.11497092247
8.11559486389
8.1157989502
8.14565706253
8.14632987976
8.14698791504
8.14767694473
8.14832305908
8.15948796272
8.16731405258
8.16797804832
8.1685628891
8.16906499863
8.20673108101
8.20734906197
8.20800304413
8.20874190331
8.20979595184
8.22452497482
8.2207942009
8.22270703316
8.22345209122
8.22426199913
8.24462008476
8.24210095406
8.24250507355
8.24286413193
8.24321508408
8.27045702934
8.26486897469
8.26585006714
8.26711797714
8.26759910583
8.30592608452
8.30273890495
8.30339980125
8.30393195152
8.3044359684
8.33053898811
8.31482505798
8.31634998322
8.31687903404
8.3172121048
8.3560731411
8.3497941494
8.35027599335
8.35070014
8.35141801834
8.38056302071
8.3759560585
8.37644410133
8.37682414055
8.37777304649
8.41941618919
8.41525292397
8.41602993011
8.41657495499
8.41729998589
8.44749689102
8.43311476707
8.43477487564
8.43544697762
8.43625283241
8.47166085243
8.47284793854
8.4698600769
8.47116708755
8.47176504135
8.51457905769
8.51561999321
8.51658201218
8.51770210266
8.51863503456
8.54111003876
8.54320287704
8.54423594475
8.54519701004
8.55432987213
8.5562210083
8.5586810112
8.56127095222
8.56836700439
8.58059000969
8.5993180275
8.60016202927
8.60100197792
8.60177516937
8.6026160717
8.62180113792
8.62250208855
8.62325501442
8.62402009964
8.62476015091
8.64864301682
8.65305495262
8.65418481827
8.65488791466
8.65549302101
8.67529201508
8.67609000206
8.67712903023
8.67805099487
8.67874002457
8.71456193924
8.71540594101
8.71603512764
8.7167301178
8.71725606918
8.745251894
8.74588489532
8.74651503563
8.74752187729
8.74849700928
8.75008702278
8.75054097176
8.75115299225
8.74696111679
8.74816203117
8.78439807892
8.78519511223
8.78589510918
8.78646492958
8.78724503517
8.81224584579
8.81320905685
8.81383395195
8.81439900398
8.81497788429
8.84986281395
8.85040688515
8.85099601746
8.85151100159
8.85203790665
8.87236094475
8.87327194214
8.87403988838
8.87484407425
8.87570595741
8.90194582939
8.90277600288
8.90369677544
8.90451788902
8.90513277054
8.92049789429
8.9213578701
8.92207098007
8.92280697823
8.92336082458
8.9452059269
8.94582605362
8.94636201859
8.94688296318
8.94740390778
8.97630381584
8.97697997093
8.97779393196
8.97879099846
8.97962093353
8.99162602425
8.99386405945
8.99519896507
9.01409983635
9.01516795158
9.0359351635
9.03657412529
9.03735208511
9.03807711601
9.0386660099
9.05156898499
9.05465507507
9.06501603127
9.0656709671
9.07694506645
9.10699605942
9.10757493973
9.10814404488
9.10895609856
9.10964393616
9.11736702919
9.11798787117
9.11855506897
9.11909794807
9.10833787918
9.15255689621
9.15361905098
9.1543648243
9.15523195267
9.15609383583
9.18174004555
9.18210887909
9.18241000175
9.18267202377
9.18303108215
9.20663118362
9.20718812943
9.20769000053
9.20807814598
9.20840001106
9.23561191559
9.23595404625
9.23624992371
9.23655700684
9.2368478775
9.24954795837
9.25139093399
9.26390981674
9.26433897018
9.26491498947
9.26963496208
9.27008891106
9.27039480209
9.27068686485
9.27112603188
9.29257512093
9.29302406311
9.2933819294
9.29376411438
9.29411101341
9.31481003761
9.31527495384
9.31570196152
9.31614208221
9.31663799286
9.3391430378
9.34307289124
9.34355092049
9.34420204163
9.34459686279
9.37203788757
9.37369394302
9.37413096428
9.37447690964
9.37477397919
9.40244913101
9.40287494659
9.40331101418
9.40370392799
9.40408706665
9.4181599617
9.41851592064
9.41881990433
9.41911196709
9.41953492165
9.45265603065
9.45328211784
9.45395493507
9.45430397987
9.45461297035
9.48327708244
9.48399400711
9.48450303078
9.48487114906
9.48523116112
9.50514698029
9.50552201271
9.50599098206
9.50636410713
9.50675916672
9.51667785645
9.51731085777
9.51779794693
9.51824402809
9.5185918808
9.53757596016
9.53793597221
9.53841900826
9.53877687454
9.53920197487
9.5637960434
9.56419992447
9.56457591057
9.56493401527
9.56526398659
9.59242010117
9.5928030014
9.59313392639
9.59359502792
9.59406995773
9.60138010979
9.60347318649
9.60540914536
9.62100219727
9.62159514427
9.63524985313
9.63682079315
9.64991688728
9.65056395531
9.65099596977
9.68080806732
9.68151712418
9.68192410469
9.68221402168
9.68250012398
9.71475291252
9.71539783478
9.71594500542
9.71639490128
9.71688985825
9.73698616028
9.73733615875
9.7376241684
9.73793196678
9.73822999001
9.75472807884
9.75516295433
9.75551509857
9.75590205193
9.75663304329
9.77080607414
9.77143406868
9.77193212509
9.77249908447
9.77303719521
9.803647995
9.80407691002
9.80488204956
9.80620884895
9.81029391289
9.83078408241
9.83133101463
9.8318400383
9.83236908913
9.8444070816
9.87143111229
9.87183213234
9.87221002579
9.87267613411
9.87327003479
9.88101601601
9.89735794067
9.89801192284
9.89851212502
9.89887404442
9.90729689598
9.90775895119
9.90824389458
9.90882182121
9.90919780731
9.92986917496
9.9303290844
9.93068313599
9.93104505539
9.9313659668
9.96947693825
9.97005200386
9.97054696083
9.97105002403
9.97148990631
9.98577094078
9.98789715767
10.0030190945
10.0036671162
10.0040690899
10.0297269821
10.0304298401
10.0314729214
10.0317828655
10.0322198868
10.0468301773
10.0472760201
10.0476901531
10.0481221676
10.0486631393
10.0646681786
10.0659120083
10.0667040348
10.0675051212
10.0680010319
10.0915679932
10.0921568871
10.0925559998
10.092913866
10.0932359695
10.1247668266
10.1254658699
10.125882864
10.1262199879
10.1267809868
10.1417019367
10.1432509422
10.1446280479
10.1467938423
10.1483428478
10.1764230728
10.1773819923
10.1791830063
10.1818020344
10.1834659576
10.2184360027
10.2189440727
10.2195320129
10.2197542191
10.2202861309
10.2454180717
10.2474970818
10.2516880035
10.253013134
10.2544391155
10.2777869701
10.2793648243
10.2806890011
10.282145977
10.2836740017
10.306388855
10.3086678982
10.323114872
10.3234989643
10.3238949776
10.3509068489
10.351462841
10.3519220352
10.352285862
10.3526308537
10.3753740788
10.3758749962
10.3763449192
10.3725960255
10.3750350475
10.4138870239
10.4143838882
10.4148309231
10.4152729511
10.4156279564
10.4327011108
10.4340221882
10.4353311062
10.4363970757
10.4369270802
10.4598140717
10.4605550766
10.4611110687
10.462387085
10.4635300636
10.5000021458
10.5003950596
10.5008101463
10.5011720657
10.5014750957
10.5218019485
10.5223610401
10.5230879784
10.5234818459
10.5260670185
10.5611109734
10.5617098808
10.5620720387
10.5624949932
10.5629060268
10.582036972
10.5824120045
10.5827660561
10.5831031799
10.5834372044
10.5883419514
10.5900030136
10.591408968
10.5928108692
10.594233036
10.6148889065
10.6168048382
10.6185438633
10.6310298443
10.6315019131
10.6304039955
10.641520977
10.6418449879
10.6423580647
10.6428499222
10.6639289856
10.6645200253
10.6648640633
10.6653521061
10.6615800858
10.6974849701
10.6978199482
10.6982030869
10.6985850334
10.6989529133
10.7145400047
10.7169058323
10.7225728035
10.7229878902
10.7233300209
10.7512819767
10.7519221306
10.7522871494
10.7628228664
10.7633159161
10.7874498367
10.7878139019
10.7881588936
10.7884688377
10.7887859344
10.8126039505
10.8129320145
10.813313961
10.8136909008
10.8140609264
10.8198111057
10.8203232288
10.8209450245
10.8213531971
10.8217201233
10.8466479778
10.8470759392
10.8474838734
10.8478288651
10.8482308388
10.8626010418
10.8646030426
10.880423069
10.8808870316
10.8812530041
10.8987791538
10.8991792202
10.8995511532
10.8999960423
10.9004070759
10.9293749332
10.9301068783
10.9304778576
10.9311518669
10.9314680099
10.955824852
10.9576070309
10.9586029053
10.9593110085
10.9598050117
10.9903240204
10.9940319061
10.9971089363
10.9979929924
11.0007309914
11.0285551548
11.0307149887
11.0328259468
11.0349891186
11.0437829494
11.0815091133
11.0821170807
11.082570076
11.0844159126
11.0847990513
11.087346077
11.087749958
11.0881531239
11.0885629654
11.0902371407
11.1101300716
11.1106541157
11.1128540039
11.1145291328
11.1154520512
11.1508870125
11.1530811787
11.1544380188
11.1552700996
11.1556890011
11.1807630062
11.1828382015
11.1834521294
11.1848220825
11.1864361763
11.2071659565
11.2087569237
11.2105629444
11.2122988701
11.2142510414
11.2579948902
11.2605910301
11.279542923
11.2634298801
11.2639088631
11.3060178757
11.3063697815
11.3027598858
11.3031508923
11.3035140038
11.324860096
11.3252840042
11.3256878853
11.3224551678
11.3228230476
11.3477101326
11.3480911255
11.3484470844
11.3487861156
11.3491241932
11.3703238964
11.3706259727
11.3710398674
11.3715088367
11.3720710278
11.3885829449
11.3889579773
11.3893759251
11.389703989
11.3901610374
11.4041440487
11.4046449661
11.4050321579
11.4054601192
11.4058561325
11.4317128658
11.432133913
11.4325268269
11.4328789711
11.4332098961
11.4594831467
11.4598560333
11.4602479935
11.4606831074
11.4612290859
11.4699890614
11.4706878662
11.4711699486
11.4765510559
11.4769749641
11.4987180233
11.4992220402
11.4995188713
11.4998660088
11.5001940727
11.5240199566
11.5245389938
11.5249919891
11.5255868435
11.5260858536
11.5410261154
11.5414919853
11.5419549942
11.5423099995
11.542757988
11.5584819317
11.5601108074
11.5613639355
11.562458992
11.5791838169
11.5954408646
11.5969529152
11.610093832
11.6106758118
11.6112539768
11.6199929714
11.6159451008
11.6162650585
11.6164259911
11.6166229248
11.645483017
11.6318790913
11.632609129
11.6333138943
11.6338949203
11.6861929893
11.6796960831
11.6805300713
11.6811110973
11.6816861629
11.7196099758
11.7165539265
11.7170870304
11.7176020145
11.7181668282
11.752589941
11.7326731682
11.7336361408
11.7341461182
11.7346482277
11.7730760574
11.7690591812
11.7702000141
11.7707211971
11.7712860107
11.8169591427
11.8137199879
11.8148431778
11.8155059814
11.8161790371
11.8629841805
11.8428981304
11.8438839912
11.8448569775
11.8460640907
11.8769481182
11.8742861748
11.8751840591
11.8759520054
11.8768441677
11.9130871296
11.909787178
11.9105350971
11.9112331867
11.9121651649
11.9455370903
11.931000948
11.9321651459
11.9331891537
11.9338300228
11.9878230095
11.9840321541
11.9847760201
11.9857230186
11.986410141
12.032861948
12.028826952
12.0296020508
12.0301339626
12.0307028294
12.0628509521
12.0579500198
12.0595829487
12.0602560043
12.0614309311
12.1038339138
12.0944168568
12.0950369835
12.0956749916
12.0963339806
12.1360058784
12.1309199333
12.1316969395
12.1328179836
12.1335010529
12.1697690487
12.1665399075
12.1671478748
12.1677758694
12.1684269905
12.1998078823
12.1947331429
12.1956310272
12.1964271069
12.1972761154
12.2455530167
12.2338712215
12.2346742153
12.2354810238
12.2361850739
12.2721321583
12.262597084
12.2633290291
12.2683520317
12.2689840794
12.2982821465
12.2989721298
12.29530406
12.296225071
12.2969200611
12.3240540028
12.3064858913
12.3073210716
12.3079600334
12.3086841106
12.3364078999
12.3378691673
12.3385000229
12.3390681744
12.3397390842
12.3692750931
12.3487789631
12.3493537903
12.349875927
12.3504998684
12.3889439106
12.3861420155
12.3868439198
12.3874108791
12.3880460262
12.4216868877
12.4188849926
12.4195048809
12.4202339649
12.4211158752
12.4566597939
12.4541978836
12.4549629688
12.4558119774
12.4566240311
12.4933159351
12.4783380032
12.4790329933
12.479569912
12.4800870419
12.5206930637
12.5180289745
12.5187458992
12.5226588249
12.5234689713
12.5588338375
12.5509660244
12.5517761707
12.552546978
12.553383112
12.5975852013
12.5820410252
12.582818985
12.5836040974
12.584608078
12.6211810112
12.6150658131
12.615945816
12.6167500019
12.6176300049
12.6843450069
12.6811830997
12.6818349361
12.6824929714
12.6831591129
12.7160260677
12.7121219635
12.7130169868
12.7137548923
12.7145588398
12.7536988258
12.7503521442
12.7511441708
12.7519490719
12.7527930737
12.7896142006
12.7747921944
12.7756001949
12.7764501572
12.7772800922
12.8172600269
12.8138699532
12.8145878315
12.8151688576
12.81584692
12.8405189514
12.824390173
12.8249680996
12.8255741596
12.8265011311
12.867470026
12.8642220497
12.8650169373
12.8659858704
12.8667058945
12.9103319645
12.9061169624
12.9072709084
12.907804966
12.9084658623
12.9401249886
12.9338920116
12.9348709583
12.9356091022
12.9363350868
12.9649128914
12.960996151
12.9615380764
12.9621121883
12.9629070759
12.9915931225
12.9730620384
12.9736251831
12.9743270874
12.9748420715
13.0164830685
13.0140168667
13.015403986
13.0160338879
13.0165669918
13.0448708534
13.0419499874
13.0430018902
13.0435791016
13.0442869663
13.0796349049
13.075521946
13.0766630173
13.07761693
13.0782570839
13.1081399918
13.0943911076
13.0950889587
13.096143961
13.0970110893
13.1309819221
13.1319849491
13.128881216
13.1302351952
13.1313130856
13.1691160202
13.1702132225
13.1659600735
13.1676359177
13.1685800552
13.2132530212
13.1948029995
13.1955821514
13.1962041855
13.1968021393
13.2213280201
13.2187700272
13.2197611332
13.2207181454
13.2217121124
13.2513270378
13.2420010567
13.242866993
13.243710041
13.2445349693
13.2824809551
13.2702000141
13.2711820602
13.2720649242
13.2730548382
13.3102939129
13.3043711185
13.3051979542
13.305824995
13.3064060211
13.3548531532
13.351526022
13.352285862
13.3529510498
13.3537080288
13.3887820244
13.3863790035
13.3912541866
13.3922541142
13.3930540085
13.4272041321
13.4161601067
13.4167041779
13.4172790051
13.4178061485
13.4483830929
13.444961071
13.4460961819
13.4466731548
13.4533100128
13.4820051193
13.4785821438
13.4793221951
13.4800131321
13.4807569981
13.5149281025
13.5157380104
13.5167679787
13.5173678398
13.5179669857
13.5554618835
13.5465219021
13.5474009514
13.5480628014
13.548735857
13.5749127865
13.5629668236
13.5697448254
13.5705850124
13.5713880062
13.6085839272
13.5993602276
13.5999670029
13.6009850502
13.6017100811
13.6465442181
13.6428749561
13.643474102
13.6440579891
13.6447930336
13.7084281445
13.6913530827
13.6920681
13.6926851273
13.6933870316
13.735460043
13.7359271049
13.7365059853
13.7370209694
13.7375719547
13.7629060745
13.759759903
13.7605938911
13.7613768578
13.7623119354
13.8137168884
13.8097100258
13.8103280067
13.8111901283
13.8118610382
13.8574390411
13.844771862
13.8453948498
13.8459877968
13.8468987942
13.8921308517
13.8707768917
13.8715250492
13.8722679615
13.8729889393
13.9347920418
13.9321951866
13.9333760738
13.9344081879
13.9351680279
13.9763491154
13.9768199921
13.9725370407
13.9730739594
13.9735400677
14.0109159946
14.0070619583
14.0075759888
14.0083179474
14.0086100101
14.034430027
14.0209860802
14.0214509964
14.0219550133
14.0223841667
14.0587720871
14.0417459011
14.0429940224
14.0437259674
14.0444169044
14.0841140747
14.0798931122
14.081138134
14.0817790031
14.0821390152
14.1299009323
14.1258978844
14.1273429394
14.128182888
14.1284959316
14.1593899727
14.1558549404
14.1564800739
14.1571381092
14.1574110985
14.1852309704
14.1669859886
14.1688780785
14.1692941189
14.1698141098
14.2212080956
14.2180030346
14.2187011242
14.2191369534
14.2195138931
14.2597880363
14.2501878738
14.250617981
14.2523450851
14.2529308796
14.3030290604
14.3001248837
14.3008639812
14.301751852
14.302287817
14.3442099094
14.3414649963
14.3431489468
14.344397068
14.3449249268
14.374974966
14.3750538826
14.3779799938
14.378412962
14.3788619041
14.455878973
14.4561238289
14.4563429356
14.4565558434
14.4567518234
14.4791820049
14.4795069695
14.4796919823
14.4800488949
14.4805538654
14.5066709518
14.4857439995
14.4860630035
14.4863331318
14.4902410507
14.5271749496
14.527670145
14.5279901028
14.5282831192
14.5285511017
14.5482218266
14.5495688915
14.550894022
14.5512828827
14.5516989231
14.5936021805
14.5940451622
14.5944581032
14.5947561264
14.5952022076
14.6139278412
14.6154558659
14.6167948246
14.618074894
14.6198430061
14.6547868252
14.6567029953
14.6582319736
14.6599497795
14.6612448692
14.6839108467
14.6854770184
14.687048912
14.7048649788
14.7055850029
14.7395019531
14.7400720119
14.7406041622
14.7411141396
14.7414851189
14.7660999298
14.7665820122
14.7670409679
14.7675559521
14.7679150105
14.7887628078
14.7890999317
14.7894427776
14.7897667885
14.7739629745
14.8040759563
14.8044810295
14.804831028
14.8054099083
14.8057980537
14.8312108517
14.8315927982
14.8321027756
14.8324530125
14.8329329491
14.8520898819
14.8524000645
14.8527009487
14.8530039787
14.8533349037
14.87895298
14.8793349266
14.8796460629
14.8799200058
14.8801870346
14.8874361515
14.8877921104
14.8882451057
14.8886780739
14.8891441822
14.9134230614
14.9138100147
14.9142050743
14.9145550728
14.9149050713
14.9530510902
14.9534680843
14.9538161755
14.95414114
14.9545691013
14.9716281891
14.9720950127
14.9724471569
14.9727931023
14.9733111858
14.992000103
14.9923539162
14.9927000999
14.9931828976
14.9935479164
15.0314540863
15.0319321156
15.0323672295
15.0327711105
15.0332541466
15.0550880432
15.0578160286
15.0590689182
15.0600268841
15.0609698296
15.0848810673
15.0860440731
15.0869369507
15.0879631042
15.0885879993
15.1274781227
15.1278820038
15.1281540394
15.1284120083
15.1286740303
15.1622052193
15.1626381874
15.163061142
15.1635620594
15.1641981602
15.1946310997
15.1952631474
15.1956582069
15.1960270405
15.1963891983
15.2144320011
15.2149429321
15.2153220177
15.2156720161
15.2160139084
15.2475578785
15.2526428699
15.2532930374
15.2537138462
15.254101038
15.278211832
15.2804389
15.2817120552
15.2828419209
15.2868418694
15.3078968525
15.3095009327
15.3114199638
15.3137669563
15.3159618378
15.351265192
15.3528220654
15.3543331623
15.3552031517
15.3555700779
15.385393858
15.3876869678
15.3894798756
15.3908410072
15.3920300007
15.4197158813
15.4214220047
15.4262309074
15.4277429581
15.4322988987
15.4488508701
15.4610610008
15.4614369869
15.4617519379
15.4620580673
15.4991488457
15.4997830391
15.5005319118
15.5008659363
15.5011608601
15.5236949921
15.5240969658
15.5246851444
15.5250940323
15.5354399681
15.556538105
15.5618171692
15.562128067
15.562431097
15.5627300739
15.5968849659
15.5972259045
15.5975189209
15.5978019238
15.5981550217
15.6254200935
15.626073122
15.6263680458
15.6266999245
15.6270430088
15.6602349281
15.6620519161
15.6635680199
15.6650769711
15.6664068699
15.6979980469
15.7014439106
15.7030930519
15.7055869102
15.7081711292
15.7350590229
15.7519619465
15.7483727932
15.7488069534
15.7492389679
15.7794489861
15.7797808647
15.7801318169
15.7764379978
15.776804924
15.8209531307
15.8216109276
15.8222949505
15.8226749897
15.8229899406
15.8366019726
15.8376049995
15.8379569054
15.8382799625
15.8486430645
15.8840389252
15.8864300251
15.8870499134
15.8874309063
15.9030570984
15.9226870537
15.9240479469
15.9254438877
15.9261348248
15.9264140129
15.9387769699
15.941519022
15.9431099892
15.9458260536
15.9477229118
15.9846339226
15.9867398739
15.9886119366
15.9902780056
15.9922568798
16.0374670029
16.0385389328
16.0394010544
16.0400059223
16.040678978
16.076374054
16.0771501064
16.0792400837
16.080160141
16.0982620716
16.1032390594
16.1051781178
16.1070621014
16.1090159416
16.111189127
16.1502990723
16.1524560452
16.1541130543
16.1559472084
16.158755064
16.187830925
16.1897120476
16.1914169788
16.1934578419
16.195556879
16.2230041027
16.2249600887
16.2264809608
16.2282171249
16.2297990322
16.2503330708
16.2524590492
16.254199028
16.2558319569
16.2574870586
16.2813200951
16.2840301991
16.2866530418
16.3017361164
16.3025901318
16.3287780285
16.3294742107
16.3301172256
16.3307430744
16.3315501213
16.3551440239
16.355962038
16.3565709591
16.3572010994
16.3579220772
16.390237093
16.3909080029
16.3916890621
16.3922870159
16.3929409981
16.4270470142
16.4230320454
16.4236330986
16.4242920876
16.4248759747
16.4396810532
16.4524700642
16.4543261528
16.4552471638
16.4560761452
16.4989821911
16.4996991158
16.5003840923
16.5010449886
16.5016560555
16.5224058628
16.5262680054
16.5266849995
16.527436018
16.5281968117
16.5668079853
16.5675570965
16.5681450367
16.5687379837
16.5692849159
16.5875430107
16.5883960724
16.5892450809
16.5902440548
16.5910880566
16.6292710304
16.6301369667
16.6308128834
16.6313760281
16.6319458485
16.6755588055
16.6768939495
16.678609848
16.679404974
16.6809659004
16.7183260918
16.7197370529
16.7222530842
16.723402977
16.7240760326
16.7480881214
16.7503480911
16.751786232
16.7538070679
16.7552640438
16.7861759663
16.7873959541
16.7881350517
16.7889180183
16.8091928959
16.8226070404
16.8271861076
16.8284192085
16.830121994
16.8318200111
16.8786439896
16.8797469139
16.8803749084
16.8809409142
16.8817350864
16.9465408325
16.9479739666
16.9487290382
16.9495389462
16.9502468109
16.9548609257
16.9564900398
16.9575200081
16.9586410522
16.959444046
16.9895060062
16.9903240204
16.9915800095
16.9922289848
16.9928331375
17.0265898705
17.0280408859
17.0291478634
17.0297110081
17.0302989483
17.0763449669
17.0778739452
17.0793178082
17.0848178864
17.0859749317
17.1177070141
17.1192281246
17.1205401421
17.1214840412
17.1254110336
17.155739069
17.1566359997
17.1573240757
17.1541509628
17.1548409462
17.19141078
17.191991806
17.1925358772
17.1930890083
17.1937668324
17.2129719257
17.2135720253
17.2142210007
17.2149059772
17.2163798809
17.2470140457
17.2481689453
17.2488679886
17.2495601177
17.2501831055
17.2840960026
17.2846698761
17.2852339745
17.28591609
17.2866740227
17.3287029266
17.3301508427
17.3310949802
17.3322279453
17.3335068226
17.3578009605
17.3599071503
17.3625190258
17.3656990528
17.3677000999
17.4053778648
17.4074239731
17.4091589451
17.4111750126
17.4172999859
17.4477889538
17.4485809803
17.4492080212
17.4500939846
17.4559400082
17.4928560257
17.4943399429
17.4950549603
17.4965441227
17.4975500107
17.5295808315
17.5302047729
17.5307888985
17.5316438675
17.5323488712
17.5678050518
17.5691900253
17.5705699921
17.5716810226
17.5908539295
17.6008350849
17.6027591228
17.6036741734
17.6044971943
17.6053640842
17.6372070312
17.6379580498
17.6386568546
17.6393649578
17.6400179863
17.6621890068
17.6637458801
17.6644568443
17.6651198864
17.6658470631
17.7042319775
17.7070851326
17.7081110477
17.709428072
17.7103850842
17.7411029339
17.7431948185
17.7456548214
17.7478568554
17.7497868538
17.7825388908
17.7847537994
17.7908778191
17.7921769619
17.7934339046
17.8195450306
17.8203749657
17.8209879398
17.8216469288
17.8223099709
17.8483371735
17.849159956
17.8502080441
17.8511810303
17.8500468731
17.8846309185
17.8853359222
17.8859760761
17.8866610527
17.8873620033
17.9144029617
17.9153339863
17.916082859
17.9167339802
17.9175868034
17.9263081551
17.9269881248
17.9276640415
17.9357581139
17.9368901253
17.958976984
17.9597139359
17.9603319168
17.9610688686
17.9617340565
17.9992961884
17.9999270439
18.0005841255
18.0011620522
18.0017352104
18.0547289848
18.0555429459
18.0564990044
18.0573918819
18.0582499504
18.0818560123
18.0827770233
18.0837230682
18.0846099854
18.0854721069
18.1081421375
18.1097271442
18.1170670986
18.1190671921
18.1196300983
18.1445529461
18.1476550102
18.1488111019
18.1498410702
18.1506650448
18.1869459152
18.18876791
18.1906130314
18.192029953
18.19333601
18.2279517651
18.2285177708
18.2291069031
18.2296807766
18.2304029465
18.2796180248
18.2803099155
18.2810790539
18.281826973
18.2824399471
18.301251173
18.3031070232
18.3045551777
18.3064510822
18.3321521282
18.3605921268
18.3444831371
18.3448710442
18.3461670876
18.3487360477
18.3817491531
18.3811650276
18.3816430569
18.382183075
18.3854651451
18.4073369503
18.4080791473
18.4053370953
18.4057581425
18.4061970711
18.4415860176
18.4378671646
18.439453125
18.4398992062
18.4401891232
18.471599102
18.4693911076
18.4699690342
18.4705460072
18.4708969593
18.5061359406
18.484621048
18.4850111008
18.4859011173
18.4862310886
18.5283551216
18.5216298103
18.5222048759
18.5231289864
18.5235588551
18.55148983
18.8473639488
18.8479471207
18.8489940166
18.8494489193
18.8520181179
18.8487520218
18.8492650986
18.850684166
18.8942382336
18.8958671093
18.8827931881
18.8833692074
18.8839092255
18.884455204
18.9283840656
18.9253230095
18.926254034
18.9271481037
18.9283919334
18.9608280659
18.9589841366
18.959980011
18.9609479904
18.9627399445
18.9981560707
18.9945311546
18.9960989952
18.9966871738
18.9974420071
19.0373880863
19.0314750671
19.0321550369
19.0327720642
19.0336639881
19.0639100075
19.0526008606
19.0539298058
19.0566189289
19.0590929985
19.1240019798
19.1158089638
19.1166400909
19.1175739765
19.118336916
19.1620690823
19.1631009579
19.1594338417
19.1602330208
19.1609940529
19.2098448277
19.1997230053
19.2004737854
19.2010409832
19.2015619278
19.2347598076
19.23021698
19.2308940887
19.2370970249
19.2378180027
19.2714688778
19.2678949833
19.2695140839
19.2705740929
19.2713251114
19.3210949898
19.3027489185
19.3035209179
19.3045840263
19.305437088
19.3498749733
19.3476419449
19.3484261036
19.3490569592
19.3496389389
19.3812890053
19.3784649372
19.3794050217
19.3801820278
19.3872418404
19.4348640442
19.4322938919
19.4335980415
19.4344649315
19.4353849888
19.4809100628
19.4648351669
19.4654171467
19.4661841393
19.4668111801
19.4963870049
19.4933109283
19.4951019287
19.4958770275
19.4970629215
19.5265049934
19.5225257874
19.5232198238
19.5239379406
19.5245368481
19.5545959473
19.5369150639
19.537801981
19.5386741161
19.5395209789
19.5687940121
19.5614900589
19.5622169971
19.5628478527
19.5634748936
19.6036529541
19.6000809669
19.6009910107
19.6016049385
19.6021778584
19.6316280365
19.6324789524
19.6291630268
19.6298379898
19.6314079762
19.6629559994
19.6511399746
19.6518609524
19.6525449753
19.6533219814
19.6932110786
19.690071106
19.6908311844
19.6914601326
19.6920881271
19.7277460098
19.7285621166
19.7259361744
19.726776123
19.727492094
19.7647380829
19.7659380436
19.7620921135
19.763876915
19.7645950317
19.7905371189
19.7842819691
19.7849929333
19.78561306
19.7864100933
19.8145070076
19.803303957
19.8050129414
19.805742979
19.8063879013
19.8454780579
19.8420519829
19.8428869247
19.8435809612
19.8441808224
19.8718149662
19.8653330803
19.866065979
19.8666169643
19.8671591282
19.9089591503
19.8921179771
19.8928589821
19.8935818672
19.8942818642
19.9215359688
19.9163768291
19.9174180031
19.9192399979
19.9210739136
19.9486339092
19.9449410439
19.9465379715
19.9473490715
19.9481890202
19.9785439968
19.9617159367
19.9627270699
19.9633340836
19.9638569355
20.0030379295
20.0000901222
20.0014250278
20.0025498867
20.0099010468
20.0394010544
20.0358519554
20.0367848873
20.0376389027
20.0384740829
20.0717389584
20.0557918549
20.0565190315
20.0570719242
20.0579679012
20.0825500488
20.0784380436
20.079627037
20.0803809166
20.082007885
20.123169899
20.1207859516
20.1216828823
20.1223909855
20.123267889
20.1623768806
20.149271965
20.1499857903
20.1510658264
20.1520578861
20.1865739822
20.1829950809
20.1835770607
20.1842908859
20.1849648952
20.2277729511
20.2248668671
20.2259578705
20.2270698547
20.2280709743
20.2583789825
20.252892971
20.2540860176
20.2547700405
20.2554109097
20.2921619415
20.2805650234
20.28125
20.282004118
20.2830181122
20.3086099625
20.304749012
20.3056747913
20.3063349724
20.3085429668
20.3523240089
20.3474261761
20.3483660221
20.3493001461
20.3503332138
20.382707119
20.3617858887
20.3630540371
20.3640580177
20.365336895
20.3986399174
20.395252943
20.3959219456
20.3966298103
20.398059845
20.43917799
20.4400060177
20.4406509399
20.4412879944
20.4418828487
20.4793579578
20.4648089409
20.4654769897
20.4714210033
20.4722259045
20.5242509842
20.5213310719
20.522302866
20.5236289501
20.5245890617
20.5507318974
20.5492649078
20.5501749516
20.5508918762
20.5515098572
20.5959708691
20.5752310753
20.5759589672
20.5766201019
20.5773050785
20.6216800213
20.6179711819
20.618981123
20.6197600365
20.6206161976
20.6648361683
20.6578168869
20.6588609219
20.6601440907
20.6611599922
20.6952080727
20.6852829456
20.6859309673
20.686909914
20.6875030994
20.718943119
20.7154409885
20.7159922123
20.7165620327
20.7172629833
20.7470991611
20.7397191525
20.7403380871
20.7409300804
20.7415390015
20.7725069523
20.7686870098
20.76927495
20.7698359489
20.7707540989
20.8063399792
20.7881879807
20.7896528244
20.7908079624
20.7920298576
20.8388409615
20.8357889652
20.8365809917
20.8375890255
20.8383290768
20.8806231022
20.877849102
20.8787419796
20.8798339367
20.8806569576
20.9247291088
20.9210329056
20.9220910072
20.9229619503
20.9238510132
20.9699659348
20.9707729816
20.9541239738
20.9553821087
20.9563229084
21.0025849342
21.0002551079
21.0014081001
21.0023150444
21.0029850006
21.035130024
21.0272099972
21.0281341076
21.0287220478
21.0361571312
21.0658550262
21.0578370094
21.0584471226
21.0593671799
21.0600640774
21.1058740616
21.1022830009
21.1032118797
21.104129076
21.1052558422
21.1320610046
21.1229259968
21.1236341
21.1244189739
21.125015974
21.1625039577
21.1521070004
21.1531429291
21.1546669006
21.1554579735
21.1886370182
21.1853640079
21.186549902
21.187420845
21.1883199215
21.2291560173
21.2302620411
21.222864151
21.2244100571
21.2254331112
21.2663180828
21.2630610466
21.2637720108
21.2644400597
21.2654778957
21.3104870319
21.2925608158
21.2934708595
21.2943379879
21.2951309681
21.3245308399
21.3212220669
21.3230040073
21.32396698
21.3249371052
21.3689460754
21.3654718399
21.3661828041
21.36687994
21.3675289154
21.4074728489
21.3906400204
21.3914160728
21.3924651146
21.393237114
21.4369471073
21.4337930679
21.4347240925
21.4356510639
21.4365239143
21.4694960117
21.4667880535
21.4673740864
21.4679028988
21.4684290886
21.5038208961
21.4927229881
21.4936208725
21.4943020344
21.4958178997
21.5212359428
21.5183300972
21.5189640522
21.5195510387
21.5201759338
21.5477869511
21.5443611145
21.5454530716
21.546074152
21.5468530655
21.5880019665
21.5832948685
21.5842080116
21.5848169327
21.5854380131
21.6165380478
21.6073660851
21.6084811687
21.6094031334
21.6104099751
21.637706995
21.6350519657
21.6358850002
21.636744976
21.6378290653
21.6754541397
21.6689679623
21.6699519157
21.6706109047
21.6715729237
21.7094910145
21.7004671097
21.7017781734
21.7029931545
21.7038111687
21.7380230427
21.7354521751
21.7362031937
21.7370421886
21.7375922203
21.7611801624
21.7597219944
21.7605690956
21.7612011433
21.7618939877
21.787279129
21.7783930302
21.7791140079
21.779802084
21.7805330753
21.8111948967
21.8131809235
21.8100759983
21.8107969761
21.8113808632
21.841643095
21.8427698612
21.8398039341
21.840734005
21.8415389061
21.8747329712
21.8624079227
21.863008976
21.8635780811
21.864495039
21.8970000744
21.8931491375
21.8938090801
21.8943510056
21.8949260712
21.919686079
21.9087891579
21.9093501568
21.909913063
21.9106411934
21.9486470222
21.944396019
21.9450800419
21.9458169937
21.9463829994
21.9746789932
21.9627509117
21.9633758068
21.9639878273
21.9645400047
21.9904129505
21.9832921028
21.9841630459
21.9848501682
21.9853670597
22.0269770622
22.0239241123
22.0247840881
22.0255539417
22.0266151428
22.0503959656
22.033260107
22.0349469185
22.0369579792
22.0385940075
22.0680599213
22.0647830963
22.0656380653
22.0662438869
22.0668230057
22.0880570412
22.0805859566
22.0811641216
22.0817551613
22.0823540688
22.1107499599
22.0964071751
22.0969820023
22.0975029469
22.0980141163
22.1343340874
22.1304731369
22.1315231323
22.1324501038
22.1333990097
22.1635291576
22.1430711746
22.1437439919
22.1443421841
22.1449861526
22.1771421432
22.174382925
22.1751329899
22.1758298874
22.1765358448
22.20140481
22.1910021305
22.1919281483
22.1928110123
22.1936731339
22.2315270901
22.2218408585
22.2224948406
22.2231459618
22.2240338326
22.2543690205
22.2481491566
22.2490291595
22.2501411438
22.2510120869
22.2884840965
22.2752940655
22.2759759426
22.2766010761
22.2771539688
22.3107299805
22.3041100502
22.3047449589
22.3053719997
22.3067009449
22.3348701
22.3354640007
22.3360249996
22.3367960453
22.3377649784
22.361746788
22.3624389172
22.3630800247
22.3636128902
22.3641798496
22.3800640106
22.3808329105
22.381633997
22.387597084
22.3883800507
22.4187450409
22.419615984
22.4202871323
22.4212341309
22.4219172001
22.4528150558
22.4532880783
22.4488248825
22.449767828
22.4501209259
22.4818508625
22.4831979275
22.4841618538
22.4847919941
22.4854300022
22.4890201092
22.4896309376
22.4901890755
22.4908599854
22.4916050434
22.5078630447
22.5088601112
22.5098261833
22.5106790066
22.5118041039
22.5231208801
22.5250999928
22.5272409916
22.529061079
22.5307939053
22.5600030422
22.5607280731
22.5614070892
22.5621049404
22.5626990795
22.5813331604
22.5830390453
22.5903060436
22.5915009975
22.5933489799
22.6165060997
22.6180090904
22.6201500893
22.6222350597
22.6241269112
22.6546700001
22.6554679871
22.6562058926
22.6569809914
22.6593668461
22.6727130413
22.6733829975
22.6740701199
22.6746912003
22.6765911579
22.7149651051
22.7157409191
22.7164409161
22.7170140743
22.7175700665
22.7358491421
22.7368252277
22.7375659943
22.7499120235
22.7510311604
22.7691290379
22.769892931
22.7705309391
22.7719118595
22.7725529671
22.7882208824
22.7943928242
22.7950499058
22.7956559658
22.7963039875
22.8313529491
22.8321020603
22.8330469131
22.8338110447
22.8344841003
22.8671040535
22.8689301014
22.8709580898
22.8770070076
22.8779850006
22.8892879486
22.8951210976
22.8959949017
22.8966720104
22.8976399899
22.9316790104
22.9330039024
22.9309561253
22.9331431389
22.9355111122
22.9589731693
22.9596371651
22.9603412151
22.9610550404
22.9616680145
22.9841201305
22.9849801064
22.985804081
22.986438036
22.9872741699
23.0126299858
23.0142841339
23.0154030323
23.0121619701
23.0129740238
23.0463058949
23.0470328331
23.047755003
23.0483708382
23.0489649773
23.0717859268
23.0720930099
23.0723199844
23.0725231171
23.072756052
23.0947730541
23.095031023
23.0952181816
23.0954639912
23.0956611633
23.117923975
23.1181690693
23.1184420586
23.1186900139
23.1188840866
23.128287077
23.1294910908
23.1301829815
23.1307690144
23.1313290596
23.1603310108
23.1608810425
23.161687851
23.1624588966
23.1632959843
23.1896631718
23.1904640198
23.1916110516
23.1924901009
23.1933381557
23.2188498974
23.2196819782
23.2205140591
23.2211909294
23.221848011
23.2404241562
23.241189003
23.2418131828
23.2424581051
23.2430560589
23.2689900398
23.2702550888
23.2709321976
23.2690041065
23.2723901272
23.310847044
23.311674118
23.3130600452
23.3138010502
23.3143849373
23.3470859528
23.3477780819
23.348361969
23.3489210606
23.349462986
23.3645040989
23.3654310703
23.3661251068
23.3668019772
23.3674471378
23.3879580498
23.3900520802
23.3913390636
23.3919920921
23.3927772045
23.4203650951
23.4230380058
23.4256699085
23.4279489517
23.4294369221
23.4545509815
23.4569950104
23.4595890045
23.4619369507
23.4616408348
23.4853980541
23.4863049984
23.4871969223
23.4880959988
23.4889719486
23.5160999298
23.5170578957
23.5177118778
23.5183389187
23.5189769268
23.5425348282
23.5432100296
23.5436668396
23.5084760189
23.5088858604
23.5380430222
23.5384669304
23.5388438702
23.5392279625
23.5396308899
23.5573189259
23.5578680038
23.5584659576
23.5590279102
23.5595459938
23.5801651478
23.5807950497
23.581346035
23.5819060802
23.5786209106
23.6088209152
23.6094698906
23.6104898453
23.6113200188
23.612172842
23.6309268475
23.6316359043
23.6321909428
23.6328709126
23.6333339214
23.6401691437
23.6403641701
23.6405291557
23.6406931877
23.6408700943
23.6630029678
23.6632208824
23.663422823
23.6636190414
23.6637978554
23.6948769093
23.695098877
23.6953349113
23.6956329346
23.6958470345
23.7121930122
23.7129349709
23.7137970924
23.71428895
23.7148690224
23.739743948
23.741410017
23.7421469688
23.7429680824
23.7435679436
23.767786026
23.7680599689
23.7683689594
23.7686619759
23.7689428329
23.7848877907
23.7857248783
23.7866020203
23.7873888016
23.7885408401
23.8068561554
23.8075461388
23.8082420826
23.808904171
23.8095281124
23.8378620148
23.8385579586
23.8392179012
23.8454608917
23.8461859226
23.8646159172
23.8652749062
23.8658359051
23.866437912
23.86718297
23.8809890747
23.8816859722
23.8824560642
23.8830931187
23.8837211132
23.9183790684
23.918900013
23.9191129208
23.9194579124
23.9150130749
23.9467761517
23.9474740028
23.948102951
23.9487709999
23.9494111538
23.9737770557
23.9744079113
23.9750380516
23.9757649899
23.9763190746
23.9999828339
24.0009999275
24.0019009113
24.0026350021
24.0033659935
24.0374071598
24.0380620956
24.038670063
24.0393002033
24.039921999
24.0630390644
24.0639510155
24.0605211258
24.0614829063
24.0624361038
24.0945401192
24.0914261341
24.0925621986
24.0931830406
24.094176054
24.1283249855
24.118945837
24.1195898056
24.1205728054
24.1212389469
24.1523499489
24.148360014
24.1497979164
24.1504409313
24.1510028839
24.1834728718
24.1833322048
24.1841001511
24.1850101948
24.1856770515
24.2142560482
24.1990551949
24.1998641491
24.2005121708
24.2011191845
24.2288892269
24.2247481346
24.2255342007
24.2260580063
24.2267642021
24.2558181286
24.2521901131
24.2529900074
24.253537178
24.2540740967
24.2787320614
24.274189949
24.2748119831
24.2806041241
24.2810800076
24.3083219528
24.2987318039
24.2994868755
24.3001129627
24.3007369041
24.3372178078
24.3381328583
24.3389649391
24.3396890163
24.3403120041
24.3549890518
24.35815382
24.3588888645
24.3595218658
24.3603599072
24.3899278641
24.3807380199
24.3816571236
24.3826639652
24.3841130733
24.4159429073
24.4108960629
24.4117691517
24.4124951363
24.413351059
24.4454090595
24.4414160252
24.4428191185
24.4434771538
24.444010973
24.4938421249
24.4948530197
24.4866919518
24.4873659611
24.4880759716
24.5129101276
24.5100641251
24.5110161304
24.5116219521
24.5188069344
24.5479249954
24.534776926
24.535435915
24.5362269878
24.5371110439
24.5648550987
24.5656778812
24.5614540577
24.5626690388
24.5636091232
24.6110270023
24.6075050831
24.6080729961
24.6087880135
24.6095249653
24.6421289444
24.6431210041
24.6440880299
24.6447248459
24.6453089714
24.670181036
24.6635019779
24.6644198895
24.6653749943
24.666082859
24.700799942
24.6835999489
24.6845598221
24.6855478287
24.686136961
24.7184770107
24.7157399654
24.7163059711
24.7183630466
24.7199470997
24.7596609592
24.7639410496
24.7604930401
24.7614850998
24.7621090412
24.794506073
24.7905139923
24.7913939953
24.7923920155
24.7932770252
24.8172411919
24.8140258789
24.8149740696
24.8158130646
24.8173270226
24.8516879082
24.8433558941
24.8439340591
24.8446729183
24.8457150459
24.8785068989
24.8672480583
24.8681271076
24.8689470291
24.8766791821
24.9012072086
24.8982510567
24.8989350796
24.8996760845
24.9002680779
24.9399011135
24.9377059937
24.9384360313
24.9393558502
24.9401228428
24.976377964
24.9773309231
24.9781558514
24.9789419174
24.9798378944
24.9889979362
24.9898519516
24.9906668663
24.9914848804
24.9923098087
25.0158410072
25.0199971199
25.0206661224
25.02125597
25.0218951702
25.0464458466
25.0470998287
25.0477898121
25.0484039783
25.0491700172
25.0734579563
25.0740530491
25.0745940208
25.0751280785
25.0756988525
25.0957810879
25.0964651108
25.0971710682
25.0978181362
25.0984749794
25.1080188751
25.1086549759
25.1094059944
25.1100609303
25.1107208729
25.1307451725
25.1318650246
25.1325562
25.133379221
25.1340842247
25.1595380306
25.1605942249
25.1612591743
25.1620481014
25.1629960537
25.1875419617
25.1877279282
25.1879169941
25.1880800724
25.1882359982
25.1983771324
25.1986958981
25.1989769936
25.1992099285
25.199436903
25.2258338928
25.2260499001
25.2264668941
25.227107048
25.2278790474
25.2591950893
25.2599380016
25.2608070374
25.2615630627
25.26217103
25.282834053
25.2837691307
25.2834479809
25.2841289043
25.2848358154
25.3060789108
25.3066887856
25.3073558807
25.3079969883
25.3085999489
25.3227701187
25.3237199783
25.3304810524
25.33147192
25.3321831226
25.365252018
25.3658640385
25.3665070534
25.3670530319
25.367595911
25.4223139286
25.423088789
25.4237217903
25.4244208336
25.42501688
25.4482860565
25.448993206
25.4496171474
25.4503262043
25.4509351254
25.5027279854
25.5035359859
25.5041809082
25.5048379898
25.5054249763
25.5342390537
25.5350849628
25.5358901024
25.5367650986
25.5375609398
25.5528678894
25.5535109043
25.5541939735
25.5547888279
25.5553619862
25.5681250095
25.5687148571
25.5693290234
25.5699398518
25.5708658695
25.597730875
25.5990579128
25.6000709534
25.6010990143
25.6021158695
25.6137650013
25.6147561073
25.6122720242
25.6141951084
25.6167991161
25.646048069
25.6466150284
25.6472830772
25.6479930878
25.6487460136
25.6718878746
25.6758790016
25.6887288094
25.6894228458
25.6900517941
25.6989519596
25.6993000507
25.6995100975
25.6997189522
25.7000939846
25.727930069
25.7232170105
25.7234640121
25.7236509323
25.7257289886
25.7591300011
25.759980917
25.7608048916
25.7617309093
25.7626678944
25.759953022
25.7606089115
25.761193037
25.7617490292
25.76237607
25.7933478355
25.794244051
25.7953989506
25.7962749004
25.797098875
25.8234379292
25.8238329887
25.8243000507
25.8246638775
25.8249809742
25.8461368084
25.8470549583
25.8478929996
25.8482358456
25.8485548496
25.8731329441
25.873459816
25.8737578392
25.8638319969
25.8662700653
25.8913140297
25.8921980858
25.8926870823
25.8931920528
25.8936419487
25.9112319946
25.9116239548
25.9120440483
25.912375927
25.9068069458
25.9345657825
25.9349548817
25.935341835
25.935685873
25.9360258579
25.9571368694
25.9576280117
25.9580218792
25.9583559036
25.9401340485
25.9691791534
25.9696121216
25.97006917
25.9704780579
25.9708981514
25.9948019981
25.9953949451
25.9958600998
25.9962620735
25.9968061447
26.0152478218
26.0158088207
26.0163288116
26.0168979168
26.0004060268
26.0242910385
26.0248110294
26.0251700878
26.0215039253
26.0227029324
26.0552511215
26.0515160561
26.0519480705
26.0523531437
26.0528600216
26.0734601021
26.0740032196
26.0590670109
26.0594680309
26.0597710609
26.09091115
26.0914161205
26.0918960571
26.0922870636
26.0925691128
26.1202960014
26.1208128929
26.1212308407
26.1217489243
26.1221709251
26.1501588821
26.1503629684
26.150537014
26.1507079601
26.1509068012
26.1671521664
26.1673669815
26.1675591469
26.1677479744
26.1683189869
26.1747159958
26.1772320271
26.1999089718
26.2008590698
26.2059240341
26.2424311638
26.2436051369
26.2447760105
26.2458021641
26.2463600636
26.2800309658
26.2806410789
26.2813200951
26.2823820114
26.2829399109
26.3113110065
26.3129310608
26.3148958683
26.3153679371
26.3166899681
26.3335061073
26.3351709843
26.3366529942
26.3383350372
26.3397829533
26.3532109261
26.3548989296
26.3561799526
26.36429286
26.3649008274
26.3956701756
26.3961341381
26.3990559578
26.3994691372
26.3998451233
26.4186038971
26.4194729328
26.4199268818
26.4203460217
26.4208128452
26.4423980713
26.4477291107
26.4483840466
26.4489710331
26.4495079517
26.4764800072
26.4776959419
26.4786610603
26.4790949821
26.4796199799
26.5133719444
26.5136799812
26.5138959885
26.5160419941
26.5170099735
26.5264210701
26.5274140835
26.5285010338
26.5292789936
26.5308570862
26.5642838478
26.5665509701
26.5685498714
26.5707149506
26.5857598782
26.6048381329
26.6051909924
26.6055440903
26.6058940887
26.6062040329
26.6228098869
26.6231598854
26.6234328747
26.6239769459
26.6242380142
26.6416301727
26.6418972015
26.6420791149
26.642272234
26.6425030231
26.6605989933
26.6608450413
26.6610608101
26.6612768173
26.6614758968
26.6712830067
26.6727170944
26.67406106
26.6753230095
26.6769769192
26.7018229961
26.7036089897
26.7054419518
26.7069559097
26.7084679604
26.7415411472
26.7422959805
26.7244081497
26.7268300056
26.7275459766
26.7594389915
26.7562959194
26.7570459843
26.7576858997
26.7582149506
26.784537077
26.7769460678
26.7785041332
26.7797300816
26.7803010941
26.826182127
26.8228878975
26.8243770599
26.8254599571
26.826513052
26.8526520729
26.8482038975
26.8494598866
26.8502368927
26.8511199951
26.8867828846
26.8870849609
26.8873758316
26.8876268864
26.8878848553
26.909350872
26.9026651382
26.9041931629
26.904916048
26.9057819843
26.9372730255
26.9384419918
26.9262127876
26.9270288944
26.9279999733
26.9559159279
26.9570839405
26.9578120708
26.9585599899
26.959510088
26.9842810631
26.9779279232
26.9786639214
26.9797079563
26.9803309441
27.011879921
27.0081310272
27.0087270737
27.0092630386
27.0097870827
27.0498549938
27.0502681732
27.0505990982
27.0509791374
27.0513620377
27.0747919083
27.0662221909
27.0668029785
27.0673921108
27.0681171417
27.1011490822
27.0946040154
27.095291853
27.0960228443
27.0969519615
27.1249718666
27.1014909744
27.1020708084
27.1025958061
27.103153944
27.1319098473
27.1288778782
27.1295819283
27.1301898956
27.1307690144
27.1601998806
27.1563351154
27.1571340561
27.1576800346
27.1582119465
27.1975800991
27.1940760612
27.1949379444
27.1960868835
27.1970019341
27.2351050377
27.2333250046
27.2341570854
27.2348821163
27.2356460094
27.2530920506
27.2425658703
27.2431340218
27.2437410355
27.2443180084
27.276542902
27.2745039463
27.2757549286
27.2765738964
27.2771790028
27.3098900318
27.3044729233
27.3051459789
27.3057420254
27.3064470291
27.3351039886
27.3312280178
27.3329708576
27.3335478306
27.3343758583
27.3685109615
27.3636441231
27.3646130562
27.365226984
27.3720371723
27.3989269733
27.3776791096
27.3783750534
27.3791060448
27.3797259331
27.424973011
27.4248800278
27.4260179996
27.4267919064
27.4274599552
27.4547719955
27.4423251152
27.4431710243
27.4443011284
27.4451260567
27.4715240002
27.4615769386
27.4625148773
27.4634590149
27.4643859863
27.4930019379
27.4942519665
27.4950699806
27.4892029762
27.4897890091
27.521682024
27.5181288719
27