0.0580270290375
0.00212597846985
0.00247812271118
0.00305795669556
0.00352907180786
0.0335290431976
0.0339119434357
0.0343101024628
0.0346920490265
0.0350580215454
0.0446200370789
0.0449590682983
0.0451810359955
0.00125288963318
0.00155091285706
0.0318191051483
0.0320880413055
0.0324709415436
0.032900094986
0.0333240032196
0.0419220924377
0.00207805633545
0.00274205207825
0.00564908981323
0.00638794898987
0.0505249500275
0.050831079483
0.0510339736938
0.0512158870697
0.05140209198
0.023866891861
0.0241000652313
0.0242788791656
0.0244479179382
0.0246179103851
0.0313930511475
0.0316150188446
0.0318100452423
0.032007932663
0.0322020053864
0.0392069816589
0.0424499511719
0.0429048538208
0.00173997879028
0.00200486183167
0.034343957901
0.0345239639282
0.0346918106079
0.0348358154297
0.034973859787
0.0366940498352
0.0372650623322
0.0375609397888
0.037770986557
0.0379991531372
0.0418229103088
0.00233101844788
0.00296187400818
0.00349283218384
0.00400400161743
0.0438740253448
0.044517993927
0.0451338291168
0.0457599163055
0.0463688373566
0.0588369369507
0.0596098899841
0.0167210102081
0.0180559158325
0.018355846405
0.0478708744049
0.00170397758484
0.00244283676147
0.00315499305725
0.00354981422424
0.0314199924469
0.0320949554443
0.0325839519501
0.0329208374023
0.0334508419037
0.0265710353851
0.0270318984985
0.0273659229279
0.0278658866882
0.0283489227295
0.0357611179352
0.0365099906921
0.0371689796448
0.0377900600433
0.0381939411163
0.0398371219635
0.040374994278
0.0408611297607
0.00124597549438
0.00180315971375
0.0272030830383
0.0274801254272
0.0277781486511
0.0283641815186
0.0288090705872
0.0421500205994
0.00122809410095
0.00161099433899
0.00207805633545
0.00226092338562
0.0303070545197
0.0310950279236
0.0316519737244
0.0321569442749
0.0329580307007
0.0405130386353
0.0407440662384
0.0409388542175
0.0413320064545
0.0419239997864
0.0338840484619
0.0343189239502
0.0345349311829
0.0348770618439
0.0352749824524
0.0704219341278
0.0705828666687
0.0707290172577
0.0708780288696
0.0710260868073
0.052943944931
0.0532209873199
0.0534820556641
0.0537049770355
0.0539181232452
0.0228979587555
0.0230669975281
0.0232241153717
0.0235960483551
0.0244181156158
0.0333380699158
0.0340058803558
0.0347158908844
0.0351769924164
0.0356209278107
0.030464887619
0.0312578678131
0.0324149131775
0.0332508087158
0.0361058712006
0.032438993454
0.0383641719818
0.038761138916
0.0390191078186
0.0392391681671
0.0285289287567
0.0291121006012
0.0296740531921
0.0300669670105
0.0307059288025
0.0258610248566
0.0268800258636
0.0273330211639
0.0280210971832
0.0291330814362
0.0365779399872
0.0373849868774
0.0379939079285
0.038666009903
0.039608001709
0.0361590385437
0.0370590686798
0.037985086441
0.0390441417694
0.0400881767273
0.0322980880737
0.0326449871063
0.0328621864319
0.0332190990448
0.0334119796753
0.0402109622955
0.0410180091858
0.000888109207153
0.00188398361206
0.00237798690796
0.0386869907379
0.0391721725464
0.0396192073822
0.0400421619415
0.0405240058899
0.0451397895813
0.00419998168945
0.00584387779236
0.00661993026733
0.00715398788452
0.0355780124664
0.0365250110626
0.0374708175659
0.0384368896484
0.03928399086
0.0409398078918
0.0430958271027
0.00458908081055
0.00499987602234
0.00532507896423
0.0324149131775
0.0337660312653
0.0345740318298
0.0351779460907
0.035707950592
0.036740064621
0.0371539592743
0.0376679897308
0.0381071567535
0.0386121273041
0.0363709926605
0.0368089675903
0.0372350215912
0.0376439094543
0.03799700737
0.0321009159088
0.0326068401337
0.0329668521881
0.0370578765869
0.0374708175659
0.0398330688477
0.0400428771973
0.0401909351349
0.040335893631
0.0404789447784
0.0256271362305
0.0262529850006
0.0267071723938
0.0271201133728
0.0277850627899
0.0287940502167
0.0291709899902
0.0295090675354
0.0298459529877
0.0303280353546
0.040472984314
0.0408420562744
0.041198015213
0.0415420532227
0.041818857193
0.0322229862213
0.0330300331116
0.0339150428772
0.0347590446472
0.0355291366577
0.04168009758
0.0420999526978
0.0425069332123
0.0429210662842
0.0432100296021
0.0281999111176
0.028529882431
0.0288000106812
0.0290310382843
0.0329539775848
0.0337522029877
0.0372061729431
0.0375490188599
0.0378751754761
0.038428068161
0.037544965744
0.0385119915009
0.0389668941498
0.0395147800446
0.0399827957153
0.0282881259918
0.0287580490112
0.0295510292053
0.0301690101624
0.0308010578156
0.0381011962891
0.0388112068176
0.0392940044403
0.0395140647888
0.0396811962128
0.0236420631409
0.0243589878082
0.0250380039215
0.0255689620972
0.0261390209198
0.0321629047394
0.032702922821
0.0330929756165
0.0334529876709
0.0339598655701
0.0326008796692
0.0330619812012
0.0333678722382
0.0338218212128
0.0341489315033
0.0356848239899
0.0359208583832
0.0360908508301
0.0362567901611
0.0364189147949
0.0316548347473
0.0319859981537
0.0323917865753
0.0327007770538
0.0332818031311
0.0250101089478
0.0257480144501
0.0265350341797
0.0271279811859
0.0278539657593
0.0249481201172
0.0255579948425
0.0261030197144
0.0265791416168
0.027065038681
0.036229133606
0.0365240573883
0.0370349884033
0.0376720428467
0.038339138031
0.0239629745483
0.0244879722595
0.025230884552
0.0261249542236
0.0266978740692
0.0520851612091
0.00681281089783
0.00758385658264
0.00797581672668
0.00849199295044
0.0431628227234
0.00460410118103
0.00496506690979
0.00530505180359
0.00565910339355
0.0330879688263
0.0344109535217
0.035215139389
0.0362019538879
0.0368511676788
0.0244059562683
0.0250039100647
0.0255508422852
0.0264739990234
0.0267539024353
0.0278358459473
0.0284719467163
0.0288999080658
0.0294239521027
0.0301139354706
0.0281279087067
0.0288069248199
0.0292599201202
0.0299198627472
0.0305349826813
0.0373711585999
0.0381991863251
0.0389831066132
0.0397300720215
0.000802040100098
0.0399580001831
0.040118932724
0.0402729511261
0.0404188632965
0.0405688285828
0.0408329963684
0.0410840511322
0.0413570404053
0.0416100025177
0.0421738624573
0.0365328788757
0.0369868278503
0.0372908115387
0.0374848842621
0.0376579761505
0.0297780036926
0.0300230979919
0.0302710533142
0.0307729244232
0.0310380458832
0.0221889019012
0.0223670005798
0.0225119590759
0.0226509571075
0.0229349136353
0.0331530570984
0.0333359241486
0.0334920883179
0.0336549282074
0.033821105957
0.0814459323883
0.0268061161041
0.0281910896301
0.0294990539551
0.0301990509033
0.0667250156403
0.0280249118805
0.0289359092712
0.0298738479614
0.0302679538727
0.0589158535004
0.0204920768738
0.0208630561829
0.0212080478668
0.0215330123901
0.054563999176
0.0549869537354
0.0554170608521
0.0558240413666
0.0562798976898
0.0375151634216
0.0385200977325
0.0393459796906
0.0403900146484
0.00091814994812
0.0367460250854
0.0375900268555
0.0385110378265
0.0392551422119
0.0400960445404
0.0368278026581
0.0376958847046
0.0380167961121
0.0382587909698
0.0017249584198
0.0304529666901
0.0313379764557
0.0322449207306
0.0330469608307
0.0337009429932
0.0387148857117
0.0396199226379
0.0072181224823
0.00786805152893
0.00844407081604
0.043998003006
0.0015549659729
0.00219488143921
0.00321793556213
0.00982594490051
0.0424628257751
0.0428099632263
0.0432538986206
0.0436999797821
0.0441389083862
0.0532882213593
0.00320291519165
0.00422096252441
0.00459599494934
0.00496196746826
0.0345170497894
0.0350968837738
0.035758972168
0.0363309383392
0.0369198322296
0.0399520397186
0.000277996063232
0.000934839248657
0.00231885910034
0.0029308795929
0.0299530029297
0.030168056488
0.0303640365601
0.0305528640747
0.0307509899139
0.0321061611176
0.0326762199402
0.0331780910492
0.0336561203003
0.0342631340027
0.0263340473175
0.0273041725159
0.0280451774597
0.0286810398102
0.0293531417847
0.0386679172516
0.0394470691681
0.040009021759
0.000771999359131
0.00201797485352
0.0186319351196
0.0192139148712
0.0196979045868
0.0288820266724
0.0295279026031
0.0275580883026
0.0281600952148
0.0288169384003
0.0295810699463
0.0300760269165
0.0426549911499
0.00104904174805
0.00156807899475
0.00225710868835
0.00317120552063
0.0327191352844
0.0330100059509
0.0335311889648
0.033949136734
0.0344681739807
0.0319011211395
0.0323941707611
0.0331840515137
0.0340101718903
0.0348770618439
0.0320479869843
0.0328028202057
0.0335528850555
0.034316778183
0.0350749492645
0.0301330089569
0.0307290554047
0.0311810970306
0.0316259860992
0.0322041511536
0.0263159275055
0.0296261310577
0.0302700996399
0.0309751033783
0.0315690040588
0.0240821838379
0.0245599746704
0.0251569747925
0.025740146637
0.0264191627502
0.0303828716278
0.0309369564056
0.0315489768982
0.0321168899536
0.0326578617096
0.0501680374146
0.0503399372101
0.0504939556122
0.0506489276886
0.0508148670197
0.0644199848175
0.0646040439606
0.0647571086884
0.0649020671844
0.0650510787964
0.0616979598999
0.00283312797546
0.00387716293335
0.00506615638733
0.00609016418457
0.0402700901031
0.000977993011475
0.0015709400177
0.00206995010376
0.00263690948486
0.0412418842316
0.0414619445801
0.0416209697723
0.00121784210205
0.00201201438904
0.0426058769226
0.0429329872131
0.0432298183441
0.0435049533844
0.0437638759613
0.0293741226196
0.0299501419067
0.0306701660156
0.0312790870667
0.0330560207367
0.02818608284
0.0287780761719
0.0291769504547
0.0297069549561
0.0302028656006
0.031898021698
0.0321691036224
0.0324130058289
0.0331881046295
0.0334060192108
0.0279099941254
0.0281028747559
0.028627872467
0.0291450023651
0.0294759273529
0.0698120594025
0.0193231105804
0.019837141037
0.0206291675568
0.0211610794067
0.0848920345306
0.0853669643402
0.0860171318054
0.0863900184631
0.0866961479187
0.0677058696747
0.0678980350494
0.0680639743805
0.0682239532471
0.0683839321136
0.0633270740509
0.063588142395
0.0637991428375
0.0640079975128
0.0219049453735
0.0522861480713
0.0527801513672
0.0530030727386
0.0531759262085
0.053337097168
0.031760931015
0.0319859981537
0.0324318408966
0.0331709384918
0.0337989330292
0.0608510971069
0.00112318992615
0.00189805030823
0.00377511978149
0.0045280456543
0.0407721996307
0.00186085700989
0.00239086151123
0.0026969909668
0.00303101539612
0.0284459590912
0.0291640758514
0.0297420024872
0.0302970409393
0.0308978557587
0.0295119285583
0.0299828052521
0.0304927825928
0.0309009552002
0.0312957763672
0.0351619720459
0.0357599258423
0.0361270904541
0.0365619659424
0.0368978977203
0.0305778980255
0.0308887958527
0.0315339565277
0.0318779945374
0.032497882843
0.0289950370789
0.029335975647
0.0296828746796
0.0302450656891
0.0306458473206
0.0307731628418
0.0314481258392
0.0321390628815
0.032781124115
0.0336401462555
0.0257098674774
0.0267469882965
0.0274918079376
0.0281357765198
0.0287117958069
0.0278060436249
0.0287840366364
0.0295979976654
0.030709028244
0.031632900238
0.0349581241608
0.0354611873627
0.0360519886017
0.0366110801697
0.0371930599213
0.0343110561371
0.0350279808044
0.0361139774323
0.0371301174164
0.0382030010223
0.0330238342285
0.0340299606323
0.0349779129028
0.0357630252838
0.0364968776703
0.0299079418182
0.0305631160736
0.0312430858612
0.0318789482117
0.0324940681458
0.0280160903931
0.028804063797
0.0295920372009
0.030394077301
0.0311660766602
0.0225977897644
0.0231318473816
0.0237848758698
0.0245039463043
0.0250539779663
0.025652885437
0.0263559818268
0.0271379947662
0.027853012085
0.0285658836365
0.0253329277039
0.0259051322937
0.0265860557556
0.0303139686584
0.0315561294556
0.0326979160309
0.0351719856262
0.0365669727325
0.0372409820557
0.0377218723297
0.0371429920197
0.000921010971069
0.00208187103271
0.0024938583374
0.00288796424866
0.0365769863129
0.0371618270874
0.0376949310303
0.0381879806519
0.0386559963226
0.0299460887909
0.0312640666962
0.0320210456848
0.0327050685883
0.0333979129791
0.0361399650574
0.0363619327545
0.0365648269653
0.036768913269
0.0369648933411
0.0281338691711
0.0286829471588
0.029196023941
0.0295760631561
0.0303180217743
0.0288369655609
0.029317855835
0.029834985733
0.0302259922028
0.0306508541107
0.0344550609589
0.0351209640503
0.0357749462128
0.0367529392242
0.037477016449
0.0331838130951
0.033725976944
0.0343189239502
0.0348658561707
0.0355489253998
0.0352852344513
0.0358362197876
0.0369160175323
0.0378460884094
0.0391690731049
0.0280740261078
0.0286629199982
0.0294349193573
0.0297849178314
0.0304169654846
0.0363721847534
0.0375280380249
0.0384051799774
0.00036096572876
0.000741958618164
0.0568859577179
0.00303506851196
0.00387096405029
0.00421094894409
0.00507187843323
0.122376918793
0.079598903656
0.0822339057922
0.0833239555359
0.0842859745026
0.11104798317
0.0353398323059
0.0356168746948
0.0358529090881
0.0360908508301
0.0690009593964
0.0694499015808
0.0699379444122
0.0319631099701
0.0327370166779
0.0634920597076
0.0242021083832
0.0252561569214
0.0262250900269
0.0265979766846
0.0593750476837
0.0596499443054
0.059828042984
0.0600121021271
0.0603179931641
0.0493671894073
0.00244402885437
0.00355696678162
0.00390911102295
0.00423693656921
0.0399351119995
0.0405421257019
0.0408020019531
0.040992975235
0.041188955307
0.0318369865417
0.0323119163513
0.0328290462494
0.0332698822021
0.0335810184479
0.0378620624542
0.0382080078125
0.0384631156921
0.0388209819794
0.0394101142883
0.035915851593
0.0360980033875
0.036257982254
0.0364220142365
0.0365889072418
0.0368459224701
0.0373330116272
0.0378141403198
0.0382881164551
0.0388009548187
0.0339031219482
0.0345640182495
0.0350589752197
0.0354990959167
0.0360209941864
0.0421259403229
0.0423247814178
0.0425069332123
0.0429158210754
0.00230002403259
0.0355830192566
0.0368700027466
0.0371189117432
0.0376348495483
0.0384588241577
0.029137134552
0.0293090343475
0.029491186142
0.0296590328217
0.0300152301788
0.0373811721802
0.0377089977264
0.0384480953217
0.0392479896545
0.0401329994202
0.0260200500488
0.0265951156616
0.0272440910339
0.0276110172272
0.0278441905975
0.0314898490906
0.0318579673767
0.0324149131775
0.0330448150635
0.0336098670959
0.0338418483734
0.0345249176025
0.0350530147552
0.0356669425964
0.0363509654999
0.0317001342773
0.0318901538849
0.0320701599121
0.0322930812836
0.0325620174408
0.0242018699646
0.0243818759918
0.0245409011841
0.0246999263763
0.024876832962
0.0310120582581
0.0313711166382
0.0317060947418
0.0320270061493
0.0323710441589
0.0343108177185
0.0346269607544
0.0349190235138
0.0352070331573
0.0354948043823
0.0260989665985
0.0263359546661
0.0266289710999
0.0269949436188
0.0275979042053
0.040796995163
0.041111946106
0.0414879322052
0.0417909622192
0.0421478748322
0.0231399536133
0.023453950882
0.0237739086151
0.0250658988953
0.0258150100708
0.0334939956665
0.0338518619537
0.0341999530792
0.034530878067
0.0348629951477
0.0241839885712
0.0244710445404
0.0247361660004
0.0250029563904
0.025269985199
0.0256628990173
0.0264160633087
0.0271890163422
0.0279240608215
0.0286300182343
0.0919260978699
0.0926580429077
0.0933289527893
0.0939869880676
0.0948810577393
0.153428792953
0.153813838959
0.154227018356
0.154409885406
0.105395078659
0.141027212143
0.141667127609
0.142207145691
0.0918319225311
0.0925829410553
0.129878997803
0.130065917969
0.130427837372
0.0777781009674
0.0779640674591
0.101192951202
0.0618550777435
0.0622451305389
0.0630130767822
0.0632700920105
0.126538038254
0.127253055573
0.0832180976868
0.0837800502777
0.0842730998993
0.110367059708
0.066113948822
0.0666251182556
0.0671241283417
0.0676169395447
0.101732969284
0.0633661746979
0.0639581680298
0.0645310878754
0.065131187439
0.0944390296936
0.0946941375732
0.0949130058289
0.0951511859894
0.0955421924591
0.0879809856415
0.088268995285
0.0885369777679
0.0887999534607
0.0890650749207
0.0662801265717
0.0664570331573
0.0666191577911
0.0667731761932
0.0669360160828
0.0506398677826
0.0509009361267
0.0511407852173
0.0513768196106
0.0518000125885
0.0315310955048
0.0317480564117
0.0319480895996
0.0321409702301
0.0323269367218
0.0307569503784
0.0310809612274
0.0314340591431
0.0319440364838
0.0323779582977
0.0284337997437
0.028636932373
0.0288169384003
0.0293459892273
0.0296030044556
0.0277969837189
0.0283708572388
0.0289599895477
0.0296108722687
0.0308198928833
0.0368840694427
0.0370919704437
0.0372879505157
0.0374739170074
0.037661075592
0.0242128372192
0.0243968963623
0.0245628356934
0.0247330665588
0.0249009132385
0.0249319076538
0.025120973587
0.0252978801727
0.0254719257355
0.0258839130402
0.0359899997711
0.0361969470978
0.0366680622101
0.03706407547
0.037670135498
0.0283291339874
0.0287661552429
0.0291759967804
0.0298011302948
0.0303170681
0.0291349887848
0.0299010276794
0.0303781032562
0.0307989120483
0.031063079834
0.0282669067383
0.028687953949
0.0292339324951
0.0298180580139
0.0303308963776
0.0313770771027
0.0319759845734
0.0329561233521
0.0336201190948
0.0341260433197
0.0403759479523
0.00391411781311
0.00498294830322
0.00536608695984
0.00574517250061
0.0485830307007
0.00180101394653
0.00214385986328
0.00241684913635
0.00267601013184
0.0361149311066
0.0365018844604
0.0370109081268
0.0374939441681
0.0379729270935
0.0278551578522
0.0283229351044
0.0287370681763
0.0292799472809
0.0300779342651
0.0291810035706
0.0296649932861
0.0302212238312
0.0309221744537
0.0313839912415
0.0246081352234
0.0253591537476
0.0257840156555
0.0261240005493
0.0264780521393
0.0316889286041
0.0322389602661
0.0327079296112
0.0332188606262
0.0336289405823
0.0376999378204
0.0382468700409
0.0387008190155
0.0393159389496
0.0398759841919
0.0324728488922
0.0331938266754
0.0338699817657
0.0343217849731
0.0348320007324
0.0269658565521
0.0275819301605
0.0281929969788
0.0288348197937
0.0296399593353
0.029464006424
0.0300130844116
0.0306081771851
0.0312430858612
0.0319919586182
0.0242450237274
0.0249090194702
0.0252509117126
0.0258491039276
0.0264439582825
0.0434100627899
0.0436861515045
0.00192999839783
0.00265097618103
0.00338888168335
0.0461220741272
0.0465490818024
0.00110197067261
0.00194001197815
0.0026159286499
0.0327219963074
0.0331630706787
0.0336358547211
0.0343039035797
0.0349578857422
0.029256105423
0.0298960208893
0.0304961204529
0.0309710502625
0.0314290523529
0.0270421504974
0.0274591445923
0.0278041362762
0.0282881259918
0.0286350250244
0.0252759456635
0.0258548259735
0.0263328552246
0.0266628265381
0.0274658203125
0.03338098526
0.034245967865
0.0351340770721
0.0360360145569
0.0374410152435
0.0291419029236
0.0298159122467
0.0306239128113
0.031240940094
0.0318529605865
0.0366768836975
0.0372779369354
0.0378868579865
0.0384550094604
0.0391819477081
0.0429401397705
0.00391793251038
0.00510096549988
0.00621795654297
0.00694298744202
0.0531890392303
0.00298285484314
0.00380492210388
0.00438094139099
0.00487494468689
0.0285398960114
0.0292670726776
0.0300459861755
0.03089594841
0.0318078994751
0.0378811359406
0.0389361381531
0.000201940536499
0.00178289413452
0.00329184532166
0.0288178920746
0.0296640396118
0.0302019119263
0.0310389995575
0.0320229530334
0.0307428836823
0.0314078330994
0.0321199893951
0.0326240062714
0.0331928730011
0.0303530693054
0.0312860012054
0.0322020053864
0.0331101417542
0.0339970588684
0.0368430614471
0.0373039245605
0.0377259254456
0.0381560325623
0.038715839386
0.031347990036
0.0320568084717
0.0325398445129
0.0329129695892
0.0335259437561
0.0290400981903
0.0295770168304
0.0300841331482
0.0306689739227
0.0353009700775
0.0391030311584
0.0399510860443
0.000643968582153
0.00187802314758
0.00220799446106
0.0195329189301
0.000781059265137
0.0022292137146
0.00318908691406
0.007080078125
0.035747051239
0.0363440513611
0.0370450019836
0.0377612113953
0.0386481285095
0.0171611309052
0.0175650119781
0.018098115921
0.0186319351196
0.0190379619598
0.0397250652313
0.00092077255249
0.00185298919678
0.00274682044983
0.00362491607666
0.0357799530029
0.0370128154755
0.0377597808838
0.038430929184
0.039069890976
0.0334620475769
0.0343270301819
0.035355091095
0.0363471508026
0.0371580123901
0.0325808525085
0.033350944519
0.0340900421143
0.0348370075226
0.0357699394226
0.0284259319305
0.0294950008392
0.0303161144257
0.0316319465637
0.0335700511932
0.0244040489197
0.0253119468689
0.0260629653931
0.026848077774
0.0275809764862
0.0225191116333
0.0235559940338
0.0245471000671
0.0255520343781
0.0266530513763
0.0231699943542
0.0239450931549
0.024670124054
0.0256061553955
0.0266070365906
0.030256986618
0.0312099456787
0.032203912735
0.0330638885498
0.0339338779449
0.0321040153503
0.0323760509491
0.0327279567719
0.0331239700317
0.0333361625671
0.0309021472931
0.0313861370087
0.0318200588226
0.032427072525
0.0329530239105
0.0259239673615
0.0261368751526
0.026330947876
0.0265219211578
0.0346570014954
0.037652015686
0.0379500389099
0.0384268760681
0.0388300418854
0.0392558574677
0.0328068733215
0.0330259799957
0.0332169532776
0.0334739685059
0.0337970256805
0.0244708061218
0.025004863739
0.0255258083344
0.0260949134827
0.0306959152222
0.0324449539185
0.0326211452484
0.0327889919281
0.0329539775848
0.0331089496613
0.0408689975739
0.00362586975098
0.00436496734619
0.00470590591431
0.00496482849121
0.0479199886322
0.0481078624725
0.0482838153839
0.048458814621
0.0486359596252
0.028196811676
0.0288498401642
0.0294978618622
0.030289888382
0.0308809280396
0.0364289283752
0.0376510620117
0.0384659767151
0.0394940376282
0.000725030899048
0.0403118133545
0.0041561126709
0.00471806526184
0.00527215003967
0.00584602355957
0.0365149974823
0.0370769500732
0.0376150608063
0.0381669998169
0.0387001037598
0.0204839706421
0.0207209587097
0.0212979316711
0.0220079421997
0.0230669975281
0.0281119346619
0.028785943985
0.0293660163879
0.0300171375275
0.0306141376495
0.0289349555969
0.0295281410217
0.0303680896759
0.0309240818024
0.0316920280457
0.0319290161133
0.0326681137085
0.0331931114197
0.0337841510773
0.034469127655
0.0389618873596
0.0394999980927
0.0400238037109
0.000648975372314
0.00192999839783
0.0389859676361
0.0404040813446
0.00183176994324
0.00345087051392
0.003830909729
0.0189788341522
0.040079832077
0.00108408927917
0.00196313858032
0.00363922119141
0.0300650596619
0.0305871963501
0.0309581756592
0.0313000679016
0.0319662094116
0.0240540504456
0.0248689651489
0.0257539749146
0.0266470909119
0.0274901390076
0.0368068218231
0.0377149581909
0.0384569168091
0.0391809940338
0.0397989749908
0.0371289253235
0.0374729633331
0.0378389358521
0.0384278297424
0.0390980243683
0.0236670970917
0.0243949890137
0.0248861312866
0.0255630016327
0.0294861793518
0.0229749679565
0.0233559608459
0.0238630771637
0.0245270729065
0.0252161026001
0.0309460163116
0.0317640304565
0.032341003418
0.0329949855804
0.0338308811188
0.0293071269989
0.0301940441132
0.0310399532318
0.0320301055908
0.0327200889587
0.0305650234222
0.0309479236603
0.03156208992
0.0324280261993
0.0374929904938
0.0341761112213
0.0346131324768
0.035227060318
0.0357389450073
0.0363390445709
0.034215927124
0.0349888801575
0.0356228351593
0.0363907814026
0.0371859073639
0.0364801883698
0.037397146225
0.0382101535797
0.0390870571136
0.0399141311646
0.0408329963684
0.0410521030426
0.0412452220917
0.0414671897888
0.0417151451111
0.0412240028381
0.0415189266205
0.0417680740356
0.0420100688934
0.0424721240997
0.0338981151581
0.0347120761871
0.0353100299835
0.0360291004181
0.0367901325226
0.0342950820923
0.035010099411
0.0357329845428
0.0364031791687
0.0368831157684
0.0342268943787
0.0348598957062
0.0353739261627
0.0388779640198
0.0394279956818
0.0367410182953
0.037437915802
0.038113117218
0.0386319160461
0.039057970047
0.0365769863129
0.0370910167694
0.0375120639801
0.0380730628967
0.0386779308319
0.0367169380188
0.0375559329987
0.0383529663086
0.0395340919495
0.0403790473938
0.0416898727417
0.00380992889404
0.00453186035156
0.00502586364746
0.00550985336304
0.0352580547333
0.0358018875122
0.0365569591522
0.0372679233551
0.0378198623657
0.0406370162964
0.0412828922272
0.0417878627777
0.00104999542236
0.00183987617493
0.0301949977875
0.0308179855347
0.031644821167
0.032408952713
0.0329868793488
0.0335011482239
0.034166097641
0.0347800254822
0.0354251861572
0.0359830856323
0.0420570373535
0.00321102142334
0.00387406349182
0.00492715835571
0.00542497634888
0.0328340530396
0.0334680080414
0.0340461730957
0.0346829891205
0.035413980484
0.0328919887543
0.033390045166
0.0338201522827
0.0343592166901
0.0349061489105
0.0286750793457
0.0294570922852
0.0299880504608
0.0306079387665
0.0310740470886
0.0324459075928
0.0331988334656
0.0339798927307
0.0348238945007
0.0358989238739
0.0342609882355
0.0353500843048
0.0361309051514
0.0369899272919
0.0378029346466
0.0316939353943
0.0322098731995
0.0327370166779
0.0330669879913
0.0335409641266
0.0411269664764
0.042603969574
0.0431399345398
0.0435230731964
0.00163507461548
0.0317602157593
0.0321412086487
0.00190091133118
0.00239396095276
0.00302791595459
0.0383651256561
0.0389280319214
0.0393440723419
0.0400049686432
0.000642061233521
0.0372149944305
0.0379090309143
0.0386891365051
0.0396990776062
0.00201892852783
0.0338349342346
0.0342268943787
0.0348069667816
0.0353388786316
0.0361249446869
0.0355579853058
0.0361649990082
0.0365018844604
0.0368828773499
0.037428855896
0.0292119979858
0.0335221290588
0.0341901779175
0.0347890853882
0.0354840755463
0.0235831737518
0.0240950584412
0.024523973465
0.0250029563904
0.0254051685333
0.0404970645905
0.000370025634766
0.00121116638184
0.00209808349609
0.00249409675598
0.0393970012665
0.0402140617371
0.000786066055298
0.00142621994019
0.00260210037231
0.0333840847015
0.034077167511
0.0347020626068
0.0353691577911
0.0362532138824
0.0375199317932
0.0384709835052
0.0390410423279
0.0397520065308
0.00155401229858
0.032900094986
0.0332541465759
0.0337901115417
0.0342741012573
0.0347270965576
0.0374081134796
0.0379528999329
0.0385639667511
0.038999080658
0.0395119190216
0.040265083313
0.0408229827881
0.0411281585693
0.0414130687714
0.0417339801788
0.0355989933014
0.0362379550934
0.037045955658
0.0380380153656
0.0390939712524
0.0453488826752
0.045756816864
0.0461449623108
0.0465929508209
0.0469768047333
0.0367410182953
0.0374939441681
0.0383689403534
0.0389549732208
0.0394880771637
0.026211977005
0.0266480445862
0.0273098945618
0.0276379585266
0.0280179977417
0.0454740524292
0.0456380844116
0.0457949638367
0.0459830760956
0.0461399555206
0.0933248996735
0.0410900115967
0.0417191982269
0.0420911312103
0.0423140525818
0.0689899921417
0.0284368991852
0.029091835022
0.0295329093933
0.0301849842072
0.0555438995361
0.0158410072327
0.0173959732056
0.0176591873169
0.0179061889648
0.0515580177307
0.00128602981567
0.0022439956665
0.0028829574585
0.00340986251831
0.0336248874664
0.0340259075165
0.0344469547272
0.0350329875946
0.0355958938599
0.0353081226349
0.0357820987701
0.0361120700836
0.0364530086517
0.0369341373444
0.0321090221405
0.0324969291687
0.0330848693848
0.033951997757
0.0347537994385
0.0266330242157
0.027195930481
0.0277059078217
0.0282080173492
0.028755903244
0.0409350395203
0.0413630008698
0.0417079925537
0.0420279502869
0.0468719005585
0.0408139228821
0.0415480136871
0.0420680046082
0.00454211235046
0.00491714477539
0.0481271743774
0.00134992599487
0.00227308273315
0.00251793861389
0.00274896621704
0.0419380664825
0.00245809555054
0.00321507453918
0.00352787971497
0.00383901596069
0.043515920639
0.00165915489197
0.00301313400269
0.00339508056641
0.00377202033997
0.0379619598389
0.0388751029968
0.0402569770813
0.00198006629944
0.00301814079285
0.0344300270081
0.0358390808105
0.0372269153595
0.0388009548187
0.0392670631409
0.03293800354
0.0337569713593
0.0345890522003
0.0353600978851
0.0361700057983
0.022763967514
0.0236790180206
0.0247039794922
0.0253200531006
0.0256669521332
0.0333020687103
0.0345361232758
0.035994052887
0.0372109413147
0.0390529632568
0.0422217845917
0.0030460357666
0.00475311279297
0.00522708892822
0.00568318367004
0.0519850254059
0.00343108177185
0.00448298454285
0.00486993789673
0.0052490234375
0.0522539615631
0.00376987457275
0.00515079498291
0.00553679466248
0.00607395172119
0.0427989959717
0.00286912918091
0.00658202171326
0.0069739818573
0.0073561668396
0.0218200683594
0.0325241088867
0.0337951183319
0.0350580215454
0.0368530750275
0.0350270271301
0.0367059707642
0.000282049179077
0.00267696380615
0.00334906578064
0.0268399715424
0.0303719043732
0.0311920642853
0.0317800045013
0.0323300361633
0.0431110858917
0.04381108284
0.0444741249084
0.0451741218567
0.0457210540771
0.0397989749908
0.0405209064484
0.041482925415
0.0421450138092
0.0428760051727
0.0359630584717
0.0366489887238
0.0372960567474
0.0379450321198
0.0385870933533
0.0238418579102
0.0240650177002
0.0244948863983
0.0252249240875
0.0256278514862
0.0234379768372
0.0242891311646
0.0250611305237
0.0257959365845
0.02654504776
0.0283570289612
0.0285179615021
0.0286688804626
0.0288190841675
0.0289669036865
0.0483720302582
0.0486009120941
0.0487878322601
0.0489659309387
0.0493049621582
0.028254032135
0.0284268856049
0.0289270877838
0.0294609069824
0.0299060344696
0.0261850357056
0.0266840457916
0.0274910926819
0.0281820297241
0.0289499759674
0.0395798683167
0.00110697746277
0.00305604934692
0.00365900993347
0.00421404838562
0.0464389324188
0.00158500671387
0.00267601013184
0.00305604934692
0.00337100028992
0.0305380821228
0.0312809944153
0.0320010185242
0.0326910018921
0.0334060192108
0.030788898468
0.0338690280914
0.0344178676605
0.0351350307465
0.0361499786377
0.0714309215546
0.0280878543854
0.0286769866943
0.0294599533081
0.0297479629517
0.0642399787903
0.00504112243652
0.0060350894928
0.00714111328125
0.00786519050598
0.0403671264648
0.0405280590057
0.0406761169434
0.0409719944
0.0411171913147
0.0269999504089
0.0278990268707
0.0286319255829
0.0292310714722
0.0300030708313
0.0232858657837
0.0239779949188
0.0245969295502
0.0251388549805
0.0256559848785
0.0276889801025
0.0284390449524
0.0290138721466
0.029748916626
0.030280828476
0.0365879535675
0.0369169712067
0.037202835083
0.0376648902893
0.0385148525238
0.0258841514587
0.0273010730743
0.0288751125336
0.0305781364441
0.0321769714355
0.0403308868408
0.0405230522156
0.0408549308777
0.0410358905792
0.0411920547485
0.0328891277313
0.0331130027771
0.0333621501923
0.0338921546936
0.0345621109009
0.023580789566
0.02406001091
0.0247678756714
0.0255088806152
0.0260479450226
0.0264830589294
0.0267241001129
0.0269451141357
0.0271799564362
0.0274069309235
0.0249149799347
0.0251009464264
0.0252628326416
0.0256419181824
0.0258979797363
0.0325469970703
0.0328590869904
0.0334169864655
0.0340039730072
0.0345690250397
0.0236189365387
0.0239400863647
0.0242409706116
0.0307590961456
0.0313611030579
0.0317599773407
0.0322508811951
0.0328168869019
0.0339560508728
0.0344929695129
0.0288660526276
0.0300440788269
0.0310039520264
0.0321481227875
0.0337059497833
0.0369110107422
0.0374920368195
0.0392320156097
0.000940084457397
0.00157904624939
0.0475900173187
0.00343799591064
0.00475287437439
0.00520586967468
0.00542593002319
0.0448958873749
0.00252389907837
0.00429487228394
0.00495290756226
0.00531101226807
0.0469658374786
0.0475668907166
0.00283598899841
0.00524997711182
0.00566601753235
0.0410349369049
0.00234889984131
0.00325107574463
0.00355195999146
0.00385093688965
0.0304419994354
0.0311479568481
0.0323569774628
0.0327570438385
0.0331029891968
0.0385138988495
0.0394849777222
0.000631093978882
0.00250911712646
0.00293111801147
0.0383160114288
0.0386171340942
0.0389730930328
0.0394539833069
0.0424120426178
0.0363788604736
0.0370099544525
0.0376708507538
0.0383110046387
0.0389978885651
0.0385391712189
0.0391671657562
0.00235986709595
0.00287985801697
0.00337886810303
0.0372269153595
0.0375459194183
0.0380518436432
0.0386569499969
0.0422060489655
0.0233809947968
0.0235829353333
0.0237648487091
0.0239448547363
0.0261828899384
0.0279920101166
0.0287191867828
0.0293030738831
0.0298681259155
0.0304210186005
0.0283381938934
0.0288829803467
0.0293431282043
0.0298540592194
0.0305731296539
0.028557062149
0.0291991233826
0.0296859741211
0.0303289890289
0.0310349464417
0.0320038795471
0.0329339504242
0.0336289405823
0.0348670482635
0.0356199741364
0.0368549823761
0.0374369621277
0.0381889343262
0.0389020442963
0.0394048690796
0.0269339084625
0.0276329517365
0.028265953064
0.0288600921631
0.0296549797058
0.0327520370483
0.0331289768219
0.0335991382599
0.0342490673065
0.0349431037903
0.0526511669159
0.0531129837036
0.00937390327454
0.00986194610596
0.0103378295898
0.0384547710419
0.0393838882446
0.0400068759918
0.00114107131958
0.00224304199219
0.0300800800323
0.0306971073151
0.0313820838928
0.0323519706726
0.0333430767059
0.0466930866241
0.00447583198547
0.00650882720947
0.00736093521118
0.00797581672668
0.0407218933105
0.00181889533997
0.00226998329163
0.0025680065155
0.00287294387817
0.0398619174957
0.0400068759918
0.0401439666748
0.0402789115906
0.0404069423676
0.043004989624
0.0433120727539
0.000428915023804
0.00113797187805
0.0017409324646
0.025771856308
0.0263068675995
0.0267589092255
0.0272789001465
0.0279648303986
0.0226140022278
0.0234138965607
0.0241930484772
0.0248999595642
0.0254049301147
0.0222990512848
0.0230779647827
0.0235259532928
0.0243360996246
0.0249500274658
0.0372128486633
0.0377497673035
0.038388967514
0.0391597747803
0.0397808551788
0.0374839305878
0.0381388664246
0.0390150547028
0.039803981781
0.0011899471283
0.0322971343994
0.0329079627991
0.0334470272064
0.0339839458466
0.0345389842987
0.0413808822632
0.00244212150574
0.00842905044556
0.00914812088013
0.00993609428406
0.0412149429321
0.00208497047424
0.00344681739807
0.00436401367188
0.00507593154907
0.0437979698181
0.0441009998322
0.0053699016571
0.0059118270874
0.00618982315063
0.0525870323181
0.00382709503174
0.00536608695984
0.00662803649902
0.00704312324524
0.0498430728912
0.0501351356506
0.0504729747772
0.0507280826569
0.050980091095
0.0282230377197
0.0285639762878
0.0289349555969
0.0295860767365
0.0300760269165
0.0359199047089
0.0362749099731
0.0371840000153
0.03790807724
0.0388779640198
0.0289070606232
0.0292649269104
0.0297729969025
0.0301148891449
0.0306088924408
0.0414049625397
0.0418031215668
0.0421800613403
0.0425579547882
0.0429389476776
0.0359299182892
0.0365841388702
0.0371420383453
0.0377209186554
0.0384271144867
0.0249750614166
0.0258810520172
0.0267350673676
0.0276761054993
0.0286631584167
0.0238029956818
0.0250260829926
0.0265181064606
0.0271971225739
0.0278959274292
0.0285279750824
0.0293490886688
0.0301170349121
0.0313210487366
0.0331981182098
0.0357458591461
0.0370590686798
0.0386509895325
0.0399458408356
0.00197696685791
0.0440039634705
0.00274205207825
0.00331020355225
0.00381302833557
0.00442719459534
0.0307211875916
0.0314600467682
0.0324242115021
0.0331721305847
0.0337750911713
0.037896156311
0.0383260250092
0.038733959198
0.0391891002655
0.0396001338959
0.0229251384735
0.023225069046
0.0234789848328
0.0237281322479
0.0239770412445
0.0251450538635
0.0253250598907
0.0254881381989
0.025642156601
0.025799036026
0.0264539718628
0.0266921520233
0.0269019603729
0.0271191596985
0.0273239612579
0.0268049240112
0.0270218849182
0.0272178649902
0.0274159908295
0.027606010437
0.0326859951019
0.0329029560089
0.0331029891968
0.0332958698273
0.033490896225
0.0291469097137
0.0293309688568
0.0295059680939
0.0298509597778
0.0306220054626
0.0341801643372
0.0346450805664
0.0349309444427
0.0353140830994
0.0357830524445
0.0415930747986
0.00180983543396
0.00223898887634
0.00290584564209
0.00316596031189
0.0410149097443
0.0412628650665
0.0415208339691
0.0418169498444
0.0421059131622
0.0331568717957
0.0339250564575
0.034441947937
0.0351328849792
0.035975933075
0.0320909023285
0.0327908992767
0.0338909626007
0.0344309806824
0.0349450111389
0.0565869808197
0.0017352104187
0.00278520584106
0.00338506698608
0.00403118133545
0.0295960903168
0.0306580066681
0.031622171402
0.0326411724091
0.0335280895233
0.039824962616
0.0400071144104
0.0401721000671
0.0015869140625
0.00205492973328
0.0267789363861
0.0270700454712
0.0273399353027
0.0275750160217
0.0282320976257
0.0281510353088
0.0287370681763
0.0293300151825
0.0299320220947
0.0302650928497
0.063857793808
0.0179750919342
0.0190720558167
0.019700050354
0.0204269886017
0.0477941036224
0.00216293334961
0.00273704528809
0.00329613685608
0.00384593009949
0.0383200645447
0.0408091545105
0.00152111053467
0.00204300880432
0.0025680065155
0.0262041091919
0.0268411636353
0.0274710655212
0.0281281471252
0.0296490192413
0.0282180309296
0.0290369987488
0.0298411846161
0.0305790901184
0.0313770771027
0.0313749313354
0.0322849750519
0.0331699848175
0.0340528488159
0.0348389148712
0.0263328552246
0.0273559093475
0.0281338691711
0.029846906662
0.0305829048157
0.0304219722748
0.0312149524689
0.0322260856628
0.033588886261
0.034698009491
0.0278239250183
0.0285439491272
0.0293209552765
0.0300979614258
0.0308120250702
0.0380530357361
0.0383381843567
0.0385921001434
0.0388340950012
0.0390810966492
0.0207018852234
0.0210068225861
0.0212869644165
0.0215628147125
0.0219538211823
0.0362770557404
0.036493062973
0.0366771221161
0.0368630886078
0.0379350185394
0.0319740772247
0.0321531295776
0.032310962677
0.032478094101
0.0326280593872
0.0308089256287
0.0309998989105
0.0311470031738
0.0315518379211
0.0318977832794
0.023561000824
0.0237998962402
0.0240199565887
0.0242340564728
0.0250480175018
0.0354628562927
0.0360770225525
0.0365059375763
0.0369138717651
0.0374619960785
0.0402929782867
0.040461063385
0.0406081676483
0.0407471656799
0.040901184082
0.101015806198
0.101213932037
0.101910829544
0.102444887161
0.0302431583405
0.0558261871338
0.0162889957428
0.017450094223
0.017884016037
0.0182769298553
0.0557980537415
0.0582180023193
0.0584270954132
0.058760881424
0.0589830875397
0.0395319461823
0.0403499603271
0.0410890579224
0.000833034515381
0.00331902503967
0.037181854248
0.0380070209503
0.0387148857117
0.0393979549408
0.040079832077
0.0402960777283
0.000767946243286
0.00177788734436
0.002357006073
0.00329995155334
0.041296005249
0.00207090377808
0.00288987159729
0.00385403633118
0.00431799888611
0.0328879356384
0.0333640575409
0.033704996109
0.0350980758667
0.0357809066772
0.0302379131317
0.0307610034943
0.0312139987946
0.031543970108
0.0320348739624
0.0318911075592
0.0321650505066
0.0323531627655
0.0325319766998
0.0349540710449
0.0425450801849
0.0427541732788
0.0430190563202
0.0432131290436
0.0433850288391
0.0291471481323
0.0293850898743
0.0295941829681
0.0298089981079
0.0300149917603
0.0275068283081
0.0276918411255
0.0278658866882
0.028028011322
0.0281808376312
0.0327589511871
0.0329430103302
0.0331079959869
0.033264875412
0.0334229469299
0.030296087265
0.0305600166321
0.0309619903564
0.0313680171967
0.0317809581757
0.0309989452362
0.0312077999115
0.0313727855682
0.0315389633179
0.0317418575287
0.027881860733
0.0282387733459
0.0284738540649
0.0287048816681
0.0289208889008
0.0437779426575
0.0439949035645
0.0442018508911
0.0444979667664
0.0447568893433
0.0286920070648
0.0288670063019
0.0290610790253
0.0292220115662
0.0294089317322
0.0321519374847
0.0329720973969
0.0337059497833
0.034343957901
0.035120010376
0.0296549797058
0.0304899215698
0.0311560630798
0.0317330360413
0.0324249267578
0.0235269069672
0.0241949558258
0.0248119831085
0.0255029201508
0.0260870456696
0.0330319404602
0.0345969200134
0.0353000164032
0.0360500812531
0.0368840694427
0.0250878334045
0.0258150100708
0.0263810157776
0.0269179344177
0.0274548530579
0.0319528579712
0.0325288772583
0.03302693367
0.0335168838501
0.0340130329132
0.0417230129242
0.0424580574036
0.0431621074677
0.044173002243
0.00185585021973
0.0311808586121
0.0321409702301
0.0334160327911
0.0344798564911
0.0354909896851
0.0298380851746
0.0306520462036
0.0313611030579
0.0320031642914
0.0327160358429
0.0299360752106
0.0306620597839
0.0313019752502
0.0321140289307
0.0328230857849
0.025367975235
0.0261180400848
0.0268349647522
0.0275619029999
0.0292139053345
0.0333180427551
0.0341711044312
0.0349440574646
0.035768032074
0.0366160869598
0.0408079624176
0.0410459041595
0.0412909984589
0.0415070056915
0.0417261123657
0.0299549102783
0.0310099124908
0.031928062439
0.0327570438385
0.0336589813232
0.0382890701294
0.0384981632233
0.0386672019958
0.0388472080231
0.0390350818634
0.0266220569611
0.026839017868
0.0270299911499
0.0272159576416
0.0273950099945
0.0348999500275
0.0350840091705
0.0352499485016
0.0354108810425
0.0357110500336
0.0328969955444
0.0332179069519
0.0335118770599
0.0338079929352
0.0340979099274
0.0262989997864
0.0264811515808
0.0266439914703
0.0267980098724
0.0269541740417
0.021430015564
0.0216479301453
0.0218391418457
0.0222070217133
0.0224070549011
0.0310990810394
0.0314300060272
0.031919002533
0.0325479507446
0.0332069396973
0.0548338890076
0.05522108078
0.0555949211121
0.0559549331665
0.056303024292
0.0402770042419
0.0417778491974
0.00220012664795
0.0029239654541
0.00352501869202
0.0269391536713
0.0276651382446
0.0286810398102
0.0293209552765
0.0303120613098
0.0333731174469
0.0348081588745
0.036416053772
0.0379979610443
0.0392329692841
0.0411989688873
0.0031111240387
0.00410604476929
0.0046660900116
0.00517010688782
0.0381000041962
0.038731098175
0.0391631126404
0.0394880771637
0.0399930477142
0.0379078388214
0.0384969711304
0.038801908493
0.0390608310699
0.0393059253693
0.0801360607147
0.0158360004425
0.016459941864
0.0170209407806
0.0175139904022
0.0412788391113
0.00351190567017
0.00378513336182
0.00398802757263
0.00417304039001
0.0470640659332
0.00273203849792
0.00330305099487
0.00385499000549
0.0044732093811
0.0334701538086
0.0340130329132
0.0343441963196
0.0348131656647
0.0353322029114
0.0458829402924
0.0472681522369
0.0481109619141
0.0490181446075
0.0499081611633
0.030965089798
0.0311501026154
0.0313160419464
0.00185298919678
0.00258803367615
0.0403709411621
0.0405509471893
0.0407209396362
0.0408940315247
0.0410439968109
0.0441241264343
0.0443689823151
0.0445561408997
0.0447421073914
0.00195598602295
0.0340909957886
0.0342938899994
0.0344688892365
0.0346410274506
0.0348069667816
0.0264241695404
0.0265991687775
0.0267610549927
0.0269131660461
0.0270690917969
0.0278778076172
0.0280499458313
0.0282049179077
0.0283539295197
0.0285019874573
0.0300431251526
0.03022813797
0.0303912162781
0.0305461883545
0.030709028244
0.0251989364624
0.0254218578339
0.0256078243256
0.0257968902588
0.025985956192
0.0282220840454
0.0284419059753
0.0288860797882
0.0291910171509
0.0294659137726
0.0308451652527
0.0311760902405
0.0316171646118
0.0318400859833
0.032191991806
0.0244340896606
0.0247051715851
0.0251731872559
0.0254421234131
0.0256459712982
0.0379991531372
0.0385091304779
0.0387861728668
0.0393149852753
0.0397551059723
0.0395770072937
0.0400791168213
0.0408730506897
0.00100493431091
0.0029878616333
0.0314199924469
0.0319800376892
0.032527923584
0.0332310199738
0.0340240001678
0.0259139537811
0.0261619091034
0.0265929698944
0.0272119045258
0.0278480052948
0.0225849151611
0.0263438224792
0.0270369052887
0.027822971344
0.0285618305206
0.0330460071564
0.0342030525208
0.0353119373322
0.036365032196
0.0373969078064
0.0421988964081
0.0426030158997
0.0429921150208
0.0433859825134
0.0437870025635
0.0950989723206
0.00196814537048
0.00249600410461
0.00297808647156
0.00347208976746
0.0384252071381
0.039088010788
0.039605140686
0.000249862670898
0.0010929107666
0.0253839492798
0.0260288715363
0.0265409946442
0.0271058082581
0.0276379585266
0.0285420417786
0.0294179916382
0.0302240848541
0.0310208797455
0.0320339202881
0.0269749164581
0.0275630950928
0.0281219482422
0.0286910533905
0.029237985611
0.0380749702454
0.0382940769196
0.0384440422058
0.0385899543762
0.0387499332428
0.0340890884399
0.0344190597534
0.0347301959991
0.0350801944733
0.036101102829
0.0316481590271
0.0320770740509
0.0325109958649
0.0329451560974
0.0331511497498
0.041620016098
0.0421919822693
0.0428349971771
0.00111508369446
0.00177812576294
0.0310380458832
0.0318040847778
0.0325751304626
0.0334930419922
0.0343520641327
0.035248041153
0.0361359119415
0.0368828773499
0.0373818874359
0.0378630161285
0.0385811328888
0.0390009880066
0.0392220020294
0.0398139953613
0.00295305252075
0.0264730453491
0.027015209198
0.0274782180786
0.0282390117645
0.0289251804352
0.0259370803833
0.0267179012299
0.0274510383606
0.028137922287
0.0287408828735
0.0384998321533
0.0391819477081
7.91549682617e-05
0.00102519989014
0.0022611618042
0.0415861606598
0.0429241657257
0.0438821315765
0.0448780059814
0.0458950996399
0.0448381900787
0.0493650436401
0.00269794464111
0.00358390808105
0.00445890426636
0.0370450019836
0.0377418994904
0.0386309623718
0.0392339229584
0.0398669242859
0.0370759963989
0.0378229618073
0.0384221076965
0.0390720367432
0.00102400779724
0.0362451076508
0.0364000797272
0.036544084549
0.0366849899292
0.0368270874023
0.0275499820709
0.0277359485626
0.0279901027679
0.028156042099
0.0283160209656
0.0259001255035
0.0267939567566
0.027624130249
0.0281870365143
0.0285880565643
0.0330379009247
0.0334830284119
0.0338959693909
0.0345258712769
0.035197019577
0.0285639762878
0.0287580490112
0.0289349555969
0.0291259288788
0.029296875
0.0283999443054
0.0285968780518
0.0287809371948
0.0289580821991
0.029128074646
0.0521640777588
0.0523359775543
0.0524981021881
0.0526750087738
0.0528330802917
0.036159992218
0.0364329814911
0.0366687774658
0.0368928909302
0.0371658802032
0.0385589599609
0.0397078990936
0.000269174575806
0.00214004516602
0.00247097015381
0.0312550067902
0.0316700935364
0.0322570800781
0.0326080322266
0.0331490039825
0.0338790416718
0.0343780517578
0.0348579883575
0.0351328849792
0.0353469848633
0.0330250263214
0.0332109928131
0.0337100028992
0.0340979099274
0.0348238945007
0.0629270076752
0.00206208229065
0.00340008735657
0.00385808944702
0.00429701805115
0.0500831604004
0.00248289108276
0.00310277938843
0.00360083580017
0.00511384010315
0.0414478778839
0.0416948795319
0.0418689250946
0.0420439243317
0.0422129631042
0.0392320156097
0.0397820472717
0.000466108322144
0.00322699546814
0.00389099121094
0.0513141155243
0.00124788284302
0.00216698646545
0.00322890281677
0.00352597236633
0.0304980278015
0.0309209823608
0.0312299728394
0.031760931015
0.0319800376892
0.0416939258575
0.0419759750366
0.0422248840332
0.042464017868
0.0427048206329
0.0449371337891
0.0451409816742
0.0453250408173
0.0455400943756
0.0457329750061
0.0491437911987
0.0494627952576
0.049751996994
0.0500319004059
0.0503158569336
0.0533950328827
0.0541219711304
0.00115895271301
0.00221681594849
0.00355291366577
0.0435059070587
0.0437858104706
0.0439758300781
0.044205904007
0.0443968772888
0.0288679599762
0.0294411182404
0.0299620628357
0.0304579734802
0.0309751033783
0.0235641002655
0.0241630077362
0.0247359275818
0.0254020690918
0.0261659622192
0.0826330184937
0.0832810401917
0.0836181640625
0.0841910839081
0.0845620632172
0.0789051055908
0.0792000293732
0.0794639587402
0.07963514328
0.0797979831696
0.0724198818207
0.03093791008
0.0326528549194
0.033401966095
0.0339019298553
0.0720648765564
0.0332651138306
0.0343379974365
0.0348010063171
0.0353350639343
0.0631949901581
0.024188041687
0.0258920192719
0.0264830589294
0.0271830558777
0.0680210590363
0.026035785675
0.0273997783661
0.0278718471527
0.028324842453
0.0730719566345
0.0736539363861
0.0343561172485
0.0349419116974
0.0353031158447
0.0669369697571
0.0273039340973
0.0285768508911
0.0288670063019
0.0291419029236
0.0541899204254
0.0136318206787
0.0144219398499
0.0148098468781
0.015154838562
0.0446817874908
0.044862985611
0.0450248718262
0.0451898574829
0.045352935791
0.028736114502
0.0295860767365
0.0304641723633
0.0313651561737
0.0321390628815
0.0316150188446
0.0322320461273
0.0329899787903
0.0337018966675
0.0346698760986
0.0385439395905
0.0393300056458
0.0399279594421
0.0408518314362
0.0015881061554
0.0413911342621
0.0422301292419
0.00188398361206
0.00259685516357
0.00398683547974
0.0391130447388
0.0397138595581
0.000381231307983
0.000959157943726
0.00209403038025
0.0378341674805
0.0388491153717
0.0393750667572
0.0398280620575
0.000876903533936
0.04057097435
0.0411670207977
0.00125694274902
0.00193405151367
0.00217700004578
0.0335199832916
0.03382396698
0.0340139865875
0.0341908931732
0.0343608856201
0.0274760723114
0.0279278755188
0.028657913208
0.0293080806732
0.0298540592194
0.0282008647919
0.028618812561
0.0291469097137
0.0295407772064
0.0300788879395
0.0305941104889
0.031259059906
0.0320100784302
0.032436132431
0.0329401493073
0.0408430099487
0.0411388874054
0.0414328575134
0.0417580604553
0.0420799255371
0.0250918865204
0.0253579616547
0.0255959033966
0.0258460044861
0.0261089801788
0.0330460071564
0.0332679748535
0.0334620475769
0.0336511135101
0.033833026886
0.0307588577271
0.0309557914734
0.0311229228973
0.0312788486481
0.0314328670502
0.0365610122681
0.0368139743805
0.0370399951935
0.0372560024261
0.0374989509583
0.0365929603577
0.0373349189758
0.000514984130859
0.00204992294312
0.002849817276
0.0360808372498
0.0367789268494
0.03755402565
0.038477897644
0.0394308567047
0.0323262214661
0.0326571464539
0.0330991744995
0.0334701538086
0.0338840484619
0.0317211151123
0.0321080684662
0.0326111316681
0.0330650806427
0.0335731506348
0.0390570163727
0.0394749641418
0.0419249534607
0.0425219535828
0.00136303901672
0.0334069728851
0.0338799953461
0.0343940258026
0.0349259376526
0.0352799892426
0.033182144165
0.0337541103363
0.0341770648956
0.0347361564636
0.0352962017059
0.032466173172
0.0328841209412
0.033732175827
0.0345561504364
0.0352580547333
0.0282900333405
0.0292069911957
0.0299649238586
0.0308079719543
0.0315730571747
0.0259001255035
0.0265619754791
0.027400970459
0.0281739234924
0.0289659500122
0.0304200649261
0.0309910774231
0.0317540168762
0.0329098701477
0.0337619781494
0.0322921276093
0.0328769683838
0.0332989692688
0.0340931415558
0.0347809791565
0.0454239845276
0.0044469833374
0.00600504875183
0.00665593147278
0.00770592689514
0.0409669876099
0.0413160324097
0.0416369438171
0.041955947876
0.0422849655151
0.0360310077667
0.0367410182953
0.0371239185333
0.038134098053
0.0391819477081
0.0474791526794
0.00173401832581
0.00272703170776
0.00381398200989
0.00661993026733
0.0475029945374
0.00658798217773
0.00753498077393
0.0087411403656
0.00913095474243
0.0528891086578
0.00139379501343
0.00172185897827
0.00235486030579
0.00757694244385
0.0462048053741
0.0465869903564
0.00323700904846
0.00360012054443
0.00415015220642
0.0409750938416
0.0414190292358
0.0418710708618
0.0423200130463
0.0427570343018
0.0396580696106
0.0399990081787
0.0403130054474
0.0407738685608
0.0411849021912
0.0611929893494
0.0615630149841
0.0618097782135
0.0619909763336
0.0621719360352
0.0500791072845
0.0503370761871
0.0505192279816
0.0507040023804
0.050891160965
0.038911819458
0.0391948223114
0.0398368835449
0.000411987304688
0.00127506256104
0.0389120578766
0.0397129058838
0.00133085250854
0.00298690795898
0.00349187850952
0.0314698219299
0.0321969985962
0.0329608917236
0.0337159633636
0.034087896347
0.0352549552917
0.0359079837799
0.0365478992462
0.0371549129486
0.0378620624542
0.0395259857178
0.000369071960449
0.00109195709229
0.00175309181213
0.00269889831543
0.0214989185333
0.0453851222992
0.00179004669189
0.00332498550415
0.00432205200195
0.0418879985809
0.00202989578247
0.00284004211426
0.00314497947693
0.00416803359985
0.0357949733734
0.0364890098572
0.0373809337616
0.0382330417633
0.0390059947968
0.026636838913
0.0272989273071
0.0278480052948
0.028548002243
0.0292239189148
0.0305261611938
0.031219959259
0.0344491004944
0.0350160598755
0.0357191562653
0.0569219589233
0.0178310871124
0.0185210704803
0.0193049907684
0.0258851051331
0.0444149971008
0.0058958530426
0.0062530040741
0.00659203529358
0.00690984725952
0.0328829288483
0.0336380004883
0.0342960357666
0.0349810123444
0.0358638763428
0.0386168956757
0.0395219326019
0.000528812408447
0.00172185897827
0.00269889831543
0.0333008766174
0.0339798927307
0.0346050262451
0.0351159572601
0.0356438159943
0.0355350971222
0.0361180305481
0.036504983902
0.0374240875244
0.0378530025482
0.0284869670868
0.0290460586548
0.0295360088348
0.0301749706268
0.0309491157532
0.0420918464661
0.00236892700195
0.00294089317322
0.00421786308289
0.00457000732422
0.0377578735352
0.0385239124298
0.0392310619354
0.0398979187012
0.000700950622559
0.0386371612549
0.0395400524139
0.0404140949249
0.00109910964966
0.00206995010376
0.0391011238098
0.0400819778442
0.000885009765625
0.00286293029785
0.00492310523987
0.0424380302429
0.0428941249847
0.043112039566
0.0432820320129
0.0434410572052
0.0318450927734
0.0322051048279
0.0325059890747
0.0328340530396
0.0331411361694
0.0400540828705
0.040766954422
0.00110197067261
0.0020170211792
0.00270199775696
0.0293190479279
0.0298750400543
0.0304391384125
0.0310251712799
0.0315501689911
0.036180973053
0.0368900299072
0.0375981330872
0.0381760597229
0.0388150215149
0.0374999046326
0.0380508899689
0.0385298728943
0.0389959812164
0.0394928455353
0.0376870632172
0.0383651256561
0.0390610694885
0.0397000312805
0.0403161048889
0.0303330421448
0.0309569835663
0.0313169956207
0.0317990779877
0.0323090553284
0.0331771373749
0.03364610672
0.0341250896454
0.0344800949097
0.0352160930634
0.0373139381409
0.038300037384
0.038880109787
0.0456459522247
0.000930070877075
0.033684015274
0.0344309806824
0.0349628925323
0.0357220172882
0.0362520217896
0.0415389537811
0.0421950817108
0.0427389144897
0.0432960987091
0.0436549186707
0.0406610965729
0.0409231185913
0.0412359237671
0.0415139198303
0.0417709350586
0.0292699337006
0.0294589996338
0.0296459197998
0.0298199653625
0.029974937439
0.036828994751
0.0370390415192
0.0372049808502
0.037348985672
0.0374979972839
0.0327761173248
0.0329611301422
0.0331189632416
0.033280134201
0.0334761142731
0.0325241088867
0.0327310562134
0.0329229831696
0.0331101417542
0.0332939624786
0.0366480350494
0.0371208190918
0.0374178886414
0.0378029346466
0.0380239486694
0.0243360996246
0.0252139568329
0.0259721279144
0.026829957962
0.0277960300446
0.0280420780182
0.0287139415741
0.0294170379639
0.0300600528717
0.0307760238647
0.0360848903656
0.036808013916
0.0374729633331
0.0381460189819
0.0388059616089
0.0417098999023
0.0426759719849
0.0433628559113
0.0438640117645
0.0443708896637
0.0262989997864
0.0265250205994
0.0267200469971
0.0269482135773
0.0271790027618
0.0298030376434
0.0300559997559
0.0306730270386
0.0312869548798
0.0318179130554
0.0410299301147
0.0413949489594
0.0417740345001
0.0421280860901
0.0424749851227
0.0247890949249
0.0253109931946
0.0257890224457
0.02632188797
0.0268890857697
0.0494980812073
0.00215911865234
0.00311994552612
0.00343990325928
0.0037899017334
0.0312809944153
0.0326309204102
0.0335040092468
0.0342130661011
0.0351779460907
0.0822911262512
0.0344891548157
0.0352871417999
0.0358581542969
0.0363740921021
0.0605771541595
0.0213568210602
0.0220890045166
0.0225729942322
0.0228989124298
0.0560109615326
0.0562868118286
0.0565140247345
0.0567028522491
0.0568909645081
0.0275537967682
0.0279297828674
0.0283899307251
0.0290529727936
0.029510974884
0.0258498191833
0.0263578891754
0.0267868041992
0.0273439884186
0.0277819633484
0.0340759754181
0.0343241691589
0.0345079898834
0.0346879959106
0.0349080562592
0.0231280326843
0.0236120223999
0.0241930484772
0.0247321128845
0.0252211093903
0.0297329425812
0.030345916748
0.0309388637543
0.0316820144653
0.0322709083557
0.0323150157928
0.0330390930176
0.0337560176849
0.0344829559326
0.035285949707
0.0401151180267
0.000998973846436
0.00190091133118
0.00295186042786
0.00335597991943
0.0426158905029
0.0430309772491
0.0434110164642
0.0440440177917
0.0452709197998
0.0341551303864
0.0346260070801
0.035040140152
0.0381951332092
0.0410380363464
0.0250630378723
0.0254549980164
0.0257890224457
0.0261290073395
0.0264668464661
0.0377769470215
0.0382878780365
0.0388009548187
0.0394020080566
0.0398030281067
0.0349729061127
0.0355598926544
0.0360109806061
0.0371379852295
0.0378220081329
0.0440998077393
0.044312953949
0.00146293640137
0.00347280502319
0.00382781028748
0.0299429893494
0.0301079750061
0.0302608013153
0.0306198596954
0.031044960022
0.0386779308319
0.0394880771637
0.000272035598755
0.001384973526
0.00226712226868
0.0386090278625
0.0388531684875
0.0390310287476
0.0392060279846
0.0393760204315
0.0285608768463
0.0292530059814
0.0300850868225
0.0308840274811
0.0317060947418
0.0370960235596
0.0379209518433
0.0387649536133
0.0395169258118
0.0432639122009
0.0320270061493
0.0333302021027
0.0343041419983
0.0353879928589
0.0361649990082
0.0440268516541
0.044517993927
0.00242900848389
0.0034019947052
0.00375199317932
0.0372281074524
0.0377740859985
0.038339138031
0.0389170646667
0.039500951767
0.0354208946228
0.0359840393066
0.0365018844604
0.0370759963989
0.0375778675079
0.0278871059418
0.0285820960999
0.0292279720306
0.0297770500183
0.0304229259491
0.0336489677429
0.0340669155121
0.0345258712769
0.0353238582611
0.0360498428345
0.0303862094879
0.0310451984406
0.0317251682281
0.032252073288
0.0344111919403
0.040491104126
0.0409080982208
0.00101709365845
0.00215816497803
0.00317406654358
0.0368461608887
0.03755402565
0.0379631519318
0.0382981300354
0.0386381149292
0.0326838493347
0.0331690311432
0.0338699817657
0.0344319343567
0.0349638462067
0.0261869430542
0.0270349979401
0.0278108119965
0.0286729335785
0.0294108390808
0.0289011001587
0.029491186142
0.0304491519928
0.0310611724854
0.0316710472107
0.0413191318512
0.0417680740356
0.0420529842377
0.0422961711884
0.0425410270691
0.0338668823242
0.0344958305359
0.0349929332733
0.035514831543
0.0362088680267
0.0384979248047
0.0389988422394
0.0394179821014
0.0398309230804
0.000853061676025
0.0461270809174
0.0463089942932
0.0464580059052
0.0466029644012
0.0467491149902
0.0624210834503
0.0627219676971
0.0629589557648
0.0631790161133
0.0152139663696
0.040901184082
0.0412731170654
0.0416049957275
0.041876077652
0.0421521663666
0.0347111225128
0.0351850986481
0.0357789993286
0.0363440513611
0.0370559692383
0.0259389877319
0.0270760059357
0.0283789634705
0.0290341377258
0.029580116272
0.0242040157318
0.0249168872833
0.0258369445801
0.026556968689
0.0273470878601
0.0390000343323
0.0397539138794
0.000447988510132
0.00124192237854
0.00235795974731
0.0418961048126
0.042699098587
0.00331377983093
0.00466585159302
0.00553393363953
0.0324599742889
0.0332548618317
0.0340139865875
0.0349497795105
0.0359938144684
0.0280590057373
0.0291740894318
0.0302751064301
0.0312941074371
0.0358710289001
0.0239040851593
0.0244929790497
0.0252330303192
0.0258710384369
0.026447057724
0.0504450798035
0.050665140152
0.050843000412
0.0510191917419
0.0511920452118
0.0407059192657
0.0417819023132
0.00135779380798
0.00354695320129
0.00391483306885
0.0333259105682
0.0340168476105
0.034698009491
0.0353679656982
0.0360898971558
0.0397231578827
0.000519037246704
0.00188493728638
0.00246405601501
0.00302004814148
0.0388081073761
0.0390839576721
0.0392711162567
0.0394480228424
0.0396289825439
0.0386850833893
0.0390899181366
0.0394670963287
0.0433940887451
0.00118398666382
0.0456809997559
0.0458738803864
0.0460479259491
0.0462219715118
0.0464220046997
0.0254001617432
0.0261521339417
0.027006149292
0.0275390148163
0.0280890464783
0.0279550552368
0.0288190841675
0.0293750762939
0.0296800136566
0.0299010276794
0.0294959545135
0.0304598808289
0.031730890274
0.0325970649719
0.0335168838501
0.0464742183685
0.0467121601105
0.0469281673431
0.0471332073212
0.047345161438
0.0311331748962
0.0318531990051
0.0323321819305
0.0327479839325
0.0332369804382
0.0332081317902
0.0341169834137
0.034893989563
0.0357151031494
0.0368480682373
0.0408051013947
0.0414772033691
0.00201082229614
0.00331497192383
0.00476980209351
0.0368738174438
0.0375709533691
0.0380809307098
0.038510799408
0.0391747951508
0.0400459766388
0.00550603866577
0.00604796409607
0.00662398338318
0.00713205337524
0.0504958629608
0.0511469841003
0.0518009662628
0.0524110794067
0.053013086319
0.0374441146851
0.0377440452576
0.0380971431732
0.0384771823883
0.0388810634613
0.0302739143372
0.031229019165
0.0320210456848
0.0335080623627
0.0338180065155
0.0315730571747
0.031788110733
0.0319709777832
0.0321691036224
0.0324010848999
0.0368721485138
0.0377950668335
0.0383551120758
0.0388050079346
0.039302110672
0.0268929004669
0.0274300575256
0.0277328491211
0.0281858444214
0.0287320613861
0.0437219142914
0.0439081192017
0.044084072113
0.0442559719086
0.0444099903107
0.053062915802
0.0532648563385
0.0534529685974
0.0536558628082
0.0538749694824
0.0488350391388
0.0490229129791
0.0491909980774
0.0493350028992
0.0494790077209
0.0324258804321
0.0329458713531
0.0334849357605
0.0341348648071
0.0348188877106
0.0397219657898
0.0399069786072
0.0400619506836
0.0402209758759
0.0403740406036
0.0310308933258
0.0312077999115
0.0313708782196
0.0315308570862
0.0316829681396
0.0333840847015
0.0338361263275
0.0343840122223
0.0346050262451
0.0348031520844
0.0414960384369
0.0424010753632
0.0432641506195
0.0441131591797
0.0449960231781
0.0298688411713
0.0304448604584
0.0309579372406
0.0314538478851
0.0319488048553
0.0293619632721
0.02996301651
0.0305509567261
0.0311360359192
0.0317139625549
0.0283710956573
0.0286130905151
0.0302791595459
0.030837059021
0.0312700271606
0.042338848114
0.0429949760437
0.00363111495972
0.00518608093262
0.00576996803284
0.0462770462036
0.00240302085876
0.00293302536011
0.00347709655762
0.00391316413879
0.0518660545349
0.00550699234009
0.00608801841736
0.00667500495911
0.00744104385376
0.0333960056305
0.0338709354401
0.0342829227448
0.0346250534058
0.034961938858
0.0542049407959
0.00709104537964
0.00824594497681
0.00860500335693
0.00918698310852
0.0440390110016
0.00237894058228
0.00461578369141
0.00507593154907
0.00535297393799
0.0425319671631
0.00271797180176
0.00396108627319
0.00531697273254
0.00586605072021
0.0467140674591
0.0470170974731
0.0472409725189
0.0474569797516
0.0476839542389
0.0723178386688
0.0299718379974
0.0309028625488
0.0318100452423
0.0321288108826
0.0613849163055
0.0219588279724
0.0227217674255
0.0236878395081
0.0240638256073
0.0491428375244
0.0493848323822
0.049596786499
0.0497989654541
0.0500018596649
0.0253200531006
0.0483720302582
0.0485830307007
0.0487689971924
0.0489511489868
0.0418989658356
0.0424478054047
0.0428609848022
0.0433449745178
0.00344800949097
0.0320870876312
0.0330390930176
0.0340330600739
0.0348131656647
0.0353209972382
0.0390479564667
0.000270128250122
0.00114607810974
0.00165009498596
0.00249004364014
0.0416531562805
0.00238299369812
0.0027379989624
0.00300598144531
0.00325489044189
0.0285999774933
0.0290288925171
0.0294289588928
0.0318100452423
0.0325398445129
0.0351150035858
0.0354630947113
0.0357038974762
0.035933971405
0.0361680984497
0.0326898097992
0.0337369441986
0.0346579551697
0.0359058380127
0.0367059707642
0.0257489681244
0.0264880657196
0.0271520614624
0.0277299880981
0.0282990932465
0.0371029376984
0.0378649234772
0.0386900901794
0.0395750999451
0.00025200843811
0.0365009307861
0.0371098518372
0.0379469394684
0.0383360385895
0.0386879444122
0.041170835495
0.00555396080017
0.00625491142273
0.00672698020935
0.00717401504517
0.0368688106537
0.0378999710083
0.038763999939
0.0393958091736
0.0406079292297
0.0396609306335
0.0400929450989
0.000795125961304
0.00164294242859
0.00193405151367
0.0306119918823
0.0313301086426
0.0320391654968
0.0326941013336
0.0333271026611
0.0315539836884
0.0321049690247
0.0324828624725
0.0328278541565
0.0335388183594
0.042601108551
0.043389081955
0.0440471172333
0.0031270980835
0.00655007362366
0.0295851230621
0.0300900936127
0.030620098114
0.0366411209106
0.0376560688019
0.0255069732666
0.0259079933167
0.0263569355011
0.0268659591675
0.0271980762482
0.0292701721191
0.0298640727997
0.0304191112518
0.0308620929718
0.0313990116119
0.0441291332245
0.0444951057434
0.0448551177979
0.045214176178
0.0455391407013
0.0324740409851
0.0331981182098
0.0339169502258
0.0345799922943
0.0355820655823
0.0286071300507
0.0293171405792
0.0301101207733
0.0308661460876
0.0314011573792
0.0300719738007
0.0306630134583
0.0315139293671
0.032329082489
0.0331559181213
0.0232269763947
0.0240769386292
0.0251770019531
0.0261719226837
0.0271129608154
0.024838924408
0.0258560180664
0.0269351005554
0.0281300544739
0.0293459892273
0.0371830463409
0.0381698608398
0.0391280651093
0.040060043335
0.00218105316162
0.0376260280609
0.0388200283051
0.0395240783691
0.0401499271393
0.00592398643494
0.0397050380707
0.000552892684937
0.00154304504395
0.0020649433136
0.00329303741455
0.0379810333252
0.0385160446167
0.0391290187836
0.0398650169373
0.0405550003052
0.0426368713379
0.0429489612579
0.043240070343
0.0435400009155
0.0438270568848
0.0410809516907
0.00266814231873
0.00730800628662
0.00787305831909
0.0084822177887
0.0384120941162
0.0390410423279
0.0395510196686
0.0401771068573
0.00107383728027
0.0382308959961
0.0387718677521
0.0392959117889
0.000198841094971
0.00199890136719
0.0339179039001
0.034805059433
0.03511095047
0.0353009700775
0.0354678630829
0.0269250869751
0.0276460647583
0.0283379554749
0.0289618968964
0.0296349525452
0.0372030735016
0.0379528999329
0.0385758876801
0.0392940044403
0.0399129390717
0.0343608856201
0.0351929664612
0.0360369682312
0.0367848873138
0.0375738143921
0.0295369625092
0.0302851200104
0.0305919647217
0.0308179855347
0.0310349464417
0.0303699970245
0.0337860584259
0.0344948768616
0.0351128578186
0.0357520580292
0.0333240032196
0.0339739322662
0.034600019455
0.0353319644928
0.0357210636139
0.0402791500092
0.0405972003937
0.0408661365509
0.0411260128021
0.0413820743561
0.0298819541931
0.0308010578156
0.0316851139069
0.0326111316681
0.0336771011353
0.0669250488281
0.0293929576874
0.0305118560791
0.0316288471222
0.0327849388123
0.0934739112854
0.0936608314514
0.0938260555267
0.0947239398956
0.0949058532715
0.105355024338
0.105656147003
0.105827093124
0.105983972549
0.106167078018
0.0966260433197
0.0406470298767
0.0416338443756
0.042680978775
0.0436248779297
0.0857670307159
0.0860998630524
0.0863449573517
0.0866029262543
0.0868299007416
0.0762560367584
0.0312840938568
0.0315170288086
0.0318639278412
0.0323889255524
0.0569550991058
0.0173349380493
0.0176599025726
0.0178408622742
0.0187768936157
0.0461239814758
0.00130391120911
0.00213003158569
0.00282692909241
0.00342893600464
0.0391581058502
0.000999927520752
0.00195097923279
0.00411295890808
0.00499391555786
0.0509231090546
0.0513229370117
0.00241088867188
0.00272083282471
0.0030689239502
0.0415270328522
0.0417490005493
0.0419549942017
0.042163848877
0.0423719882965
0.0285561084747
0.0287351608276
0.0288860797882
0.0290431976318
0.0291841030121
0.0443999767303
0.044951915741
0.0454909801483
0.046021938324
0.0465519428253
0.0354909896851
0.0358810424805
0.0363850593567
0.0367250442505
0.039577960968
0.0301291942596
0.0307772159576
0.0312721729279
0.0317161083221
0.0321640968323
0.0320601463318
0.0328919887543
0.0334341526031
0.0339970588684
0.0343391895294
0.0406320095062
0.00111699104309
0.00229501724243
0.00265097618103
0.00301098823547
0.0379419326782
0.0384290218353
0.039155960083
0.0398778915405
0.000617027282715
0.0300009250641
0.0305659770966
0.0310361385345
0.0313949584961
0.031975030899
0.0438771247864
0.00269103050232
0.00459718704224
0.00514221191406
0.00569319725037
0.0443150997162
0.0447390079498
0.0451331138611
0.00712394714355
0.00833797454834
0.0361149311066
0.0369379520416
0.0380828380585
0.0390889644623
0.0400609970093
0.0283930301666
0.0297050476074
0.0306310653687
0.0318250656128
0.03267121315
0.0272979736328
0.0281319618225
0.0289390087128
0.0296938419342
0.0306758880615
0.0290260314941
0.0296812057495
0.0302550792694
0.0305991172791
0.0309820175171
0.0229771137238
0.0376751422882
0.0382289886475
0.0385751724243
0.0388221740723
0.0305371284485
0.0312061309814
0.0318319797516
0.0325291156769
0.0330591201782
0.038999080658
0.0395419597626
0.0403261184692
0.0414791107178
0.042464017868
0.0250771045685
0.0253579616547
0.0255341529846
0.0364360809326
0.0368950366974
0.0335021018982
0.0336830615997
0.0341830253601
0.0346169471741
0.0349080562592
0.0359630584717
0.0364830493927
0.0370359420776
0.0375468730927
0.0378000736237
0.0384960174561
0.0387010574341
0.0392639636993
0.0396230220795
0.000465869903564
0.0326039791107
0.0330419540405
0.0334160327911
0.0337789058685
0.0341448783875
0.0366630554199
0.0371680259705
0.0376510620117
0.0381290912628
0.0387930870056
0.0380411148071
0.0390009880066
0.0398330688477
0.00100803375244
0.00190496444702
0.0482769012451
0.0489330291748
0.00547385215759
0.00700688362122
0.00800895690918
0.0314610004425
0.038645029068
0.0389740467072
0.0392348766327
0.0406680107117
0.0245361328125
0.0248591899872
0.025101184845
0.0253491401672
0.0255930423737
0.0430679321289
0.0433847904205
0.0436298847198
0.0438759326935
0.0441219806671
0.0428931713104
0.0431439876556
0.0433170795441
0.0436689853668
0.0438241958618
0.0863361358643
0.0025691986084
0.00389409065247
0.00452899932861
0.0051121711731
0.0424740314484
0.0426671504974
0.0428290367126
0.0429911613464
0.0431520938873
0.0386028289795
0.0389139652252
0.0394258499146
0.0401768684387
0.0406007766724
0.0270509719849
0.0279331207275
0.0290219783783
0.0298819541931
0.0305380821228
0.0432188510895
0.0437028408051
0.0442848205566
0.0447518825531
0.045166015625
0.0472180843353
0.0474941730499
0.0477421283722
0.0479831695557
0.0482261180878
0.0527069568634
0.0530989170074
0.0534679889679
0.0538170337677
0.0541849136353
0.0277140140533
0.0281970500946
0.0286240577698
0.0291528701782
0.0295939445496
0.0519850254059
0.00224208831787
0.0034351348877
0.00416707992554
0.00478196144104
0.0449819564819
0.0454449653625
0.00240898132324
0.00300693511963
0.0033278465271
0.0254168510437
0.0263409614563
0.0270128250122
0.027755022049
0.0284759998322
0.0248310565948
0.0252690315247
0.0256841182709
0.0260050296783
0.0263171195984
0.034154176712
0.0343570709229
0.0345380306244
0.0347301959991
0.0349051952362
0.0269181728363
0.0275161266327
0.0279040336609
0.0283920764923
0.0289249420166
0.0402450561523
0.0435619354248
0.0076220035553
0.00789999961853
0.00814199447632
0.0452120304108
0.000452995300293
0.00107288360596
0.00139379501343
0.00186991691589
0.0310688018799
0.0317399501801
0.0323557853699
0.0327749252319
0.0332369804382
0.041867017746
0.00217795372009
0.00289392471313
0.00337886810303
0.0038640499115
0.0406668186188
0.0409128665924
0.00122404098511
0.00243782997131
0.00268602371216
0.0373380184174
0.0378518104553
0.0384659767151
0.0390608310699
0.0396509170532
0.0251078605652
0.0257279872894
0.0261738300323
0.0267059803009
0.0273849964142
0.0256240367889
0.0263981819153
0.0272381305695
0.0280270576477
0.0288271903992
0.0327370166779
0.0334208011627
0.0340478420258
0.0347619056702
0.0356559753418
0.0357398986816
0.036504983902
0.0371370315552
0.0377728939056
0.038400888443
0.0414309501648
0.00297784805298
0.00340294837952
0.00673484802246
0.00716400146484
0.0389888286591
0.0398688316345
0.000878095626831
0.00200510025024
0.0028190612793
0.0370759963989
0.0372750759125
0.0374381542206
0.0375921726227
0.0377490520477
0.0291259288788
0.0293290615082
0.0295860767365
0.029834985733
0.0300190448761
0.0283849239349
0.0291488170624
0.0293889045715
0.0296809673309
0.0299968719482
0.03147315979
0.0321440696716
0.0328731536865
0.0335330963135
0.0340240001678
0.0332961082458
0.0343971252441
0.0353310108185
0.0359292030334
0.0365381240845
0.0273940563202
0.028028011322
0.0284340381622
0.0289630889893
0.0294849872589
0.0295438766479
0.0302259922028
0.0308749675751
0.0314018726349
0.0319769382477
0.0242729187012
0.0250058174133
0.0256388187408
0.0262219905853
0.026731967926
0.0296459197998
0.0303030014038
0.0308389663696
0.0312180519104
0.0317158699036
0.0349559783936
0.0361549854279
0.0376160144806
0.0385570526123
0.0396499633789
0.0375869274139
0.0380668640137
0.0387618541718
0.0395338535309
0.0403199195862
0.0391449928284
0.0396270751953
0.0449509620667
0.0451459884644
0.0455899238586
0.0347311496735
0.0352110862732
0.0358211994171
0.0362701416016
0.0367059707642
0.0412018299103
0.0418179035187
0.0424249172211
0.00356316566467
0.00418901443481
0.043025970459
0.0432200431824
0.0433850288391
0.04372215271
0.0438940525055
0.0319850444794
0.0322411060333
0.0325689315796
0.0330240726471
0.0332999229431
0.0319359302521
0.0324378013611
0.0327320098877
0.0329790115356
0.0332169532776
0.0325930118561
0.0327730178833
0.0329298973083
0.033087015152
0.0332379341125
0.0268559455872
0.0270590782166
0.0272459983826
0.0274291038513
0.027664899826
0.0269899368286
0.0272250175476
0.0274341106415
0.027636051178
0.027841091156
0.0262079238892
0.0264599323273
0.0266869068146
0.0268988609314
0.0271139144897
0.0270249843597
0.0272479057312
0.0274379253387
0.0276288986206
0.0278179645538
0.0300600528717
0.0304138660431
0.0309679508209
0.031436920166
0.0319540500641
0.0291378498077
0.0298058986664
0.0303599834442
0.0359709262848
0.0362648963928
0.0328059196472
0.0331637859344
0.0336549282074
0.0342378616333
0.0349769592285
0.0366899967194
0.0373549461365
0.0380008220673
0.0386428833008
0.03928399086
0.0291998386383
0.0297739505768
0.0303299427032
0.0309498310089
0.031751871109
0.025768995285
0.0267779827118
0.0276589393616
0.0284950733185
0.0293989181519
0.0250980854034
0.0259730815887
0.0268800258636
0.0277581214905
0.0286481380463
0.0338292121887
0.0340030193329
0.0341651439667
0.0343220233917
0.0345001220703
0.025908946991
0.0261428356171
0.026330947876
0.0265629291534
0.0268349647522
0.0260300636292
0.0262181758881
0.0263760089874
0.0265409946442
0.0267000198364
0.028391122818
0.028605222702
0.0287790298462
0.0289530754089
0.02911901474
0.0278189182281
0.0280230045319
0.0282030105591
0.0283751487732
0.0285460948944
0.021283864975
0.0215690135956
0.0217640399933
0.0219449996948
0.0221178531647
0.0224349498749
0.0226640701294
0.0228779315948
0.0230810642242
0.0232810974121
0.0206408500671
0.0208468437195
0.021036863327
0.0212309360504
0.0214409828186
0.024346113205
0.0245540142059
0.0247411727905
0.0249202251434
0.0250980854034
0.0272200107574
0.0274288654327
0.027606010437
0.0277879238129
0.0279648303986
0.0279581546783
0.0283091068268
0.0290641784668
0.0295970439911
0.0300970077515
0.0186591148376
0.0190300941467
0.0193419456482
0.0195579528809
0.0197610855103
0.0295438766479
0.0305089950562
0.0311298370361
0.031760931015
0.0326199531555
0.0403609275818
0.0405788421631
0.0407819747925
0.0409758090973
0.041170835495
0.0271279811859
0.0273139476776
0.0274789333344
0.0276288986206
0.0277819633484
0.0297820568085
0.0303151607513
0.0305771827698
0.0314631462097
0.0320630073547
0.024356842041
0.0245518684387
0.0247268676758
0.0249009132385
0.0250718593597
0.0243151187897
0.0245399475098
0.0247459411621
0.0249509811401
0.0251491069794
0.0283391475677
0.028557062149
0.0287590026855
0.0289499759674
0.0291421413422
0.0280430316925
0.0289440155029
0.0297210216522
0.0305049419403
0.0313699245453
0.0239131450653
0.0246200561523
0.0252242088318
0.0259439945221
0.0265212059021
0.0231699943542
0.0241467952728
0.0250549316406
0.0259308815002
0.0266869068146
0.0298500061035
0.0300660133362
0.0302588939667
0.0304570198059
0.0306458473206
0.0325779914856
0.0333290100098
0.0340800285339
0.0349168777466
0.0359539985657
0.0275778770447
0.028235912323
0.0288808345795
0.0295178890228
0.0301599502563
0.0436880588531
0.0443789958954
0.0450420379639
0.0457968711853
0.0464730262756
0.0398390293121
0.0406720638275
0.00134992599487
0.00190401077271
0.00239896774292
0.0400428771973
0.0402879714966
0.0404698848724
0.0406539440155
0.0408279895782
0.0280439853668
0.0290760993958
0.0305330753326
0.0315821170807
0.0327410697937
0.0249140262604
0.0253260135651
0.0257070064545
0.0259339809418
0.0261080265045
0.0320920944214
0.0327110290527
0.0330641269684
0.0333251953125
0.0339050292969
0.0409338474274
0.0414819717407
0.0016131401062
0.00215411186218
0.0027871131897
0.0361020565033
0.0364811420441
0.036698102951
0.0368890762329
0.0372660160065
0.0347929000854
0.035304069519
0.035609960556
0.0358469486237
0.0363390445709
0.0353190898895
0.0358779430389
0.0365989208221
0.0374009609222
0.0379509925842
0.0410358905792
0.0416209697723
0.0422220230103
0.0427470207214
0.0432569980621
0.0342018604279
0.0350818634033
0.035915851593
0.0367438793182
0.0376288890839
0.0241150856018
0.0247311592102
0.0252361297607
0.0257380008698
0.0262351036072
0.0321249961853
0.0327081680298
0.0332601070404
0.0337970256805
0.0343360900879
0.0444138050079
0.0450809001923
0.0457298755646
0.0463738441467
0.0470168590546
0.0403530597687
0.00144004821777
0.00199699401855
0.00256586074829
0.00345802307129
0.0359709262848
0.0365488529205
0.0370628833771
0.0375649929047
0.0380589962006
0.0349929332733
0.0355699062347
0.0360720157623
0.0365979671478
0.0370950698853
0.031534910202
0.032429933548
0.0333590507507
0.03422498703
0.0349910259247
0.0315279960632
0.0322859287262
0.0329859256744
0.0337100028992
0.034471988678
0.0298149585724
0.0307910442352
0.0317800045013
0.0326569080353
0.0336339473724
0.025043964386
0.0252940654755
0.02552485466
0.0257909297943
0.0260539054871
0.024533033371
0.0254020690918
0.0258710384369
0.0261199474335
0.0263550281525
0.0306980609894
0.0315508842468
0.0321869850159
0.0327188968658
0.0333168506622
0.0245981216431
0.0250182151794
0.0253682136536
0.0259130001068
0.0264601707458
0.0224339962006
0.02321600914
0.0236170291901
0.0242791175842
0.024952173233
0.036111831665
0.0365560054779
0.0370688438416
0.037477016449
0.038055896759
0.0333268642426
0.0335788726807
0.0338129997253
0.0341038703918
0.0356078147888
0.0277841091156
0.0281209945679
0.0288290977478
0.0296130180359
0.0302410125732
0.0275340080261
0.0277619361877
0.0279760360718
0.0281889438629
0.0283958911896
0.0234179496765
0.0236248970032
0.0238389968872
0.0240378379822
0.0244059562683
0.0245809555054
0.0248079299927
0.0250020027161
0.0251898765564
0.0253808498383
0.0329837799072
0.0333938598633
0.0337488651276
0.0340449810028
0.0342338085175
0.0284659862518
0.0291080474854
0.0297391414642
0.0303709506989
0.0311660766602
0.047110080719
0.0478959083557
0.0484340190887
0.0489490032196
0.0494780540466
0.0316088199615
0.0322098731995
0.0328969955444
0.0334808826447
0.0340650081635
0.0571510791779
0.0580089092255
0.0585730075836
0.0592379570007
0.0597560405731
0.0371580123901
0.03773188591
0.0382609367371
0.0387580394745
0.0392730236053
0.0331540107727
0.0337061882019
0.0342071056366
0.0347499847412
0.0352840423584
0.051600933075
0.0035548210144
0.0041868686676
0.00480890274048
0.00543093681335
0.0306949615479
0.031023979187
0.0313799381256
0.0317227840424
0.0320699214935
0.0286209583282
0.0294740200043
0.0301759243011
0.0308690071106
0.0311779975891
0.0282349586487
0.0289578437805
0.0296700000763
0.0303699970245
0.0310769081116
0.0260710716248
0.0271120071411
0.0281319618225
0.0292990207672
0.0303919315338
0.0217709541321
0.0219819545746
0.0221419334412
0.0222959518433
0.0226829051971
0.0306439399719
0.0311188697815
0.0315358638763
0.0318269729614
0.0320219993591
0.0275340080261
0.0277240276337
0.0279099941254
0.0280919075012
0.0282719135284
0.0291769504547
0.02935695648