0.025456905365
0.0261290073395
0.026782989502
0.0274388790131
0.0279660224915
0.0295400619507
0.029825925827
0.0303618907928
0.0306279659271
0.031928062439
0.0398190021515
0.0401368141174
0.0404469966888
0.0407619476318
0.0410950183868
0.0374391078949
0.03773188591
0.0379240512848
0.0381510257721
0.0383069515228
0.0445230007172
0.0450451374054
0.0454440116882
0.0458509922028
0.0462300777435
0.0375978946686
0.0386979579926
0.0398118495941
0.040843963623
0.0519778728485
0.0308971405029
0.0315561294556
0.0320060253143
0.0323791503906
0.0328471660614
0.033949136734
0.0354511737823
0.036071062088
0.0366640090942
0.0372262001038
0.030179977417
0.0314378738403
0.0325000286102
0.0335340499878
0.0344219207764
0.0411419868469
0.0424370765686
0.0434730052948
0.0443911552429
0.0451800823212
0.0367069244385
0.0371599197388
0.0378859043121
0.0384659767151
0.0390379428864
0.027862071991
0.0287179946899
0.0299711227417
0.0369839668274
0.0377941131592
0.0328440666199
0.0335278511047
0.0342199802399
0.0349550247192
0.0353119373322
0.0257351398468
0.0264050960541
0.0268311500549
0.0275731086731
0.0280871391296
0.0291020870209
0.0297050476074
0.0301990509033
0.0304570198059
0.0306940078735
0.0290939807892
0.0301198959351
0.0307190418243
0.0311810970306
0.0315310955048
0.0317659378052
0.0320999622345
0.0323088169098
0.0325288772583
0.0331189632416
0.0277931690216
0.0282161235809
0.0285589694977
0.0288021564484
0.0289771556854
0.0296728610992
0.0298979282379
0.0301048755646
0.0305669307709
0.0310890674591
0.0284788608551
0.0287969112396
0.0291049480438
0.0294349193573
0.0298829078674
0.0322830677032
0.0325400829315
0.0327169895172
0.0329089164734
0.0331709384918
0.0356340408325
0.0358920097351
0.0361199378967
0.0363240242004
0.0365240573883
0.0309309959412
0.0311779975891
0.0313699245453
0.0318689346313
0.032054901123
0.0245220661163
0.0247280597687
0.0249161720276
0.0253310203552
0.0255420207977
0.0250890254974
0.0266978740692
0.0287148952484
0.0297908782959
0.0312809944153
0.0355591773987
0.0357840061188
0.0359961986542
0.0363321304321
0.0367550849915
0.0234839916229
0.0243208408356
0.0250959396362
0.0258748531342
0.0265669822693
0.0334031581879
0.0338261127472
0.0341482162476
0.0344982147217
0.0348091125488
0.0273630619049
0.027764081955
0.0279951095581
0.0282430648804
0.0284781455994
0.0231530666351
0.0234370231628
0.0237550735474
0.0241920948029
0.0245940685272
0.0332551002502
0.0335001945496
0.0337021350861
0.0338540077209
0.0340280532837
0.0325880050659
0.0329220294952
0.0331008434296
0.0332748889923
0.0334508419037
0.0279009342194
0.0280878543854
0.0282599925995
0.0284209251404
0.0285968780518
0.0219268798828
0.0224390029907
0.0226728916168
0.0229139328003
0.023118019104
0.0311939716339
0.0314660072327
0.0317890644073
0.0320479869843
0.0323441028595
0.0389881134033
0.0393300056458
0.0395660400391
0.0397369861603
0.039920091629
0.0338339805603
0.0341210365295
0.0346219539642
0.0352320671082
0.0356578826904
0.0266308784485
0.0275270938873
0.0285179615021
0.0300920009613
0.0309391021729
0.0344130992889
0.035313129425
0.0363700389862
0.0372350215912
0.0382921695709
0.0315420627594
0.0317859649658
0.0319919586182
0.0322918891907
0.0327548980713
0.0285270214081
0.0287799835205
0.0289950370789
0.0293350219727
0.0295288562775
0.0256791114807
0.0258851051331
0.0260939598083
0.0264041423798
0.0267100334167
0.0282440185547
0.0284769535065
0.0287299156189
0.028981924057
0.0294671058655
0.0335249900818
0.0337488651276
0.0339269638062
0.0341699123383
0.034481048584
0.032516002655
0.0328018665314
0.0330288410187
0.0332138538361
0.0334520339966
0.0280251502991
0.0293691158295
0.0305049419403
0.0320839881897
0.0331571102142
0.0298118591309
0.0308089256287
0.0316269397736
0.0325028896332
0.0334830284119
0.0288450717926
0.0297758579254
0.0305800437927
0.031378030777
0.0323438644409
0.0312969684601
0.0327160358429
0.0339381694794
0.0353050231934
0.0363299846649
0.0273680686951
0.0278570652008
0.0285630226135
0.0293970108032
0.0298819541931
0.0357239246368
0.0359528064728
0.0361278057098
0.0362968444824
0.0364599227905
0.0306680202484
0.0316739082336
0.0329308509827
0.0336718559265
0.0349409580231
0.0404658317566
0.04141497612
0.0423238277435
0.0432949066162
0.0502779483795
0.0349287986755
0.0358119010925
0.0368449687958
0.0412919521332
0.0439307689667
0.0364179611206
0.0376930236816
0.0389130115509
0.0400331020355
0.0411710739136
0.0383501052856
0.0392639636993
0.0402600765228
0.0410799980164
0.0420830249786
0.0382039546967
0.0393631458282
0.0401821136475
0.0414531230927
0.0469579696655
0.0441179275513
0.0455989837646
0.0469210147858
0.0480139255524
0.0489799976349
0.0425019264221
0.0427300930023
0.0430529117584
0.043359041214
0.0437281131744
0.0373048782349
0.0377490520477
0.0383520126343
0.0389759540558
0.0396459102631
0.0365869998932
0.0375800132751
0.0385830402374
0.0393190383911
0.0404660701752
0.0349540710449
0.0359790325165
0.0367870330811
0.0375452041626
0.0384931564331
0.0263969898224
0.0274479389191
0.0282318592072
0.0306880474091
0.0392868518829
0.0365009307861
0.0376780033112
0.0393581390381
0.0407340526581
0.0415680408478
0.0353028774261
0.0362200737
0.0387189388275
0.0394630432129
0.0469388961792
0.0411050319672
0.0416960716248
0.0422749519348
0.0429449081421
0.0438599586487
0.0250890254974
0.025946855545
0.0267269611359
0.0275249481201
0.0282888412476
0.0379700660706
0.0395700931549
0.0469110012054
0.0480699539185
0.052570104599
0.0445311069489
0.0452580451965
0.045930147171
0.0463480949402
0.0469431877136
0.0237770080566
0.0244159698486
0.0250899791718
0.0257630348206
0.0321431159973
0.0359330177307
0.0370271205902
0.0382089614868
0.0393640995026
0.0467059612274
0.0266089439392
0.0276370048523
0.0285069942474
0.0297060012817
0.0304701328278
0.0241460800171
0.024337053299
0.0245990753174
0.0249171257019
0.0250849723816
0.0335509777069
0.0341820716858
0.0348801612854
0.0353031158447
0.0356640815735
0.0364718437195
0.0366449356079
0.036810874939
0.0371088981628
0.0372650623322
0.0292730331421
0.0299241542816
0.0304210186005
0.0309729576111
0.0314249992371
0.03457903862
0.0357611179352
0.0409660339355
0.0419170856476
0.0440731048584
0.0302991867065
0.0316741466522
0.0384640693665
0.0397191047668
0.0404541492462
0.0328011512756
0.033998966217
0.0354101657867
0.036731004715
0.0379860401154
0.041983127594
0.0430450439453
0.0440111160278
0.0451490879059
0.0463631153107
0.0378329753876
0.0391719341278
0.0441219806671
0.0455179214478
0.0462498664856
0.0343110561371
0.0352230072021
0.0362100601196
0.0371649265289
0.0382220745087
0.0375130176544
0.0385000705719
0.0395691394806
0.0406301021576
0.0470411777496
0.0345280170441
0.0359220504761
0.0371589660645
0.0383229255676
0.0392189025879
0.029412984848
0.0303640365601
0.0312979221344
0.0321969985962
0.0330228805542
0.0279650688171
0.0292439460754
0.0341651439667
0.0355279445648
0.0365359783173
0.0321891307831
0.0327651500702
0.0333740711212
0.0338981151581
0.0344831943512
0.0294389724731
0.0297539234161
0.0307469367981
0.0314569473267
0.0326399803162
0.0428400039673
0.043928861618
0.0450689792633
0.0459558963776
0.0467948913574
0.0410439968109
0.0425281524658
0.0435390472412
0.0445821285248
0.0459170341492
0.0283331871033
0.029598236084
0.0307562351227
0.0320990085602
0.0332481861115
0.0362060070038
0.0369749069214
0.0378699302673
0.0387499332428
0.044811964035
0.0410258769989
0.0419929027557
0.0430688858032
0.044163942337
0.0452489852905
0.035717010498
0.037328004837
0.0392589569092
0.0400850772858
0.046070098877
0.0290350914001
0.030041217804
0.0311160087585
0.0320901870728
0.0377171039581
0.0324139595032
0.0337431430817
0.0349910259247
0.0362651348114
0.0480420589447
0.0394599437714
0.0407330989838
0.0494771003723
0.0505940914154
0.051873922348
0.0510880947113
0.0522220134735
0.0533380508423
0.0558180809021
0.0568940639496
0.0415229797363
0.0429828166962
0.0442979335785
0.0454390048981
0.0464060306549
0.0351259708405
0.0355157852173
0.0357267856598
0.0358839035034
0.0362219810486
0.0243360996246
0.0411231517792
0.0419571399689
0.0432760715485
0.0447881221771
0.0334119796753
0.0342540740967
0.0349850654602
0.0358870029449
0.0366940498352
0.0312089920044
0.0326371192932
0.034215927124
0.0351729393005
0.0360751152039
0.0374619960785
0.0384500026703
0.0428931713104
0.0450329780579
0.0460510253906
0.0293099880219
0.030483007431
0.031585931778
0.0327699184418
0.0340640544891
0.0285470485687
0.0295231342316
0.0307509899139
0.0317280292511
0.0325441360474
0.0299351215363
0.0319101810455
0.0337891578674
0.0352430343628
0.0364201068878
0.0314359664917
0.0332028865814
0.0341398715973
0.0350110530853
0.0357918739319
0.0365281105042
0.037328004837
0.0381941795349
0.0388929843903
0.039715051651
0.0440239906311
0.0476288795471
0.0487580299377
0.0500588417053
0.051127910614
0.0401289463043
0.0411369800568
0.0421140193939
0.0435221195221
0.0443770885468
0.0339171886444
0.034970998764
0.0360941886902
0.0373010635376
0.0386431217194
0.0347490310669
0.0360271930695
0.0372400283813
0.0386400222778
0.0397841930389
0.0331928730011
0.0339648723602
0.0348510742188
0.0361540317535
0.0372948646545
0.0432820320129
0.044508934021
0.0453038215637
0.0462658405304
0.0471260547638
0.0337059497833
0.0350430011749
0.0362257957458
0.037458896637
0.0383808612823
0.0268330574036
0.027801990509
0.0286719799042
0.0295279026031
0.0303599834442
0.0321788787842
0.0332229137421
0.0342450141907
0.0353219509125
0.0428719520569
0.0382299423218
0.039745092392
0.0478410720825
0.048751115799
0.0494899749756
0.0378768444061
0.0390200614929
0.0404798984528
0.0446999073029
0.0459468364716
0.0261888504028
0.0272288322449
0.028669834137
0.0299170017242
0.0406799316406
0.0348751544952
0.0350639820099
0.0352339744568
0.0354180335999
0.0355689525604
0.0315451622009
0.0317671298981
0.0319390296936
0.0320990085602
0.0322690010071
0.0329599380493
0.0331439971924
0.033294916153
0.0334467887878
0.0335958003998
0.0382900238037
0.0387461185455
0.0393331050873
0.0398550033569
0.0403251647949
0.027773141861
0.0280790328979
0.0282709598541
0.0285351276398
0.029345035553
0.0361568927765
0.036808013916
0.0373768806458
0.0380790233612
0.0387439727783
0.022500038147
0.0231440067291
0.0237519741058
0.0243961811066
0.0250091552734
0.0304229259491
0.031103849411
0.0316848754883
0.0322818756104
0.0331079959869
0.0295140743256
0.0305500030518
0.0311601161957
0.0318369865417
0.0320479869843
0.0301580429077
0.03165102005
0.0327808856964
0.0336389541626
0.0344140529633
0.0392310619354
0.0460960865021
0.0476720333099
0.0487930774689
0.0510859489441
0.0368900299072
0.0370950698853
0.0372750759125
0.0374350547791
0.0376100540161
0.0329151153564
0.0331041812897
0.033282995224
0.0335040092468
0.033655166626
0.032567024231
0.0328271389008
0.0330531597137
0.0333189964294
0.0337610244751
0.0296030044556
0.0300672054291
0.0303041934967
0.030611038208
0.0311131477356
0.0330691337585
0.0334680080414
0.0338160991669
0.0341501235962
0.0344481468201
0.0255208015442
0.0258798599243
0.0261809825897
0.0267999172211
0.0271008014679
0.0305268764496
0.0312678813934
0.0322418212891
0.0331788063049
0.034462928772
0.0333709716797
0.0336389541626
0.0339300632477
0.0342149734497
0.0344939231873
0.0328500270844
0.0332009792328
0.0336320400238
0.0339510440826
0.0341398715973
0.026181936264
0.0264239311218
0.02663397789
0.0268359184265
0.0270040035248
0.0257580280304
0.0259819030762
0.0261890888214
0.0263710021973
0.02654504776
0.0220398902893
0.0222690105438
0.0224628448486
0.0226438045502
0.0228168964386
0.0371298789978
0.0375149250031
0.0378928184509
0.0382688045502
0.0386409759521
0.0307619571686
0.0309641361237
0.0311391353607
0.0313050746918
0.0314819812775
0.0303089618683
0.0305950641632
0.0308721065521
0.0311639308929
0.0314631462097
0.0344469547272
0.0354888439178
0.0369169712067
0.0382430553436
0.0395829677582
0.0296039581299
0.029825925827
0.0300149917603
0.0302050113678
0.0303900241852
0.0356121063232
0.0358419418335
0.0360429286957
0.0362470149994
0.0364301204681
0.0309278964996
0.0311629772186
0.0313649177551
0.0315589904785
0.0317449569702
0.0367910861969
0.0371000766754
0.0374150276184
0.037712097168
0.0380001068115
0.0354800224304
0.0358939170837
0.0361478328705
0.0364668369293
0.0367338657379
0.0305788516998
0.0309200286865
0.0311439037323
0.0313558578491
0.0315508842468
0.0295069217682
0.0297050476074
0.0299119949341
0.0301308631897
0.0306770801544
0.0292620658875
0.0294909477234
0.02965092659
0.0298540592194
0.0301148891449
0.0282690525055
0.0286450386047
0.0288610458374
0.0290670394897
0.0293409824371
0.0390701293945
0.039281129837
0.0394821166992
0.0396699905396
0.0400199890137
0.0303819179535
0.0306038856506
0.0307700634003
0.0309178829193
0.0310909748077
0.0381610393524
0.0384700298309
0.038684129715
0.0388791561127
0.0391781330109
0.0459790229797
0.0485870838165
0.0495090484619
0.0507020950317
0.0518810749054
0.0307869911194
0.031564950943
0.0322518348694
0.0330619812012
0.0338749885559
0.0364370346069
0.0375900268555
0.0383729934692
0.0393900871277
0.0405130386353
0.0394821166992
0.0404751300812
0.0417609214783
0.0432269573212
0.0442221164703
0.0429730415344
0.0438539981842
0.0446128845215
0.0453360080719
0.0464088916779
0.030268907547
0.0312628746033
0.0319108963013
0.0325820446014
0.0333299636841
0.0317850112915
0.0324509143829
0.0332939624786
0.0341420173645
0.0351459980011
0.046844959259
0.0475189685822
0.048192024231
0.0488460063934
0.0494859218597
0.0280601978302
0.0288791656494
0.0297741889954
0.0308101177216
0.0317940711975
0.0272748470306
0.028137922287
0.028892993927
0.0298049449921
0.0388879776001
0.0291450023651
0.0305020809174
0.0319581031799
0.0328509807587
0.0337610244751
0.0269689559937
0.0276961326599
0.0283231735229
0.0289261341095
0.0295510292053
0.0246698856354
0.0249218940735
0.0252230167389
0.0256128311157
0.0260038375854
0.0269010066986
0.0271620750427
0.0273809432983
0.0281190872192
0.0290510654449
0.0359289646149
0.0361881256104
0.0363900661469
0.0366270542145
0.0368480682373
0.0268931388855
0.0271201133728
0.0273160934448
0.0275280475616
0.0276899337769
0.0303800106049
0.0306191444397
0.0308911800385
0.0315401554108
0.0325322151184
0.0215840339661
0.0219779014587
0.0223028659821
0.0226230621338
0.0229279994965
0.0303299427032
0.0304989814758
0.0306730270386
0.0308790206909
0.0310580730438
0.0297570228577
0.0311260223389
0.032742023468
0.0336170196533
0.0344429016113
0.0289151668549
0.0291211605072
0.029314994812
0.0295360088348
0.0300061702728
0.0390529632568
0.0395410060883
0.0402059555054
0.0407769680023
0.0412938594818
0.0370419025421
0.0372788906097
0.0374698638916
0.0376920700073
0.0379278659821
0.0242609977722
0.02459192276
0.0248680114746
0.0253870487213
0.0257210731506
0.029942035675
0.0310039520264
0.0321860313416
0.0332250595093
0.0342400074005
0.0431108474731
0.0434510707855
0.0443458557129
0.0454490184784
0.0467109680176
0.0253908634186
0.0263168811798
0.0273349285126
0.0281119346619
0.0291588306427
0.0414419174194
0.0417478084564
0.0419638156891
0.0421319007874
0.0422959327698
0.02876496315
0.0299859046936
0.0311808586121
0.0323059558868
0.0333120822906
0.0266969203949
0.0268878936768
0.0270349979401
0.0273950099945
0.0277988910675
0.026976108551
0.0274200439453
0.0277290344238
0.0279271602631
0.0281131267548
0.0245308876038
0.0248188972473
0.0250289440155
0.0252840518951
0.0257029533386
0.0277688503265
0.0280559062958
0.028265953064
0.028431892395
0.0285909175873
0.0320200920105
0.0322639942169
0.0324859619141
0.0330309867859
0.0334520339966
0.0326180458069
0.0331289768219
0.0333411693573
0.0335450172424
0.0337769985199
0.0277781486511
0.0286250114441
0.0297930240631
0.0306949615479
0.0315670967102
0.0356411933899
0.035984992981
0.0362989902496
0.0372271537781
0.0382981300354
0.0437769889832
0.0450990200043
0.046101808548
0.0475399494171
0.0485048294067
0.0317142009735
0.0320301055908
0.0326352119446
0.0328650474548
0.0330910682678
0.0347809791565
0.0359058380127
0.0372090339661
0.0382888317108
0.0397219657898
0.0310242176056
0.0323281288147
0.0331931114197
0.033931016922
0.0358800888062
0.0370509624481
0.0384910106659
0.0395209789276
0.0412878990173
0.0501778125763
0.0276319980621
0.0284140110016
0.0291049480438
0.0297560691833
0.0367050170898
0.0344560146332
0.0354821681976
0.0364279747009
0.0373730659485
0.038556098938
0.0393509864807
0.0395181179047
0.0396599769592
0.0397980213165
0.0399940013885
0.0291378498077
0.0293748378754
0.0296490192413
0.0299458503723
0.0301430225372
0.0287089347839
0.0290989875793
0.0294470787048
0.0300381183624
0.0303831100464
0.0346999168396
0.0348920822144
0.0350749492645
0.0356719493866
0.0358250141144
0.026468038559
0.0266849994659
0.0268511772156
0.0270240306854
0.0271880626678
0.0340390205383
0.0349411964417
0.035835981369
0.0366950035095
0.03746509552
0.031229019165
0.0319108963013
0.0329039096832
0.034343957901
0.0356569290161
0.0260889530182
0.0273649692535
0.0284698009491
0.0292840003967
0.0378518104553
0.0327069759369
0.032881975174
0.0330798625946
0.0333108901978
0.0335538387299
0.0274860858917
0.0280830860138
0.0288391113281
0.0293519496918
0.0301098823547
0.0248889923096
0.0251920223236
0.0254809856415
0.0257971286774
0.0261180400848
0.0228559970856
0.0230801105499
0.0232579708099
0.0234489440918
0.0236301422119
0.0274019241333
0.0276880264282
0.0279240608215
0.0281128883362
0.0282869338989
0.0234429836273
0.0237600803375
0.0240640640259
0.0243680477142
0.0246870517731
0.0320208072662
0.0323488712311
0.0326628684998
0.0329468250275
0.0332398414612
0.0266270637512
0.0269930362701
0.0273230075836
0.0277090072632
0.0281231403351
0.0356569290161
0.0359070301056
0.0361089706421
0.0363068580627
0.0367388725281
0.0346491336823
0.0351281166077
0.0353381633759
0.0355241298676
0.035717010498
0.0309889316559
0.0314481258392
0.031867980957
0.0322690010071
0.0326471328735
0.0289371013641
0.0291929244995
0.0294489860535
0.0296859741211
0.0300419330597
0.0248000621796
0.0252258777618
0.0255298614502
0.025820016861
0.0261249542236
0.0281250476837
0.0284280776978
0.0287570953369
0.0290760993958
0.0292601585388
0.0298550128937
0.0314321517944
0.0322229862213
0.0341320037842
0.0355570316315
0.0289461612701
0.0291631221771
0.0293929576874
0.0295600891113
0.0297491550446
0.032909154892
0.0332272052765
0.0340821743011
0.0349431037903
0.0359570980072
0.026792049408
0.0270791053772
0.0273749828339
0.0277810096741
0.028088092804
0.0285968780518
0.028774023056
0.0289559364319
0.0291180610657
0.0292589664459
0.0283858776093
0.0286149978638
0.0288009643555
0.0289769172668
0.0292029380798
0.0270428657532
0.0281829833984
0.0290188789368
0.0295128822327
0.0305438041687
0.073539018631
0.0742311477661
0.0748989582062
0.0755741596222
0.0763549804688
0.0342218875885
0.0359799861908
0.0382339954376
0.0417881011963
0.0447909832001
0.0404391288757
0.0410270690918
0.0414490699768
0.0417921543121
0.0420520305634
0.0378868579865
0.0381388664246
0.0383398532867
0.0385429859161
0.0391089916229
0.0289530754089
0.0291528701782
0.0293290615082
0.0295000076294
0.0296680927277
0.0465800762177
0.046783208847
0.0469501018524
0.047107219696
0.0472671985626
0.0263950824738
0.026593208313
0.0267491340637
0.0269041061401
0.0270562171936
0.0358941555023
0.0362820625305
0.0366079807281
0.0368950366974
0.037073135376
0.0263750553131
0.0265889167786
0.026792049408
0.0269639492035
0.0271329879761
0.0314240455627
0.0323710441589
0.0330100059509
0.0336771011353
0.0345289707184
0.0283720493317
0.0285699367523
0.0287399291992
0.02903008461
0.0293929576874
0.0290329456329
0.0300710201263
0.0308041572571
0.0315041542053
0.032881975174
0.0288190841675
0.0290389060974
0.0292670726776
0.0294890403748
0.0297150611877
0.0326540470123
0.0328600406647
0.0330278873444
0.033173084259
0.0334219932556
0.0287849903107
0.0291130542755
0.02947306633
0.0321900844574
0.032879114151
0.0307450294495
0.0310308933258
0.0313301086426
0.0315589904785
0.0317809581757
0.0329098701477
0.0332908630371
0.0336399078369
0.0339548587799
0.0342559814453
0.0261380672455
0.0269131660461
0.0275540351868
0.0282599925995
0.0285511016846
0.0276310443878
0.027890920639
0.0281648635864
0.0283749103546
0.0285770893097
0.0341770648956
0.035049200058
0.0356211662292
0.0362010002136
0.036954164505
0.0319650173187
0.0326030254364
0.033478975296
0.0347089767456
0.0428190231323
0.0240678787231
0.0249829292297
0.0262570381165
0.027391910553
0.0283310413361
0.0376930236816
0.0393438339233
0.0403299331665
0.0413339138031
0.042228937149
0.0342590808868
0.0349621772766
0.0355851650238
0.0368580818176
0.0376300811768
0.0417101383209
0.0420949459076
0.0424671173096
0.0428330898285
0.0432069301605
0.0302128791809
0.0305759906769
0.0307769775391
0.0309569835663
0.0311708450317
0.0244560241699
0.0246729850769
0.0248630046844
0.025043964386
0.0252621173859
0.0259411334991
0.0262091159821
0.026426076889
0.0266280174255
0.0268199443817
0.0303781032562
0.0306749343872
0.03089594841
0.0311388969421
0.0313019752502
0.0483260154724
0.0492498874664
0.0498249530792
0.050577878952
0.051383972168
0.0290269851685
0.0300140380859
0.0309228897095
0.0318009853363
0.0329580307007
0.0455319881439
0.0471811294556
0.0486559867859
0.049458026886
0.0505621433258
0.029433965683
0.030524969101
0.0315568447113
0.0323638916016
0.0331978797913
0.0438899993896
0.0441360473633
0.0443420410156
0.044725894928
0.0451109409332
0.0268261432648
0.0273790359497
0.0278010368347
0.0284841060638
0.0293090343475
0.0310859680176
0.0312588214874
0.0314240455627
0.0315799713135
0.0317349433899
0.0254280567169
0.0256400108337
0.0258588790894
0.0260379314423
0.0262160301208
0.0289380550385
0.0291872024536
0.0293991565704
0.0297040939331
0.0347390174866
0.0298550128937
0.0308899879456
0.031830072403
0.0327970981598
0.0336740016937
0.0355949401855
0.0364699363708
0.0420610904694
0.0431611537933
0.0439889431
0.0409948825836
0.0420730113983
0.0429849624634
0.0441818237305
0.0455279350281
0.0297088623047
0.0304548740387
0.0310189723969
0.0316789150238
0.0387690067291
0.0189080238342
0.0192110538483
0.0195279121399
0.0197401046753
0.0200259685516
0.0267350673676
0.0279169082642
0.0288908481598
0.0297138690948
0.0307650566101
0.0292768478394
0.0301308631897
0.0307128429413
0.0314090251923
0.0321829319
0.0244188308716
0.0256810188293
0.0267698764801
0.0278170108795
0.02889585495
0.0380492210388
0.0384130477905
0.0387630462646
0.0389750003815
0.0391571521759
0.0237119197845
0.0239508152008
0.0241389274597
0.0244569778442
0.0246977806091
0.0269379615784
0.0273001194
0.0276100635529
0.0279240608215
0.0282320976257
0.0235230922699
0.0239641666412
0.0243489742279
0.0247180461884
0.0250670909882
0.023726940155
0.0246229171753
0.0253310203552
0.0258638858795
0.0272190570831
0.0279879570007
0.0291240215302
0.0300049781799
0.0311989784241
0.0325438976288
0.0260720252991
0.0269370079041
0.0280621051788
0.0294470787048
0.0303430557251
0.0299530029297
0.0303418636322
0.0307610034943
0.0310618877411
0.0316739082336
0.0275201797485
0.0278811454773
0.0281929969788
0.0284872055054
0.0287799835205
0.0284941196442
0.0288670063019
0.0291891098022
0.0294539928436
0.0296349525452
0.0273950099945
0.0277590751648
0.0280549526215
0.0284540653229
0.0286450386047
0.031965970993
0.0323009490967
0.0326290130615
0.0329868793488
0.0333127975464
0.0323979854584
0.0326759815216
0.0329239368439
0.033145904541
0.0333099365234
0.0381789207458
0.0390019416809
0.0392858982086
0.0395019054413
0.0396928787231
0.0481381416321
0.0490500926971
0.0493562221527
0.0501670837402
0.0513250827789
0.0314309597015
0.0318958759308
0.0325000286102
0.0330929756165
0.0332958698273
0.0311989784241
0.031928062439
0.0324301719666
0.0326449871063
0.0328171253204
0.0415139198303
0.0418500900269
0.0421710014343
0.0424790382385
0.042732000351
0.0429408550262
0.0431549549103
0.043340921402
0.043524980545
0.0436930656433
0.0309128761292
0.0314340591431
0.0317950248718
0.0325100421906
0.0331408977509
0.0334489345551
0.034008026123
0.0343608856201
0.0348379611969
0.0351500511169
0.0544948577881
0.0549409389496
0.0554320812225
0.0556440353394
0.0558228492737
0.0292301177979
0.0307059288025
0.0318489074707
0.0330281257629
0.0341730117798
0.0307581424713
0.0309190750122
0.0310740470886
0.0312311649323
0.0314321517944
0.0274109840393
0.0282809734344
0.0290710926056
0.0299870967865
0.0307879447937
0.028932094574
0.029116153717
0.0292811393738
0.0294442176819
0.0296511650085
0.0272171497345
0.0275540351868
0.0277700424194
0.0279619693756
0.028167963028
0.0260829925537
0.0262961387634
0.0264859199524
0.0266880989075
0.0268969535828
0.0321340560913
0.0329389572144
0.0335199832916
0.0344481468201
0.0350430011749
0.0333030223846
0.0342371463776
0.0351800918579
0.0360751152039
0.0402910709381
0.0949399471283
0.0956461429596
0.096363067627
0.0970540046692
0.0977990627289
0.0278689861298
0.0284130573273
0.0290360450745
0.0294940471649
0.0304431915283
0.0270130634308
0.0278561115265
0.0283629894257
0.029748916626
0.0302391052246
0.0300190448761
0.0310800075531
0.031800031662
0.0326280593872
0.0335171222687
0.031909942627
0.0329730510712
0.0337820053101
0.0347471237183
0.0427229404449
0.0268859863281
0.0274660587311
0.0279121398926
0.0284769535065
0.0292501449585
0.0278811454773
0.028156042099
0.0283570289612
0.02867603302
0.0293021202087
0.0335240364075
0.0345890522003
0.0349719524384
0.0356199741364
0.0360901355743
0.038122177124
0.038428068161
0.0391881465912
0.0399901866913
0.0403120517731
0.0236799716949
0.0239908695221
0.0242948532104
0.0249128341675
0.0264248847961
0.0477709770203
0.0489280223846
0.0499939918518
0.0508680343628
0.0518538951874
0.0381338596344
0.0390999317169
0.0401289463043
0.0409569740295
0.0421118736267
0.0373020172119
0.0382759571075
0.0393738746643
0.0402219295502
0.0412888526917
0.0291359424591
0.0300159454346
0.0307600498199
0.0319619178772
0.0422329902649
0.0373680591583
0.0387210845947
0.0397551059723
0.0465199947357
0.0475080013275
0.0292439460754
0.0301039218903
0.0309689044952
0.0318069458008
0.032881975174
0.034873008728
0.0357789993286
0.0372438430786
0.0420119762421
0.0429358482361
0.0342888832092
0.035392999649
0.0362849235535
0.0372939109802
0.0381579399109
0.0346541404724
0.0355160236359
0.0363571643829
0.0372340679169
0.0380589962006
0.0311069488525
0.0317158699036
0.0321409702301
0.0325469970703
0.032928943634
0.0314090251923
0.0315809249878
0.0318241119385
0.0319828987122
0.032320022583
0.0299289226532
0.030247926712
0.0305399894714
0.0307869911194
0.0309820175171
0.0212068557739
0.0213990211487
0.0215630531311
0.0217199325562
0.0218789577484
0.0310139656067
0.0312910079956
0.0315051078796
0.0319030284882
0.0321440696716
0.0365159511566
0.0367879867554
0.0370860099792
0.037300825119
0.0375099182129
0.0305709838867
0.0309410095215
0.031268119812
0.0315680503845
0.0318579673767
0.0295300483704
0.0297040939331
0.0298640727997
0.0300469398499
0.030207157135
0.0290350914001
0.0292789936066
0.0294690132141
0.029648065567
0.0298359394073
0.0295300483704
0.0297129154205
0.0298800468445
0.03005194664
0.0302040576935
0.0332269668579
0.0335910320282
0.0339870452881
0.0351550579071
0.0364530086517
0.0272960662842
0.0275101661682
0.0276770591736
0.0278539657593
0.0280101299286
0.0255320072174
0.0259189605713
0.0262889862061
0.0266349315643
0.0269780158997
0.0336248874664
0.0339648723602
0.0343198776245
0.0397570133209
0.0401599407196
0.0210449695587
0.0212950706482
0.0215351581573
0.021723985672
0.0219180583954
0.0230209827423
0.0233070850372
0.0236101150513
0.0239100456238
0.0242009162903
0.029002904892
0.0302438735962
0.0314238071442
0.0328159332275
0.0400228500366
0.0266110897064
0.027801990509
0.0290729999542
0.0301229953766
0.0367159843445
0.0339090824127
0.0347220897675
0.0350980758667
0.0353231430054
0.0355710983276
0.027281999588
0.0287258625031
0.0341398715973
0.0360288619995
0.0379528999329
0.031641960144
0.0326750278473
0.0339570045471
0.0350620746613
0.0360550880432
0.0269029140472
0.0282800197601
0.029639005661
0.0310049057007
0.0321319103241
0.0310409069061
0.031730890274
0.0436208248138
0.0445909500122
0.0449378490448
0.027487039566
0.0282089710236
0.0287280082703
0.0292918682098
0.0298190116882
0.0284738540649
0.029846906662
0.0308129787445
0.0323278903961
0.039226770401
0.0304489135742
0.0319628715515
0.0331559181213
0.0435400009155
0.0450160503387
0.0391712188721
0.0402672290802
0.0414252281189
0.042414188385
0.0436091423035
0.0452089309692
0.0465559959412
0.0473759174347
0.0480959415436
0.0491089820862
0.0227048397064
0.0381879806519
0.0397799015045
0.041051864624
0.0423629283905
0.0357458591461
0.0364348888397
0.0373518466949
0.0381419658661
0.038890838623
0.0275180339813
0.0278429985046
0.0281219482422
0.0287160873413
0.0290338993073
0.0266299247742
0.0269169807434
0.0270941257477
0.027293920517
0.0274860858917
0.0323948860168
0.0327467918396
0.0330798625946
0.0334157943726
0.0337688922882
0.0268421173096
0.027214050293
0.0275890827179
0.0278689861298
0.0282039642334
0.0350971221924
0.0353181362152
0.0356740951538
0.0359752178192
0.0363101959229
0.0319380760193
0.0327379703522
0.0332820415497
0.0342800617218
0.035049200058
0.0299079418182
0.0308020114899
0.0317220687866
0.0325019359589
0.0333850383759
0.0252659320831
0.0259540081024
0.0266149044037
0.0273308753967
0.0279729366302
0.0273621082306
0.0281870365143
0.0292279720306
0.0300071239471
0.0307569503784
0.0223579406738
0.0230951309204
0.0240030288696
0.0251760482788
0.0326211452484
0.0274229049683
0.0277099609375
0.0279428958893
0.0283598899841
0.0287230014801
0.0257389545441
0.025918006897
0.0260739326477
0.026251077652
0.0264239311218
0.0293920040131
0.0296649932861
0.0299069881439
0.0301489830017
0.0303909778595
0.0329670906067
0.0334439277649
0.0338869094849
0.0342838764191
0.0347249507904
0.0354089736938
0.0355889797211
0.035747051239
0.0360379219055
0.0363159179688
0.0276389122009
0.0280179977417
0.028382062912
0.0287010669708
0.029000043869
0.0285680294037
0.0289058685303
0.0291309356689
0.029326915741
0.02952003479
0.0283300876617
0.0287671089172
0.0292491912842
0.0295422077179
0.0300281047821
0.0327799320221
0.0330679416656
0.0333938598633
0.0335948467255
0.0337789058685
0.0403950214386
0.0405700206757
0.0407350063324
0.0408890247345
0.0411429405212
0.0263469219208
0.0265889167786
0.0268168449402
0.0270609855652
0.0274388790131
0.0318610668182
0.0321118831635
0.0323069095612
0.0325100421906
0.0326910018921
0.0338790416718
0.0345652103424
0.0351212024689
0.0357201099396
0.0363540649414
0.0243570804596
0.024631023407
0.0248310565948
0.0250239372253
0.0255670547485
0.0291259288788
0.0293879508972
0.0296919345856
0.0299940109253
0.0303058624268
0.0400149822235
0.0402321815491
0.0404131412506
0.040577173233
0.0407381057739
0.0271270275116
0.0282330513
0.0292038917542
0.0304329395294
0.0311009883881
0.0313990116119
0.0317621231079
0.0324151515961
0.0330200195312
0.0339641571045
0.0352299213409
0.0361328125
0.0376398563385
0.0392949581146
0.0404078960419
0.0304219722748
0.0314919948578
0.0326299667358
0.0397410392761
0.0403928756714
0.0354208946228
0.0358188152313
0.0362219810486
0.0365438461304
0.036878824234
0.0215439796448
0.0223920345306
0.023656129837
0.0249021053314
0.0259840488434
0.0341770648956
0.0352439880371
0.0367300510406
0.0379378795624
0.0391330718994
0.0341839790344
0.0344660282135
0.0347681045532
0.035003900528
0.0352261066437
0.0305540561676
0.0309228897095
0.0312688350677
0.0316159725189
0.0319578647614
0.0284769535065
0.0286929607391
0.0288980007172
0.0290958881378
0.0293078422546
0.0269100666046
0.0271890163422
0.0273530483246
0.0275042057037
0.02765417099
0.0292439460754
0.0297200679779
0.030296087265
0.030905008316
0.03142786026
0.0306367874146
0.0311899185181
0.032105922699
0.0331468582153
0.0336809158325
0.0397200584412
0.0405211448669
0.0428609848022
0.0435049533844
0.0442540645599
0.030727148056
0.0317220687866
0.0325300693512
0.0334532260895
0.0346260070801
0.0242719650269
0.0248610973358
0.0254259109497
0.025995016098
0.0266060829163
0.028960943222
0.0296869277954
0.0302441120148
0.0307829380035
0.0311830043793
0.033429145813
0.0338571071625
0.0342571735382
0.0349850654602
0.0363099575043
0.0311980247498
0.0322511196136
0.0332720279694
0.0341939926147
0.0353200435638
0.0318379402161
0.0329189300537
0.0342059135437
0.0348529815674
0.0358400344849
0.0279579162598
0.0288589000702
0.0296840667725
0.0305399894714
0.0322589874268
0.0250852108002
0.0252771377563
0.0257651805878
0.0259611606598
0.0261690616608
0.0477161407471
0.0481770038605
0.0491499900818
0.0503809452057
0.0516841411591
0.0391590595245
0.0393350124359
0.0394949913025
0.0396480560303
0.0399599075317
0.0307669639587
0.0311198234558
0.0314400196075
0.0317628383636
0.0320680141449
0.03777384758
0.0380699634552
0.0383529663086
0.0386369228363
0.0389578342438
0.0333118438721
0.0341508388519
0.0349638462067
0.035740852356
0.0365619659424
0.0391941070557
0.0395691394806
0.0399370193481
0.0402879714966
0.0406179428101
0.0291180610657
0.0294032096863
0.0296242237091
0.0298321247101
0.0300281047821
0.0289630889893
0.0299150943756
0.030916929245
0.0320830345154
0.0333399772644
0.0296049118042
0.0297989845276
0.0300180912018
0.0301880836487
0.0303449630737
0.0267961025238
0.0270071029663
0.0273411273956
0.0315999984741
0.0325021743774
0.0308649539948
0.0312988758087
0.0325918197632
0.0333759784698
0.0345277786255
0.0330600738525
0.0333359241486
0.0335819721222
0.033851146698
0.034893989563
0.0270369052887
0.0272789001465
0.0275027751923
0.0277349948883
0.0279247760773
0.0331900119781
0.033390045166
0.0336759090424
0.0338568687439
0.0340168476105
0.0317080020905
0.0323851108551
0.0332050323486
0.0343420505524
0.0354990959167
0.0234460830688
0.0242209434509
0.0245699882507
0.0251278877258
0.0260488986969
0.0291080474854
0.0305089950562
0.0320708751678
0.0332798957825
0.0345559120178
0.0348131656647
0.0360100269318
0.0384681224823
0.0400340557098
0.0407471656799
0.0305840969086
0.0312559604645
0.0319600105286
0.0326411724091
0.0334010124207
0.0407030582428
0.0414760112762
0.0421271324158
0.0427529811859
0.0433850288391
0.0268750190735
0.0270819664001
0.0280318260193
0.0289459228516
0.0293889045715
0.0249679088593
0.0254969596863
0.0259549617767
0.0264019966125
0.0271949768066
0.0324769020081
0.0330309867859
0.0337839126587
0.0378279685974
0.0387420654297
0.0327100753784
0.0337579250336
0.0376880168915
0.0397069454193
0.041090965271
0.032693862915
0.0332269668579
0.0337979793549
0.0343217849731
0.0351178646088
0.0253231525421
0.025936126709
0.0264971256256
0.0268762111664
0.0272290706635
0.0232570171356
0.0241920948029
0.0249099731445
0.0254609584808
0.0262880325317
0.0243339538574
0.0253710746765
0.026006937027
0.0269689559937
0.0282700061798
0.0251860618591
0.0265259742737
0.0277690887451
0.029981136322
0.0311379432678
0.0417850017548
0.0425209999084
0.0434010028839
0.0443120002747
0.0455808639526
0.0288319587708
0.0301690101624
0.0344710350037
0.0363800525665
0.0377750396729
0.0252239704132
0.0255441665649
0.0258791446686
0.0266129970551
0.0269491672516
0.0316290855408
0.0318310260773
0.0319941043854
0.0321960449219
0.0323519706726
0.0251359939575
0.0253231525421
0.0254831314087
0.0256471633911
0.0258522033691
0.0284149646759
0.0293099880219
0.0304729938507
0.0311050415039
0.0314798355103
0.0253911018372
0.0256299972534
0.025857925415
0.0260851383209
0.0263199806213
0.0331249237061
0.0334370136261
0.0337429046631
0.0340399742126
0.0343520641327
0.0234000682831
0.023903131485
0.0243890285492
0.0248839855194
0.025365114212
0.0446209907532
0.0448529720306
0.0451171398163
0.0453670024872
0.0456640720367
0.0271408557892
0.027510881424
0.0278310775757
0.0281369686127
0.0284440517426
0.024111032486
0.0243360996246
0.0245819091797
0.0247910022736
0.0250010490417
0.027125120163
0.0273439884186
0.0275361537933
0.027713060379
0.0278849601746
0.0252511501312
0.0256381034851
0.0259861946106
0.0263221263885
0.0266530513763
0.0231020450592
0.023530960083
0.0239319801331
0.02423787117
0.0245459079742
0.0251967906952
0.0255899429321
0.0259478092194
0.0262968540192
0.0264608860016
0.0281848907471
0.0284419059753
0.0286478996277
0.0288498401642
0.0313339233398
0.0250360965729
0.0252821445465
0.0255041122437
0.0257930755615
0.0260820388794
0.023158788681
0.023402929306
0.0236208438873
0.0238628387451
0.0242409706116
0.0217831134796
0.0231649875641
0.0243711471558
0.0257539749146
0.0268721580505
0.0281848907471
0.0296850204468
0.0309710502625
0.0371129512787
0.0387589931488
0.0391340255737
0.0393559932709
0.0406711101532
0.0408689975739
0.0412580966949
0.0291018486023
0.0294418334961
0.0297789573669
0.0301139354706
0.0303349494934
0.117388010025
0.118374109268
0.119421005249
0.121031045914
0.122578144073
0.0404489040375
0.040876865387
0.0414638519287
0.0419309139252
0.0421798229218
0.0498311519623
0.0506880283356
0.0514831542969
0.0523190498352
0.0530540943146
0.0325639247894
0.0332560539246
0.0338530540466
0.0345919132233
0.0353319644928
0.0353579521179
0.0363879203796
0.0369598865509
0.037526845932
0.038115978241
0.030659198761
0.0314671993256
0.0322751998901
0.0330581665039
0.0420200824738
0.0261919498444
0.0272068977356
0.0279319286346
0.028913974762
0.0300209522247
0.0284249782562
0.0302069187164
0.0314347743988
0.0364148616791
0.0373718738556
0.0263600349426
0.0266001224518
0.0268440246582
0.0270690917969
0.0272688865662
0.0251460075378
0.0255010128021
0.0258469581604
0.0261569023132
0.0264639854431
0.032546043396
0.0327658653259
0.0329868793488
0.0331919193268
0.0333478450775
0.0250170230865
0.0253100395203
0.0256240367889
0.0258431434631
0.0261521339417
0.0289700031281
0.0293169021606
0.0296258926392
0.0299220085144
0.0302309989929
0.0265398025513
0.0267539024353
0.0270090103149
0.0272200107574
0.0273869037628
0.0272130966187
0.0274209976196
0.0276529788971
0.0278820991516
0.0281000137329
0.0296230316162
0.0299870967865
0.0303339958191
0.0307059288025
0.0310699939728
0.0297799110413
0.0303189754486
0.0307648181915
0.0314128398895
0.0318098068237
0.0266919136047
0.0273559093475
0.027911901474
0.0285201072693
0.0290949344635
0.0338180065155
0.0349349975586
0.035835981369
0.0367250442505
0.0379340648651
0.0333850383759
0.0336539745331
0.0339689254761
0.0341889858246
0.034373998642
0.0261209011078
0.0264658927917
0.0267879962921
0.0271019935608
0.0274529457092
0.0310158729553
0.0312330722809
0.0314428806305
0.0316359996796
0.0329310894012
0.0303800106049
0.031238079071
0.0314440727234
0.0321190357208
0.0325729846954
0.0243179798126
0.0254371166229
0.0259850025177
0.0265960693359
0.0272660255432
0.0305459499359
0.0310130119324
0.0314700603485
0.0321419239044
0.0323779582977
0.040246963501
0.0416188240051
0.0428688526154
0.043958902359
0.0450718402863
0.0317461490631
0.0328650474548
0.0340662002563
0.0351641178131
0.0388181209564
0.0296430587769
0.0317749977112
0.0327830314636
0.0340659618378
0.0350608825684
0.0281670093536
0.0296318531036
0.0308220386505
0.0362620353699
0.0370519161224
0.0271289348602
0.0284678936005
0.0296859741211
0.0308198928833
0.0317258834839
0.029629945755
0.0310890674591
0.0325019359589
0.0336689949036
0.0347850322723
0.0470080375671
0.048229932785
0.0497000217438
0.0508980751038
0.0522890090942
0.0467920303345
0.0471360683441
0.0474529266357
0.0480239391327
0.0485780239105
0.0340461730957
0.0355920791626
0.0368511676788
0.0391271114349
0.0404081344604
0.0236539840698
0.024749994278
0.026104927063
0.0278599262238
0.029109954834
0.030385017395
0.03071808815
0.0309579372406
0.0312159061432
0.0314400196075
0.0256040096283
0.0258839130402
0.0260639190674
0.0262558460236
0.0264039039612
0.0290138721466
0.0292949676514
0.0294680595398
0.029746055603
0.0301229953766
0.0384111404419
0.0386731624603
0.0389091968536
0.0391561985016
0.0393300056458
0.0533049106598
0.0539510250092
0.0546069145203
0.055223941803
0.0558638572693
0.0440008640289
0.0443217754364
0.0446457862854
0.045706987381
0.0463528633118
0.037122964859
0.0377399921417
0.0384480953217
0.0386390686035
0.0392789840698
0.0335118770599
0.0338809490204
0.0342838764191
0.0346908569336
0.0350677967072
0.0366289615631
0.0378148555756
0.0385890007019
0.0389878749847
0.0392310619354
0.0396847724915
0.0399658679962
0.0402138233185
0.0405278205872
0.0411949157715
0.0240559577942
0.0244491100311
0.0249190330505
0.025190114975
0.0253720283508
0.0274150371552
0.0277450084686
0.0279920101166
0.0284991264343
0.0289349555969
0.0281479358673
0.0285401344299
0.0288801193237
0.0293929576874
0.0297219753265
0.0271100997925
0.0275509357452
0.0278770923615
0.0281898975372
0.0285139083862
0.0293400287628
0.0298631191254
0.0302531719208
0.0306050777435
0.0309190750122
0.0294239521027
0.0296421051025
0.0298280715942
0.030011177063
0.0301880836487
0.0408751964569
0.0412120819092
0.0414650440216
0.0417699813843
0.0423262119293
0.0298309326172
0.0304470062256
0.0310299396515
0.0317449569702
0.0323278903961
0.0369598865509
0.0372960567474
0.0376439094543
0.0378339290619
0.0380890369415
0.0352370738983
0.0354681015015
0.0356979370117
0.0361731052399
0.0366570949554
0.0279059410095
0.0282609462738
0.0285048484802
0.0287108421326
0.0289328098297
0.0318899154663
0.0327579975128
0.0334620475769
0.0341808795929
0.0350499153137
0.0271599292755
0.0278239250183
0.0280320644379
0.0282130241394
0.0284149646759
0.0296640396118
0.0303950309753
0.031222820282
0.0319240093231
0.0393259525299
0.0363900661469
0.0366880893707
0.0370469093323
0.0373060703278
0.0379121303558
0.0381410121918
0.0385360717773
0.0423491001129
0.0428590774536
0.0434601306915
0.0413658618927
0.0417528152466
0.0419518947601
0.0421879291534
0.0423707962036
0.0296659469604
0.0308129787445
0.0317559242249
0.0325820446014
0.0407390594482
0.0296449661255
0.0309281349182
0.0321710109711
0.0335850715637
0.0380570888519
0.0382719039917
0.0385589599609
0.0387699604034
0.0389878749847
0.0392038822174
0.0230760574341
0.0232710838318
0.0234551429749
0.0236339569092
0.0238080024719
0.0255479812622
0.0257449150085
0.0259249210358
0.0261249542236
0.0264520645142
0.0245001316071
0.0251870155334
0.0259311199188
0.0266799926758
0.0275361537933
0.0297811031342
0.0300621986389
0.0302731990814
0.0306890010834
0.0309240818024
0.0308318138123
0.0312399864197
0.0316219329834
0.0319797992706
0.0327668190002
0.0321190357208
0.0325541496277
0.0329401493073
0.0332140922546
0.0335922241211
0.0364439487457
0.0373170375824
0.0382189750671
0.0391540527344
0.0400669574738
0.0272250175476
0.0280778408051
0.0288729667664
0.0297019481659
0.0303478240967
0.0259239673615
0.0266740322113
0.0276899337769
0.0285289287567
0.0299310684204
0.0268201828003
0.0280699729919
0.0292780399323
0.0301289558411
0.0309200286865
0.0413398742676
0.0426230430603
0.044450044632
0.0456080436707
0.0467960834503
0.0438508987427
0.0442178249359
0.0445778369904
0.0447628498077
0.0449299812317
0.0312480926514
0.031476020813
0.031641960144
0.0318069458008
0.031965970993
0.034590959549
0.0354058742523
0.0361340045929
0.0368359088898
0.0376448631287
0.03338098526
0.0336179733276
0.0338370800018
0.0340180397034
0.034187078476
0.0325088500977
0.0329048633575
0.0332980155945
0.0336890220642
0.0340938568115
0.0323491096497
0.032576084137
0.0329620838165
0.03329205513
0.0336129665375
0.0324809551239
0.0326828956604
0.0328569412231
0.0330200195312
0.0331900119781
0.0318880081177
0.0322041511536
0.0324771404266
0.0327360630035
0.0329911708832
0.0226218700409
0.0229678153992
0.0232229232788
0.023533821106
0.0239868164062
0.0325028896332
0.0328018665314
0.0329868793488
0.033145904541
0.0333259105682
0.0324211120605
0.032662153244
0.0328361988068
0.0330281257629
0.0332291126251
0.0293750762939
0.0296099185944
0.0298218727112
0.0300228595734
0.030415058136
0.0238020420074
0.0240340232849
0.0242509841919
0.0244550704956
0.0246479511261
0.0251560211182
0.0253698825836
0.0255689620972
0.0257389545441
0.0259039402008
0.0290760993958
0.0292749404907
0.0294449329376
0.0304319858551
0.030620098114
0.0246598720551
0.0251648426056
0.0253939628601
0.0257489681244
0.0259399414062
0.0304961204529
0.0309240818024
0.0312781333923
0.03160405159
0.0319490432739
0.0227079391479
0.0229549407959
0.0231399536133
0.0232999324799
0.0234849452972
0.0248200893402
0.0250380039215
0.0252089500427
0.0254061222076
0.0256221294403
0.0284509658813
0.0288059711456
0.0290389060974
0.0292348861694
0.0294330120087
0.0275180339813
0.0277299880981
0.0279099941254
0.0281081199646
0.0283060073853
0.0290279388428
0.0292429924011
0.0294229984283
0.0295970439911
0.0297589302063
0.0359058380127
0.0361919403076
0.0365018844604
0.039657831192
0.0399680137634
0.0289771556854
0.029244184494
0.0296061038971
0.0300080776215
0.0303761959076
0.0962479114532
0.0968689918518
0.0979928970337
0.0983068943024
0.098552942276
0.027113199234
0.0278470516205
0.0284440517426
0.0290501117706
0.0296142101288
0.0294778347015
0.0302858352661
0.0311257839203
0.0319058895111
0.0382168292999
0.0337159633636
0.0343279838562
0.0348711013794
0.0356709957123
0.0362560749054
0.0249359607697
0.0255379676819
0.0264489650726
0.0270218849182
0.0278658866882
0.0250899791718
0.02578997612
0.0267579555511
0.0279200077057
0.0284879207611
0.0366659164429
0.0379848480225
0.0386559963226
0.0396168231964
0.0404939651489
0.0317251682281
0.0327529907227
0.0332791805267
0.0350601673126
0.0362000465393
0.032408952713
0.0326850414276
0.0330159664154
0.0331969261169
0.033401966095
0.0247330665588
0.0251150131226
0.0254640579224
0.0257439613342
0.026046037674
0.0281579494476
0.0283670425415
0.0285880565643
0.0288450717926
0.0291929244995
0.0255949497223
0.0258660316467
0.0260360240936
0.0262010097504
0.0263619422913
0.0266878604889
0.0269229412079
0.0270969867706
0.0272698402405
0.0274248123169
0.0251438617706
0.0253310203552
0.0255010128021
0.0258340835571
0.0260760784149
0.0275530815125
0.0277690887451
0.0279810428619
0.0281782150269
0.0283291339874
0.0279181003571
0.0281040668488
0.0282700061798
0.0284240245819
0.0286290645599
0.0263459682465
0.0265648365021
0.0267648696899
0.0269238948822
0.0270960330963
0.0229959487915
0.0231738090515
0.0233337879181
0.0234868526459
0.0236418247223
0.0288949012756
0.0290899276733
0.029247045517
0.0294001102448
0.0345900058746
0.0448129177094
0.045569896698
0.0462210178375
0.0469198226929
0.0473568439484
0.0221829414368
0.0225818157196
0.0229477882385
0.0233058929443
0.0236608982086
0.0225608348846
0.0227808952332
0.0229399204254
0.0230939388275
0.0232689380646
0.0304548740387
0.0306580066681
0.0308449268341
0.0310308933258
0.0312049388885
0.0236458778381
0.0251669883728
0.0261750221252
0.027587890625
0.0285539627075
0.0300559997559
0.0303740501404
0.0306901931763
0.0309300422668
0.0312201976776
0.0345849990845
0.03489112854
0.0351350307465
0.0353500843048
0.0355272293091
0.0338180065155
0.0348529815674
0.0357320308685
0.0364730358124
0.0371789932251
0.035120010376
0.0353610515594
0.035572052002
0.0359709262848
0.036260843277
0.0355198383331
0.0374300479889
0.0383639335632
0.0399990081787
0.0407779216766
0.0297021865845
0.0305399894714
0.0312919616699
0.0321359634399
0.0329539775848
0.0207550525665
0.0219950675964
0.0227689743042
0.0235049724579
0.0251729488373
0.0325729846954
0.0336351394653
0.0347411632538
0.0355770587921
0.0365421772003
0.030513048172
0.0312440395355
0.0318710803986
0.0322461128235
0.0324931144714
0.0263340473175
0.0272390842438
0.0280251502991
0.0289521217346
0.0297770500183
0.0332698822021
0.0341949462891
0.0350549221039
0.0358629226685
0.0371699333191
0.0306239128113
0.0319888591766
0.0330348014832
0.0344278812408
0.0352368354797
0.0270349979401
0.0273070335388
0.0275821685791
0.0279200077057
0.0282671451569
0.0403349399567
0.0407128334045
0.0414659976959
0.0428040027618
0.0440609455109
0.0252199172974
0.0262830257416
0.0274000167847
0.0283780097961
0.0355958938599
0.0285918712616
0.0297977924347
0.0311789512634
0.032910823822
0.0337569713593
0.0321581363678
0.033322095871
0.0346519947052
0.0358090400696
0.0454671382904
0.0386950969696
0.0401649475098
0.0426828861237
0.0438680648804
0.0449209213257
0.0379040241241
0.0387270450592
0.0397999286652
0.0407290458679
0.0415618419647
0.0286300182343
0.0296900272369
0.0304691791534
0.0312919616699
0.0366830825806
0.0304210186005
0.0306661128998
0.0308880805969
0.031063079834
0.0312340259552
0.0271780490875
0.0275299549103
0.0277960300446
0.0281059741974
0.0283889770508
0.0210318565369
0.0212528705597
0.0215859413147
0.0220148563385
0.0236458778381
0.026978969574
0.0271599292755
0.0273270606995
0.0275309085846
0.0278189182281
0.0245339870453
0.0248651504517
0.0252051353455
0.0255439281464
0.0258820056915
0.022705078125
0.0229499340057
0.0231730937958
0.0233399868011
0.0235590934753
0.0273568630219
0.0275609493256
0.0277168750763
0.0278658866882
0.0281569957733
0.0255899429321
0.0258958339691
0.0262098312378
0.026437997818
0.0266289710999
0.0251522064209
0.0254561901093
0.0259530544281
0.0264542102814
0.0268740653992
0.028881072998
0.0300590991974
0.0309181213379
0.0319459438324
0.0332679748535
0.0316188335419
0.03236079216
0.0329489707947
0.0335788726807
0.0341639518738
0.0273191928864
0.0275001525879
0.0277750492096
0.0279550552368
0.028135061264
0.0294420719147
0.0297169685364
0.0299780368805
0.0303819179535
0.0306220054626
0.032595872879
0.0328018665314
0.0330710411072
0.0332429409027
0.0334749221802
0.0270128250122
0.0272629261017
0.027529001236
0.0277628898621
0.028107881546
0.0286180973053
0.0294182300568
0.0299592018127
0.0304532051086
0.030944108963
0.0298080444336
0.0300509929657
0.0303258895874
0.0308549404144
0.0315489768982
0.0279610157013
0.0310850143433
0.0314419269562
0.0316169261932
0.031790971756
0.0631670951843
0.0644891262054
0.0652220249176
0.0659329891205
0.0667150020599
0.0316081047058
0.0324511528015
0.0329439640045
0.0336000919342
0.0343661308289
0.0387718677521
0.0394089221954
0.0401020050049
0.0409200191498
0.0414838790894
0.0326781272888
0.0332000255585
0.041041135788
0.0419771671295
0.0431761741638
0.0590929985046
0.0600950717926
0.0616819858551
0.0669851303101
0.0681090354919
0.0389378070831
0.0399057865143
0.0410218238831
0.0415549278259
0.042582988739
0.0359590053558
0.0368480682373
0.0377819538116
0.0386159420013
0.0394458770752
0.0394389629364
0.0396990776062
0.0400390625
0.0403079986572
0.0407049655914
0.024523973465
0.0247440338135
0.0249450206757
0.0253300666809
0.0255150794983
0.027242898941
0.0275158882141
0.027713060379
0.0279030799866
0.0281059741974
0.0252439975739
0.0255351066589
0.0257110595703
0.025866985321
0.0260179042816
0.0259380340576
0.0263118743896
0.0266728401184
0.0270109176636
0.0273389816284
0.0266230106354
0.0269200801849
0.0272371768951
0.0275690555573
0.0279130935669
0.0271849632263
0.0273869037628
0.0275368690491
0.0277168750763
0.0278718471527
0.0340478420258
0.0351009368896
0.0363399982452
0.0374119281769
0.0383038520813
0.0322601795197
0.0330991744995
0.0338401794434
0.0352580547333
0.0363202095032
0.0265381336212
0.0276639461517
0.0283041000366
0.0289089679718
0.0299549102783
0.0256500244141
0.0259881019592
0.0263199806213
0.0265681743622
0.0267910957336
0.0318441390991
0.0325610637665
0.0328540802002
0.0330851078033
0.0333030223846
0.0239779949188
0.0244610309601
0.0249540805817
0.0251801013947
0.0256850719452
0.0317718982697
0.0321009159088
0.0323069095612
0.0325298309326
0.0327138900757
0.0287909507751
0.0294508934021
0.0296809673309
0.0298728942871
0.0300889015198
0.0583090782166
0.0589821338654
0.0598120689392
0.0609271526337
0.0617029666901
0.0327210426331
0.0333659648895
0.0340650081635
0.0348260402679
0.0355880260468
0.061999797821
0.0623497962952
0.0625920295715
0.0628128051758
0.0630388259888
0.0511879920959
0.0517117977142
0.0522170066833
0.052699804306
0.0532629489899
0.0702421665192
0.0704200267792
0.0705771446228
0.0707240104675
0.0709121227264
0.0232410430908
0.0234529972076
0.0236439704895
0.0239150524139
0.0241100788116
0.0220220088959
0.0222840309143
0.0225071907043
0.0229461193085
0.0231721401215
0.0292201042175
0.0294530391693
0.0296409130096
0.029846906662
0.0300130844116
0.029128074646
0.0293490886688
0.0295240879059
0.0297381877899
0.0299911499023
0.0814828872681
0.0821979045868
0.0830428600311
0.0837149620056
0.084333896637
0.0517840385437
0.052362203598
0.052882194519
0.0533940792084
0.0539090633392
0.0723910331726
0.0735030174255
0.0744199752808
0.0754289627075
0.0764911174774
0.0345270633698
0.0357210636139
0.0364220142365
0.0370411872864
0.0380220413208
0.0626819133759
0.0633590221405
0.0641059875488
0.0648629665375
0.0655860900879
0.0300250053406
0.0306389331818
0.0312719345093
0.0318570137024
0.0324769020081
0.0331599712372
0.0334289073944
0.0338528156281
0.0342979431152
0.0345129966736
0.0372078418732
0.0382368564606
0.0390429496765
0.0399508476257
0.0409798622131
0.0388219356537
0.0397808551788
0.0408298969269
0.0417819023132
0.0429430007935
0.0278141498566
0.0282611846924
0.028745174408
0.0289490222931
0.029098033905
0.0465660095215
0.0477030277252
0.048966884613
0.0506949424744
0.05198097229
0.0311560630798
0.0314681529999
0.0317361354828
0.0319411754608
0.0321002006531
0.0290160179138
0.0292119979858
0.0293929576874
0.0296750068665
0.0299639701843
0.0286898612976
0.0290498733521
0.0292639732361
0.0294969081879
0.0298039913177
0.0274310112
0.0276420116425
0.0278050899506
0.0279610157013
0.0283341407776
0.0324850082397
0.032860994339
0.0332040786743
0.033390045166
0.0335779190063
0.0234560966492
0.023745059967
0.0240330696106
0.0243542194366
0.02467918396
0.0256822109222
0.0263340473175
0.0269701480865
0.0277960300446
0.0290250778198
0.0411121845245
0.0417141914368
0.0422801971436
0.0428211688995
0.04336810112
0.0493650436401
0.0500481128693
0.0506711006165
0.0512709617615
0.0518951416016
0.033910036087
0.0346829891205
0.0353841781616
0.0361361503601
0.0377531051636
0.0284240245819
0.0289659500122
0.02965092659
0.0303089618683
0.0311570167542
0.0335631370544
0.0338101387024
0.0340240001678
0.0342149734497
0.0343980789185
0.0410730838776
0.0413830280304
0.0416760444641
0.0419569015503
0.0422461032867
0.0286021232605
0.0295131206512
0.0304880142212
0.0312812328339
0.0319550037384
0.0314190387726
0.032576084137
0.0337500572205
0.0348680019379
0.0359499454498
0.0272490978241
0.0285902023315
0.0299441814423
0.0310781002045
0.0322971343994
0.0356957912445
0.0360879898071
0.03644490242
0.036819934845
0.0372409820557
0.0226600170135
0.0228309631348
0.022989988327
0.0231418609619
0.0232949256897
0.0311849117279
0.0313708782196
0.0315399169922
0.0317029953003
0.0319008827209
0.0245928764343
0.0253880023956
0.0264019966125
0.0276517868042
0.0289649963379
0.0339751243591
0.0343110561371
0.0349781513214
0.0352640151978
0.0358040332794
0.0263910293579
0.0275089740753
0.0285458564758
0.02969789505
0.0307219028473
0.0353169441223
0.0397720336914
0.0405991077423
0.0413460731506
0.0421960353851
0.0300500392914
0.0302889347076
0.03049492836
0.0306799411774
0.0308539867401
0.0344250202179
0.0345950126648
0.0347499847412
0.034903049469
0.035049200058
0.0243380069733
0.0245649814606
0.0247919559479
0.0250358581543
0.0252149105072
0.0287919044495
0.0289781093597
0.0291419029236
0.0293090343475
0.0294690132141
0.0315461158752
0.0317599773407
0.031919002533
0.0320999622345
0.0322771072388
0.0401787757874
0.0403549671173
0.0405669212341
0.0407328605652
0.040885925293
0.0236909389496
0.0240030288696
0.024689912796
0.0261418819427
0.0273950099945
0.0318210124969
0.0327858924866
0.0339460372925
0.0347349643707
0.0356078147888
0.0411148071289
0.0422887802124
0.0430529117584
0.04407787323
0.0449459552765
0.0390820503235
0.0399279594421
0.0407190322876
0.0467109680176
0.0480439662933
0.035313129425
0.0360941886902
0.0367770195007
0.0375680923462
0.0403311252594
0.0388178825378
0.0395250320435
0.0402770042419
0.0409669876099
0.0422759056091
0.0357060432434
0.0369720458984
0.0378079414368
0.038477897644
0.0390589237213
0.0389108657837
0.0393319129944
0.0397248268127
0.0399270057678
0.0401058197021
0.0340540409088
0.0355770587921
0.0367720127106
0.0378699302673
0.0385448932648
0.0248711109161
0.0250980854034
0.0253322124481
0.0255761146545
0.0258691310883
0.0274181365967
0.0281360149384
0.0293679237366
0.0303480625153
0.0311110019684
0.0301029682159
0.0328059196472
0.033066034317
0.0333290100098
0.0335218906403
0.0244970321655
0.0248181819916
0.0250511169434
0.025297164917
0.0255990028381
0.0301849842072
0.0303781032562
0.0305480957031
0.0307409763336
0.0308990478516
0.0276288986206
0.0278699398041
0.0281898975372
0.028538942337
0.0290379524231
0.0302670001984
0.0307190418243
0.0315461158752
0.0323929786682
0.033243894577
0.029981136322
0.0306329727173
0.0312309265137
0.0317580699921
0.0320329666138
0.0390920639038
0.0393631458282
0.0395970344543
0.0400581359863
0.0405640602112
0.0321159362793
0.0328118801117
0.0337419509888
0.0345139503479
0.0352039337158
0.0328829288483
0.0334670543671
0.0340270996094
0.0347111225128
0.0352959632874
0.0308339595795
0.0315339565277
0.0319499969482
0.0325310230255
0.0372850894928
0.0375640392303
0.0378148555756
0.038006067276
0.038195848465
0.0385990142822
0.0483291149139
0.0486171245575
0.048938035965
0.0496160984039
0.0503089427948
0.0280368328094
0.0284788608551
0.0291678905487
0.0300269126892
0.0318729877472
0.0413680076599
0.0419130325317
0.042149066925
0.0423791408539
0.0425870418549
0.0362160205841
0.0369369983673
0.0371608734131
0.0373528003693
0.0376369953156
0.0327160358429
0.0330641269684
0.0332770347595
0.0338480472565
0.0340762138367
0.027440071106
0.0282762050629
0.0290441513062
0.0297510623932
0.0301730632782
0.0308108329773
0.0314619541168
0.0318739414215
0.0322539806366
0.032744884491
0.041494846344
0.0433378219604
0.0452978610992
0.0465679168701
0.0476019382477
0.054967880249
0.0558128356934
0.0565829277039
0.0572829246521
0.0580809116364
0.028392791748
0.0285918712616
0.0287718772888
0.0289499759674
0.0291309356689
0.0794048309326
0.0801668167114
0.0808889865875
0.0813658237457
0.0819988250732
0.0345549583435
0.035276889801
0.0358250141144
0.0366940498352
0.0369620323181
0.0311110019684
0.0323750972748
0.0335490703583
0.0345680713654
0.0414800643921
0.0287919044495
0.029974937439
0.0308949947357
0.0349957942963
0.0362207889557
0.030739068985
0.0322570800781
0.0331840515137
0.0343420505524
0.0351531505585
0.0281181335449
0.0291130542755
0.0305240154266
0.0315799713135
0.0385010242462
0.0284559726715
0.0296289920807
0.0305030345917
0.0312340259552
0.038458108902
0.0241160392761
0.024337053299
0.0246171951294
0.0249350070953
0.0251240730286
0.0385000705719
0.0395848751068
0.0406210422516
0.0414190292358
0.0420908927917
0.0281639099121
0.0283920764923
0.0287199020386
0.029443025589
0.0305068492889
0.0248429775238
0.0258209705353
0.027055978775
0.0277490615845
0.0288219451904
0.0342462062836
0.0358610153198
0.041139125824
0.0427780151367
0.0442152023315
0.04279088974
0.0437469482422
0.0445799827576
0.0449540615082
0.0458869934082
0.0303819179535
0.0312778949738
0.0338380336761
0.034227848053
0.0344388484955
0.0272490978241
0.0274610519409
0.0276470184326
0.0278160572052
0.0281670093536
0.0253829956055
0.0256729125977
0.0258450508118
0.0260179042816
0.0262389183044
0.0257060527802
0.0259909629822
0.0261549949646
0.0263111591339
0.0264971256256
0.0296230316162
0.0298080444336
0.030298948288
0.031112909317
0.0315029621124
0.0336928367615
0.0341589450836
0.0349869728088
0.0354809761047
0.0363609790802
0.0255329608917
0.0262458324432
0.0269107818604
0.0279769897461
0.02885389328
0.0375711917877
0.0378060340881
0.0380971431732
0.038271188736
0.0384352207184
0.0232379436493
0.0236089229584
0.0242538452148
0.0246469974518
0.0250239372253
0.0255460739136
0.0263690948486
0.0270600318909
0.0278050899506
0.0284700393677
0.0252552032471
0.0262889862061
0.0270540714264
0.0279560089111
0.0290260314941
0.0361969470978
0.037232875824
0.0384368896484
0.0394568443298
0.0404579639435
0.0253539085388
0.0257120132446
0.0261509418488
0.0264420509338
0.0266931056976
0.0282189846039
0.0284159183502
0.028571844101
0.028776884079
0.0289459228516
0.0234808921814
0.0238480567932
0.0241940021515
0.0245578289032
0.0249049663544
0.021800994873
0.0220470428467
0.0223150253296
0.022490978241
0.0226519107819
0.0273160934448
0.0276961326599
0.0279951095581
0.0282821655273
0.0285699367523
0.0307838916779
0.0310969352722
0.0314528942108
0.0318307876587
0.0322079658508
0.0229499340057
0.0243420600891
0.0256440639496
0.0268568992615
0.0282030105591
0.0295171737671
0.0299260616302
0.0302751064301
0.0304591655731
0.0307111740112
0.0420091152191
0.0423150062561
0.0424811840057
0.042708158493
0.0429329872131
0.0273549556732
0.0275890827179
0.0277919769287
0.0280170440674
0.0320029258728
0.0251998901367
0.0253911018372
0.025582075119
0.0257699489594
0.0260031223297
0.0296759605408
0.0298719406128
0.0300369262695
0.0301918983459
0.0304028987885
0.0249230861664
0.0253250598907
0.0256600379944
0.0260300636292
0.0264840126038
0.0265610218048
0.0267779827118
0.0269589424133
0.0271329879761
0.0273010730743
0.0279459953308
0.028135061264
0.0282969474792
0.0284540653229
0.0286099910736
0.0268940925598
0.0272550582886
0.0275521278381
0.028048992157
0.0283091068268
0.0284371376038
0.0286991596222
0.0289189815521
0.0293741226196
0.0299100875854
0.0214259624481
0.0356090068817
0.0365641117096
0.0378720760345
0.0387711524963
0.0351600646973
0.0390620231628
0.0398011207581
0.0401699542999
0.0408840179443
0.0379650592804
0.0381860733032
0.0383839607239
0.0386738777161
0.0390899181366
0.0336809158325
0.0339200496674
0.0340979099274
0.0342679023743
0.0344309806824
0.0359048843384
0.0370860099792
0.0378530025482
0.0385758876801
0.0392370223999
0.025710105896
0.026349067688
0.0270709991455
0.0276870727539
0.0342569351196
0.0503289699554
0.0507099628448
0.0510399341583
0.0511989593506
0.0513939857483
0.0327999591827
0.0330519676208
0.0332820415497
0.0335459709167
0.0338439941406
0.0287110805511
0.0297801494598
0.0306401252747
0.0317370891571
0.0366909503937
0.028548002243
0.0295231342316
0.0306251049042
0.0319650173187
0.0333700180054
0.0379688739777
0.0389459133148
0.0407159328461
0.0469739437103
0.0484759807587
0.0313310623169
0.0323851108551
0.0332779884338
0.0338051319122
0.0344090461731
0.033411026001
0.0340270996094
0.0345830917358
0.0351769924164
0.0357391834259
0.0300469398499
0.0303180217743
0.0305509567261
0.0307450294495
0.0309751033783
0.0253639221191
0.0262320041656
0.0271849632263
0.0280969142914
0.0285758972168
0.0331449508667
0.033607006073
0.0340061187744
0.0348191261292
0.0354950428009
0.0304388999939
0.0309109687805
0.0315959453583
0.0322680473328
0.0330760478973
0.0376720428467
0.0382981300354
0.0396890640259
0.0410711765289
0.0415971279144
0.0412039756775
0.0417549610138
0.0423579216003
0.043093919754
0.0441417694092
0.0319759845734
0.0344860553741
0.0395290851593
0.0405910015106
0.0418140888214
0.0312128067017
0.032075881958
0.033264875412
0.0344829559326
0.0394189357758
0.0383591651917
0.0419981479645
0.043426990509
0.0446131229401
0.0469210147858
0.0335509777069
0.0343980789185
0.036248922348
0.0472819805145
0.0482819080353
0.0376720428467
0.0392351150513
0.0406410694122
0.0419380664825
0.0433061122894
0.0314860343933
0.0322890281677
0.0334129333496
0.0348210334778
0.0368609428406
0.0306830406189
0.0309221744537
0.0311870574951
0.031485080719
0.0318479537964
0.0374929904938
0.0380878448486
0.038920879364
0.0396268367767
0.0448830127716
0.0286309719086
0.0288500785828
0.0290238857269
0.029198884964
0.0293719768524
0.0247700214386
0.0249609947205
0.0251259803772
0.0253129005432
0.0254950523376
0.0230619907379
0.0239040851593
0.0242850780487
0.0246639251709
0.0250389575958
0.0301289558411
0.0304040908813
0.0305690765381
0.0307240486145
0.0308699607849
0.0249559879303
0.0252511501312
0.0254721641541
0.0257391929626
0.0259990692139
0.0351870059967
0.0354800224304
0.0357260704041
0.0360810756683
0.0363409519196
0.0317108631134
0.031996011734
0.0323448181152
0.0326778888702
0.0329899787903
0.0359981060028
0.0363681316376
0.0367782115936
0.0370621681213
0.0373241901398
0.027862071991
0.028048992157
0.0282101631165
0.028370141983
0.0285301208496
0.0240979194641
0.0242998600006
0.024493932724
0.0246849060059
0.0249788761139
0.0314381122589
0.0317661762238
0.0321011543274
0.0324430465698
0.0327761173248
0.0296587944031
0.0298459529877
0.0300459861755
0.0302209854126
0.0303997993469
0.0274500846863
0.0276699066162
0.0278511047363
0.0280349254608
0.0282919406891
0.0297720432281
0.0302369594574
0.0306789875031
0.0311369895935
0.0318319797516
0.0293700695038
0.0300509929657
0.0308630466461
0.0316209793091
0.0325911045074
0.0306761264801
0.0309190750122
0.0311470031738
0.0313861370087
0.0316171646118
0.0273940563202
0.0276470184326
0.0280170440674
0.0282509326935
0.0286860466003
0.0320639610291
0.0324018001556
0.0332498550415
0.0345509052277
0.0355579853058
0.0228199958801
0.0237009525299
0.0248069763184
0.0258069038391
0.030711889267
0.0256321430206
0.0266361236572
0.0273461341858
0.0280840396881
0.0342559814453
0.0227060317993
0.0235869884491
0.0243680477142
0.0252449512482
0.025955915451
0.0351731777191
0.0367631912231
0.0373480319977
0.0382771492004
0.039088010788
0.0322868824005
0.0376679897308
0.038419008255
0.0392119884491
0.0402438640594
0.0357720851898
0.0366961956024
0.0375270843506
0.0382971763611
0.0388271808624
0.0284779071808
0.0292098522186
0.0298838615417
0.0305190086365
0.0315058231354
0.024108171463
0.0254321098328
0.0264899730682
0.0273141860962
0.0280210971832
0.0360109806061
0.0365350246429
0.0367980003357
0.0369911193848
0.0373861789703
0.0276200771332
0.0278160572052
0.0279910564423
0.0281660556793
0.0283360481262
0.0370728969574
0.0372388362885
0.0373828411102
0.0375418663025
0.0377178192139
0.0259499549866
0.0262269973755
0.0265290737152
0.026878118515
0.0272419452667
0.0276489257812
0.028088092804
0.0287640094757
0.0293350219727
0.0301830768585
0.0284559726715
0.0296108722687
0.030366897583
0.031054019928
0.0339479446411
0.0233290195465
0.0241060256958
0.0248939990997
0.026132106781
0.0270760059357
0.0318460464478
0.03267121315
0.0334160327911
0.0415530204773
0.0428991317749
0.0352938175201
0.0362310409546
0.0375709533691
0.0388729572296
0.0403769016266
0.0414230823517
0.0417499542236
0.0420761108398
0.0423610210419
0.0425300598145
0.0316882133484
0.0318911075592
0.0320601463318
0.0322232246399
0.0324311256409
0.0334990024567
0.0337340831757
0.0339181423187
0.0340900421143
0.0346591472626
0.0222918987274
0.0225279331207
0.0227069854736
0.022989988327
0.0232319831848
0.0274429321289
0.0281047821045
0.0288298130035
0.0295419692993
0.0305519104004
0.0297920703888
0.0303900241852
0.0309960842133
0.0315248966217
0.0324900150299
0.0298509597778
0.0309870243073
0.0320320129395
0.0328238010406
0.0336019992828
0.0362951755524
0.0376031398773
0.03901720047
0.0406119823456
0.0424041748047
0.0307750701904
0.0320250988007
0.0334491729736
0.0349299907684
0.0443000793457
0.0337920188904
0.0361030101776
0.0372190475464
0.0382878780365
0.0394160747528
0.0325660705566
0.0338408946991
0.03498005867
0.0361020565033
0.044399023056
0.0524311065674
0.0532791614532
0.0539231300354
0.0546760559082
0.0555901527405
0.0393049716949
0.0396809577942
0.0402851104736
0.0407049655914
0.0408930778503
0.0291681289673
0.0301139354706
0.0312299728394
0.0401661396027
0.0411591529846
0.0354909896851
0.0365619659424
0.0375669002533
0.0386509895325
0.039263010025
0.027156829834
0.0280728340149
0.0290060043335
0.0300469398499
0.0444660186768
0.0281538963318
0.0287890434265
0.0290489196777
0.0294089317322
0.0297319889069
0.0282590389252
0.0284380912781
0.0286450386047
0.0288150310516
0.0290191173553
0.0354490280151
0.0357310771942
0.0359621047974
0.0361800193787
0.0363540649414
0.0288770198822
0.0291528701782
0.029335975647
0.0295829772949
0.0298318862915
0.0273470878601
0.0276038646698
0.0278449058533
0.0281128883362
0.0283679962158
0.0274479389191
0.0278730392456
0.0282249450684
0.0284659862518
0.0293869972229
0.0256578922272
0.0258309841156
0.0259799957275
0.0261290073395
0.0262839794159
0.0225651264191
0.0228080749512
0.0230221748352
0.0232381820679
0.0234451293945
0.0272619724274
0.027599811554
0.0279109477997
0.0283010005951
0.0297889709473
0.0225219726562
0.0228388309479
0.0231139659882
0.0234220027924
0.0237438678741
0.038920879364
0.0392758846283
0.0395910739899
0.0398440361023
0.0402810573578
0.029522895813
0.0297207832336
0.0299558639526
0.0302588939667
0.0306198596954
0.0270419120789
0.027599811554
0.0280108451843
0.0284240245819
0.0290179252625
0.0281188488007
0.0284068584442
0.0286099910736
0.0292069911957
0.0304129123688
0.0165112018585
0.0267930030823
0.0278120040894
0.0283560752869
0.0291831493378
0.0280389785767
0.0286090373993
0.0292370319366
0.02973985672
0.0304269790649
0.0333590507507
0.0335791110992
0.03373503685
0.0338931083679
0.0343060493469
0.0429708957672
0.0434529781342
0.0436549186707
0.0443968772888
0.0449998378754
0.0310010910034
0.0324511528015
0.033420085907
0.0344290733337
0.0353219509125
0.0348780155182
0.0356330871582
0.036278963089
0.0387110710144
0.0407190322876
0.0257129669189
0.0266110897064
0.027556180954
0.0283889770508
0.0294530391693
0.0322599411011
0.0332720279694
0.0345709323883
0.0359060764313
0.0371360778809
0.0507910251617
0.0509829521179
0.0511770248413
0.0514750480652
0.0516910552979
0.0273060798645
0.0275149345398
0.0278120040894
0.0280239582062
0.0281980037689
0.0349981784821
0.0364410877228
0.0373930931091
0.0387542247772
0.0398740768433
0.0261888504028
0.0270149707794
0.027575969696
0.0286610126495
0.0295629501343
0.0262219905853
0.0269432067871
0.0278182029724
0.0287320613861
0.0293190479279
0.0423970222473
0.0435891151428
0.0440571308136
0.0446300506592
0.0451710224152
0.0285580158234
0.0298399925232
0.0309989452362
0.0324609279633
0.0333888530731
0.0267109870911
0.0278260707855
0.0286588668823
0.0295479297638
0.0347640514374
0.0318319797516
0.0327339172363
0.0336420536041
0.0347890853882
0.0356080532074
0.0331990718842
0.0344309806824
0.0356450080872
0.0369579792023
0.0455811023712
0.0301601886749
0.0303270816803
0.0304870605469
0.0306470394135
0.0353770256042
0.0324430465698
0.0326499938965
0.0328550338745
0.0330300331116
0.033194065094
0.0254409313202
0.0257639884949
0.0260598659515
0.0263659954071
0.0266568660736
0.0323839187622
0.0328130722046
0.0332219600677
0.0336060523987
0.0338399410248
0.0212171077728
0.0215630531311
0.0217771530151
0.0219640731812
0.0228011608124
0.0419189929962
0.0431768894196
0.0469648838043
0.0484778881073
0.0495989322662
0.042839050293
0.0430600643158
0.0433101654053
0.0435781478882
0.043790102005
0.034903049469
0.0352921485901
0.035658121109
0.0361800193787
0.0373909473419
0.0316960811615
0.0319380760193
0.0321600437164
0.0327031612396
0.0332560539246
0.0449900627136
0.0456578731537
0.0461268424988
0.0465829372406
0.047031879425
0.0373549461365
0.0386419296265
0.0404789447784
0.0414819717407
0.0480370521545
0.0410270690918
0.0413100719452
0.0468299388885
0.0477449893951
0.0484879016876
0.0995051860809
0.0998191833496
0.100231170654
0.101070165634
0.101535081863
0.054349899292
0.054652929306
0.0551779270172
0.0558679103851
0.0562119483948
0.0309882164001
0.0325400829315
0.0330271720886
0.0334801673889
0.0339062213898
0.038407087326
0.0386230945587
0.0387859344482
0.0389490127563
0.0391380786896
0.0779230594635
0.078428030014
0.0790309906006
0.0799450874329
0.0806050300598
0.0339968204498
0.0341658592224
0.0345859527588
0.0348768234253
0.035267829895
0.0371391773224
0.0375270843506
0.0378890037537
0.0382280349731
0.038544178009
0.0306050777435
0.0312650203705
0.0316150188446
0.0318169593811
0.0320200920105
0.0249950885773
0.0258400440216
0.0267441272736
0.027694940567
0.0340759754181
0.0278060436249
0.0282649993896
0.0286190509796
0.02920794487
0.0297448635101
0.0302379131317
0.0304579734802
0.0306329727173
0.0308029651642
0.0309929847717
0.0353169441223
0.0355689525604
0.0357489585876
0.0359299182892
0.0366730690002
0.0297260284424
0.0303430557251
0.0312840938568
0.0320510864258
0.0330450534821
0.0298571586609
0.0307819843292
0.0318570137024
0.0331330299377
0.0342190265656
0.031543970108
0.0329480171204
0.033833026886
0.0351679325104
0.0446429252625
0.0322110652924
0.0333189964294
0.0344321727753
0.0355200767517
0.0366950035095
0.0382699966431
0.0445420742035
0.046245098114
0.0475721359253
0.0490171909332
0.0330648422241
0.0340809822083
0.0348799228668
0.0359508991241
0.0413949489594
0.0535027980804
0.0545878410339
0.0559468269348
0.0570969581604
0.0581037998199
0.0286228656769
0.0288238525391
0.0291669368744
0.0295369625092
0.0297658443451
0.0341989994049
0.0344121456146
0.0345940589905
0.0347990989685
0.0352351665497
0.0342710018158
0.0344851016998
0.0352411270142
0.0359299182892
0.0365250110626
0.0263760089874
0.0268230438232
0.0272390842438
0.0276310443878
0.0283861160278
0.0260081291199
0.027419090271
0.02818608284
0.0290200710297
0.0297009944916
0.033154964447
0.0341989994049
0.0352568626404
0.0358798503876
0.0367569923401
0.0518410205841
0.0526111125946
0.0537741184235
0.0548539161682
0.0565340518951
0.0240728855133
0.0243859291077
0.0245568752289
0.0247089862823
0.0248630046844
0.0264360904694
0.0266239643097
0.0271410942078
0.028088092804
0.0291390419006
0.0360341072083
0.0369169712067
0.0378530025482
0.0387680530548
0.039647102356
0.0396480560303
0.0405280590057
0.0412850379944
0.0419809818268
0.0427930355072
0.0309839248657
0.0315840244293
0.0321609973907
0.0327980518341
0.0335490703583
0.0266909599304
0.0268700122833
0.027027130127
0.0271790027618
0.0273280143738
0.0247068405151
0.0248878002167
0.025043964386
0.0273838043213
0.0303809642792
0.0271229743958
0.0281271934509
0.0293161869049
0.0306520462036
0.0342819690704
0.027792930603
0.0287048816681
0.029415845871
0.0304448604584
0.033567905426
0.0332098007202
0.0334098339081
0.0336029529572
0.0337879657745
0.0339829921722
0.0287339687347
0.0290501117706
0.0293660163879
0.0296680927277
0.029965877533
0.0267548561096
0.0269689559937
0.0272948741913
0.0278568267822
0.0282208919525
0.0287890434265
0.0293529033661
0.0297839641571
0.0300459861755
0.0302069187164
0.0361471176147
0.0363571643829
0.036591053009
0.0368950366974
0.0374691486359
0.0281708240509
0.0283379554749
0.0286228656769
0.0288898944855
0.0291440486908
0.0261979103088
0.0263979434967
0.0265610218048
0.0267269611359
0.0268828868866
0.0368881225586
0.0372431278229
0.0375380516052
0.0377421379089
0.0379509925842
0.0341999530792
0.0344369411469
0.0346529483795
0.0348649024963
0.0350639820099
0.029433965683
0.0297429561615
0.0300309658051
0.0303189754486
0.030611038208
0.0336229801178
0.0339250564575
0.0341529846191
0.0343289375305
0.0345029830933
0.0351920127869
0.0360169410706
0.0368030071259
0.0376670360565
0.0386879444122
0.0312731266022
0.033459186554
0.0344891548157
0.0355801582336
0.0409960746765
0.0306580066681
0.0319781303406
0.0335559844971
0.0346031188965
0.0356900691986
0.0354759693146
0.0372560024261
0.0388140678406
0.0403029918671
0.0412290096283
0.0390431880951
0.040206193924
0.041139125824
0.04181599617
0.0426051616669
0.0315790176392
0.0327551364899
0.0344390869141
0.0359661579132
0.0372850894928
0.0353360176086
0.0364871025085
0.0377049446106
0.0387148857117
0.0399460792542
0.0265917778015
0.0273149013519
0.0284698009491
0.0296909809113
0.0308427810669
0.0343868732452
0.0346188545227
0.0347998142242
0.0350179672241
0.0351889133453
0.0228230953217
0.0232079029083
0.0236210823059
0.0239369869232
0.0242409706116
0.0262770652771
0.0265460014343
0.0267310142517
0.0270419120789
0.0272340774536
0.0337700843811
0.0340011119843
0.034285068512
0.0345799922943
0.0354571342468
0.0301721096039
0.0305941104889
0.0309591293335
0.031268119812
0.0315721035004
0.0214838981628
0.0220348834991
0.0223460197449
0.0227110385895
0.023108959198
0.0221028327942
0.0228009223938
0.0233919620514
0.0239839553833
0.0292949676514
0.0330209732056
0.0332510471344
0.0335268974304
0.0337109565735
0.0338840484619
0.0324909687042
0.0327279567719
0.0329229831696
0.0333738327026
0.0338079929352
0.0389211177826
0.0391390323639
0.0393581390381
0.0397081375122
0.0399060249329
0.0261540412903
0.0263710021973
0.0265460014343
0.0267481803894
0.0271031856537
0.0299348831177
0.0303158760071
0.0305387973785
0.0307447910309
0.030928850174
0.0333969593048
0.0336339473724
0.0338799953461
0.0341868400574
0.0345540046692
0.026927947998
0.0271189212799
0.027361869812
0.027599811554
0.0277669429779
0.0264010429382
0.0266878604889
0.0269160270691
0.0270948410034
0.0272979736328
0.0282790660858
0.0286149978638
0.028911113739
0.0292220115662
0.0295040607452
0.0280439853668
0.0283088684082
0.0286400318146
0.0291318893433
0.0296280384064
0.0321891307831
0.0330040454865
0.0336270332336
0.0343961715698
0.0347330570221
0.0282530784607
0.0299150943756
0.0308620929718
0.0364179611206
0.0374119281769
0.0386791229248
0.0394761562347
0.0401990413666
0.0408620834351
0.0415761470795
0.0377149581909
0.0384168624878
0.039342880249
0.0403609275818
0.0415618419647
0.0268080234528
0.0275909900665
0.0282740592957
0.0289001464844
0.0295181274414
0.027487039566
0.0280170440674
0.028480052948
0.0290582180023
0.0297031402588
0.0192489624023
0.0352530479431
0.0355050563812
0.0357520580292
0.0360500812531
0.0353021621704
0.0363700389862
0.0374820232391
0.0383841991425
0.0391561985016
0.0183928012848
0.0188000202179
0.019024848938
0.0192279815674
0.0195558071136
0.0275628566742
0.0277490615845
0.0279169082642
0.0280809402466
0.028580904007
0.0375878810883
0.0389888286591
0.0404658317566
0.0418288707733
0.0431499481201
0.0269930362701
0.0282690525055
0.0294718742371
0.0307538509369
0.0319139957428
0.0263879299164
0.027281999588
0.0283401012421
0.0294389724731
0.0301620960236
0.0322930812836
0.0324840545654
0.0334000587463
0.0336589813232
0.0340631008148
0.0305089950562
0.0309910774231
0.0314540863037
0.0318500995636
0.0327990055084
0.0298280715942
0.0303020477295
0.0307741165161
0.0311551094055
0.0315589904785
0.0284349918365
0.0291111469269
0.0297691822052
0.0304532051086
0.0311210155487
0.0314779281616
0.0322558879852
0.0328328609467
0.0334758758545
0.0340929031372
0.0273139476776
0.0282480716705
0.0291728973389
0.0300889015198
0.03116106987
0.0316159725189
0.0322349071503
0.0327661037445
0.0333249568939
0.0339319705963
0.0380771160126
0.0386610031128
0.0392220020294
0.0397651195526
0.0403242111206
0.0315909385681
0.0322790145874
0.032902956008