0.0177979469299
0.0152249336243
0.0328850746155
0.0331659317017
0.0524470806122
0.0528120994568
0.0741770267487
0.0743930339813
0.1131939888
0.110604047775
0.14380812645
0.135421991348
0.160224914551
0.160758972168
0.183673143387
0.179970979691
0.207435846329
0.207870006561
0.217497110367
0.217932939529
0.241201162338
0.237145900726
0.256249904633
0.251658916473
0.290416955948
0.280430078506
0.312126874924
0.312422990799
0.333382844925
0.327970981598
0.350368976593
0.350742101669
0.37321305275
0.373612165451
0.398281097412
0.393955945969
0.424762010574
0.413963079453
0.449726104736
0.432779073715
0.467617988586
0.464307069778
0.494499921799
0.494907140732
0.522988080978
0.523354053497
0.535920858383
0.536144971848
0.558653116226
0.559132099152
0.579491853714
0.579731941223
0.588613986969
0.588884830475
0.613822937012
0.61039686203
0.632266998291
0.617145061493
0.639849901199
0.636583805084
0.656996965408
0.657248973846
0.679384946823
0.679588794708
0.688941001892
0.684737920761
0.711706876755
0.707532167435
0.735213041306
0.735827207565
0.749060153961
0.749732971191
0.771178007126
0.771342992783
0.785933017731
0.786177873611
0.811975955963
0.808833837509
0.841096878052
0.842154979706
0.867083072662
0.856986999512
0.875580072403
0.865354061127
0.898561000824
0.8990650177
0.919183969498
0.915289878845
0.946147918701
0.942327022552
0.963978052139
0.946039915085
0.974560022354
0.9703810215
1.00784182549
1.00832796097
1.02771115303
1.02380609512
1.05799293518
1.05563402176
1.08997797966
1.07877922058
1.10439705849
1.10087013245
1.13147497177
1.12856817245
1.15403318405
1.15437722206
1.16890597343
1.16945695877
1.17906999588
1.17976999283
1.20587182045
1.20670986176
1.23133301735
1.22803807259
1.2618470192
1.25822591782
1.28943991661
1.28663420677
1.31490516663
1.31523609161
1.32717299461
1.32771015167
1.34885501862
1.34120607376
1.36408805847
1.36062693596
1.39739990234
1.3980948925
1.40676808357
1.40739798546
1.42957901955
1.43021202087
1.44888710976
1.44977211952
1.46788883209
1.46868491173
1.47248697281
1.47310805321
1.4904999733
1.49078798294
1.50657486916
1.50684094429
1.53338909149
1.53366398811
1.54289412498
1.54345202446
1.55539512634
1.55801892281
1.63867282867
1.63950991631
1.64031410217
1.64105510712
1.66517186165
1.66613507271
1.69171595573
1.69237995148
1.71218395233
1.71362400055
1.73445916176
1.73083114624
1.76106500626
1.75836515427
1.79145216942
1.79232501984
1.81812691689
1.81878590584
1.83683300018
1.83749008179
1.86512184143
1.86589097977
1.8861079216
1.88693404198
1.91172003746
1.91204714775
1.93369793892
1.93400382996
1.95372080803
1.9541888237
1.97383189201
1.97418689728
1.99193191528
1.99219989777
2.01529693604
2.01561188698
2.04327511787
2.0434551239
2.06531906128
2.06552004814
2.08047604561
2.08071994781
2.09884309769
2.09343385696
2.11808204651
2.11482715607
2.17368197441
2.17070794106
2.21789503098
2.21817803383
2.24391102791
2.24002599716
2.25917506218
2.25992798805
2.2935051918
2.29380321503
2.30583715439
2.30619716644
2.38398313522
2.38224387169
2.43105196953
2.42865610123
2.46546602249
2.45982313156
2.48895406723
2.48947501183
2.51151490211
2.51190185547
2.53973793983
2.53694796562
2.56106615067
2.56143307686
2.57704401016
2.57307291031
2.59992003441
2.59551787376
2.62619686127
2.61365604401
2.64088702202
2.64143300056
2.6663069725
2.66104197502
2.69621181488
2.6965508461
2.71549582481
2.71600699425
2.73003101349
2.72533988953
2.75669693947
2.75733995438
2.78307700157
2.7678129673
2.80509519577
2.80444192886
2.83539581299
2.8315680027
2.86834716797
2.8655090332
2.89989709854
2.88913702965
2.9167239666
2.9172809124
2.93726587296
2.93766498566
2.9711561203
2.95997190475
2.99726891518
2.99769902229
3.01575517654
3.01620912552
3.03354811668
3.01748895645
3.04914116859
3.04430913925
3.06611299515
3.0666539669
3.08678197861
3.0873439312
3.09786391258
3.09820890427
3.12102603912
3.12149596214
3.14809417725
3.14900898933
3.17048501968
3.17105007172
3.18188810349
3.17856693268
3.21007204056
3.20307397842
3.2400329113
3.22577095032
3.25598502159
3.25110793114
3.27476501465
3.26339411736
3.2914891243
3.29174089432
3.31665301323
3.31321191788
3.34533405304
3.34584498405
3.35708403587
3.34756016731
3.36948895454
3.37015509605
3.3863298893
3.40054893494
3.39833784103
3.39934587479
3.42250609398
3.42295908928
3.45489406586
3.45560598373
3.46425890923
3.46487307549
3.48798799515
3.48446583748
3.51779294014
3.50756502151
3.53739309311
3.53604698181
3.5680911541
3.5686249733
3.59424781799
3.58895683289
3.62543606758
3.61428809166
3.65132308006
3.64689707756
3.67395401001
3.66991186142
3.69739603996
3.69817590714
3.72524189949
3.72561788559
3.74235987663
3.74265098572
3.7557451725
3.75594806671
3.78531503677
3.78644299507
3.8193359375
3.81990385056
3.83580303192
3.83625793457
3.86003780365
3.86046481133
3.89013004303
3.89071798325
3.91383886337
3.91427302361
3.92949819565
3.92998504639
3.9536678791
3.95415186882
3.97652602196
3.97691106796
4.01295900345
4.01375198364
4.02340197563
4.02357602119
4.04245710373
4.04299807549
4.06304383278
4.06361603737
4.08448290825
4.08494305611
4.09186911583
4.09239315987
4.11867499352
4.11905503273
4.13847589493
4.13887786865
4.14871001244
4.14765906334
4.18695402145
4.18704986572
4.23219799995
4.23059010506
4.29410815239
4.29435706139
4.31630396843
4.31682395935
4.35498690605
4.35521197319
4.39209985733
4.39265084267
4.40395998955
4.40010714531
4.42844700813
4.42129397392
4.45495390892
4.45586204529
4.46898818016
4.46988797188
4.50889897346
4.50944399834
4.5579931736
4.55952000618
4.6121931076
4.61252903938
4.63370990753
4.63127017021
4.66381907463
4.66009402275
4.69019412994
4.67322087288
4.70579600334
4.70199918747
4.73883605003
4.73928904533
4.76619315147
4.76177287102
4.78119587898
4.77309203148
4.79825592041
4.7989449501
4.82428789139
4.82023382187
4.85274887085
4.84890198708
4.88862609863
4.88997912407
4.90756607056
4.90773892403
4.92676901817
4.92704606056
4.95375704765
4.94975113869
4.98221921921
4.98245215416
4.99684810638
4.99235391617
5.02414488792
5.02511096001
5.04809594154
5.0484380722
5.07284379005
5.07304596901
5.10005879402
5.10092592239
5.12068891525
5.12129092216
5.13924789429
5.13982987404
5.14579606056
5.14657902718
5.1617732048
5.16209411621
5.18751907349
5.18803906441
5.21563506126
5.21188807487
5.23625802994
5.23657298088
5.24837112427
5.24857616425
5.26299595833
5.26336789131
5.29311990738
5.29329991341
5.33793187141
5.33820581436
5.35685300827
5.35218691826
5.38001084328
5.38055300713
5.40211009979
5.40241098404
5.40717482567
5.40313100815
5.42923593521
5.42952013016
5.45807003975
5.4583799839
5.54015016556
5.54043912888
5.64188098907
5.64233779907
5.66330504417
5.66364789009
5.72480916977
5.72498416901
5.75862193108
5.75613212585
5.78981399536
5.79012513161
5.81274986267
5.8092610836
5.84150314331
5.83890008926
5.86341309547
5.86385297775
5.87315702438
5.8705201149
5.90462112427
5.90525603294
5.9486310482
5.94882893562
5.9576280117
5.96813797951
5.98062801361
5.98149394989
6.0077059269
6.008289814
6.03731107712
6.03456187248
6.06027388573
6.05733513832
6.1229801178
6.1099319458
6.14065790176
6.14100289345
6.15373587608
6.15400481224
6.19288802147
6.19308304787
6.22477388382
6.22500610352
6.25457882881
6.25484681129
6.22643399239
6.22676801682
6.24574804306
6.24610304832
6.28299498558
6.28333091736
6.30348992348
6.3038880825
6.32919597626
6.32937788963
6.39159011841
6.39176607132
6.4137430191
6.39752197266
6.43410086632
6.42961502075
6.47188615799
6.46253013611
6.50125718117
6.48856306076
6.51653504372
6.51063394547
6.58002710342
6.58031415939
6.5912270546
6.59210991859
6.60812306404
6.6087269783
6.62895488739
6.6297929287
6.63587594032
6.63649892807
6.65680599213
6.65788888931
6.67624902725
6.67724013329
6.70325708389
6.69360995293
6.73420906067
6.73456096649
6.7596590519
6.75994300842
6.77565693855
6.77607083321
6.80726385117
6.80754590034
6.82210493088
6.82244801521
6.87045907974
6.87064099312
6.89714503288
6.87789011002
6.90856719017
6.9044880867
6.93095707893
6.92088389397
6.94839596748
6.94870400429
6.95975995064
6.95402407646
6.97743415833
6.97292685509
7.00038695335
6.98017811775
7.00962114334
7.00608611107
7.03486299515
7.03132605553
7.07036209106
7.05621004105
7.09423112869
7.08815789223
7.12847089767
7.12402892113
7.15564703941
7.15606498718
7.17448806763
7.16260504723
7.1994330883
7.19491195679
7.21168780327
7.20904111862
7.24312210083
7.24333500862
7.26085114479
7.26110696793
7.28327393532
7.27065181732
7.29412603378
7.29442691803
7.32063388824
7.32759094238
7.36814785004
7.36930394173
7.38868498802
7.38909506798
7.42628693581
7.40134000778
7.42447495461
7.41905593872
7.44857311249
7.44903492928
7.48337197304
7.48392820358
7.49376797676
7.4942920208
7.50483703613
7.50537109375
7.52332687378
7.51682305336
7.5419011116
7.54380393028
7.56357884407
7.55788707733
7.58324503899
7.56922197342
7.59566497803
7.58684206009
7.60961699486
7.60466098785
7.63732409477
7.63450193405
7.66144800186
7.65035009384
7.68393802643
7.67924284935
7.706387043
7.69398093224
7.7221698761
7.72299695015
7.76324486732
7.76390480995
7.77960085869
7.77124619484
7.79879403114
7.79911398888
7.78790211678
7.78824114799
7.81011199951
7.80746006966
7.85106897354
7.85190415382
7.87637686729
7.84727406502
7.8847489357
7.87950205803
7.91025090218
7.91061091423
7.93794798851
7.91982197762
7.94705104828
7.94791388512
7.97160696983
7.96796393394
8.00033593178
8.00107502937
8.01523900032
8.01550292969
8.02659702301
8.02730321884
8.0445330143
8.04474782944
8.05111098289
8.05138015747
8.07361197472
8.07403898239
8.09320092201
8.09373188019
8.10713505745
8.10775113106
8.12435889244
8.1245970726
8.07643413544
8.0673429966
8.09748387337
8.09800505638
8.11549186707
8.11600780487
8.11393284798
8.10997605324
8.13927221298
8.13633012772
8.159044981
8.15943813324
8.17193508148
8.14914989471
8.18149995804
8.18197894096
8.21407699585
8.21438598633
8.24655103683
8.24673509598
8.26517081261
8.26559901237
8.27146911621
8.2884221077
8.30243110657
8.32040309906
8.32831501961
8.32895207405
8.35092496872
8.3514289856
8.38939285278
8.39013385773
8.44881892204
8.44979977608
8.50012207031
8.49527001381
8.51988196373
8.50532889366
8.52786397934
8.52809977531
8.55837798119
8.55396413803
8.60463905334
8.6051530838
8.63193297386
8.63366603851
8.6880300045
8.68887400627
8.71047186852
8.71119880676
8.79492592812
8.7964758873
8.84574794769
8.846544981
8.8685529232
8.86951899529
8.89196300507
8.89270210266
9.00290703773
9.00309085846
9.02670907974
9.02712202072
9.04399704933
9.04428291321
9.05577588081
9.05851984024
9.10190796852
9.10216188431
9.1098511219
9.11029720306
9.13022398949
9.12606191635
9.14425110817
9.14457988739
9.1714451313
9.17200899124
9.18063616753
9.17850589752
9.20377707481
9.20454001427
9.23295497894
9.22878313065
9.25071001053
9.25123405457
9.26835012436
9.26927113533
9.29845786095
9.29542279243
9.32634687424
9.32683897018
9.34294700623
9.34321093559
9.36239790916
9.36286187172
9.3907558918
9.39107990265
9.40320205688
9.40352606773
9.43312191963
9.43347001076
9.45228505135
9.45283794403
9.4791970253
9.47952508926
9.49614405632
9.49683785439
9.52161502838
9.51407599449
9.54702711105
9.54733395576
9.56552600861
9.54866290092
9.57571101189
9.57608294487
9.60963201523
9.61031699181
9.64258694649
9.64326095581
9.67169594765
9.65303397179
9.67624497414
9.67204499245
9.70664095879
9.70720100403
9.7250161171
9.72554802895
9.74345898628
9.74406480789
9.74862909317
9.74902796745
9.77155590057
9.76751899719
9.79067206383
9.79166698456
9.81295394897
9.79405498505
9.81822299957
9.81875109673
9.84316110611
9.84388399124
9.87031698227
9.86285090446
9.89074778557
9.87365102768
9.90422201157
9.90068387985
9.93136501312
9.92751383781
9.9592897892
9.94369196892
9.98387098312
9.98432898521
10.0112500191
10.0117139816
10.0300700665
10.0176279545
10.0413908958
10.0421180725
10.0612211227
10.0614590645
10.0942940712
10.0946469307
10.1193499565
10.1162521839
10.1528282166
10.1536200047
10.1711099148
10.1720299721
10.1927001476
10.1868290901
10.2206580639
10.2092690468
10.2353858948
10.2360169888
10.2521550655
10.2363700867
10.253152132
10.2477009296
10.2777659893
10.2747900486
10.3001599312
10.3005080223
10.3131468296
10.3137350082
10.3246970177
10.3251430988
10.3435559273
10.3442008495
10.3623030186
10.3627121449
10.372551918
10.3731300831
10.3986868858
10.3942799568
10.4247968197
10.4267389774
10.4535150528
10.4538869858
10.4750938416
10.4690630436
10.4931340218
10.4935650826
10.5123729706
10.513035059
10.5454769135
10.5460729599
10.5639798641
10.5645639896
10.5853140354
10.5861458778
10.6068940163
10.6073739529
10.6259539127
10.6262369156
10.6463057995
10.6466538906
10.6639740467
10.6642401218
10.6849560738
10.6815168858
10.7151229382
10.7017560005
10.7244899273
10.7249810696
10.7616009712
10.758975029
10.7921221256
10.7934429646
10.8142309189
10.8135349751
10.8417489529
10.8383419514
10.872107029
10.8724429607
10.8901450634
10.8904540539
10.8985638618
10.8989169598
10.9150471687
10.9107999802
10.9366939068
10.9380040169
10.9554810524
10.9562690258
10.9686250687
10.9692320824
10.9974770546
10.9983770847
11.0227370262
11.0235090256
11.0492181778
11.0499310493
11.0694489479
11.0704169273
11.0991139412
11.1011090279
11.1377789974
11.1380701065
11.1565389633
11.1568319798
11.1888511181
11.1893241405
11.2135469913
11.2138569355
11.2619900703
11.256841898
11.2959649563
11.2791769505
11.3102259636
11.3042869568
11.3355560303
11.3357598782
11.3701658249
11.3561298847
11.3839929104
11.3795330524
11.4431269169
11.4395611286
11.4828321934
11.4785900116
11.5098390579
11.4948720932
11.5100181103
11.5102350712
11.5442321301
11.5444970131
11.5853528976
11.5829730034
11.6132791042
11.6019260883
11.6406311989
11.6372909546
11.682213068
11.6783678532
11.705425024
11.6943378448
11.7294809818
11.7241549492
11.754502058
11.7478551865
11.7820110321
11.7696077824
11.7952427864
11.7954568863
11.8146588802
11.8149759769
11.8380289078
11.8387360573
11.9069259167
11.9072299004
11.933934927
11.934265852
11.9473090172
11.9480030537
11.970441103
11.9706790447
11.994145155
11.994426012
12.0209388733
12.0211849213
12.0798411369
12.0804650784
12.1010220051
12.1014740467
12.1921970844
12.1743638515
12.197247982
12.1926820278
12.219465971
12.2199058533
12.2429769039
12.2434699535
12.2644441128
12.2648620605
12.2768988609
12.2774128914
12.3067760468
12.3072729111
12.3390469551
12.3399541378
12.3524999619
12.339840889
12.3850879669
12.3856649399
12.4066491127
12.4070250988
12.4322459698
12.4326658249
12.4563589096
12.4568870068
12.479197979
12.4794859886
12.4980368614
12.4985518456
12.5237710476
12.524613142
12.5320219994
12.5324628353
12.5548110008
12.5551979542
12.5740652084
12.5573301315
12.58594203
12.5866580009
12.6147260666
12.6154339314
12.6294748783
12.6298978329
12.6518659592
12.6523249149
12.6600677967
12.660517931
12.6837289333
12.6844899654
12.7132759094
12.7138199806
12.7208280563
12.7214100361
12.7486228943
12.7492899895
12.7657430172
12.7661950588
12.7911369801
12.7916281223
12.8122420311
12.8054559231
12.8431749344
12.8250110149
12.844990015
12.8564758301
12.8822979927
12.8914048672
12.9092319012
12.9096720219
12.9207470417
12.9213910103
12.9472880363
12.9447000027
12.9777209759
12.9728119373
12.9999539852
12.994371891
13.0212919712
13.0185470581
13.0399730206
13.0373520851
13.066380024
13.0668210983
13.072384119
13.072865963
13.0914120674
13.0636940002
13.0828948021
13.0788760185
13.1153190136
13.1157028675
13.1322388649
13.1328008175
13.1349360943
13.1356351376
13.1702809334
13.1661601067
13.1941959858
13.1945941448
13.2266950607
13.2277171612
13.2444310188
13.2450330257
13.2676720619
13.2685549259
13.2877531052
13.2883570194
13.3028440475
13.3038108349
13.3337848186
13.3345439434
13.3354048729
13.3358418941
13.3544220924
13.3548898697
13.3770451546
13.3774931431
13.395334959
13.383384943
13.4245607853
13.4250209332
13.4466152191
13.4472801685
13.4745538235
13.4530720711
13.483287096
13.4713900089
13.505822897
13.4916551113
13.5242681503
13.5247831345
13.5460178852
13.5464549065
13.5658450127
13.5663349628
13.5817408562
13.5820510387
13.6151521206
13.6121580601
13.6480329037
13.6486909389
13.6911439896
13.6841330528
13.7132210732
13.713807106
13.7261788845
13.7223417759
13.7479448318
13.7294950485
13.7573599815
13.7540178299
13.7825038433
13.7772419453
13.8091948032
13.7937128544
13.8236238956
13.8190438747
13.8600819111
13.8608319759
13.8819429874
13.8821718693
13.8975532055
13.8931560516
13.9159150124
13.9163339138
13.9349529743
13.9351608753
13.9597380161
13.9601809978
13.9843029976
13.9851148129
14.0021350384
13.9906828403
14.0317189693
14.0323269367
14.0545628071
14.04936409
14.0774819851
14.078150034
14.0862879753
14.0803718567
14.1164209843
14.1121759415
14.1352860928
14.1355938911
14.1510310173
14.1515910625
14.1728498936
14.166492939
14.2004170418
14.2005908489
14.2302858829
14.2248790264
14.2765259743
14.2777140141
14.3000388145
14.2946910858
14.3430719376
14.3437669277
14.3685400486
14.3632249832
14.3914680481
14.3922641277
14.3943960667
14.3950941563
14.4133799076
14.4139668941
14.4338378906
14.4349019527
14.4225599766
14.4234349728
14.4352710247
14.4355969429
14.4512460232
14.4519569874
14.4732658863
14.4736039639
14.4842429161
14.4847650528
14.5126848221
14.5132808685
14.5353329182
14.5356760025
14.5444009304
14.5449080467
14.5699388981
14.5641129017
14.6001000404
14.5735399723
14.6082589626
14.6054890156
14.6429200172
14.6427881718
14.6610200405
14.6548299789
14.6895389557
14.689814806
14.7041709423
14.7043700218
14.7232658863
14.7235329151
14.7458560467
14.7460429668
14.7508571148
14.7510449886
14.7699449062
14.7702729702
14.7849979401
14.7641429901
14.7849030495
14.7761731148
14.8091051579
14.8095030785
14.8359379768
14.8362829685
14.848377943
14.8410959244
14.8714418411
14.8717279434
14.8762609959
14.8767819405
14.905657053
14.9031031132
14.9316439629
14.8919930458
14.9195370674
14.8973138332
14.9391639233
14.9291479588
14.963796854
14.95550704
14.9902441502
14.9735159874
15.0074968338
15.0081620216
15.0277938843
15.0282349586
15.0457749367
15.0437221527
15.0753891468
15.0718960762
15.1044859886
15.0956408978
15.1273589134
15.1277089119
15.1536748409
15.1538639069
15.1875529289
15.1884849072
15.2101759911
15.210695982
15.2403969765
15.2414979935
15.2677221298
15.257174015
15.2842628956
15.2789261341
15.3101761341
15.3106510639
15.3329319954
15.3333630562
15.3270921707
15.3380320072
15.3699171543
15.3701360226
15.4153478146
15.4157629013
15.4457249641
15.4328401089
15.4717669487
15.4723930359
15.5057878494
15.5063350201
15.552063942
15.5526380539
15.593777895
15.5941400528
15.6148769855
15.6110129356
15.6468098164
15.6471459866
15.6737341881
15.6700320244
15.7017998695
15.693158865
15.751251936
15.7493891716
15.7712261677
15.7714781761
15.7982940674
15.7849419117
15.8087508678
15.8091289997
15.8251321316
15.8197908401
15.8524599075
15.8380069733
15.8682339191
15.8685538769
15.8922121525
15.8882980347
15.9225280285
15.9189839363
15.9487359524
15.9335689545
16.0165059566
16.0127291679
16.0598340034
16.0604441166
16.1726441383
16.1732239723
16.1924450397
16.1927380562
16.2126839161
16.2129049301
16.2330091
16.2332088947
16.2602899075
16.2495319843
16.2726531029
16.2684240341
16.2991149426
16.2942419052
16.3223860264
16.309666872
16.3375120163
16.3362720013
16.354943037
16.3554170132
16.3785049915
16.3790709972
16.3959741592
16.396337986
16.4064319134
16.4069049358
16.4252068996
16.4256150723
16.4517319202
16.4520559311
16.4715538025
16.4718878269
16.4832439423
16.4836039543
16.5118439198
16.5081748962
16.5341818333
16.5183460712
16.5447468758
16.5476338863
16.5667660236
16.5620660782
16.6052150726
16.6055309772
16.6084609032
16.6089048386
16.6311972141
16.6317341328
16.6569039822
16.6438989639
16.6812930107
16.6778120995
16.7340340614
16.7343950272
16.7470118999
16.7472670078
16.7800989151
16.7808289528
16.8014628887
16.7896871567
16.8134880066
16.8137590885
16.823456049
16.8236339092
16.8296840191
16.8304531574
16.8645720482
16.8647961617
16.8902521133
16.8905239105
16.9050440788
16.906154871
16.9268260002
16.9099891186
16.9394090176
16.9400229454
16.9691932201
16.9703960419
16.9957029819
16.9959790707
17.0160968304
17.0103728771
17.0452668667
17.0349519253
17.0573298931
17.0577528477
17.0685720444
17.0633590221
17.0983941555
17.0947029591
17.1193950176
17.120028019
17.1321768761
17.1326329708
17.1588659286
17.1592309475
17.1747090816
17.1616361141
17.1847150326
17.1852810383
17.2034578323
17.2037699223
17.2224080563
17.2084729671
17.2367091179
17.2330639362
17.2642748356
17.2653617859
17.2927470207
17.2810349464
17.3151710033
17.3060750961
17.3374300003
17.3163511753
17.3441140652
17.3351697922
17.3615548611
17.3623228073
17.393941164
17.394256115
17.3811380863
17.3815100193
17.4051189423
17.4057068825
17.4208519459
17.4210669994
17.4354560375
17.435739994
17.4627268314
17.4635150433
17.4851269722
17.4856557846
17.500079155
17.4951369762
17.5176107883
17.5131211281
17.5474131107
17.5336151123
17.5853190422
17.5862190723
17.6343419552
17.6355619431
17.6604850292
17.661468029
17.6973400116
17.6981379986
17.7256109715
17.726541996
17.7552568913
17.746984005
17.7792179585
17.7794599533
17.8008069992
17.8011670113
17.8099460602
17.8101789951
17.7647199631
17.7650921345
17.7876670361
17.7788071632
17.8081490993
17.8086280823
17.830051899
17.822412014
17.849449873
17.8500669003
17.7810950279
17.7819910049
17.8023180962
17.7903950214
17.8067200184
17.8273408413
17.8496508598
17.8500888348
17.877756834
17.8345301151
17.8614320755
17.8619379997
17.8813519478
17.879390955
17.9073441029
17.9038538933
17.9395449162
17.9401888847
17.9467799664
17.9473769665
17.9743518829
17.9756789207
18.000038147
18.0008540154
18.0208990574
18.0211029053
18.0411071777
18.0419290066
18.0699768066
18.0709049702
18.0916759968
18.0927269459
18.1176218987
18.1181638241
18.1342971325
18.1301789284
18.1569809914
18.1573648453
18.1766040325
18.1594569683
18.1830248833
18.1834688187
18.2097830772
18.2102470398
18.2284531593
18.2289850712
18.239109993
18.2396101952
18.2630150318
18.2633459568
18.2790148258
18.2759871483
18.3033390045
18.3037040234
18.3262209892
18.3267850876
18.35313797
18.3537909985
18.3604929447
18.3608360291
18.3847839832
18.3808720112
18.4037768841
18.4047348499
18.4224460125
18.4233031273
18.4250600338
18.4253690243
18.4475800991
18.4349069595
18.4656600952
18.4527001381
18.4800469875
18.4805979729
18.5011479855
18.5017879009
18.5076348782
18.520018816
18.545623064
18.5458700657
18.5421991348
18.5393559933
18.565007925
18.5656731129
18.5768699646
18.5776479244
18.6031200886
18.6034181118
18.6286399364
18.6294000149
18.6444079876
18.645252943
18.6620490551
18.6526391506
18.6804070473
18.6686620712
18.69860816
18.6945168972
18.7218258381
18.7221040726
18.7277810574
18.7452130318
18.725605011
18.7216961384
18.748196125
18.7486169338
18.7755901814
18.7765550613
18.7992458344
18.7995970249
18.8141109943
18.8102939129
18.8407800198
18.8338980675
18.8613090515
18.8569619656
18.8797979355
18.8625729084
18.8896861076
18.8848171234
18.9219601154
18.9160268307
18.9545888901
18.9551558495
18.9566750526
18.9569909573
18.9796829224
18.9800179005
18.9760458469
18.9763400555
18.9949948788
18.9953019619
19.0220971107
19.0228021145
19.0267100334
19.0268988609
19.0537388325
19.0464498997
19.0682759285
19.0565340519
19.0891840458
19.0840351582
19.1154191494
19.1158680916
19.1336209774
19.13438797
19.1499390602
19.1468908787
19.1842489243
19.1709849834
19.2029259205
19.1828148365
19.2096509933
19.2240538597
19.2472198009
19.2476098537
19.2648379803
19.2650940418
19.2686901093
19.2689409256
19.2829298973
19.2831678391
19.3010299206
19.3013370037
19.3125081062
19.3128910065
19.3292350769
19.3295760155
19.3352029324
19.3355259895
19.3332951069
19.3336801529
19.3497059345
19.3500478268
19.3672368526
19.3675568104
19.3750789165
19.3754768372
19.3890280724
19.3893868923
19.4047880173
19.4051208496
19.4188249111
19.4191319942
19.4416029453
19.4419770241
19.4649269581
19.4653038979
19.4856128693
19.4867310524
19.4992511272
19.4958031178
19.5543851852
19.5411300659
19.5706090927
19.5521478653
19.5763609409
19.5768938065
19.5862269402
19.5940070152
19.6075701714
19.6052980423
19.6326131821
19.5865139961
19.6136710644
19.6143488884
19.6356289387
19.6305320263
19.6572799683
19.6456339359
19.6772079468
19.6738128662
19.7063648701
19.6978650093
19.7287790775
19.720952034
19.7595160007
19.7547719479
19.7883369923
19.7885348797
19.7958860397
19.7912130356
19.8133969307
19.8099360466
19.8358290195
19.8220779896
19.8483150005
19.8519639969
19.8670358658
19.8814580441
19.8976581097
19.8981120586
19.9120380878
19.9059929848
19.9284148216
19.9293289185
19.9545149803
19.9548928738
19.9676640034
19.9687469006
19.986164093
19.9827048779
20.0097639561
20.0018558502
20.0242979527
20.0246977806
20.0465550423
20.0452690125
20.0675120354
20.0642011166
20.0924239159
20.0759758949
20.0948138237
20.1031858921
20.1262087822
20.1221590042
20.1570749283
20.1535630226
20.1803650856
20.1730151176
20.2104301453
20.1947228909
20.2261118889
20.2183690071
20.2583129406
20.2590129375
20.2630500793
20.2632410526
20.2909209728
20.2868030071
20.3111488819
20.3003349304
20.3318879604
20.3186860085
20.3374288082
20.3380839825
20.3382160664
20.3387289047
20.3670318127
20.3672318459
20.3888921738
20.3891880512
20.3977220058
20.3644599915
20.395761013
20.3963711262
20.4083201885
20.408834219
20.4118468761
20.4141118526
20.4386320114
20.4334251881
20.4596140385
20.4603850842
20.4901437759
20.4747929573
20.4964489937
20.4970290661
20.5239520073
20.524338007
20.543156147
20.5437870026
20.5606071949
20.5522220135
20.5790669918
20.5794398785
20.5759899616
20.5764498711
20.6089589596
20.6099209785
20.6384339333
20.6338908672
20.6772749424
20.6699140072
20.707501173
20.6957828999
20.7288269997
20.7227599621
20.750825882
20.7513329983
20.7674670219
20.7553560734
20.7927598953
20.7932360172
20.8217940331
20.8176422119
20.8481731415
20.8329749107
20.8651549816
20.8614749908
20.8889300823
20.8892540932
20.9164111614
20.9140851498
20.9518949986
20.9524829388
20.9757721424
20.9740688801
21.0247888565
21.0252530575
21.0555019379
21.0497279167
21.0820538998
21.0614750385
21.0983538628
21.0988969803
21.2015841007
21.1987071037
21.223829031
21.2245750427
21.2222850323
21.2158041
21.2381780148
21.2342729568
21.252311945
21.2325980663
21.2549250126
21.2551851273
21.2883400917
21.2844469547
21.3504447937
21.3451678753
21.3813939095
21.3818619251
21.3969240189
21.3918731213
21.42101717
21.4180860519
21.4453861713
21.4204750061
21.4435329437
21.4402749538
21.4656879902
21.4658958912
21.4856050014
21.4600269794
21.4917321205
21.4919559956
21.5143289566
21.5088939667
21.5350570679
21.5353960991
21.547647953
21.5450160503
21.5692870617
21.5653450489
21.5877490044
21.5884051323
21.5883591175
21.5839300156
21.6191627979
21.619800806
21.6377170086
21.638171196
21.6491978168
21.6497168541
21.6636321545
21.664465189
21.6892709732
21.6898870468
21.7114830017
21.7120940685
21.7244780064
21.7249939442
21.7416222095
21.7419781685
21.7606408596
21.7610099316
21.7724859715
21.7728779316
21.7944991589
21.794834137
21.8198468685
21.8201839924
21.8429660797
21.8432600498
21.8558888435
21.8562178612
21.8758001328
21.8762710094
21.9021749496
21.9025099277
21.9208760262
21.9211750031
21.943764925
21.9440948963
21.9429659843
21.9433028698
21.9642009735
21.9644138813
21.9819750786
21.9824690819
21.9836680889
21.9840891361
22.0071208477
22.007447958
22.0207140446
22.02089715
22.0323729515
22.0325949192
22.0485060215
22.0488388538
22.0659060478
22.0525460243
22.0852098465
22.0807487965
22.1031658649
22.1037328243
22.1208939552
22.1213049889
22.1375410557
22.1280250549
22.1639070511
22.1591861248
22.2004361153
22.2010550499
22.2300498486
22.20835495
22.2408320904
22.2412550449
22.2619378567
22.2621228695
22.2776329517
22.2778661251
22.2881541252
22.2884349823
22.320661068
22.3209240437
22.3448050022
22.3452270031
22.36033988
22.36064291
22.3723390102
22.3726620674
22.3916490078
22.3923921585
22.4010472298
22.4021110535
22.426735878
22.4232578278
22.4459939003
22.442127943
22.4640338421
22.4642407894
22.4837088585
22.4783630371
22.5066170692
22.4919381142
22.5331540108
22.533449173
22.5616109371
22.5618789196
22.5909669399
22.5914421082
22.6214461327
22.6133410931
22.6419751644
22.6386749744
22.6681799889
22.664276123
22.7022881508
22.6854989529
22.7159559727
22.7165780067
22.7392609119
22.7394328117
22.7580230236
22.7582509518
22.7761018276
22.7763278484
22.7880289555
22.7882769108
22.8069899082
22.8029839993
22.8310780525
22.8253269196
22.853192091
22.8502080441
22.8832509518
22.8890550137
22.9167439938
22.9143738747
22.9395668507
22.9401259422
22.9427728653
22.9394118786
22.9651398659
22.9656169415
22.994342804
22.9762480259
23.0112938881
23.0102579594
23.0353138447
23.0357048512
23.0689439774
23.0693590641
23.0854458809
23.0868020058
23.0919671059
23.0893161297
23.1227359772
23.1187160015
23.1450321674
23.1281051636
23.1591780186
23.1595201492
23.1791520119
23.179443121
23.1975679398
23.1979100704
23.2158610821
23.2161381245
23.2374100685
23.2331960201
23.258202076
23.2396268845
23.2704279423
23.2674782276
23.2982342243
23.2941548824
23.3149819374
23.3154318333
23.3529529572
23.3404738903
23.3730919361
23.3736979961
23.392332077
23.3854689598
23.4157328606
23.4014549255
23.4331719875
23.4264240265
23.4571790695
23.4523899555
23.4768080711
23.4774961472
23.4869978428
23.4874830246
23.5140140057
23.5145821571
23.5347850323
23.5263259411
23.5605390072
23.5611350536
23.581140995
23.5813770294
23.5911200047
23.5914530754
23.6190869808
23.6197311878
23.6394488811
23.640073061
23.6568229198
23.6571359634
23.6769049168
23.6771409512
23.7016220093
23.7019820213
23.7113921642
23.7117521763
23.7341439724
23.7344238758
23.7438821793
23.7464220524
23.7703831196
23.7733631134
23.7833311558
23.7856781483
23.8068370819
23.8020319939
23.8164460659
23.8184540272
23.8524010181
23.8527390957
23.8503870964
23.8510069847
23.8889830112
23.8894109726
23.9152531624
23.9154939651
23.9193630219
23.9196250439
23.9256100655
23.9259111881
23.9608359337
23.9611778259
23.9677608013
23.9683129787
23.9903569221
23.9908211231
24.0097808838
24.0107660294
24.0246770382
24.0251131058
24.0452058315
24.0455420017
24.0639371872
24.0643441677
24.0810739994
24.0816619396
24.0968670845
24.0972881317
24.1234629154
24.1240611076
24.1526389122
24.1530809402
24.1645429134
24.1650669575
24.1768529415
24.1772871017
24.1956181526
24.1959409714
24.2186260223
24.2191259861
24.2322239876
24.2327737808
24.2504351139
24.2506871223
24.2733538151
24.2736778259
24.2911131382
24.2915830612
24.314535141
24.3149969578
24.324837923
24.325772047
24.3430030346
24.359926939
24.3826301098
24.3830559254
24.3928489685
24.394908905
24.4032580853
24.4066319466
24.4283699989
24.4287748337
24.4630520344
24.4509298801
24.4852089882
24.4762790203
24.53018713
24.5178508759
24.5499370098
24.5456240177
24.5985491276
24.5949521065
24.63032794
24.6307959557
24.6488170624
24.64321208
24.67512393
24.6705091
24.7036700249
24.6947128773
24.71910882
24.7145831585
24.7396371365
24.7357308865
24.7672269344
24.7516710758
24.7836968899
24.7814328671
24.8083469868
24.8045930862
24.8383359909
24.8342649937
24.8574459553
24.8433120251
24.8618309498
24.86221385
24.8964979649
24.8928070068
24.9271409512
24.9122509956
24.9458189011
24.9429819584
24.9718799591
24.9658689499
24.9932169914
24.9935200214
25.0279519558
25.0204269886
25.0503239632
25.0442929268
25.0809350014
25.075740099
25.1066720486
25.0989630222
25.1272308826
25.1238238811
25.1541798115
25.1516368389
25.1877019405
25.1886270046
25.2094159126
25.2051320076
25.24076581
25.2314748764
25.2658178806
25.2629108429
25.2951178551
25.2925481796
25.3190710545
25.3150649071
25.3377969265
25.3337440491
25.3566870689
25.3430609703
25.3774399757
25.3708050251
25.3980228901
25.3934340477
25.4273319244
25.4234850407
25.4498050213
25.4323449135
25.4552500248
25.4511499405
25.479336977
25.4760861397
25.5095469952
25.5059039593
25.5415241718
25.5426399708
25.5598039627
25.5652759075
25.596914053
25.5927948952
25.6197178364
25.6152219772
25.6470329762
25.6297199726
25.6614120007
25.6590659618
25.689841032
25.6861560345
25.7048590183
25.7057218552
25.7335791588
25.7260458469
25.7507898808
25.7477200031
25.7849218845
25.7851979733
25.8067889214
25.801363945
25.8382320404
25.8256399632
25.8560390472
25.8496320248
25.8730561733
25.8738150597
25.8943719864
25.8905439377
25.9171979427
25.9141840935
25.9469089508
25.9313619137
25.9696719646
25.9650468826
25.9983599186
25.9954340458
26.0202360153
26.0166530609
26.0567440987
26.0366621017
26.0774559975
26.0352170467
26.0770840645
26.0586090088
26.0889191628
26.0759420395
26.1105179787
26.0672750473
26.0962641239
26.0861129761
26.1148209572
26.1116778851
26.1480839252
26.1423249245
26.1646399498
26.1554410458
26.1853508949
26.1818039417
26.2159659863
26.2133500576
26.2480740547
26.2370438576
26.2694308758
26.2628240585
26.2919750214
26.2882039547
26.3210918903
26.3027749062
26.3341860771
26.3311109543
26.3568611145
26.3511719704
26.3750128746
26.3381240368
26.3720669746
26.3722529411
26.3901278973
26.3904259205
26.4231271744
26.4233710766
26.4403607845
26.4407258034
26.4739909172
26.4741928577
26.4836030006
26.4838559628
26.4913589954
26.4917099476
26.5193269253
26.5195839405
26.5463070869
26.5465269089
26.5628061295
26.56300807
26.5933959484
26.5938558578
26.6089332104
26.6093730927
26.5982201099
26.5989589691
26.6240298748
26.6243760586
26.6380121708
26.6382510662
26.6458568573
26.6462309361
26.6772079468
26.6776669025
26.6964018345
26.6969108582
26.7156438828
26.7159497738
26.7224271297
26.7226440907
26.751388073
26.7515881062
26.7744829655
26.7747659683
26.8003339767
26.8006551266
26.8279311657
26.8282811642
26.8460919857
26.8464150429
26.8530101776
26.8532991409
26.8012731075
26.8015880585
26.8176181316
26.8178391457
26.8298318386
26.8300449848
26.8421361446
26.8426082134
26.8646850586
26.865087986
26.8883650303
26.8889799118
26.9056851864
26.9061441422
26.9232211113
26.9235370159
26.9443340302
26.9445939064
26.9923939705
26.9927451611
26.9986281395
26.9991829395
27.0155389309
27.0159449577
27.0163021088
27.0166449547
27.0433938503
27.0436429977
27.068926096
27.0692939758
27.0876078606
27.0878899097
27.1125149727
27.1127800941
27.1485359669
27.1491119862
27.1734399796
27.1738929749
27.1965768337
27.1969189644
27.2034840584
27.2037169933
27.2261488438
27.2264559269
27.2486970425
27.2488861084
27.2640321255
27.2642431259
27.2917861938
27.29205513
27.3202130795
27.3205549717
27.351088047
27.3514299393
27.3768239021
27.377120018
27.3985641003
27.3989610672
27.4210841656
27.4213600159
27.4379251003
27.4381361008
27.4712438583
27.4671061039
27.4902701378
27.4782679081
27.512873888
27.507144928
27.5356838703
27.532553196
27.5688700676
27.5649490356
27.602973938
27.5879781246
27.6268320084
27.6231338978
27.6521959305
27.6493339539
27.6813108921
27.6699879169
27.7032549381
27.7005360126
27.7285809517
27.7288780212
27.7474081516
27.7352280617
27.7610628605
27.7580649853
27.7895929813
27.7865450382
27.8194570541
27.8154599667
27.849875927
27.8343939781
27.8617670536
27.8624269962
27.8887488842
27.8834960461
27.9140319824
27.9100041389
27.9453020096
27.9508709908
27.9568860531
27.9534709454
27.9814109802
27.974807024
28.0066671371
28.0028619766
28.0468070507
28.0390510559
28.0648519993
28.0615210533
28.092509985
28.0888090134
28.1150450706
28.0982758999
28.1383190155
28.1357910633
28.171186924
28.1667079926
28.1997969151
28.2002470493
28.2071819305
28.207531929
28.2290799618
28.229279995
28.2539269924
28.254128933
28.2551691532
28.2554521561
28.277930975
28.2781510353
28.2995619774
28.2999420166
28.3055319786
28.3057279587
28.3512470722
28.3517301083
28.3698649406
28.3700859547
28.3962750435
28.3967990875
28.4168441296
28.4171130657
28.4268391132
28.4270670414
28.4521479607
28.4523818493
28.4763450623
28.4765799046
28.4868979454
28.4871900082
28.5121171474
28.5125131607
28.5460939407
28.5466990471
28.567027092
28.5672309399
28.5939919949
28.5945608616
28.6135420799
28.6141810417
28.6329729557
28.6332879066
28.6477899551
28.6481699944
28.6766979694
28.6770448685
28.7004089355
28.7007079124
28.713793993
28.7141120434
28.7432789803
28.7437560558
28.7654528618
28.7656788826
28.7803800106
28.7805960178
28.8052787781
28.8056058884
28.8313419819
28.8319580555
28.8308620453
28.8312840462
28.8494040966
28.850069046
28.8589310646
28.8595879078
28.87033391
28.870923996
28.8884961605
28.8888430595
28.9111359119
28.9119679928
28.9289460182
28.9295248985
28.9485421181
28.9491450787
28.9714329243
28.9720289707
28.9942770004
28.994893074
29.0123560429
29.012845993
29.0395381451
29.0399470329
29.0573439598
29.0579760075
29.0637099743
29.0640728474
29.0861699581
29.0866029263
29.1081638336
29.1090669632
29.1159570217
29.1164801121
29.1401128769
29.1406669617
29.1558918953
29.156211853
29.1746490002
29.1752409935
29.1992120743
29.1995670795
29.2244610786
29.2249650955
29.2428991795
29.2434401512
29.2613201141
29.2622141838
29.2823219299
29.282859087
29.3061840534
29.3065280914
29.3294270039
29.3303289413
29.3443698883
29.3449859619
29.3714020252
29.371792078
29.3899159431
29.390403986
29.4123859406
29.412899971
29.4285061359
29.4289181232
29.4515352249
29.4519841671
29.470361948
29.4710490704
29.4784419537
29.4789369106
29.4968960285
29.4974730015
29.5154950619
29.5159790516
29.5342111588
29.5347800255
29.5438389778
29.5445179939
29.5625920296
29.5632259846
29.5779399872
29.5784058571
29.5920169353
29.5923337936
29.6110231876
29.6115419865
29.6294960976
29.6300110817
29.6394121647
29.6398601532
29.6583609581
29.6587941647
29.6768968105
29.6773579121
29.6996870041
29.7000920773
29.7160701752
29.7164490223
29.7350361347
29.7355060577
29.754502058
29.7549829483
29.7681670189
29.7686290741
29.7803168297
29.7806179523
29.7991030216
29.7995910645
29.8155648708
29.8159630299
29.8184988499
29.8188669682
29.8455569744
29.845897913
29.864166975
29.8646709919
29.8835740089
29.8840761185
29.905452013
29.8914191723
29.9210970402
29.9143710136
29.944756031
29.9412229061
29.9741520882
29.9710049629
29.9939439297
29.9784519672
30.0060698986
30.0020439625
30.0419530869
30.0428140163
30.0616209507
30.0621340275
30.064111948
30.0645728111
30.0831799507
30.0836799145
30.1008169651
30.1011400223
30.1111791134
30.1115400791
30.1323580742
30.1327550411
30.1485359669
30.1492190361
30.1579728127
30.1583919525
30.1754791737
30.1759741306
30.194494009
30.1948440075
30.2131710052
30.2136158943
30.2156169415
30.2160449028
30.2318019867
30.23229599
30.2412378788
30.2418060303
30.2623431683
30.2626512051
30.2884559631
30.2887790203
30.2988569736
30.2992930412
30.3067390919
30.3072390556
30.326020956
30.3265399933
30.344712019
30.3452188969
30.3581440449
30.3584611416
30.3768780231
30.3773210049
30.9214289188
30.9026229382
30.9352149963
30.9366190434
30.9581580162
30.9588799477
30.9764900208
30.9768970013
30.9966769218
30.9971239567
31.0129728317
31.0133779049
31.0401549339
31.0405580997
31.0732750893
31.0739991665
31.0900061131
31.0904541016
31.120306015
31.1207129955
31.1395580769
31.140048027
31.1657788754
31.1662509441
31.1795752048
31.1799399853
31.2036619186
31.1936759949
31.2153060436
31.2158069611
31.238202095
31.2349050045
31.2593569756
31.2567381859
31.2834751606
31.2842819691
31.2924590111
31.293181181
31.3141000271
31.314920187
31.3328139782
31.3336319923
31.3443229198
31.3449130058
31.3753640652
31.3762121201
31.3880741596
31.3883669376
31.4109089375
31.4115378857
31.4295480251
31.430216074
31.4445822239
31.4455211163
31.4634311199
31.4643039703
31.4861149788
31.4868578911
31.4961919785
31.4973039627
31.5228681564
31.5234379768
31.541549921
31.54220891
31.5522358418
31.5530118942
31.5752961636
31.5762059689
31.5979938507
31.59856987
31.6126179695
31.6119699478
31.6428999901
31.6390981674
31.6662321091
31.6473231316
31.6777510643
31.6715250015
31.7043058872
31.6826210022
31.7163891792
31.7129619122
31.746516943
31.7417981625
31.7754161358
31.7763881683
31.7949528694
31.7957520485
31.7893338203
31.7899808884
31.8122310638
31.8125071526
31.8343448639
31.834897995
31.8447489738
31.8455979824
31.8659081459
31.8667259216
31.8712711334
31.8722341061
31.8965759277
31.8975188732
31.9279980659
31.9284720421
31.9360370636
31.9364891052
31.9456429482
31.9476809502
31.9561729431
31.9570269585
31.9769887924
31.9776129723
32.0037689209
32.0044369698
32.0266981125
32.0129368305
32.035173893
32.0278520584
32.0494480133
32.0501921177
32.070761919
32.0720279217
32.0852339268
32.0863358974
32.1060249805
32.1069040298
32.1286652088
32.1301941872
32.1361219883
32.1368250847
32.1589078903
32.1594610214
32.1774640083
32.1659898758
32.1884269714
32.1891989708
32.2111549377
32.2124798298
32.2297799587
32.2305707932
32.2408821583
32.2420430183
32.2537529469
32.2569930553
32.2905478477
32.2911629677
32.3081219196
32.3090119362
32.3185789585
32.3324859142
32.3492369652
32.3518779278
32.3796269894
32.3811769485
32.38991189
32.3913059235
32.4245560169
32.4280891418
32.4719729424
32.4562549591
32.4903171062
32.4907150269
32.5209009647
32.5155379772
32.5398328304
32.530369