0.0762228965759,
0.0768020153046,
0.0510399341583,
0.0451271533966,
0.067764043808,
0.0682280063629,
0.0782330036163,
0.0791549682617,
0.097177028656,
0.0976660251617,
0.116497039795,
0.11711192131,
0.144453048706,
0.144682168961,
0.178108215332,
0.178398132324,
0.204924106598,
0.205262184143,
0.215990066528,
0.216438055038,
0.227624893188,
0.227580070496,
0.253476142883,
0.253802061081,
0.263370990753,
0.265036821365,
0.317706108093,
0.319360971451,
0.33055305481,
0.331147193909,
0.348896980286,
0.349144935608,
0.389261960983,
0.386106014252,
0.416877985001,
0.417614936829,
0.432564973831,
0.432990074158,
0.464780807495,
0.465111017227,
0.497378110886,
0.497677087784,
0.516866922379,
0.517305850983,
0.527921915054,
0.528517961502,
0.545625925064,
0.536633014679,
0.56057882309,
0.561014890671,
0.580918073654,
0.581300020218,
0.596061944962,
0.596606969833,
0.609549999237,
0.610460996628,
0.631385087967,
0.632082939148,
0.644851922989,
0.645426034927,
0.667430877686,
0.662781953812,
0.676646947861,
0.677142858505,
0.700665950775,
0.701102018356,
0.727200031281,
0.727494001389,
0.749681949615,
0.750053882599,
0.76603102684,
0.764645814896,
0.797221899033,
0.797866821289,
0.815512895584,
0.816189050674,
0.834124088287,
0.824750900269,
0.846302986145,
0.846568107605,
0.864729166031,
0.865023136139,
0.891868114471,
0.872276067734,
0.898011922836,
0.890153169632,
0.924304962158,
0.927757978439,
0.957719802856,
0.932365894318,
0.96755194664,
0.968163013458,
0.996224880219,
0.996423006058,
1.01834201813,
1.01871705055,
1.03881883621,
1.03923392296,
1.06795310974,
1.06588983536,
1.0995080471,
1.10057997704,
1.13066911697,
1.12340307236,
1.1537771225,
1.14463996887,
1.17505598068,
1.16570186615,
1.19957089424,
1.18377590179,
1.21358394623,
1.21416783333,
1.23987483978,
1.24110293388,
1.26251101494,
1.26541805267,
1.28973197937,
1.27427911758,
1.31433391571,
1.31003594398,
1.33981990814,
1.33568000793,
1.37136483192,
1.35527014732,
1.38398313522,
1.38418412209,
1.41633605957,
1.41689300537,
1.43838191032,
1.43869495392,
1.44058299065,
1.44086003304,
1.46772193909,
1.46794986725,
1.49042201042,
1.49073600769,
1.51916885376,
1.5194208622,
1.53460001945,
1.53013014793,
1.54491114616,
1.55122518539,
1.60748910904,
1.60800814629,
1.63192605972,
1.62888002396,
1.65193796158,
1.64660906792,
1.68890094757,
1.6666431427,
1.69558405876,
1.69068717957,
1.71721506119,
1.71399497986,
1.74028110504,
1.72650384903,
1.75857591629,
1.75891900063,
1.78729605675,
1.78755903244,
1.81245803833,
1.8009660244,
1.82756209373,
1.82115387917,
1.85635089874,
1.84968686104,
1.88609290123,
1.88681983948,
1.9079349041,
1.9085958004,
1.9341211319,
1.93510198593,
1.9597837925,
1.94699501991,
1.97423696518,
1.97464609146,
1.993060112,
1.99384093285,
2.0143699646,
2.01490402222,
2.02389788628,
2.02418088913,
2.04675006866,
2.0474050045,
2.06922483444,
2.0699570179,
2.08804702759,
2.08876800537,
2.10026693344,
2.10092282295,
2.12732315063,
2.12846517563,
2.15822505951,
2.14741182327,
2.21018099785,
2.20650792122,
2.25172185898,
2.25240182877,
2.27492308617,
2.27079606056,
2.30085706711,
2.29097795486,
2.32903409004,
2.32963013649,
2.34912800789,
2.34973120689,
2.37042093277,
2.3711309433,
2.38551497459,
2.38153290749,
2.41423392296,
2.41514801979,
2.42616415024,
2.4265730381,
2.45190596581,
2.45365190506,
2.48212385178,
2.4836139679,
2.54215788841,
2.56289601326,
2.60172820091,
2.58786010742,
2.62042808533,
2.61688899994,
2.63757181168,
2.637996912,
2.68459105492,
2.66642904282,
2.69230604172,
2.68831419945,
2.72550606728,
2.72574615479,
2.75589394569,
2.75689983368,
2.78474593163,
2.76716685295,
2.79344177246,
2.78909611702,
2.82188296318,
2.8176472187,
2.85058116913,
2.84707021713,
2.89249420166,
2.88792800903,
2.91488695145,
2.90163087845,
2.93151187897,
2.92312097549,
2.95649600029,
2.95694303513,
2.97219800949,
2.9629380703,
2.98243808746,
2.98299098015,
3.01251292229,
3.01316189766,
3.04012799263,
3.035779953,
3.07474708557,
3.07530808449,
3.09438610077,
3.0903429985,
3.11476302147,
3.11523389816,
3.13673496246,
3.13697290421,
3.15724205971,
3.15368103981,
3.17972207069,
3.18813800812,
3.21296620369,
3.2131831646,
3.21707320213,
3.21361398697,
3.23649001122,
3.23411393166,
3.27021098137,
3.27053594589,
3.28880786896,
3.2892138958,
3.30419611931,
3.30453515053,
3.32723498344,
3.32696199417,
3.34118890762,
3.35404992104,
3.37713098526,
3.37739396095,
3.40336894989,
3.390666008,
3.41678309441,
3.40745902061,
3.43689799309,
3.43282485008,
3.4613339901,
3.45901608467,
3.48798298836,
3.48524904251,
3.52131819725,
3.51071310043,
3.53698611259,
3.53341698647,
3.57339811325,
3.57422208786,
3.59343314171,
3.59391117096,
3.63301706314,
3.63330698013,
3.642578125,
3.64289808273,
3.66090011597,
3.6572599411,
3.68971085548,
3.68997883797,
3.69991993904,
3.70241498947,
3.73987197876,
3.7414560318,
3.75093913078,
3.76401901245,
3.79894590378,
3.7993888855,
3.81314897537,
3.81346297264,
3.82355880737,
3.82383298874,
3.8450729847,
3.84550309181,
3.8671169281,
3.85479712486,
3.88172602654,
3.88203716278,
3.90130400658,
3.90167689323,
3.92811894417,
3.9296708107,
3.97489094734,
3.95904397964,
3.98087191582,
3.9769179821,
4.00027608871,
3.99998188019,
4.02558207512,
4.02175307274,
4.0556139946,
4.03688406944,
4.06108808517,
4.05729603767,
4.08566689491,
4.08350586891,
4.10981798172,
4.10589313507,
4.13357996941,
4.10387992859,
4.12981891632,
4.12608098984,
4.15610289574,
4.15300583839,
4.18405985832,
4.16411209106,
4.19730806351,
4.19765496254,
4.21572804451,
4.21597504616,
4.23694181442,
4.23736381531,
4.25855588913,
4.25917482376,
4.26667904854,
4.28616809845,
4.30991721153,
4.31066513062,
4.33367490768,
4.33468794823,
4.34303498268,
4.3439450264,
4.37392377853,
4.37429189682,
4.39708781242,
4.39813995361,
4.39482307434,
4.40895199776,
4.41952490807,
4.42266702652,
4.46209907532,
4.46258497238,
4.4765560627,
4.473706007,
4.50022411346,
4.49366807938,
4.51997995377,
4.51707601547,
4.54341602325,
4.53151702881,
4.56281709671,
4.55885791779,
4.58425593376,
4.58058691025,
4.60269093513,
4.59845900536,
4.62311911583,
4.62403202057,
4.63690304756,
4.63445591927,
4.66064095497,
4.65706300735,
4.69182705879,
4.683811903,
4.70619511604,
4.68714213371,
4.71238803864,
4.70861101151,
4.73140192032,
4.7272400856,
4.75096392632,
4.74608898163,
4.76859879494,
4.75465798378,
4.78457903862,
4.78087806702,
4.80712103844,
4.80340003967,
4.82630300522,
4.82229995728,
4.85227799416,
4.8341460228,
4.85578513145,
4.85200595856,
4.87524604797,
4.87196803093,
4.90162301064,
4.89867401123,
4.92757201195,
4.9277920723,
4.93601894379,
4.93623900414,
4.95645499229,
4.95665407181,
4.97706723213,
4.97756004333,
4.97012901306,
4.97046899796,
4.98905491829,
4.98943090439,
4.98811912537,
4.98839497566,
5.01107192039,
5.01132798195,
5.0372428894,
5.03746700287,
5.04860019684,
5.04894804955,
5.08275604248,
5.08304190636,
5.10676002502,
5.10698413849,
5.11037015915,
5.1039788723,
5.12821984291,
5.10672402382,
5.13571405411,
5.13204789162,
5.15484786034,
5.14911007881,
5.17836308479,
5.17860507965,
5.18248414993,
5.18265199661,
5.20502185822,
5.20535993576,
5.22410392761,
5.22457790375,
5.24146819115,
5.24169301987,
5.25628304482,
5.25653100014,
5.27447295189,
5.27477407455,
5.2937400341,
5.2895629406,
5.3159558773,
5.31634998322,
5.32111287117,
5.32140302658,
5.33934497833,
5.33975601196,
5.35927200317,
5.35949897766,
5.33619189262,
5.33653211594,
5.35408496857,
5.35443496704,
5.37686681747,
5.37734699249,
5.37733101845,
5.37760400772,
5.40869283676,
5.40901494026,
5.43528604507,
5.42195916176,
5.45357108116,
5.45389914513,
5.47833800316,
5.4786438942,
5.49814581871,
5.49944782257,
5.49719381332,
5.49309802055,
5.51231980324,
5.50827288628,
5.53825998306,
5.51875305176,
5.54109597206,
5.52532696724,
5.55240297318,
5.55275797844,
5.56738901138,
5.56966018677,
5.66211795807,
5.66306185722,
5.68068599701,
5.68147110939,
5.73069214821,
5.73146104813,
5.75143003464,
5.75168013573,
5.77416300774,
5.7749080658,
5.81471705437,
5.81557703018,
5.83956289291,
5.84024000168,
5.88192915916,
5.88263511658,
5.89784288406,
5.89818501472,
5.92447400093,
5.9114511013,
5.9476480484,
5.94290399551,
5.97430682182,
5.97043895721,
6.00430607796,
5.99808311462,
6.02558493614,
6.01513600349,
6.0456199646,
6.04187202454,
6.07353997231,
6.07396197319,
6.09730005264,
6.09759998322,
6.10419201851,
6.10445594788,
6.12171602249,
6.12200808525,
6.14561319351,
6.14647507668,
6.17667508125,
6.17690610886,
6.19817590714,
6.19861197472,
6.2172870636,
6.217908144,
6.25114297867,
6.24127483368,
6.27144789696,
6.26022601128,
6.28457999229,
6.28518795967,
6.30061483383,
6.29417991638,
6.32268190384,
6.29812383652,
6.32396888733,
6.32430481911,
6.34300208092,
6.34378194809,
6.36996412277,
6.37051105499,
6.38616394997,
6.38677811623,
6.39532804489,
6.39579701424,
6.41973304749,
6.42029619217,
6.4618639946,
6.46225309372,
6.48130083084,
6.48170089722,
6.51275706291,
6.50875210762,
6.53049898148,
6.54296994209,
6.54298186302,
6.55247592926,
6.5628798008,
6.57730507851,
6.60662508011,
6.60738492012,
6.62727403641,
6.62851500511,
6.66249895096,
6.66269993782,
6.68229198456,
6.6830739975,
6.70368385315,
6.7004840374,
6.74987101555,
6.75066184998,
6.77379703522,
6.76826691628,
6.80718898773,
6.79934000969,
6.83273816109,
6.82774496078,
6.85331583023,
6.85376501083,
6.96458005905,
6.96495008469,
6.98837184906,
6.98493695259,
7.01167201996,
7.00769495964,
7.03951382637,
7.02384090424,
7.07263207436,
7.07411789894,
7.11344814301,
7.11483216286,
7.13925981522,
7.13977694511,
7.15178489685,
7.15202188492,
7.17189717293,
7.17237401009,
7.19136595726,
7.19159007072,
7.20429706573,
7.20476603508,
7.22175097466,
7.22218799591,
7.24260187149,
7.24287796021,
7.2505068779,
7.25080895424,
7.27356004715,
7.27390098572,
7.29242801666,
7.29279899597,
7.30039191246,
7.30063486099,
7.32895898819,
7.32941699028,
7.34929084778,
7.34092593193,
7.37027001381,
7.37073302269,
7.39759802818,
7.39165210724,
7.4356071949,
7.41180300713,
7.4377450943,
7.4335668087,
7.46560287476,
7.45535492897,
7.48363804817,
7.48390102386,
7.50107288361,
7.50133395195,
7.51320099831,
7.51347923279,
7.53519582748,
7.53556203842,
7.55736494064,
7.55775690079,
7.57519316673,
7.57539105415,
7.5918970108,
7.59217905998,
7.62098503113,
7.6213490963,
7.64961004257,
7.64996790886,
7.65265607834,
7.65287709236,
7.6717069149,
7.67237496376,
7.69994902611,
7.69574403763,
7.72437310219,
7.72486305237,
7.72789096832,
7.72814393044,
7.75090408325,
7.75146603584,
7.7810652256,
7.78160619736,
7.79728507996,
7.7942969799,
7.8217279911,
7.81924510002,
7.84902095795,
7.84955406189,
7.86966609955,
7.86995911598,
7.88343787193,
7.88391399384,
7.90243315697,
7.90278911591,
7.92509198189,
7.92548298836,
7.93257308006,
7.93302512169,
7.95545387268,
7.95579695702,
7.9763379097,
7.97682285309,
8.00219392776,
8.00260996819,
8.01752781868,
8.01302790642,
8.06204295158,
8.06224894524,
8.08689498901,
8.08731007576,
8.10715007782,
8.10807204247,
8.11265897751,
8.11358594894,
8.14237904549,
8.14261007309,
8.16938996315,
8.16972494125,
8.18981099129,
8.17750310898,
8.20706415176,
8.20198607445,
8.2306060791,
8.23105788231,
8.25931882858,
8.26015901566,
8.28943300247,
8.26838779449,
8.30804800987,
8.30590987206,
8.33406591415,
8.30355095863,
8.33818793297,
8.33879780769,
8.34111094475,
8.34150695801,
8.3553788662,
8.35627484322,
8.37867093086,
8.37893390656,
8.39121198654,
8.38532304764,
8.41712999344,
8.40782999992,
8.43590188026,
8.43613100052,
8.45850896835,
8.45890307426,
8.46742796898,
8.46765995026,
8.4881401062,
8.48852205276,
8.50517606735,
8.50561308861,
8.52808189392,
8.52838802338,
8.55107903481,
8.53094601631,
8.55756807327,
8.55783605576,
8.57920789719,
8.57950186729,
8.60215187073,
8.60254883766,
8.62474298477,
8.62500500679,
8.63640594482,
8.63668012619,
8.66088604927,
8.66111111641,
8.68087911606,
8.66919493675,
8.70188117027,
8.70234012604,
8.73504710197,
8.73555612564,
8.75406289101,
8.75434088707,
8.77005600929,
8.77043294907,
8.77343893051,
8.77376389503,
8.79249286652,
8.79299592972,
8.80659103394,
8.80698990822,
8.81818890572,
8.81874680519,
8.84022712708,
8.84047698975,
8.85887885094,
8.85954499245,
8.88193011284,
8.88229799271,
8.8919210434,
8.89222097397,
8.9182767868,
8.91970896721,
8.95134210587,
8.95221805573,
9.0448949337,
9.04520487785,
9.05739498138,
9.05875110626,
9.09460997581,
9.09557795525,
9.14565491676,
9.14679598808,
9.22948312759,
9.23031902313,
9.25690579414,
9.2578318119,
9.29107809067,
9.29146695137,
9.3099758625,
9.31105184555,
9.44373893738,
9.44112610817,
9.46694612503,
9.4674270153,
9.5102519989,
9.51087903976,
9.53466892242,
9.53538298607,
9.61270189285,
9.61289906502,
9.62746691704,
9.64271187782,
9.65992999077,
9.66111397743,
9.67281794548,
9.66909384727,
9.69730687141,
9.69831299782,
9.73319005966,
9.71879887581,
9.74494290352,
9.74599194527,
9.77772808075,
9.77384209633,
9.85182595253,
9.85206699371,
9.88755106926,
9.88371396065,
9.93474698067,
9.93555998802,
9.95397305489,
9.95444202423,
9.97768306732,
9.97810602188,
9.99445390701,
9.99470806122,
10.0250608921,
10.0258040428,
10.0472199917,
10.0425970554,
10.070289135,
10.0709741116,
10.0929160118,
10.0887138844,
10.1166398525,
10.0959460735,
10.1222939491,
10.1185500622,
10.1431181431,
10.143499136,
10.159304142,
10.1545538902,
10.1838240623,
10.1799149513,
10.2060928345,
10.1864719391,
10.2210159302,
10.2214951515,
10.2434139252,
10.2436790466,
10.2591722012,
10.2599270344,
10.2889690399,
10.2893152237,
10.3030929565,
10.3034489155,
10.3123579025,
10.312746048,
10.325250864,
10.3255679607,
10.3496119976,
10.3500010967,
10.3583381176,
10.3586211205,
10.3775360584,
10.3778140545,
10.3954629898,
10.3957891464,
10.4081821442,
10.4087572098,
10.4197719097,
10.4292681217,
10.4367380142,
10.4369840622,
10.4551241398,
10.4554381371,
10.4780590534,
10.4782989025,
10.4961709976,
10.4913039207,
10.5143620968,
10.5014920235,
10.5251400471,
10.5211620331,
10.5501189232,
10.5441379547,
10.5733749866,
10.5609688759,
10.5875089169,
10.5877318382,
10.6077060699,
10.6040520668,
10.6349620819,
10.6353261471,
10.6798789501,
10.6802530289,
10.7069349289,
10.7081298828,
10.7282710075,
10.7294049263,
10.7539310455,
10.7545599937,
10.7771830559,
10.7783241272,
10.8157160282,
10.816865921,
10.8283731937,
10.829431057,
10.8527929783,
10.8498928547,
10.8794128895,
10.8797869682,
10.8964040279,
10.8969290257,
10.9188139439,
10.9193589687,
10.9415531158,
10.9417440891,
10.9567010403,
10.9570820332,
10.979363203,
10.9799320698,
11.0021090508,
11.0032749176,
11.0076351166,
11.0103759766,
11.0511968136,
11.0515170097,
11.0619878769,
11.0638298988,
11.104765892,
11.1051077843,
11.1161561012,
11.1166729927,
11.1427659988,
11.1385219097,
11.1654958725,
11.1660280228,
11.1918830872,
11.1922619343,
11.2031650543,
11.2035710812,
11.226295948,
11.2267169952,
11.2448580265,
11.2454788685,
11.2606840134,
11.2615871429,
11.2797539234,
11.2806088924,
11.3106908798,
11.3114619255,
11.3332300186,
11.3340120316,
11.3567988873,
11.3577139378,
11.3921370506,
11.3929738998,
11.4185161591,
11.4194180965,
11.4342281818,
11.434910059,
11.4487919807,
11.4499530792,
11.4763438702,
11.4774520397,
11.5054399967,
11.5058300495,
11.5214209557,
11.5218420029,
11.5489480495,
11.5446441174,
11.5633630753,
11.5637450218,
11.5906291008,
11.5865318775,
11.6169850826,
11.6178050041,
11.6333560944,
11.6345059872,
11.6714048386,
11.6721818447,
11.6891930103,
11.6900250912,
11.702147007,
11.7030279636,
11.7424228191,
11.7433969975,
11.7661201954,
11.7669520378,
11.7851519585,
11.7860188484,
11.8079621792,
11.8089141846,
11.8311510086,
11.8322861195,
11.8510510921,
11.8522620201,
11.8698089123,
11.8706068993,
11.9005761147,
11.9016990662,
11.9354081154,
11.9362750053,
11.9527380466,
11.9536380768,
11.9796800613,
11.980547905,
11.9987711906,
11.9996671677,
12.0162539482,
12.0171151161,
12.0372579098,
12.0260438919,
12.0569617748,
12.0571990013,
12.0874390602,
12.0877029896,
12.110255003,
12.1105630398,
12.1245679855,
12.1251211166,
12.1325130463,
12.1330280304,
12.1515800953,
12.1522369385,
12.1696949005,
12.1699669361,
12.1893107891,
12.1898779869,
12.1984951496,
12.1987371445,
12.2178049088,
12.2182948589,
12.2351191044,
12.2353839874,
12.2496950626,
12.2502830029,
12.2687339783,
12.2690029144,
12.2745130062,
12.2748990059,
12.3015389442,
12.3018519878,
12.3208281994,
12.3213541508,
12.3391230106,
12.339345932,
12.3442480564,
12.3451340199,
12.3722360134,
12.3728289604,
12.389539957,
12.3899319172,
12.4098100662,
12.4101500511,
12.4143400192,
12.4148080349,
12.4330639839,
12.4333999157,
12.4558880329,
12.4562871456,
12.4732511044,
12.4735920429,
12.4811220169,
12.4814209938,
12.4976861477,
12.4982609749,
12.5161221027,
12.5165100098,
12.5213179588,
12.5217809677,
12.5465250015,
12.5468490124,
12.5653669834,
12.5658049583,
12.5841779709,
12.5847320557,
12.5968081951,
12.5977241993,
12.621366024,
12.6220490932,
12.6504728794,
12.6514439583,
12.6729078293,
12.6738810539,
12.7009880543,
12.7020680904,
12.7280249596,
12.7242870331,
12.7505538464,
12.7509438992,
12.7731330395,
12.7626738548,
12.7895028591,
12.7867951393,
12.816160202,
12.812210083,
12.8424639702,
12.8269340992,
12.852989912,
12.8496079445,
12.8813688755,
12.8788900375,
12.9159460068,
12.9163038731,
12.929746151,
12.9301130772,
12.9386260509,
12.9401571751,
12.9775221348,
12.9778010845,
12.9822330475,
12.9803879261,
13.0041439533,
13.0003671646,
13.0326220989,
13.0329470634,
13.0625560284,
13.0636749268,
13.0956289768,
13.0808579922,
13.1051800251,
13.1020019054,
13.133368969,
13.1308641434,
13.1571490765,
13.1523649693,
13.1800949574,
13.1633429527,
13.1973509789,
13.1930689812,
13.2235820293,
13.2241950035,
13.2509331703,
13.2514920235,
13.2756948471,
13.2762198448,
13.2927799225,
13.2936420441,
13.3121550083,
13.3125898838,
13.3250181675,
13.3257989883,
13.3413507938,
13.3274600506,
13.3650460243,
13.3572471142,
13.3846189976,
13.3849859238,
13.407736063,
13.4047501087,
13.4369511604,
13.425535202,
13.4646251202,
13.4651792049,
13.4912059307,
13.4913959503,
13.5107049942,
13.5069580078,
13.5201749802,
13.5265600681,
13.5560941696,
13.5566191673,
13.5683808327,
13.5687358379,
13.5869998932,
13.5828111172,
13.6069121361,
13.5943100452,
13.6247770786,
13.6251821518,
13.6410939693,
13.6415450573,
13.6595330238,
13.6451931,
13.6716020107,
13.6723091602,
13.6979558468,
13.6997020245,
13.7167630196,
13.7173838615,
13.7258570194,
13.7266769409,
13.7531089783,
13.7536139488,
13.7823801041,
13.7646570206,
13.7926290035,
13.7934241295,
13.8190300465,
13.8195340633,
13.8407170773,
13.8263549805,
13.8572070599,
13.8520340919,
13.8803560734,
13.8808941841,
13.9077529907,
13.8910660744,
13.9194419384,
13.9198520184,
13.930793047,
13.9312870502,
13.978908062,
13.9757199287,
14.0155620575,
14.0157670975,
14.0174570084,
14.0182030201,
14.0723378658,
14.072934866,
14.084608078,
14.0848810673,
14.0920579433,
14.0883438587,
14.1247229576,
14.1205060482,
14.147685051,
14.1480369568,
14.162899971,
14.1620111465,
14.1903669834,
14.1911239624,
14.2003898621,
14.2011089325,
14.2520318031,
14.2441661358,
14.2726809978,
14.2687239647,
14.3052749634,
14.3011989594,
14.3385760784,
14.3400349617,
14.3506641388,
14.3470098972,
14.3763670921,
14.370237112,
14.3998470306,
14.396007061,
14.4266490936,
14.4268870354,
14.4341480732,
14.4311640263,
14.4555711746,
14.4558861256,
14.4786188602,
14.4789028168,
14.4968168736,
14.4935019016,
14.5373570919,
14.5379669666,
14.5640561581,
14.5429959297,
14.5717220306,
14.5675699711,
14.5953240395,
14.5957820415,
14.6282789707,
14.6288058758,
14.6465699673,
14.6472289562,
14.681994915,
14.6785559654,
14.707556963,
14.7084050179,
14.7421250343,
14.7431919575,
14.7801949978,
14.7808148861,
14.8082859516,
14.8088879585,
14.8514418602,
14.852093935,
14.874753952,
14.8754827976,
14.9075930119,
14.9083859921,
14.9667329788,
14.9670290947,
14.9889428616,
14.9892110825,
14.9984750748,
14.9992539883,
15.0313858986,
15.0275268555,
15.0632650852,
15.0643548965,
15.1672320366,
15.1679639816,
15.2075891495,
15.2082359791,
15.2424230576,
15.2430660725,
15.2858181,
15.2820091248,
15.2997450829,
15.2835810184,
15.3074140549,
15.3045039177,
15.3339190483,
15.3164918423,
15.3476610184,
15.3480470181,
15.3726480007,
15.3729870319,
15.3907079697,
15.3911848068,
15.3966379166,
15.3969039917,
15.4184231758,
15.4189021587,
15.4394199848,
15.4398679733,
15.4483618736,
15.4485929012,
15.4673950672,
15.4677770138,
15.4809520245,
15.4813001156,
15.4950978756,
15.484290123,
15.5174300671,
15.5134530067,
15.5305371284,
15.5315070152,
15.5697760582,
15.5657830238,
15.5869128704,
15.5829460621,
15.6126730442,
15.6131808758,
15.6373808384,
15.6334550381,
15.6681580544,
15.6652228832,
15.6905179024,
15.6910657883,
15.7024531364,
15.6981182098,
15.7437140942,
15.7447240353,
15.7820739746,
15.783149004,
15.8255150318,
15.8270680904,
15.8956468105,
15.892742157,
15.9169740677,
15.8981058598,
15.9213488102,
15.9184248447,
15.9441277981,
15.9371681213,
15.9631590843,
15.9640910625,
15.9842619896,
15.9850189686,
16.0222890377,
16.0230190754,
16.0541160107,
16.0549788475,
16.0678730011,
16.0638110638,
16.0929179192,
16.0934078693,
16.1363191605,
16.1374602318,
16.1538791656,
16.1546690464,
16.1903488636,
16.1919469833,
16.2153098583,
16.2155709267,
16.2240591049,
16.2243340015,
16.2431910038,
16.2434248924,
16.2538900375,
16.2541439533,
16.2727179527,
16.2935709953,
16.3256378174,
16.3262557983,
16.3635649681,
16.3512220383,
16.3995831013,
16.4002730846,
16.4267778397,
16.4270820618,
16.4604458809,
16.4614078999,
16.4887740612,
16.4855749607,
16.5077259541,
16.5044109821,
16.5309300423,
16.5237219334,
16.5471990108,
16.5374310017,
16.5654571056,
16.5629630089,
16.5989120007,
16.600605011,
16.6136140823,
16.6138110161,
16.6333291531,
16.6285607815,
16.6505777836,
16.6352510452,
16.6600260735,
16.660228014,
16.6959750652,
16.6961960793,
16.7136821747,
16.7093570232,
16.7378730774,
16.7381441593,
16.7490239143,
16.7461459637,
16.7625451088,
16.7629070282,
16.815652132,
16.815955162,
16.8259589672,
16.8266749382,
16.853110075,
16.8492870331,
16.8869659901,
16.878508091,
16.9063031673,
16.9067389965,
16.9456391335,
16.9414889812,
16.970405817,
16.9708588123,
16.9924650192,
16.9928050041,
17.0084319115,
17.0086889267,
17.0314118862,
17.0318179131,
17.0541369915,
17.0544390678,
17.0762460232,
17.0767650604,
17.0955398083,
17.0921440125,
17.1192228794,
17.1151819229,
17.1364431381,
17.1379561424,
17.1680090427,
17.1653330326,
17.1914560795,
17.1917731762,
17.2144708633,
17.1996791363,
17.2278380394,
17.2243900299,
17.2529370785,
17.2493607998,
17.2779870033,
17.2651119232,
17.2906839848,
17.2866539955,
17.3133220673,
17.3141360283,
17.3366889954,
17.3229739666,
17.3569331169,
17.3574099541,
17.3764691353,
17.3770091534,
17.3992908001,
17.4000837803,
17.4214208126,
17.4181900024,
17.4483649731,
17.449078083,
17.4603900909,
17.4599280357,
17.4929630756,
17.499876976,
17.5267758369,
17.5273740292,
17.5542209148,
17.5545129776,
17.572054863,
17.5723190308,
17.5909228325,
17.5911958218,
17.6185481548,
17.6187851429,
17.6402039528,
17.6406619549,
17.6428508759,
17.6390190125,
17.6665840149,
17.6619000435,
17.6856219769,
17.6859440804,
17.7036328316,
17.7039499283,
17.7093031406,
17.7220330238,
17.7331731319,
17.7340250015,
17.7516350746,
17.7523260117,
17.7687671185,
17.7697939873,
17.7849690914,
17.7775390148,
17.8046429157,
17.800153017,
17.8278172016,
17.8142609596,
17.8460919857,
17.8423538208,
17.8706128597,
17.8666360378,
17.8936109543,
17.8943059444,
17.9016480446,
17.902173996,
17.9240219593,
17.9242830276,
17.9468071461,
17.9473252296,
17.978908062,
17.9794211388,
17.9995849133,
18.0002601147,
18.0186321735,
18.0192251205,
18.0380210876,
18.0226781368,
18.0491681099,
18.0460882187,
18.0722720623,
18.0650999546,
18.1013231277,
18.0921471119,
18.1306941509,
18.1316611767,
18.1421849728,
18.1455910206,
18.176279068,
18.1767301559,
18.1899721622,
18.1904230118,
18.2139260769,
18.2143371105,
18.2339060307,
18.2342541218,
18.2394871712,
18.2401621342,
18.3026201725,
18.3028700352,
18.3345348835,
18.3189461231,
18.3529391289,
18.3532180786,
18.3758571148,
18.3763849735,
18.4057250023,
18.3940451145,
18.4215459824,
18.41868186,
18.4514229298,
18.4495098591,
18.478083849,
18.4644980431,
18.5025970936,
18.5032269955,
18.5206818581,
18.5167889595,
18.5443451405,
18.5319871902,
18.577819109,
18.5740830898,
18.6068911552,
18.6071510315,
18.6256809235,
18.625962019,
18.6361048222,
18.6363677979,
18.6548740864,
18.6553609371,
18.674628973,
18.6752610207,
18.688421011,
18.689658165,
18.7086839676,
18.7090730667,
18.7264518738,
18.7269158363,
18.7314209938,
18.7331840992,
18.770596981,
18.7710080147,
18.7979290485,
18.7863280773,
18.8317990303,
18.8320930004,
18.8643069267,
18.8655359745,
18.8845219612,
18.877974987,
18.8917958736,
18.8922810555,
18.9269850254,
18.9274020195,
18.9634718895,
18.9636838436,
18.9743368626,
18.9751980305,
18.9998497963,
19.0001268387,
19.0154809952,
19.0157010555,
19.026763916,
19.0270240307,
19.0538859367,
19.0493311882,
19.0730390549,
19.0627708435,
19.0842180252,
19.077862978,
19.1204748154,
19.1208028793,
19.1917309761,
19.1783480644,
19.2117090225,
19.2119591236,
19.2269179821,
19.2218279839,
19.2483429909,
19.2486679554,
19.2659959793,
19.2662520409,
19.2909061909,
19.2911469936,
19.3100218773,
19.3104739189,
19.3119051456,
19.3122851849,
19.328261137,
19.3287520409,
19.3492238522,
19.3494989872,
19.3583338261,
19.3585989475,
19.3770310879,
19.3772690296,
19.392911911,
19.393144846,
19.3987901211,
19.3991320133,
19.4190020561,
19.4195249081,
19.4371938705,
19.4374830723,
19.4399220943,
19.4403190613,
19.456264019,
19.4564740658,
19.4765899181,
19.477093935,
19.4903180599,
19.4906229973,
19.5170910358,
19.5172820091,
19.557459116,
19.557696104,
19.5706470013,
19.5709731579,
19.5950541496,
19.5952250957,
19.6140727997,
19.6070199013,
19.6329669952,
19.6267139912,
19.648897171,
19.6456279755,
19.6695079803,
19.6638510227,
19.6925208569,
19.6850531101,
19.7129571438,
19.7096030712,
19.7392809391,
19.7395920753,
19.7439169884,
19.7441999912,
19.7629611492,
19.7632040977,
19.7846779823,
19.7850971222,
19.7917919159,
19.7920520306,
19.8115100861,
19.8082230091,
19.8300271034,
19.8303070068,
19.8495800495,
19.8474831581,
19.8769290447,
19.8771641254,
19.8738548756,
19.8743810654,
19.8773908615,
19.8778259754,
19.8874928951,
19.8834929466,
19.9128768444,
19.9131469727,
19.9157059193,
19.9162020683,
19.9351959229,
19.9354679585,
19.9506611824,
19.9509751797,
19.9661250114,
19.9664199352,
19.9889118671,
19.9891700745,
19.9983148575,
19.9908809662,
20.0153989792,
19.9955749512,
20.0223670006,
20.0227169991,
20.0409479141,
20.041301012,
20.0637981892,
20.0641081333,
20.0612370968,
20.061645031,
20.0800411701,
20.07493186,
20.0987579823,
20.101131916,
20.1108300686,
20.1112020016,
20.1251890659,
20.1256990433,
20.1322760582,
20.1325931549,
20.1370220184,
20.1374020576,
20.1558899879,
20.1561689377,
20.1748108864,
20.1705789566,
20.201597929,
20.2018430233,
20.2035679817,
20.19815588,
20.2230739594,
20.2235379219,
20.2492220402,
20.2422549725,
20.265971899,
20.2394020557,
20.2701840401,
20.2705740929,
20.2927150726,
20.2883660793,
20.3189790249,
20.3073451519,
20.33852911,
20.339069128,
20.3685011864,
20.3689010143,
20.3920738697,
20.3923799992,
20.4160041809,
20.4137229919,
20.4403998852,
20.4407320023,
20.4555120468,
20.455974102,
20.4845440388,
20.468832016,
20.5078141689,
20.5080602169,
20.5422179699,
20.5381779671,
20.5647099018,
20.5651948452,
20.5950260162,
20.590528965,
20.629338026,
20.6300199032,
20.6636400223,
20.6643149853,
20.6982901096,
20.6923069954,
20.7131278515,
20.7103090286,
20.7457029819,
20.7436289787,
20.7695250511,
20.7699511051,
20.7843229771,
20.7848520279,
20.8126759529,
20.8130021095,
20.8414402008,
20.8416872025,
20.848208189,
20.8484940529,
20.8710348606,
20.871257782,
20.8892269135,
20.8901350498,
20.8985650539,
20.8956267834,
20.9273638725,
20.9242498875,
20.9488790035,
20.944494009,
20.9722630978,
20.9726729393,
20.978112936,
20.9737560749,
21.0009980202,
21.0014600754,
21.0198838711,
21.0202329159,
21.0169651508,
21.028594017,
21.0581560135,
21.0553050041,
21.0711238384,
21.0709989071,
21.088616848,
21.0896110535,
21.1248788834,
21.1202700138,
21.1541669369,
21.1430230141,
21.1602530479,
21.1686739922,
21.1997330189,
21.2002232075,
21.2183310986,
21.2049670219,
21.2381939888,
21.2387070656,
21.2687940598,
21.269026041,
21.2873260975,
21.2877089977,
21.2932040691,
21.2891027927,
21.3147649765,
21.2980167866,
21.3262579441,
21.3227398396,
21.3475630283,
21.3437321186,
21.3900179863,
21.3903660774,
21.3955078125,
21.3957509995,
21.4175560474,
21.4179449081,
21.435090065,
21.4353859425,
21.4528510571,
21.4531340599,
21.4802269936,
21.4804730415,
21.4853701591,
21.4856791496,
21.5023169518,
21.5026190281,
21.520813942,
21.5212349892,
21.5322260857,
21.5325100422,
21.5589489937,
21.5593531132,
21.585654974,
21.5859401226,
21.6138091087,
21.6139910221,
21.6273567677,
21.6275999546,
21.6481318474,
21.648401022,
21.6670138836,
21.6672949791,
21.6720240116,
21.6723351479,
21.694683075,
21.6950891018,
21.7135848999,
21.7139399052,
21.7369089127,
21.7299439907,
21.7570011616,
21.7535879612,
21.7796630859,
21.7754218578,
21.8011329174,
21.7891800404,
21.8151838779,
21.8154079914,
21.8334479332,
21.8336849213,
21.8380281925,
21.8382902145,
21.8578038216,
21.8555269241,
21.8770821095,
21.8655729294,
21.8881278038,
21.8847119808,
21.9151427746,
21.9114279747,
21.9378910065,
21.9272229671,
21.9489500523,
21.9463469982,
21.9708588123,
21.9712867737,
21.9973020554,
21.9974830151,
22.0059800148,
22.006152153,
22.0289549828,
22.029198885,
22.0478601456,
22.0482680798,
22.0522670746,
22.0525560379,
22.0712118149,
22.0715749264,
22.0832278728,
22.0834519863,
22.0973680019,
22.0981490612,
22.1111528873,
22.1114230156,
22.1388819218,
22.1264641285,
22.154747963,
22.1447880268,
22.1734790802,
22.174022913,
22.1953320503,
22.1822359562,
22.1971948147,
22.1976909637,
22.2267808914,
22.2271368504,
22.2536451817,
22.2517020702,
22.276070118,
22.2618260384,
22.2973380089,
22.2929391861,
22.3188791275,
22.3140749931,
22.3417429924,
22.3362760544,
22.3660140038,
22.3557329178,
22.3791117668,
22.3760559559,
22.4012639523,
22.401553154,
22.4228219986,
22.4052329063,
22.4403879642,
22.4377741814,
22.4622631073,
22.4540832043,
22.4839890003,
22.472864151,
22.5036120415,
22.5025029182,
22.5255129337,
22.525949955,
22.5519998074,
22.5473079681,
22.5741839409,
22.5745000839,
22.5879039764,
22.5886468887,
22.6140301228,
22.6143651009,
22.6508171558,
22.652146101,
22.6800351143,
22.6814770699,
22.7052280903,
22.7061681747,
22.7256791592,
22.727148056,
22.7489900589,
22.7500050068,
22.77622509,
22.7771561146,
22.795732975,
22.796683073,
22.8184289932,
22.8196089268,
22.8397929668,
22.8407030106,
22.8608410358,
22.8616430759,
22.8835558891,
22.8848068714,
22.905903101,
22.9071731567,
22.922011137,
22.9229660034,
22.9438238144,
22.9444839954,
22.9695777893,
22.9711239338,
22.9918718338,
22.9937188625,
23.0186128616,
23.0197877884,
23.0397350788,
23.0410130024,
23.0552861691,
23.0563139915,
23.0729022026,
23.0738911629,
23.1040451527,
23.1048281193,
23.1308488846,
23.1325249672,
23.1526389122,
23.1536560059,
23.1757569313,
23.176774025,
23.1968741417,
23.1975300312,
23.2125589848,
23.2135441303,
23.2458901405,
23.2468521595,
23.2682731152,
23.2689960003,
23.2905049324,
23.291727066,
23.2211449146,
23.2166399956,
23.2416899204,
23.2577159405,
23.2760930061,
23.2772090435,
23.2897069454,
23.2903997898,
23.3079640865,
23.3084859848,
23.3330879211,
23.3338279724,
23.3642671108,
23.3649871349,
23.3926160336,
23.3869829178,
23.4157319069,
23.4160139561,
23.4407432079,
23.4246668816,
23.4612197876,
23.4584929943,
23.4947309494,
23.495664835,
23.5212619305,
23.5177681446,
23.5437400341,
23.5442969799,
23.5529270172,
23.5532200336,
23.5630440712,
23.5643570423,
23.5820682049,
23.5825941563,
23.608011961,
23.6084649563,
23.6269829273,
23.6274979115,
23.6601698399,
23.6549968719,
23.6819808483,
23.6824297905,
23.7152159214,
23.7084009647,
23.7394189835,
23.7399940491,
23.7612211704,
23.7602729797,
23.7891972065,
23.7901082039,
23.829226017,
23.830270052,
23.8457870483,
23.8394720554,
23.8686361313,
23.869426012,
23.8910551071,
23.8759520054,
23.9070739746,
23.9024538994,
23.9248859882,
23.9084038734,
23.9319210052,
23.9369900227,
23.9604680538,
23.960793972,
23.9836678505,
23.9839818478,
23.9923121929,
23.9889991283,
24.0114660263,
24.0075359344,
24.0376739502,
24.0242111683,
24.0743610859,
24.0753149986,
24.1013481617,
24.1023550034,
24.1204259396,
24.1042809486,
24.1247460842,
24.1258020401,
24.1609659195,
24.1567649841,
24.1919350624,
24.1776120663,
24.2035279274,
24.2000100613,
24.2411189079,
24.2418129444,
24.2650809288,
24.2491819859,
24.2672510147,
24.2756841183,
24.3103530407,
24.3112750053,
24.3260569572,
24.3266379833,
24.356400013,
24.3540558815,
24.3827240467,
24.383138895,
24.4020009041,
24.4028890133,
24.425647974,
24.4260261059,
24.4494891167,
24.4441819191,
24.473430872,
24.4556348324,
24.4819450378,
24.4822938442,
24.4913170338,
24.5010261536,
24.5200431347,
24.5166881084,
24.5425720215,
24.5333909988,
24.630546093,
24.6264660358,
24.6691961288,
24.6694021225,
24.7023971081,
24.7028391361,
24.7307760715,
24.7161369324,
24.7448709011,
24.7392339706,
24.7719969749,
24.7750229836,
24.8239171505,
24.8075399399,
24.8670170307,
24.8686101437,
24.9364609718,
24.9372270107,
24.9686658382,
24.9695987701,
25.014564991,
25.0159580708,
25.0393469334,
25.0400938988,
25.0889029503,
25.0828480721,
25.1051878929,
25.0960221291,
25.1247191429,
25.1250491142,
25.1470050812,
25.1430778503,
25.1733529568,
25.1737029552,
25.171792984,
25.1728470325,
25.2111670971,
25.2079920769,
25.2380239964,
25.2339859009,
25.2676048279,
25.2550342083,
25.2831962109,
25.2839090824,
25.3068199158,
25.3032522202,
25.3264780045,
25.3268060684,
25.3374750614,
25.3339350224,
25.3636779785,
25.3585801125,
25.3956460953,
25.3757288456,
25.4018449783,
25.3974878788,
25.4261498451,
25.4215009212,
25.4485070705,
25.448843956,
25.4609258175,
25.4611837864,
25.4870789051,
25.4831590652,
25.5116701126,
25.5122489929,
25.5395450592,
25.5399608612,
25.5556819439,
25.5563788414,
25.582709074,
25.5830430984,
25.6020159721,
25.5932650566,
25.6161241531,
25.6168720722,
25.6311359406,
25.6314730644,
25.6573140621,
25.6420311928,
25.6809630394,
25.6820361614,
25.7103199959,
25.7111580372,
25.7373170853,
25.7376251221,
25.7556669712,
25.7559859753,
25.7661390305,
25.7665610313,
25.7925999165,
25.793006897,
25.8220920563,
25.8224260807,
25.8463640213,
25.8466520309,
25.8561580181,
25.8570718765,
25.8748059273,
25.8750960827,
25.8935959339,
25.8940458298,
25.9092311859,
25.9044981003,
25.9314820766,
25.9233059883,
25.9330720901,
25.935336113,
25.9633128643,
25.9648230076,
25.9994108677,
26.0015079975,
26.0423748493,
26.020637989,
26.0531408787,
26.0503468513,
26.0893619061,
26.085652113,
26.1187880039,
26.1193399429,
26.1241960526,
26.124876976,
26.1499798298,
26.1511228085,
26.1763701439,
26.1769170761,
26.197562933,
26.1980957985,
26.2173669338,
26.2177159786,
26.2342588902,
26.2345609665,
26.2440321445,
26.244341135,
26.2667889595,
26.2671849728,
26.2863938808,
26.2862150669,
26.3112530708,
26.3115952015,
26.3206188679,
26.3210039139,
26.339525938,
26.3399608135,
26.362142086,
26.3623230457,
26.3803040981,
26.3806319237,
26.3921530247,
26.392416954,
26.4103550911,
26.4106090069,
26.4294538498,
26.4299650192,
26.444272995,
26.4446079731,
26.4628720284,
26.4630739689,
26.4806149006,
26.4809248447,
26.5060100555,
26.5069391727,
26.514685154,
26.5156610012,
26.541560173,
26.5425360203,
26.5747799873,
26.5750730038,
26.5903320312,
26.590651989,
26.6117620468,
26.613961935,
26.6426370144,
26.6431951523,
26.6566650867,
26.6569180489,
26.6773681641,
26.6776800156,
26.6975710392,
26.6979560852,
26.720044136,
26.7203660011,
26.7419879436,
26.742292881,
26.7701289654,
26.7703318596,
26.7904891968,
26.7909231186,
26.8155899048,
26.812276125,
26.8378190994,
26.8263151646,
26.8493161201,
26.8407950401,
26.863079071,
26.8601717949,
26.8902518749,
26.891097784,
26.9094951153,
26.9074721336,
26.9330830574,
26.9299259186,
26.9676160812,
26.9687390327,
26.9758520126,
26.9762399197,
26.9927241802,
26.9931550026,
27.0115478039,
27.0120799541,
27.0164208412,
27.0167238712,
27.035284996,
27.0356869698,
27.0653851032,
27.0657570362,
27.0831007957,
27.0834879875,
27.0813798904,
27.0816409588,
27.0811228752,
27.0814568996,
27.0993151665,
27.0997960567,
27.1167891026,
27.1170871258,
27.1329419613,
27.1335000992,
27.161126852,
27.1449429989,
27.1657509804,
27.1663250923,
27.2001359463,
27.2007000446,
27.2173771858,
27.2183880806,
27.2161521912,
27.2168540955,
27.2350790501,
27.2353079319,
27.2532720566,
27.2537970543,
27.2764568329,
27.2768700123,
27.2983038425,
27.2987508774,
27.3181579113,
27.3143789768,
27.3315620422,
27.3469460011,
27.365737915,
27.3662199974,
27.3845369816,
27.3849699497,
27.3961200714,
27.3964211941,
27.4189641476,
27.4195899963,
27.4467279911,
27.4470760822,
27.4545810223,
27.4503619671,
27.4771509171,
27.4774467945,
27.5077219009,
27.5081789494,
27.5121328831,
27.512816906,
27.518999815,
27.5195019245,
27.5655679703,
27.5659770966,
27.5820200443,
27.582337141,
27.6052620411,
27.6056408882,
27.6286489964,
27.6293718815,
27.6604568958,
27.6609320641,
27.6717720032,
27.6723649502,
27.695248127,
27.6957490444,
27.7133440971,
27.713640213,
27.7217328548,
27.7221488953,
27.7451920509,
27.7345631123,
27.7615401745,
27.7619721889,
27.7655701637,
27.7660770416,
27.7875390053,
27.787831068,
27.8147859573,
27.8154149055,
27.8368520737,
27.8373289108,
27.8482460976,
27.8485770226,
27.8696880341,
27.8705370426,
27.8882119656,
27.8889758587,
27.9145419598,
27.9042651653,
27.9314601421,
27.9317150116,
27.9552719593,
27.9556260109,
27.9769029617,
27.9771649837,
27.9937009811,
27.9940700531,
28.0043950081,
28.0048010349,
28.0208590031,
28.0158131123,
28.0422611237,
28.0319011211,
28.0596530437,
28.0600919724,
28.0776660442,
28.0787880421,
28.098845005,
28.0991110802,
28.118473053,
28.1188189983,
28.1408569813,
28.1255149841,
28.147149086,
28.1429970264,
28.1701319218,
28.1706609726,
28.1925559044,
28.1930310726,
28.1913831234,
28.1877481937,
28.2147901058,
28.2117860317,
28.2534799576,
28.2473809719,
28.2745940685,
28.2634630203,
28.289691925,
28.290060997,
28.3089370728,
28.3093750477,
28.3399059772,
28.3407850266,
28.3730478287,
28.3732738495,
28.4038629532,
28.404350996,
28.4224829674,
28.4231369495,
28.4490959644,
28.4494559765,
28.460162878,
28.4605059624,
28.4788880348,
28.479279995,
28.5034971237,
28.4919319153,
28.5193009377,
28.5157940388,
28.5544109344,
28.5552408695,
28.5810780525,
28.5693728924,
28.5966508389,
28.5931408405,
28.6204390526,
28.6170320511,
28.642772913,
28.62774086,
28.6571748257,
28.671795845,
28.6912438869,
28.6915500164,
28.7102069855,
28.7106950283,
28.7157850266,
28.7162520885,
28.7427039146,
28.7429859638,
28.7696311474,
28.7699439526,
28.7764439583,
28.7767820358,
28.7990159988,
28.7996580601,
28.8261802197,
28.8265771866,
28.8318829536,
28.8325510025,
28.8549170494,
28.8554589748,
28.8740689754,
28.8746678829,
28.8810319901,
28.8818240166,
28.9078381062,
28.9084191322,
28.9346210957,
28.9307608604,
28.9577839375,
28.9465949535,
28.9790658951,
28.9752631187,
29.0082149506,
29.0085020065,
29.0338900089,
29.0343649387,
29.0568950176,
29.0535588264,
29.0847649574,
29.0811610222,
29.1141679287,
29.114926815,
29.1464660168,
29.1470119953,
29.1623449326,
29.163189888,
29.1952772141,
29.1928548813,
29.2141299248,
29.2018301487,
29.2257192135,
29.2260160446,
29.2711398602,
29.2674520016,
29.2949728966,
29.2910699844,
29.3207280636,
29.3211109638,
29.3563930988,
29.3571770191,
29.370953083,
29.3668560982,
29.3941822052,
29.3910119534,
29.4279668331,
29.4283180237,
29.4628820419,
29.4633729458,
29.4837269783,
29.4842188358,
29.4957709312,
29.4963450432,
29.5336959362,
29.5306639671,
29.5524280071,
29.5406320095,
29.5653619766,
29.5607991219,
29.5895781517,
29.5901501179,
29.6147711277,
29.6151401997,
29.6298108101,
29.6444718838,
29.6616790295,
29.6620268822,
29.6892738342,
29.6896538734,
29.7463309765,
29.7402918339,
29.7660589218,
29.7608501911,
29.8044700623,
29.7887909412,
29.8227229118,
29.8181040287,
29.8454759121,
29.8457651138,
29.8762459755,
29.8764629364,
29.8908991814,
29.8913931847,
29.9189090729,
29.9192800522,
29.9465060234,
29.9303700924,
29.9667210579,
29.9671630859,
29.9973809719,
29.997603178,
30.015463829,
30.0156860352,
30.0150310993,
30.0152380466,
30.0442099571,
30.0445098877,
30.0717389584,
30.0590441227,
30.0958249569,
30.0908739567,
30.1145000458,
30.115031004,
30.1322031021,
30.1335339546,
30.1486339569,
30.1443579197,
30.1669480801,
30.1677651405,
30.1900439262,
30.1906580925,
30.196488142,
30.1970341206,
30.256180048,
30.2565860748,
30.2777180672,
30.2781150341,
30.3029448986,
30.3031439781,
30.3256771564,
30.3260719776,
30.3478400707,
30.3480520248,
30.3725528717,
30.3728499413,
30.3804271221,
30.3807210922,
30.334127903,
30.3343269825,
30.348782