0.0213990211487
0.0219511985779
0.0276849269867
0.0282020568848
0.0231139659882
0.0238080024719
0.0258979797363
0.0267250537872
0.0320448875427
0.0323050022125
0.0243680477142
0.0246260166168
0.0195372104645
0.0197579860687
0.0190999507904
0.0201098918915
0.0219421386719
0.0221490859985
0.0291101932526
0.0293462276459
0.0245761871338
0.0248291492462
0.0243508815765
0.0245759487152
0.0239140987396
0.0241429805756
0.0234160423279
0.0236639976501
0.0300209522247
0.0302469730377
0.0311200618744
0.0329840183258
0.0245089530945
0.0256440639496
0.0267460346222
0.0277769565582
0.0226020812988
0.0237271785736
0.0533361434937
0.0537250041962
0.0285501480103
0.0288321971893
0.0293440818787
0.0299739837646
0.0238089561462
0.0245869159698
0.0236539840698
0.0244319438934
0.0130529403687
0.0328509807587
0.0252890586853
0.0255789756775
0.0205569267273
0.0207419395447
0.0284700393677
0.0287098884583
0.0238351821899
0.0240361690521
0.0272769927979
0.0274901390076
0.0227591991425
0.0230720043182
0.0185239315033
0.0307729244232
0.0261249542236
0.027468919754
0.0245380401611
0.0257859230042
0.027811050415
0.0289599895477
0.0321838855743
0.0323588848114
0.0253779888153
0.0256659984589
0.0286459922791
0.0295021533966
0.0243299007416
0.0253567695618
0.0229599475861
0.0232028961182
0.023365020752
0.0236790180206
0.023234128952
0.0245900154114
0.0287141799927
0.0290291309357
0.0366878509521
0.036997795105
0.0257618427277
0.026046037674
0.0229430198669
0.024080991745
0.021409034729
0.0216820240021
0.0272440910339
0.0275568962097
0.0253460407257
0.0256869792938
0.0234429836273
0.023903131485
0.0229530334473
0.0237159729004
0.0267119407654
0.02738904953
0.0259568691254
0.0284099578857
0.0370500087738
0.0373702049255
0.0245001316071
0.0248069763184
0.0201640129089
0.0204570293427
0.019170999527
0.0194220542908
0.0186288356781
0.0188570022583
0.0180978775024
0.0183429718018
0.0213840007782
0.0216071605682
0.0250179767609
0.0253000259399
0.024386882782
0.0246689319611
0.0277080535889
0.0279290676117
0.0233459472656
0.023698091507
0.0311169624329
0.031574010849
0.0219328403473
0.0221438407898
0.0221099853516
0.0223309993744
0.024952173233
0.0251760482788
0.0245680809021
0.0248191356659
0.0239579677582
0.0241799354553
0.0233719348907
0.0236051082611
0.0266599655151
0.0268929004669
0.0288360118866
0.0290319919586
0.0283210277557
0.0285530090332
0.0338139533997
0.0349948406219
0.0280740261078
0.0292520523071
0.0239059925079
0.0251019001007
0.0288510322571
0.029088973999
0.0254509449005
0.0256750583649
0.0273299217224
0.0275740623474
0.0316300392151
0.0330789089203
0.0259139537811
0.0262439250946
0.0236749649048
0.0238749980927
0.0285730361938
0.028822183609
0.0225229263306
0.0227448940277
0.0230300426483
0.0236439704895
0.0284078121185
0.0289299488068
0.0302579402924
0.0306921005249
0.025820016861
0.0261437892914
0.0327670574188
0.0331699848175
0.0250570774078
0.0262758731842
0.0235722064972
0.0242919921875
0.0186269283295
0.0188000202179
0.022155046463
0.0229029655457
0.027312040329
0.0284960269928
0.0249509811401
0.025799036026
0.0279309749603
0.0281488895416
0.027163028717
0.0273251533508
0.0182628631592
0.0184900760651
0.022313117981
0.0235841274261
0.0428190231323
0.0431730747223
0.0235130786896
0.0237028598785
0.021488904953
0.0216660499573
0.0280759334564
0.0282490253448
0.0318880081177
0.032164812088
0.0261449813843
0.0275309085846
0.024295091629
0.0250511169434
0.028146982193
0.0287449359894
0.023059129715
0.023236989975
0.0262949466705
0.0265519618988
0.0267539024353
0.0283310413361
0.0288760662079
0.0290811061859
0.0276660919189
0.0280220508575
0.0228228569031
0.023090839386
0.0295288562775
0.0307569503784
0.0351569652557
0.0440480709076
0.0301949977875
0.0316340923309
0.0259940624237
0.0269780158997
0.0283370018005
0.0296339988708
0.0281529426575
0.0288410186768
0.0265688896179
0.0272610187531
0.0218629837036
0.0220971107483
0.0248579978943
0.0251049995422
0.0286750793457
0.0292780399323
0.0321478843689
0.0327980518341
0.0230700969696
0.0233769416809
0.0223119258881
0.0225269794464
0.0295958518982
0.0298550128937
0.0219171047211
0.0225670337677
0.0476498603821
0.0483720302582
0.0205020904541
0.0215871334076
0.0238661766052
0.0249900817871
0.0183968544006
0.0196139812469
0.0264818668365
0.0302288532257
0.0252530574799
0.026153087616
0.0305991172791
0.0330440998077
0.0275421142578
0.0283460617065
0.0292811393738
0.0298719406128
0.0275340080261
0.0284991264343
0.0260660648346
0.0269548892975
0.0249090194702
0.0251989364624
0.0244271755219
0.0248692035675
0.0274240970612
0.0287339687347
0.02596783638
0.0261540412903
0.0321660041809
0.0324521064758
0.0260148048401
0.0262739658356
0.0278837680817
0.0280728340149
0.0300250053406
0.0302419662476
0.0241100788116
0.024491071701
0.0279848575592
0.0282518863678
0.0241038799286
0.0244100093842
0.0220658779144
0.0223038196564
0.024092912674
0.0243439674377
0.0240550041199
0.0243208408356
0.0244071483612
0.024649143219
0.0219159126282
0.0220777988434
0.0278389453888
0.0281150341034
0.0286259651184
0.0297658443451
0.0276899337769
0.0287890434265
0.022481918335
0.0232219696045
0.0249750614166
0.0260369777679
0.0320520401001
0.0322182178497
0.0239520072937
0.0241458415985
0.0232319831848
0.0237720012665
0.0227649211884
0.0230009555817
0.0261368751526
0.026330947876
0.0255391597748
0.0257751941681
0.0249009132385
0.0251109600067
0.0244309902191
0.0246729850769
0.0286231040955
0.029659986496
0.0236520767212
0.0239050388336
0.0277359485626
0.0293028354645
0.0236971378326
0.0245161056519
0.0253071784973
0.0255391597748
0.0200479030609
0.0202808380127
0.0235319137573
0.0237910747528
0.0246829986572
0.0255517959595
0.0187139511108
0.0194540023804
0.0269019603729
0.027801990509
0.0263330936432
0.0271611213684
0.0217339992523
0.0228950977325
0.0279040336609
0.0281360149384
0.0189580917358
0.0192289352417
0.0221629142761
0.0223708152771
0.0212309360504
0.0214190483093
0.0247869491577
0.0250630378723
0.0204520225525
0.0206730365753
0.020124912262
0.0203328132629
0.0196709632874
0.0199639797211
0.0186538696289
0.0188589096069
0.0220189094543
0.0229558944702
0.029552936554
0.030590057373
0.0253190994263
0.0262379646301
0.0319709777832
0.0330958366394
0.0296130180359
0.0305740833282
0.0252599716187
0.0260291099548
0.0224258899689
0.0230469703674
0.021507024765
0.0217270851135
0.0287139415741
0.0289559364319
0.0284869670868
0.0287160873413
0.0278310775757
0.0280420780182
0.0232720375061
0.0235409736633
0.014475107193
0.0146501064301
0.0220170021057
0.0224368572235
0.0218448638916
0.0232808589935
0.0246200561523
0.0255591869354
0.0240020751953
0.0242478847504
0.0148601531982
0.0150580406189
0.0316920280457
0.03209400177
0.0223820209503
0.0232710838318
0.0217509269714
0.0233170986176
0.0284161567688
0.0286281108856
0.0285730361938
0.02987408638
0.0271821022034
0.0279109477997
0.0259130001068
0.02614402771
0.0212450027466
0.0215289592743
0.0244438648224
0.0246169567108
0.0239679813385
0.0241959095001
0.0314311981201
0.031681060791
0.0223431587219
0.0225570201874
0.0270020961761
0.0272879600525
0.0210580825806
0.0212919712067
0.0206439495087
0.0208339691162
0.0285289287567
0.0287880897522
0.0241692066193
0.025514125824
0.0242559909821
0.0244929790497
0.0252709388733
0.0255620479584
0.025799036026
0.0260648727417
0.0265350341797
0.0267338752747
0.0284850597382
0.0287690162659
0.0232419967651
0.0242898464203
0.0297360420227
0.0306639671326
0.0263900756836
0.0278820991516
0.0236389636993
0.0248999595642
0.0293080806732
0.0300440788269
0.0228569507599
0.0231130123138
0.0265979766846
0.0276770591736
0.0224711894989
0.0238380432129
0.0239698886871
0.0255088806152
0.0332629680634
0.0345530509949
0.0253558158875
0.0273458957672
0.0275819301605
0.0283370018005
0.0300440788269
0.0302710533142
0.0253200531006
0.0255641937256
0.0327098369598
0.0331590175629
0.0254650115967
0.0270400047302
0.0245628356934
0.0254938602448
0.0232989788055
0.023558139801
0.0306489467621
0.0308520793915
0.0227308273315
0.0233888626099
0.0254788398743
0.0265069007874
0.0208849906921
0.0211100578308
0.0244059562683
0.0246698856354
0.0198490619659
0.0200519561768
0.019681930542
0.0208868980408
0.0267419815063
0.0270140171051
0.0141489505768
0.0148429870605
0.0292019844055
0.0294709205627
0.0284729003906
0.0287098884583
0.0279560089111
0.0281941890717
0.023323059082
0.0235819816589
0.0225491523743
0.022794008255
0.0177280902863
0.0179882049561
0.0293591022491
0.0300581455231
0.0248839855194
0.0260388851166
0.0201699733734
0.0212578773499
0.0207221508026
0.0217070579529
0.0221560001373
0.0234098434448
0.021989107132
0.0232601165771
0.0248758792877
0.0256888866425
0.029217004776
0.0309479236603
0.0200040340424
0.021210193634
0.0220949649811
0.0223109722137
0.0291440486908
0.0293300151825
0.032457113266
0.0326890945435
0.027107000351
0.0273530483246
0.0228469371796
0.0230538845062
0.0220420360565
0.0222489833832
0.0334191322327
0.0336799621582
0.0164799690247
0.0167329311371
0.0207631587982
0.021989107132
0.0241219997406
0.0250890254974
0.0231599807739
0.0240318775177
0.0217509269714
0.0219690799713
0.025092124939
0.0256731510162
0.0243299007416
0.0245590209961
0.0244591236115
0.0258331298828
0.0246951580048
0.0257360935211
0.0228841304779
0.0240771770477
0.0223391056061
0.0232961177826
0.0225682258606
0.0228171348572
0.0242698192596
0.0245540142059
0.0236201286316
0.0238521099091
0.023050069809
0.0232660770416
0.0221829414368
0.0224180221558
0.0217070579529
0.0219719409943
0.0211308002472
0.0213758945465
0.0248260498047
0.025083065033
0.0203170776367
0.0205409526825
0.0236458778381
0.0238587856293
0.0194940567017
0.0196690559387
0.0184350013733
0.0187060832977
0.0178778171539
0.0180640220642
0.0212399959564
0.0214340686798
0.0246469974518
0.025022983551
0.0283091068268
0.02867603302
0.0277140140533
0.0280439853668
0.0233099460602
0.0236668586731
0.0264940261841
0.0269219875336
0.0224189758301
0.0228199958801
0.0257070064545
0.0258920192719
0.0252418518066
0.0254909992218
0.0204451084137
0.0207030773163
0.0199439525604
0.0201349258423
0.0234429836273
0.0236721038818
0.0185670852661
0.0187330245972
0.0402460098267
0.041855096817
0.0264139175415
0.0278289318085
0.027391910553
0.0286068916321
0.0215110778809
0.022479057312
0.0284519195557
0.029137134552
0.0299360752106
0.0309040546417
0.0228979587555
0.0236129760742
0.0288259983063
0.029571056366
0.0342438220978
0.0351288318634
0.0282430648804
0.0289418697357
0.0317230224609
0.0321938991547
0.0285511016846
0.0298931598663
0.0229260921478
0.0239059925079
0.0227718353271
0.0235118865967
0.0379920005798
0.0389490127563
0.0263888835907
0.0276110172272
0.0311369895935
0.0314800739288
0.0192651748657
0.0195209980011
0.0227060317993
0.0229389667511
0.0296108722687
0.0299088954926
0.017434835434
0.0176558494568
0.0171730518341
0.0175371170044
0.0304360389709
0.0306830406189
0.0280320644379
0.0282139778137
0.0238239765167
0.0249180793762
0.0245690345764
0.0249810218811
0.0223028659821
0.0226500034332
0.0225839614868
0.023138999939
0.0313627719879
0.0319039821625
0.0386641025543
0.0397391319275
0.0259289741516
0.0262949466705
0.0301861763
0.0306529998779
0.0240349769592
0.0243771076202
0.0303871631622
0.0306479930878
0.0326881408691
0.0329129695892
0.0228979587555
0.0399439334869
0.0273289680481
0.0276160240173
0.0307059288025
0.0309541225433
0.0265381336212
0.0272011756897
0.0324580669403
0.0328919887543
0.0283169746399
0.0291998386383
0.0263788700104
0.0273978710175
0.0257940292358
0.0260288715363
0.021369934082
0.0216240882874
0.0523099899292
0.053642988205
0.0290369987488
0.0292232036591
0.0203700065613
0.0206460952759
0.0209817886353
0.0212428569794
0.027312040329
0.0275731086731
0.0155439376831
0.0162780284882
0.024120092392
0.0243499279022
0.0246169567108
0.0248379707336
0.0269920825958
0.0272040367126
0.0222120285034
0.0224061012268
0.0230531692505
0.0233020782471
0.0213820934296
0.0216569900513
0.0286719799042
0.0288729667664
0.0243270397186
0.0246121883392
0.0279331207275
0.028214931488
0.0272269248962
0.0274538993835
0.0289881229401
0.0300369262695
0.0253338813782
0.0255208015442
0.0228850841522
0.0231020450592
0.0251071453094
0.0253310203552
0.0244770050049
0.0247030258179
0.0318460464478
0.0320951938629
0.0233199596405
0.0235939025879
0.0226550102234
0.0228509902954
0.0277678966522
0.0286200046539
0.0259168148041
0.026731967926
0.0300631523132
0.030953168869
0.029464006424
0.0303540229797
0.0255219936371
0.025731086731
0.0220561027527
0.0222599506378
0.0217170715332
0.0219399929047
0.0360069274902
0.0362389087677
0.0252289772034
0.0262289047241
0.0250940322876
0.026447057724
0.0234608650208
0.0237448215485
0.0219519138336
0.0222010612488
0.0294101238251
0.029687166214
0.0252850055695
0.0255670547485
0.0246222019196
0.0248630046844
0.0248668193817
0.0257229804993
0.0256011486053
0.0258460044861
0.0361480712891
0.0375351905823
0.0267651081085
0.027036190033
0.0231740474701
0.0236101150513
0.0216610431671
0.0218849182129
0.0330390930176
0.0332300662994
0.0244319438934
0.0246868133545
0.0240349769592
0.0242581367493
0.0273280143738
0.0275011062622
0.0220990180969
0.0223701000214
0.0214037895203
0.0216147899628
0.0332360267639
0.0334508419037
0.0286660194397
0.0289070606232
0.0365920066833
0.0368719100952
0.0244309902191
0.0246748924255
0.0234169960022
0.0240008831024
0.0267930030823
0.0269889831543
0.0301439762115
0.0303280353546
0.021547794342
0.0217938423157
0.0290100574493
0.0292642116547
0.0284478664398
0.0286288261414
0.0277190208435
0.0279021263123
0.0273220539093
0.0275650024414
0.0186650753021
0.0188691616058
0.0221478939056
0.0223569869995
0.022274017334
0.0229029655457
0.0271339416504
0.0274229049683
0.0261669158936
0.0264730453491
0.0231590270996
0.0234401226044
0.022824048996
0.0230400562286
0.0217649936676
0.0219438076019
0.0292899608612
0.0295147895813
0.0254180431366
0.0256741046906
0.0244538784027
0.0249419212341
0.0277600288391
0.0279660224915
0.0192129611969
0.0194370746613
0.0225899219513
0.0228719711304
0.0287981033325
0.0289971828461
0.0255498886108
0.0257380008698
0.0294651985168
0.0307650566101
0.0291061401367
0.0302221775055
0.0332129001617
0.0345199108124
0.0241498947144
0.0256519317627
0.0260739326477
0.0272750854492
0.0128998756409
0.0224778652191
0.0357310771942
0.0367431640625
0.029186964035
0.0304129123688
0.0321910381317
0.0331988334656
0.0281879901886
0.0297889709473
0.0230870246887
0.0241098403931
0.0235528945923
0.0246269702911
0.0256879329681
0.0268468856812
0.0361499786377
0.036376953125
0.0233228206635
0.0235188007355
0.0227901935577
0.0230321884155
0.0218858718872
0.0221099853516
0.0290570259094
0.0293130874634
0.0280380249023
0.028214931488
0.0236690044403
0.0238881111145
0.0227530002594
0.0229420661926
0.0249729156494
0.0252060890198
0.0240421295166
0.0242459774017
0.0234189033508
0.0236411094666
0.0266518592834
0.026839017868
0.0257279872894
0.0260729789734
0.0233299732208
0.0235559940338
0.019718170166
0.0199320316315
0.0271570682526
0.0273520946503
0.0272340774536
0.0274620056152
0.0215489864349
0.0217518806458
0.0286469459534
0.0290539264679
0.0284190177917
0.0287249088287
0.0234270095825
0.0237369537354
0.027174949646
0.0285279750824
0.0261039733887
0.0264360904694
0.0243980884552
0.0247750282288
0.0301859378815
0.0312349796295
0.0294101238251
0.0309841632843
0.0227799415588
0.0240139961243
0.0264599323273
0.0276310443878
0.0248520374298
0.0256099700928
0.0303740501404
0.031574010849
0.030641078949
0.0341310501099
0.0305190086365
0.0309159755707
0.0276119709015
0.0283870697021
0.0261991024017
0.0264091491699
0.0296630859375
0.0299680233002
0.0367081165314
0.0369071960449
0.0252451896667
0.0254611968994
0.0317270755768
0.0319581031799
0.0168449878693
0.0172290802002
0.0223290920258
0.0225481987
0.0297620296478
0.0299758911133
0.0290598869324
0.0292890071869
0.024491071701
0.02472615242
0.0278959274292
0.0281438827515
0.0232610702515
0.0234770774841
0.0308449268341
0.0311560630798
0.0261409282684
0.0263431072235
0.0254361629486
0.0256540775299
0.0246629714966
0.0248780250549
0.0264430046082
0.0268120765686
0.0279161930084
0.0281410217285
0.0227439403534
0.0229840278625
0.0248050689697
0.025731086731
0.0223701000214
0.0226340293884
0.0227451324463
0.0229971408844
0.022894859314
0.0231568813324
0.0225131511688
0.0227489471436
0.0262157917023
0.0264739990234
0.0278980731964
0.0281410217285
0.0259540081024
0.0263738632202
0.0310111045837
0.0315270423889
0.0247750282288
0.0250360965729
0.0265040397644
0.0267779827118
0.0329442024231
0.0332460403442
0.0281519889832
0.0285661220551
0.03302693367
0.0338439941406
0.0282690525055
0.0288801193237
0.0269651412964
0.027202129364
0.0227971076965
0.0236690044403
0.0234041213989
0.0244629383087
0.0314509868622
0.0317099094391
0.0285639762878
0.0288100242615
0.0281920433044
0.0284109115601
0.0229148864746
0.0231649875641
0.0240390300751
0.0243170261383
0.0250630378723
0.0253219604492
0.0221729278564
0.0224139690399
0.0225689411163
0.0236880779266
0.0282971858978
0.028468132019
0.0248899459839
0.0265340805054
0.0287749767303
0.029648065567
0.0228400230408
0.0231261253357
0.022274017334
0.0224900245667
0.0215020179749
0.0217142105103
0.0249559879303
0.0251879692078
0.0201239585876
0.0203280448914
0.0235579013824
0.0237469673157
0.0189559459686
0.0191428661346
0.0231330394745
0.0239970684052
0.0222229957581
0.0224368572235
0.025750875473
0.0277628898621
0.0214290618896
0.0224220752716
0.0292220115662
0.0301260948181
0.0238468647003
0.024050951004
0.0189609527588
0.0191481113434
0.0300529003143
0.0311188697815
0.0259110927582
0.0266840457916
0.0299260616302
0.031347990036
0.0262579917908
0.0277230739594
0.0244569778442
0.0259590148926
0.0221729278564
0.0223579406738
0.0293929576874
0.0297429561615
0.0269291400909
0.0274970531464
0.0290660858154
0.0302820205688
0.0234940052032
0.0243320465088
0.0267601013184
0.0273740291595
0.0290169715881
0.0296070575714
0.0273759365082
0.0281040668488
0.0237720012665
0.0245480537415
0.0322730541229
0.0326189994812
0.0267241001129
0.027909040451
0.0220150947571
0.022716999054
0.0260679721832
0.0270409584045
0.0378758907318
0.0381209850311
0.0280871391296
0.0293591022491
0.0272388458252
0.0282459259033
0.0196139812469
0.0206651687622
0.0191490650177
0.0200319290161
0.0217108726501
0.0219819545746
0.0278232097626
0.0281221866608
0.0228600502014
0.0230481624603
0.0299510955811
0.030121088028
0.0253348350525
0.0255179405212
0.0288200378418
0.0290470123291
0.0305049419403
0.031674861908
0.0215029716492
0.0224149227142
0.0269649028778
0.0281519889832
0.0240020751953
0.0255310535431
0.0216059684753
0.0217759609222
0.0329039096832
0.0330901145935
0.0242459774017
0.0245299339294
0.0195689201355
0.019788980484
0.0266749858856
0.0269179344177
0.0179948806763
0.0182549953461
0.0302670001984
0.0319790840149
0.0245990753174
0.0248539447784
0.0283491611481
0.028596162796
0.0276041030884
0.0278689861298
0.0226769447327
0.0228929519653
0.022656917572
0.0234401226044
0.0301139354706
0.0311839580536
0.0211009979248
0.0219900608063
0.0209209918976
0.0225491523743
0.0207231044769
0.0209980010986
0.0259211063385
0.0261430740356
0.0291969776154
0.0294358730316
0.0259401798248
0.0261931419373
0.0194759368896
0.0197379589081
0.0265429019928
0.0267970561981
0.0284628868103
0.0289170742035
0.0233459472656
0.0235810279846
0.0268149375916
0.0271010398865
0.0179347991943
0.0181498527527
0.0255708694458
0.0257880687714
0.0247559547424
0.0249629020691
0.0243439674377
0.024612903595
0.0194211006165
0.0196831226349
0.0234470367432
0.0245261192322
0.0229740142822
0.0237500667572
0.038183927536
0.038990020752
0.030385017395
0.0306830406189
0.0311250686646
0.0318760871887
0.0326571464539
0.0328600406647
0.0284698009491
0.0287179946899
0.0232081413269
0.0242760181427
0.0297999382019
0.0301909446716
0.0275559425354
0.0291149616241
0.0286908149719
0.0296440124512
0.0324709415436
0.0332369804382
0.0376172065735
0.0378642082214
0.0255119800568
0.0261588096619
0.0251739025116
0.0259628295898
0.0281012058258
0.0282690525055
0.0239028930664
0.0248630046844
0.0231301784515
0.0233361721039
0.0223197937012
0.0225048065186
0.0301949977875
0.0305259227753
0.0220458507538
0.023295879364
0.0285158157349
0.0302119255066
0.030308008194
0.0313928127289
0.032637834549
0.0335249900818
0.0302679538727
0.0315489768982
0.0277740955353
0.0291121006012
0.0219740867615
0.0222370624542
0.0274379253387
0.027664899826
0.0289011001587
0.0292110443115
0.0286180973053
0.0289330482483
0.0279421806335
0.0282280445099
0.0232179164886
0.0234560966492
0.0362501144409
0.0364711284637
0.0260560512543
0.0262470245361
0.0297660827637
0.0301060676575
0.0257568359375
0.027049779892
0.0245549678802
0.0247709751129
0.032054901123
0.0322470664978
0.0236320495605
0.023833990097
0.0231890678406
0.0235829353333
0.0273368358612
0.0284450054169
0.023864030838
0.0248110294342
0.0225021839142
0.0233271121979
0.0267758369446
0.0275909900665
0.0215148925781
0.0217518806458
0.0167379379272
0.0169370174408
0.0289340019226
0.0296490192413
0.0295069217682
0.0307478904724
0.0279011726379
0.0287780761719
0.0195960998535
0.0197870731354
0.0221810340881
0.0223591327667
0.0219910144806
0.0225150585175
0.0310571193695
0.0323989391327
0.0195438861847
0.0197849273682
0.0229640007019
0.0231890678406
0.0223300457001
0.0225470066071
0.0258870124817
0.0260970592499
0.0211880207062
0.0213918685913
0.020721912384
0.0209300518036
0.0245389938354
0.0250260829926
0.0302369594574
0.0309607982635
0.0254440307617
0.0262570381165
0.0221748352051
0.0224468708038
0.0320188999176
0.032292842865
0.0233790874481
0.0240700244904
0.0292320251465
0.0301280021667
0.0239398479462
0.0246088504791
0.032644033432
0.0328950881958
0.0335760116577
0.0344979763031
0.02170586586
0.0219910144806
0.0227289199829
0.0229949951172
0.0232579708099
0.0235819816589
0.0281181335449
0.0283381938934
0.0231540203094
0.0234270095825
0.024111032486
0.0243978500366
0.0240230560303
0.0242919921875
0.0260901451111
0.0263741016388
0.0301849842072
0.0304479598999
0.0271589756012
0.0273349285126
0.0241360664368
0.0243220329285
0.0231881141663
0.0234332084656
0.0266349315643
0.0268518924713
0.0324969291687
0.0337569713593
0.026909828186
0.0271968841553
0.0346381664276
0.0349130630493
0.0354199409485
0.036141872406
0.022686958313
0.0231499671936
0.0245108604431
0.0248417854309
0.0286638736725
0.0324029922485
0.0241098403931
0.0247027873993
0.0245869159698
0.0251858234406
0.0337660312653
0.0344369411469
0.0334379673004
0.0343699455261
0.024973154068
0.0258421897888
0.028119802475
0.0288360118866
0.0244700908661
0.0256831645966
0.0280330181122
0.029632806778
0.0322189331055
0.0324900150299
0.028058052063
0.0309159755707
0.0288128852844
0.0318260192871
0.0249011516571
0.0290431976318
0.0323688983917
0.0333669185638
0.024158000946
0.0255098342896
0.0241730213165
0.0243330001831
0.0245611667633
0.0248470306396
0.0238530635834
0.0241150856018
0.0238308906555
0.024915933609
0.0270709991455
0.0273640155792
0.0180549621582
0.0182678699493
0.0175271034241
0.017735004425
0.037034034729
0.0372269153595
0.0243530273438
0.0245909690857
0.0250968933105
0.0266079902649
0.0241839885712
0.0256218910217
0.0227868556976
0.0230739116669
0.0262219905853
0.0264520645142
0.0215950012207
0.0218160152435
0.0249371528625
0.025171995163
0.0283579826355
0.0285820960999
0.0237598419189
0.023934841156
0.0191719532013
0.019434928894
0.0240299701691
0.0250990390778
0.0223059654236
0.0225028991699
0.0254919528961
0.0256848335266
0.0249259471893
0.0251460075378
0.0243589878082
0.02459192276
0.019740819931
0.0199370384216
0.0274078845978
0.0276329517365
0.0241022109985
0.0250961780548
0.0291390419006
0.0300540924072
0.0177800655365
0.0179991722107
0.025013923645
0.0252549648285
0.0283989906311
0.0286049842834
0.0210630893707
0.0212709903717
0.0233750343323
0.0236530303955
0.0190670490265
0.0199089050293
0.0269680023193
0.0289199352264
0.025062084198
0.0258212089539
0.0407218933105
0.0436298847198
0.0232911109924
0.0235130786896
0.0306499004364
0.0308258533478
0.0221309661865
0.0223369598389
0.0255570411682
0.025787115097
0.0296130180359
0.0298910140991
0.0229680538177
0.0231759548187
0.0262689590454
0.0265591144562
0.0288691520691
0.0290791988373
0.0231969356537
0.023509979248
0.0248901844025
0.0258920192719
0.0245740413666
0.0255579948425
0.0250630378723
0.0253500938416
0.0267610549927
0.0270321369171
0.0313119888306
0.0321650505066
0.028156042099
0.0284328460693
0.0241079330444
0.0250768661499
0.0235810279846
0.0246679782867
0.0264990329742
0.0268230438232
0.0264220237732
0.0273840427399
0.0280358791351
0.0282299518585
0.0313420295715
0.0315489768982
0.0296540260315
0.0298550128937
0.0236918926239
0.0261759757996
0.0251090526581
0.0253479480743
0.0255968570709
0.0258219242096
0.0265769958496
0.0269200801849
0.0258431434631
0.0260670185089
0.0212519168854
0.0214350223541
0.0326249599457
0.0327970981598
0.0249238014221
0.0251889228821
0.0327498912811
0.0336248874664
0.0235719680786
0.0238170623779
0.0227611064911
0.0229640007019
0.0263271331787
0.0266511440277
0.0283050537109
0.0296809673309
0.0256440639496
0.0266661643982
0.0326819419861
0.0329430103302
0.0286900997162
0.029345035553
0.0269999504089
0.0278129577637
0.0234961509705
0.0242331027985
0.0331199169159
0.0340709686279
0.032564163208
0.033762216568
0.0236949920654
0.024472951889
0.0228281021118
0.0234980583191
0.0295028686523
0.0301048755646
0.0246958732605
0.024924993515
0.0238709449768
0.0240569114685
0.02397108078
0.0247240066528
0.0278370380402
0.0290369987488
0.0261681079865
0.026428937912
0.0217409133911
0.0228009223938
0.0256850719452
0.0269448757172
0.0281200408936
0.0284140110016
0.0233891010284
0.0236549377441
0.0268821716309
0.0272071361542
0.0261368751526
0.0263140201569
0.0215179920197
0.0217649936676
0.0262389183044
0.0271818637848
0.0288691520691
0.0298380851746
0.0302529335022
0.0310728549957
0.0211198329926
0.0214869976044
0.032112121582
0.0330829620361
0.0289249420166
0.0291249752045
0.0334601402283
0.033725976944
0.0275778770447
0.0278749465942
0.0348160266876
0.0350670814514
0.0222549438477
0.0224878787994
0.0220439434052
0.0229260921478
0.0256400108337
0.0259540081024
0.0276548862457
0.0278618335724
0.0231370925903
0.0234000682831
0.0230910778046
0.0244650840759
0.027028799057
0.0279159545898
0.0215690135956
0.021791934967
0.0248467922211
0.0251159667969
0.0441339015961
0.0448708534241
0.0318198204041
0.0330278873444
0.0202021598816
0.0205790996552
0.0219218730927
0.0228860378265
0.0254390239716
0.0264899730682
0.031457901001
0.0317339897156
0.023206949234
0.0233898162842
0.0266978740692
0.027037858963
0.0184888839722
0.0194368362427
0.021096944809
0.0213189125061
0.0217719078064
0.0220398902893
0.0278861522675
0.0281310081482
0.0236508846283
0.0239179134369
0.019070148468
0.0203649997711
0.0228040218353
0.0238950252533
0.0252010822296
0.0259740352631
0.0253319740295
0.0264780521393
0.0244400501251
0.0253949165344
0.0205569267273
0.0207660198212
0.0256729125977
0.0259411334991
0.0207560062408
0.0210299491882
0.0243999958038
0.0247240066528
0.0232841968536
0.0234560966492
0.0272409915924
0.0274698734283
0.0211539268494
0.0214419364929
0.0252759456635
0.0257890224457
0.0242881774902
0.0250120162964
0.0294489860535
0.0301229953766
0.0209269523621
0.0215599536896
0.024209022522
0.0251450538635
0.0254020690918
0.0256910324097
0.0257811546326
0.0260679721832
0.023383140564
0.0236620903015
0.0294411182404
0.0297360420227
0.0231640338898
0.0243680477142
0.0292661190033
0.0311660766602
0.0234141349792
0.0241680145264
0.0309581756592
0.0317540168762
0.0148921012878
0.0271639823914
0.0272629261017
0.0275650024414
0.0287148952484
0.0290958881378
0.0215601921082
0.0224771499634
0.0256669521332
0.0262989997864
0.0320990085602
0.0328969955444
0.0252349376678
0.0262680053711
0.0210070610046
0.0212559700012
0.0269570350647
0.0271899700165
0.0218122005463
0.0220701694489
0.0231039524078
0.0233659744263
0.0243580341339
0.0250360965729
0.0240530967712
0.0264461040497
0.0190868377686
0.0193409919739
0.0271279811859
0.0279071331024
0.0240840911865
0.0260910987854
0.0327389240265
0.0340640544891
0.0261778831482
0.0271718502045
0.025426864624
0.0265738964081
0.0253999233246
0.0264098644257
0.0204780101776
0.0211081504822
0.0231471061707
0.0239090919495
0.0266208648682
0.0276048183441
0.0295119285583
0.0301668643951
0.0303330421448
0.0307359695435
0.0224709510803
0.0232169628143
0.0304729938507
0.0311770439148
0.0289680957794
0.0293090343475
0.0182030200958
0.0184729099274
0.0181560516357
0.0191640853882
0.021213054657
0.0214259624481
0.0249850749969
0.0259010791779
0.0253419876099
0.0265378952026
0.0251648426056
0.0263359546661
0.0277020931244
0.0279819965363
0.022537946701
0.0227189064026
0.0300328731537
0.0302209854126
0.0220549106598
0.0230529308319
0.0290038585663
0.029186964035
0.024689912796
0.0253949165344
0.0213758945465
0.0226340293884
0.0319230556488
0.0353879928589
0.0268070697784
0.0270011425018
0.0221769809723
0.0224080085754
0.0174758434296
0.0176959037781
0.0251140594482
0.0254001617432
0.0349471569061
0.035863161087
0.0227890014648
0.0236239433289
0.034511089325
0.0352520942688
0.0263059139252
0.0278358459473
0.0277199745178
0.028128862381
0.0295059680939
0.0302529335022
0.0315039157867
0.0325469970703
0.0279750823975
0.028706073761
0.0291819572449
0.0296750068665
0.033411026001
0.033910036087
0.0273470878601
0.0282800197601
0.0293610095978
0.0298461914062
0.0287349224091
0.0295479297638
0.0237431526184
0.0248551368713
0.0274519920349
0.0285530090332
0.0301461219788
0.0303220748901
0.0283861160278
0.0286881923676
0.038950920105
0.039519071579
0.0277101993561
0.0280070304871
0.0317661762238
0.0320701599121
0.0212090015411
0.0214819908142
0.030412197113
0.0306081771851
0.028883934021
0.0291891098022
0.0325560569763
0.0329959392548
0.0210700035095
0.021299123764
0.0241358280182
0.0244247913361
0.0256319046021
0.0259099006653
0.0290341377258
0.0292739868164
0.0285470485687
0.0291881561279
0.0317180156708
0.0325148105621
0.0329039096832
0.0337679386139
0.0249378681183
0.0257890224457
0.0320971012115
0.0335431098938
0.0286400318146
0.0294780731201
0.0238699913025
0.0243308544159
0.0220191478729
0.0222699642181
0.0275959968567
0.0277678966522
0.0230798721313
0.0233860015869
0.0265979766846
0.0268588066101
0.0263040065765
0.027037858963
0.0214290618896
0.0222749710083
0.0271689891815
0.0274591445923
0.0300421714783
0.0302610397339
0.031555891037
0.0318369865417
0.0297629833221
0.0304601192474
0.0250298976898
0.0262370109558
0.024402141571
0.024955034256
0.0235168933868
0.0238630771637
0.0285658836365
0.0288579463959
0.0283081531525
0.0285501480103
0.0250020027161
0.0258810520172
0.0248908996582
0.0256159305573
0.0248770713806
0.0255579948425
0.0181920528412
0.018415927887
0.0286629199982
0.0291678905487
0.0249679088593
0.0251979827881
0.0207908153534
0.0209729671478
0.0296850204468
0.0300509929657
0.031231880188
0.0315208435059
0.0234971046448
0.0237340927124
0.0227181911469
0.0236241817474
0.0248010158539
0.0250260829926
0.0271770954132
0.0274012088776
0.0240890979767
0.0249910354614
0.0266880989075
0.0269551277161
0.0230600833893
0.0232961177826
0.0257120132446
0.0259251594543
0.0264818668365
0.0266618728638
0.0235168933868
0.0238020420074
0.0271768569946
0.0274748802185
0.0297060012817
0.0299611091614
0.0246651172638
0.0248420238495
0.0280599594116
0.0282418727875
0.0273580551147
0.0275340080261
0.0283298492432
0.0292768478394
0.029305934906
0.0302670001984
0.0241529941559
0.0254039764404
0.0243980884552
0.0258061885834
0.0285580158234
0.0287530422211
0.0264418125153
0.0266718864441
0.0322370529175
0.0325610637665
0.0292410850525
0.0295100212097
0.0255300998688
0.0257930755615
0.0266511440277
0.0285131931305
0.0327708721161
0.033576965332
0.0360469818115
0.0364651679993
0.0238890647888
0.0252060890198
0.0238111019135
0.0248711109161
0.0280420780182
0.029021024704
0.0295579433441
0.0304820537567
0.0325078964233
0.0326900482178
0.0277690887451
0.0281100273132
0.0241298675537
0.0254130363464
0.0287880897522
0.0298640727997
0.0290780067444
0.0292880535126
0.0233011245728
0.023558139801
0.0225100517273
0.0227429866791
0.0237340927124
0.0247530937195
0.027242898941
0.0274498462677
0.0269110202789
0.027202129364
0.0246489048004
0.0248789787292
0.0282020568848
0.0284650325775
0.0214369297028
0.021675825119
0.0225389003754
0.022716999054
0.0297989845276
0.0300998687744
0.0414321422577
0.0420579910278
0.0299830436707
0.0306990146637
0.0286600589752
0.0295820236206
0.0333580970764
0.033607006073
0.0273869037628
0.0275979042053
0.0266959667206
0.026957988739
0.0252470970154
0.0256180763245
0.0237250328064
0.023894071579
0.0262019634247
0.0274369716644
0.0288259983063
0.0293080806732
0.0242657661438
0.0245389938354
0.0238649845123
0.0241348743439
0.0252120494843
0.0254421234131
0.026046037674
0.0263090133667
0.0305850505829
0.031594991684
0.0243690013885
0.0246229171753
0.0317189693451
0.0320091247559
0.0218720436096
0.0221290588379
0.0219650268555
0.0221879482269
0.026820898056
0.0292010307312
0.0330550670624
0.0333049297333
0.0215899944305
0.0218269824982
0.0290288925171
0.0292208194733
0.0226848125458
0.0229749679565
0.0259509086609
0.0261828899384
0.0410008430481
0.0412518978119
0.0258138179779
0.0260899066925
0.0251071453094
0.0253531932831
0.0324079990387
0.033282995224
0.0269498825073
0.0281689167023
0.0326418876648
0.0338089466095
0.0241391658783
0.0257129669189
0.0217328071594
0.0219240188599
0.0281779766083
0.0283920764923
0.0289340019226
0.0297231674194
0.0278568267822
0.0280478000641
0.0308208465576
0.03107380867
0.0235440731049
0.0238130092621
0.0231680870056
0.0233988761902
0.02570104599
0.0267338752747
0.0273470878601
0.0287380218506
0.0318529605865
0.032133102417
0.033136844635
0.0333878993988
0.029109954834
0.0293688774109
0.0238680839539
0.0240850448608
0.0233120918274
0.0235729217529
0.0335731506348
0.0338530540466
0.0322480201721
0.0325558185577
0.030916929245
0.031201839447
0.0316190719604
0.0318410396576
0.0230009555817
0.0231738090515
0.0208888053894
0.0210609436035
0.0282139778137
0.0284450054169
0.0280869007111
0.0283579826355
0.0242319107056
0.0245139598846
0.0265369415283
0.0277779102325
0.030965089798
0.0318999290466
0.0223898887634
0.022586107254
0.0327959060669
0.0340149402618
0.0268859863281
0.0279111862183
0.0295920372009
0.0308480262756
0.0274999141693
0.0288619995117
0.0252621173859
0.0262889862061
0.0234811306
0.0244460105896
0.0233099460602
0.0245611667633
0.0258159637451
0.0260241031647
0.0349881649017
0.0362501144409
0.0311059951782
0.0313429832458
0.0278730392456
0.0283288955688
0.0257959365845
0.0260579586029
0.0284469127655
0.0286550521851
0.0279479026794
0.0281949043274
0.0272190570831
0.0274541378021
0.027822971344
0.028263092041
0.0235130786896
0.0237631797791
0.0297048091888
0.029932975769
0.0259730815887
0.0262451171875
0.0272979736328
0.0275731086731
0.027037858963
0.0273308753967
0.0281050205231
0.0283918380737
0.026006937027
0.0262868404388
0.0280380249023
0.0283298492432
0.031800031662
0.0320200920105
0.0283739566803
0.0285909175873
0.0221381187439
0.0224120616913
0.0257790088654
0.0260260105133
0.0317702293396
0.0326721668243
0.0297138690948
0.0309498310089
0.0283441543579
0.0328359603882
0.0291829109192
0.0302700996399
0.0288469791412
0.0299959182739
0.0370781421661
0.0377650260925
0.0294919013977
0.0336220264435
0.0263299942017
0.0275330543518
0.0303449630737
0.0305569171906
0.0331628322601
0.0335898399353
0.025768995285
0.0259549617767
0.0285639762878
0.0287528038025
0.0307009220123
0.0308609008789
0.0282180309296
0.028785943985
0.0228710174561
0.023059129715
0.0262629985809
0.0264790058136
0.0258979797363
0.02614402771
0.021185874939
0.0213940143585
0.0246119499207
0.0248260498047
0.0244750976562
0.0247039794922
0.023824930191
0.0240209102631
0.03133893013
0.0315678119659
0.0267899036407
0.0270130634308
0.0262899398804
0.026566028595
0.0315878391266
0.0323469638824
0.0261337757111
0.0270528793335
0.0245118141174
0.0247340202332
0.0283100605011
0.0285220146179
0.0238058567047
0.0240688323975
0.0317039489746
0.0319900512695
0.0355648994446
0.0359048843384
0.0322351455688
0.0349481105804
0.0225150585175
0.0227220058441
0.0303549766541
0.0306351184845
0.0273687839508
0.0275897979736
0.0255799293518
0.0258159637451
0.0290310382843
0.0292820930481
0.024505853653
0.0247519016266
0.0198700428009
0.0200560092926
0.0274438858032
0.0276830196381
0.026242017746
0.0264129638672
0.0336940288544
0.0339159965515
0.0291910171509
0.0294201374054
0.0246548652649
0.0249269008636
0.0244309902191
0.0246379375458
0.0278899669647
0.0281081199646
0.027804851532
0.0285289287567
0.0288741588593
0.0295000076294
0.0279269218445
0.0286619663239
0.0270440578461
0.0280840396881
0.0261838436127
0.0264778137207
0.0215609073639
0.0218560695648
0.0249080657959
0.0251111984253
0.0243980884552
0.0246231555939
0.0238261222839
0.0240089893341
0.023460149765
0.0236630439758
0.0268180370331
0.027058839798
0.022274017334
0.0225570201874
0.0216732025146
0.0219349861145
0.0251431465149
0.0254240036011
0.0335650444031
0.0346639156342
0.0298049449921
0.030070066452
0.0246570110321
0.0249691009521
0.0219328403473
0.0221729278564
0.0323879718781
0.0331218242645
0.0287261009216
0.0294761657715
0.0333158969879
0.0335988998413
0.0301289558411
0.0304110050201
0.028107881546
0.028422832489
0.0260589122772
0.0262989997864
0.0301880836487
0.030503988266
0.0220589637756
0.022332906723
0.025908946991
0.0261559486389
0.0269460678101
0.0281491279602
0.0231499671936
0.0234830379486
0.0291888713837
0.0299119949341
0.0205841064453
0.020761013031
0.0198428630829
0.0200347900391
0.0273869037628
0.0276370048523
0.02672290802
0.0269470214844
0.0221109390259
0.0222918987274
0.0215258598328
0.0217039585114
0.0322148799896
0.0333209037781
0.0205240249634
0.0207440853119
0.0237891674042
0.0239911079407
0.0233919620514
0.023638010025
0.0208830833435
0.0211360454559
0.0261280536652
0.0263381004333
0.0174720287323
0.0176689624786
0.0290040969849
0.0292270183563
0.0245509147644
0.024827003479
0.0238409042358
0.0240669250488
0.0233771800995
0.0236020088196
0.0232360363007
0.0242619514465
0.0189690589905
0.0199182033539
0.0181579589844
0.0190899372101
0.0330419540405
0.033271074295
0.0243120193481
0.024533033371
0.0296640396118
0.0307540893555
0.0241088867188
0.0249979496002
0.0303838253021
0.0305709838867
0.0262191295624
0.0265109539032
0.0296080112457
0.0298290252686
0.0292649269104
0.0295219421387
0.0246388912201
0.0248539447784
0.0240828990936
0.0243008136749
0.0232148170471
0.023402929306
0.0224430561066
0.0226449966431
0.0278770923615
0.0288481712341
0.0258541107178
0.0268840789795
0.02552318573
0.0268220901489
0.0238580703735
0.0241279602051
0.0228362083435
0.0230309963226
0.0263350009918
0.0265719890594
0.0213179588318
0.0216679573059
0.0246379375458
0.0248458385468
0.0241529941559
0.0243690013885
0.0312521457672
0.0314800739288
0.0228521823883
0.023365020752
0.0254290103912
0.0258450508118
0.0235719680786
0.024749994278
0.0333189964294
0.0345039367676
0.0275349617004
0.028706073761
0.0254249572754
0.0264091491699
0.0273690223694
0.0275528430939
0.0229070186615
0.023166179657
0.0262458324432
0.0264739990234
0.0216388702393
0.0218558311462
0.0251169204712
0.0253760814667
0.0244917869568
0.0247259140015
0.0238790512085
0.0241551399231
0.0192770957947
0.0196089744568
0.0182120800018
0.0184531211853
0.0218150615692
0.0220501422882
0.02512383461
0.0253100395203
0.0284578800201
0.0286958217621
0.0241911411285
0.0254189968109
0.0247371196747
0.0254900455475
0.0267789363861
0.0279200077057
0.0251879692078
0.0254559516907
0.028128862381
0.0283098220825
0.0251698493958
0.0261149406433
0.0253570079803
0.0263850688934
0.0159339904785
0.0169348716736
0.0267231464386
0.0269711017609
0.0219349861145
0.0221948623657
0.0213749408722
0.0215990543365
0.0288081169128
0.0290820598602
0.0285429954529
0.028815984726
0.0156741142273
0.0158929824829
0.0232739448547
0.0234971046448
0.0192070007324
0.0195679664612
0.0178468227386
0.0180609226227
0.0214159488678
0.0216391086578
0.0254709720612
0.0264029502869
0.0208489894867
0.0218679904938
0.0202631950378
0.0204741954803
0.0228579044342
0.0230438709259
0.0223350524902
0.0225369930267
0.0215971469879
0.021821975708
0.0284819602966
0.0286629199982
0.0281820297241
0.0283670425415
0.0281240940094
0.0289399623871
0.0200099945068
0.0210089683533
0.0226340293884
0.0228569507599
0.0253889560699
0.0256061553955
0.0288379192352
0.029070854187
0.0285379886627
0.0289919376373
0.0276279449463
0.0279021263123
0.0186138153076
0.0188210010529
0.0221719741821
0.0224571228027
0.0215661525726
0.0218131542206
0.0249700546265
0.0252130031586
0.0202460289001
0.0204539299011
0.0242240428925
0.0249750614166
0.022353887558
0.023580789566
0.0200769901276
0.020966053009
0.0220718383789
0.0229268074036
0.0244739055634
0.0253098011017
0.0192320346832
0.0195100307465
0.0223019123077
0.0225210189819
0.0253829956055
0.025603055954
0.0286340713501
0.0288310050964
0.0202529430389
0.0204510688782
0.0204739570618
0.0221290588379
0.022604227066
0.0235440731049
0.0192260742188
0.020397901535
0.0222039222717
0.0233328342438
0.0294549465179
0.0302510261536
0.0247898101807
0.0250539779663
0.0195908546448
0.0197839736938
0.0189399719238
0.0192549228668
0.0225419998169
0.0232450962067
0.0293159484863
0.0294809341431
0.0249600410461
0.0257341861725
0.0232820510864
0.0235390663147
0.0225450992584
0.0227620601654
0.0220170021057
0.0222270488739
0.0257880687714
0.0269691944122
0.0214920043945
0.0224940776825
0.0168700218201
0.0177669525146
0.0237329006195
0.0239460468292
0.0227420330048
0.0229489803314
0.0259840488434
0.0261590480804
0.0295689105988
0.0301609039307
0.0315940380096
0.0323510169983
0.0249960422516
0.0259280204773
0.0224630832672
0.0233361721039
0.0232479572296
0.0240259170532
0.0291509628296
0.0298590660095
0.0243589878082
0.0253791809082
0.0305449962616
0.0307450294495
0.0329418182373
0.0339419841766
0.0324499607086
0.0333290100098
0.0318238735199
0.0326118469238
0.0227379798889
0.0229780673981
0.0304250717163
0.0307130813599
0.021607875824
0.0218648910522
0.0252289772034
0.0255260467529
0.028470993042
0.0286889076233
0.0321109294891
0.032399892807
0.0192408561707
0.0195209980011
0.0189018249512
0.0191340446472
0.0221889019012
0.0224778652191
0.0217108726501
0.0219678878784
0.0277571678162
0.0289540290833
0.029727935791
0.0301060676575
0.0273449420929
0.0277400016785
0.0256428718567
0.0268058776855
0.0286178588867
0.0298218727112
0.0144882202148
0.031060218811
0.022665977478
0.0229511260986
0.021106004715
0.0213890075684
0.029060125351
0.0293431282043
0.0204870700836
0.0206789970398
0.0240499973297
0.0242500305176
0.0190119743347
0.0192430019379
0.0183258056641
0.0185599327087
0.0284929275513
0.0287618637085
0.0239508152008
0.0241689682007
0.0271999835968
0.0274271965027
0.018679857254
0.0189290046692
0.0263500213623
0.0266199111938
0.021625995636
0.0218498706818
0.0238649845123
0.0241260528564
0.0273020267487
0.0274968147278
0.0268688201904
0.0271368026733
0.0263991355896
0.0266530513763
0.0250990390778
0.0253260135651
0.0328619480133
0.0330860614777
0.027400970459
0.0282340049744
0.0300951004028
0.0308079719543
0.0285398960114
0.0287659168243
0.0281419754028
0.0283679962158
0.0433130264282
0.0435910224915
0.0249798297882
0.0252528190613
0.0326540470123
0.0328829288483
0.0247738361359
0.0250768661499
0.025454044342
0.0257430076599
0.0327131748199
0.0329401493073
0.0263211727142
0.026584148407
0.0343430042267
0.0401411056519
0.0342040061951
0.0352849960327
0.0292468070984
0.0300769805908
0.0296421051025
0.0299010276794
0.0327990055084
0.0331039428711
0.0267159938812
0.0273170471191
0.0236020088196
0.0239069461823
0.0263061523438
0.0269191265106
0.0293519496918
0.0304298400879
0.0331969261169
0.034460067749
0.0493400096893
0.0501730442047
0.0345759391785
0.0348310470581
0.0238108634949
0.0240259170532
0.0367460250854
0.0369310379028
0.0351860523224
0.0362000465393
0.0235970020294
0.0247519016266
0.0267860889435
0.0270721912384
0.0304510593414
0.0307290554047
0.0291259288788
0.0293748378754
0.0271949768066
0.0274441242218
0.0237710475922
0.0252408981323
0.0247509479523
0.0249500274658
0.0273940563202
0.0275900363922
0.0279519557953
0.028324842453
0.024582862854
0.0249118804932
0.0250837802887
0.0257139205933
0.0268020629883
0.0269961357117
0.023138999939
0.0237560272217
0.0281498432159
0.0287079811096
0.0242199897766
0.0247280597687
0.0243680477142
0.0245950222015
0.0222280025482
0.022449016571
0.0215661525726
0.0217750072479
0.0232660770416
0.0238890647888
0.0333530902863
0.0340209007263
0.029599905014
0.030375957489
0.023845911026
0.0240569114685
0.0275819301605
0.0278298854828
0.0227901935577
0.0229971408844
0.0219480991364
0.0221681594849
0.0218999385834
0.0225529670715
0.0276460647583
0.0284268856049
0.0286660194397
0.0288751125336
0.0283889770508
0.0292940139771
0.0234320163727
0.0243101119995
0.0268869400024
0.02738904953
0.0263628959656
0.0271439552307
0.0294849872589
0.0302450656891
0.025848865509
0.0267488956451
0.024698972702
0.0277791023254
0.0280778408051
0.0289649963379
0.0272190570831
0.0304741859436
0.0266118049622
0.0276508331299
0.0331180095673
0.0339090824127
0.0254850387573
0.0265760421753
0.0249781608582
0.0267391204834
0.0280830860138
0.0287780761719
0.0369629859924
0.0382869243622
0.0242848396301
0.04053592681