0.0290749073029,
0.0298597812653,
0.0239548683167,
0.0249109268188,
0.0311450958252,
0.0315659046173,
0.025218963623,
0.0259819030762,
0.0398111343384,
0.0405340194702,
0.0297908782959,
0.0310218334198,
0.0364100933075,
0.0394899845123,
0.0336351394653,
0.0338850021362,
0.0269811153412,
0.0272369384766,
0.0228710174561,
0.0237948894501,
0.0294280052185,
0.0298581123352,
0.0318660736084,
0.0321600437164,
0.0273339748383,
0.0281779766083,
0.0250029563904,
0.0253338813782,
0.0228228569031,
0.0231268405914,
0.0260400772095,
0.0264360904694,
0.0210418701172,
0.0213758945465,
0.0282530784607,
0.0286030769348,
0.0231940746307,
0.0235140323639,
0.0224249362946,
0.0226790904999,
0.0248589515686,
0.0250928401947,
0.116089105606,
0.116858005524,
0.0296251773834,
0.0311181545258,
0.0332100391388,
0.0342450141907,
0.0356788635254,
0.0365369319916,
0.0279128551483,
0.029177904129,
0.0289099216461,
0.0300970077515,
0.0441708564758,
0.0444550514221,
0.0427038669586,
0.0431439876556,
0.0367300510406,
0.0370380878448,
0.0246021747589,
0.0251049995422,
0.0261631011963,
0.0269901752472,
0.0371940135956,
0.0380659103394,
0.0198059082031,
0.0204517841339,
0.0466170310974,
0.0472052097321,
0.0249991416931,
0.025337934494,
0.0230660438538,
0.0233469009399,
0.0283551216125,
0.0289950370789,
0.0288970470428,
0.0291080474854,
0.0308079719543,
0.0309920310974,
0.0290241241455,
0.0292432308197,
0.0239350795746,
0.0246369838715,
0.0412571430206,
0.0419101715088,
0.0268280506134,
0.0273020267487,
0.064090013504,
0.0650308132172,
0.0267231464386,
0.0270891189575,
0.0333969593048,
0.0349049568176,
0.0333070755005,
0.0349280834198,
0.0392279624939,
0.0395240783691,
0.0417060852051,
0.0421180725098,
0.0303869247437,
0.0305950641632,
0.0237290859222,
0.0240049362183,
0.0287671089172,
0.0289850234985,
0.0310530662537,
0.0314500331879,
0.0266129970551,
0.0268750190735,
0.0278770923615,
0.0281121730804,
0.0257918834686,
0.0270268917084,
0.0277500152588,
0.0285129547119,
0.0317690372467,
0.0327858924866,
0.0440130233765,
0.0446310043335,
0.0331010818481,
0.0339560508728,
0.0255610942841,
0.0269441604614,
0.0319428443909,
0.0329818725586,
0.0394239425659,
0.0395998954773,
0.0274820327759,
0.0277578830719,
0.0301330089569,
0.0304238796234,
0.0301351547241,
0.030914068222,
0.031564950943,
0.0319538116455,
0.0325219631195,
0.0327870845795,
0.0316519737244,
0.0319130420685,
0.0295729637146,
0.0299911499023,
0.0225689411163,
0.0230350494385,
0.0260438919067,
0.0263121128082,
0.0261449813843,
0.0273368358612,
0.0285201072693,
0.0288259983063,
0.0271241664886,
0.0273790359497,
0.0264511108398,
0.026712179184,
0.0258929729462,
0.0262339115143,
0.0328199863434,
0.0332491397858,
0.0274031162262,
0.0275971889496,
0.031023979187,
0.0314159393311,
0.0294151306152,
0.029806137085,
0.0288770198822,
0.029363155365,
0.0269551277161,
0.0273201465607,
0.0236988067627,
0.023955821991,
0.0270371437073,
0.0272381305695,
0.0266768932343,
0.0270929336548,
0.026211977005,
0.0267059803009,
0.0411760807037,
0.0414640903473,
0.0361371040344,
0.0364081859589,
0.0278649330139,
0.0283310413361,
0.0322830677032,
0.0325360298157,
0.0299129486084,
0.0301949977875,
0.0271668434143,
0.0274748802185,
0.0237159729004,
0.0240578651428,
0.034129858017,
0.0346229076385,
0.0291290283203,
0.0296449661255,
0.0325229167938,
0.0327959060669,
0.041885137558,
0.0422661304474,
0.0290699005127,
0.0293118953705,
0.0278148651123,
0.0282578468323,
0.02698802948,
0.0272660255432,
0.0281407833099,
0.0284597873688,
0.0277271270752,
0.0279800891876,
0.0261418819427,
0.0263838768005,
0.0354809761047,
0.0358469486237,
0.0271410942078,
0.0273759365082,
0.0280568599701,
0.0283539295197,
0.0582342147827,
0.0587160587311,
0.0277018547058,
0.0292358398438,
0.0354971885681,
0.0364661216736,
0.0313279628754,
0.0326030254364,
0.0432589054108,
0.0443389415741,
0.032637834549,
0.0338768959045,
0.0447390079498,
0.0449209213257,
0.0295448303223,
0.0308878421783,
0.0360841751099,
0.0369641780853,
0.0270068645477,
0.0273158550262,
0.0230031013489,
0.023325920105,
0.028177022934,
0.028501033783,
0.0426111221313,
0.0435769557953,
0.0528090000153,
0.0562679767609,
0.0517330169678,
0.0531542301178,
0.0714070796967,
0.0718030929565,
0.0301611423492,
0.031200170517,
0.0277202129364,
0.0280170440674,
0.0260739326477,
0.0265989303589,
0.0304179191589,
0.0308079719543,
0.0331029891968,
0.0335130691528,
0.0282509326935,
0.0288739204407,
0.0313701629639,
0.0317671298981,
0.0248670578003,
0.0258319377899,
0.0330460071564,
0.0334069728851,
0.0164909362793,
0.0167820453644,
0.0246841907501,
0.0250580310822,
0.0252418518066,
0.0261709690094,
0.0327410697937,
0.0331010818481,
0.0452489852905,
0.045557975769,
0.0353558063507,
0.0356698036194,
0.0271980762482,
0.0279829502106,
0.0266048908234,
0.0270318984985,
0.0257320404053,
0.0259368419647,
0.0266208648682,
0.0270659923553,
0.0291309356689,
0.0295860767365,
0.0250589847565,
0.0253250598907,
0.0230810642242,
0.023383140564,
0.0288798809052,
0.0295898914337,
0.0310349464417,
0.0321629047394,
0.0357260704041,
0.0366370677948,
0.018049955368,
0.0194249153137,
0.025768995285,
0.0273370742798,
0.0301041603088,
0.0309820175171,
0.0241770744324,
0.0249118804932,
0.0282790660858,
0.0295789241791,
0.0272750854492,
0.0281920433044,
0.0267980098724,
0.0270669460297,
0.0297958850861,
0.030091047287,
0.02783203125,
0.0283029079437,
0.027284860611,
0.0277140140533,
0.027407169342,
0.0288121700287,
0.0269460678101,
0.0274319648743,
0.029552936554,
0.0303559303284,
0.0296750068665,
0.0302739143372,
0.0330789089203,
0.0343580245972,
0.0341579914093,
0.0347580909729,
0.0304310321808,
0.0316700935364,
0.0305659770966,
0.032023191452,
0.0326130390167,
0.0329599380493,
0.0276811122894,
0.0279331207275,
0.0260081291199,
0.0263690948486,
0.0490081310272,
0.0492730140686,
0.0280518531799,
0.0283968448639,
0.0364451408386,
0.036689043045,
0.0358130931854,
0.0360372066498,
0.0317590236664,
0.0320680141449,
0.0231142044067,
0.0233700275421,
0.0262479782104,
0.0264499187469,
0.0301871299744,
0.0305771827698,
0.0214519500732,
0.0216510295868,
0.0393741130829,
0.0396449565887,
0.0291709899902,
0.0295469760895,
0.0332989692688,
0.0335478782654,
0.0378699302673,
0.0386459827423,
0.0287909507751,
0.0294120311737,
0.0327758789062,
0.0332720279694,
0.0317599773407,
0.0325388908386,
0.0277049541473,
0.0280930995941,
0.025318145752,
0.0262091159821,
0.0333960056305,
0.0336728096008,
0.0309550762177,
0.031672000885,
0.0223770141602,
0.0235118865967,
0.025053024292,
0.0258831977844,
0.0236959457397,
0.0243620872498,
0.0232131481171,
0.024199962616,
0.0286848545074,
0.0293879508972,
0.0301411151886,
0.0309898853302,
0.0249152183533,
0.0256631374359,
0.0292448997498,
0.0299949645996,
0.0256109237671,
0.0270030498505,
0.0328950881958,
0.0339851379395,
0.0319480895996,
0.0330848693848,
0.0254030227661,
0.0266330242157,
0.0237529277802,
0.0249290466309,
0.0292448997498,
0.0302090644836,
0.0282690525055,
0.0293560028076,
0.0260510444641,
0.0270590782166,
0.0398478507996,
0.0402188301086,
0.0227470397949,
0.022940158844,
0.0258469581604,
0.0260889530182,
0.0456178188324,
0.0459089279175,
0.0385122299194,
0.0396461486816,
0.0307540893555,
0.0311009883881,
0.0282530784607,
0.0286509990692,
0.0359668731689,
0.0364198684692,
0.0342321395874,
0.0348742008209,
0.0252110958099,
0.0254480838776,
0.0388951301575,
0.0397961139679,
0.0344049930573,
0.0354418754578,
0.0250709056854,
0.026379108429,
0.0294380187988,
0.0302379131317,
0.0363280773163,
0.0373909473419,
0.0344369411469,
0.0361518859863,
0.0355038642883,
0.0365369319916,
0.0296320915222,
0.0301871299744,
0.0373060703278,
0.0383450984955,
0.0293509960175,
0.0303218364716,
0.0442068576813,
0.0451018810272,
0.0350909233093,
0.0362710952759,
0.0269780158997,
0.028018951416,
0.0328180789948,
0.0331020355225,
0.0285630226135,
0.0288259983063,
0.0312020778656,
0.0313920974731,
0.041729927063,
0.0423381328583,
0.0296788215637,
0.0300529003143,
0.0287680625916,
0.0290620326996,
0.0350069999695,
0.0353608131409,
0.0356271266937,
0.0358400344849,
0.0233478546143,
0.0237259864807,
0.0299780368805,
0.0302519798279,
0.0248188972473,
0.0250699520111,
0.036318063736,
0.0365979671478,
0.0325238704681,
0.0328538417816,
0.0347828865051,
0.0351638793945,
0.0258548259735,
0.0260667800903,
0.0321509838104,
0.0324139595032,
0.0371820926666,
0.0375361442566,
0.032702922821,
0.0329859256744,
0.0279979705811,
0.0283739566803,
0.0283789634705,
0.0295240879059,
0.0365447998047,
0.0370259284973,
0.0287888050079,
0.03102684021,
0.0282258987427,
0.0292809009552,
0.029284954071,
0.0306758880615,
0.0274691581726,
0.0286920070648,
0.0395040512085,
0.0423910617828,
0.029678106308,
0.0309729576111,
0.0381681919098,
0.0394551753998,
0.0291681289673,
0.0303280353546,
0.0425910949707,
0.0430300235748,
0.0305302143097,
0.0311601161957,
0.0239968299866,
0.0244970321655,
0.0259530544281,
0.0261750221252,
0.0324840545654,
0.032732963562,
0.0273339748383,
0.027538061142,
0.0290720462799,
0.0300350189209,
0.0323929786682,
0.0328099727631,
0.0242300033569,
0.0249979496002,
0.0245079994202,
0.0259170532227,
0.0480799674988,
0.0495400428772,
0.0329179763794,
0.0331389904022,
0.0525119304657,
0.0540788173676,
0.0257258415222,
0.0267379283905,
0.0281319618225,
0.028697013855,
0.0303399562836,
0.031357049942,
0.0335640907288,
0.0348861217499,
0.0304908752441,
0.0308828353882,
0.0244159698486,
0.0246341228485,
0.0320301055908,
0.032289981842,
0.0357029438019,
0.0359148979187,
0.0293769836426,
0.0296440124512,
0.0254690647125,
0.0262069702148,
0.0244069099426,
0.0254380702972,
0.0324771404266,
0.0332911014557,
0.0233640670776,
0.0238041877747,
0.024698972702,
0.0250170230865,
0.0240280628204,
0.0244200229645,
0.0287389755249,
0.0291900634766,
0.0266292095184,
0.0275599956512,
0.123543977737,
0.12381196022,
0.0331561565399,
0.0338141918182,
0.0230519771576,
0.0233700275421,
0.0254759788513,
0.0258190631866,
0.0234069824219,
0.0236649513245,
0.0242969989777,
0.0245399475098,
0.0208551883698,
0.021103143692,
0.0247321128845,
0.0251841545105,
0.0213990211487,
0.0216410160065,
0.027626991272,
0.0280690193176,
0.0416679382324,
0.0427250862122,
0.0123319625854,
0.0126459598541,
0.027195930481,
0.0275259017944,
0.0223782062531,
0.0233120918274,
0.0318551063538,
0.0330169200897,
0.0325508117676,
0.0337409973145,
0.0318429470062,
0.0330379009247,
0.0270230770111,
0.0287549495697,
0.0263681411743,
0.0267009735107,
0.0279369354248,
0.0290389060974,
0.0234889984131,
0.0247468948364,
0.0285329818726,
0.0300810337067,
0.0249049663544,
0.0264279842377,
0.0229020118713,
0.0240759849548,
0.040904045105,
0.0418860912323,
0.0225210189819,
0.0229568481445,
0.0260100364685,
0.0271999835968,
0.0359318256378,
0.0364809036255,
0.0498781204224,
0.0504961013794,
0.0397210121155,
0.0399169921875,
0.0483739376068,
0.0486810207367,
0.0352578163147,
0.03604388237,
0.0343339443207,
0.0346200466156,
0.0579271316528,
0.0583720207214,
0.0259799957275,
0.0262520313263,
0.0293991565704,
0.0296700000763,
0.0327210426331,
0.0329670906067,
0.0439779758453,
0.0443160533905,
0.0298330783844,
0.0302250385284,
0.0390298366547,
0.0396540164948,
0.0432748794556,
0.0435700416565,
0.0328099727631,
0.0331029891968,
0.0314719676971,
0.0317599773407,
0.0303421020508,
0.0306479930878,
0.0308198928833,
0.032026052475,
0.022118806839,
0.02237200737,
0.0232031345367,
0.0234940052032,
0.0938739776611,
0.0942788124084,
0.0276348590851,
0.0278940200806,
0.0242841243744,
0.024628162384,
0.0259740352631,
0.0261991024017,
0.025269985199,
0.025801897049,
0.0345058441162,
0.0348138809204,
0.0224280357361,
0.0232880115509,
0.0369918346405,
0.0378549098969,
0.0233280658722,
0.0240001678467,
0.0247609615326,
0.0255830287933,
0.0240869522095,
0.0249750614166,
0.0277981758118,
0.0281271934509,
0.0230951309204,
0.0233631134033,
0.0249989032745,
0.0251998901367,
0.0295021533966,
0.0297801494598,
0.0238010883331,
0.0257890224457,
0.0277619361877,
0.0281410217285,
0.0248808860779,
0.026505947113,
0.0250010490417,
0.0268080234528,
0.0227110385895,
0.0239260196686,
0.0271279811859,
0.0273380279541,
0.0240058898926,
0.0242369174957,
0.0273070335388,
0.0275330543518,
0.174077987671,
0.175050973892,
0.0323131084442,
0.0326409339905,
0.0275330543518,
0.0278191566467,
0.0309829711914,
0.0312230587006,
0.0385439395905,
0.0389819145203,
0.0314540863037,
0.0317070484161,
0.0338931083679,
0.0341670513153,
0.0410280227661,
0.0412690639496,
0.0309221744537,
0.0312180519104,
0.026221036911,
0.0265951156616,
0.0367259979248,
0.0369801521301,
0.0268859863281,
0.0270969867706,
0.0388119220734,
0.0392949581146,
0.025496006012,
0.0257480144501,
0.0317018032074,
0.0319178104401,
0.030503988266,
0.0306959152222,
0.0262639522552,
0.0268018245697,
0.025200843811,
0.0256500244141,
0.0330009460449,
0.0333299636841,
0.0358250141144,
0.036346912384,
0.0295839309692,
0.0301139354706,
0.0257441997528,
0.0261640548706,
0.0476908683777,
0.0482399463654,
0.0283358097076,
0.0285677909851,
0.0350961685181,
0.0356600284576,
0.0237951278687,
0.0240249633789,
0.0312118530273,
0.0314378738403,
0.0266129970551,
0.0268671512604,
0.0258529186249,
0.0261828899384,
0.0332000255585,
0.0333890914917,
0.0329999923706,
0.0332510471344,
0.0320811271667,
0.032331943512,
0.0345129966736,
0.0356869697571,
0.0294020175934,
0.0304868221283,
0.0381720066071,
0.0392570495605,
0.0429999828339,
0.0440518856049,
0.0246870517731,
0.0249848365784,
0.0253751277924,
0.0256230831146,
0.0441551208496,
0.0443580150604,
0.0345678329468,
0.0357398986816,
0.035089969635,
0.0354368686676,
0.0377368927002,
0.037948846817,
0.0310909748077,
0.0313110351562,
0.0243051052094,
0.0246961116791,
0.0272700786591,
0.0274620056152,
0.0313880443573,
0.0317080020905,
0.0258858203888,
0.0262598991394,
0.0293481349945,
0.0297360420227,
0.0311939716339,
0.0314629077911,
0.0292620658875,
0.029510974884,
0.0246410369873,
0.0250270366669,
0.0276520252228,
0.0279099941254,
0.02818608284,
0.0286371707916,
0.0284059047699,
0.0287749767303,
0.0280449390411,
0.0288529396057,
0.0277180671692,
0.0289289951324,
0.0268161296844,
0.0279819965363,
0.0285758972168,
0.0295789241791,
0.0659410953522,
0.067507982254,
0.0286068916321,
0.0289568901062,
0.032087802887,
0.0323119163513,
0.0215079784393,
0.0218708515167,
0.0358910560608,
0.0361111164093,
0.0286560058594,
0.0290291309357,
0.0254979133606,
0.0257408618927,
0.0213780403137,
0.0216062068939,
0.0291180610657,
0.029501914978,
0.0268559455872,
0.0272870063782,
0.0259170532227,
0.0263020992279,
0.0262629985809,
0.0267059803009,
0.0280630588531,
0.0282890796661,
0.0350198745728,
0.0354428291321,
0.0238580703735,
0.0240609645844,
0.0315320491791,
0.031879901886,
0.0267109870911,
0.0272579193115,
0.0250189304352,
0.0256989002228,
0.0250859260559,
0.0258989334106,
0.0230219364166,
0.0237410068512,
0.0269021987915,
0.0273900032043,
0.0254018306732,
0.026223897934,
0.0276141166687,
0.0285580158234,
0.0226829051971,
0.0231018066406,
0.0284290313721,
0.0286929607391,
0.0254549980164,
0.0257649421692,
0.023913860321,
0.0242309570312,
0.0241811275482,
0.024491071701,
0.0243408679962,
0.0245599746704,
0.02192902565,
0.0223360061646,
0.0239570140839,
0.0246510505676,
0.0383431911469,
0.0391590595245,
0.0247979164124,
0.0259249210358,
0.0223319530487,
0.0231459140778,
0.0210762023926,
0.0219202041626,
0.029559135437,
0.0304811000824,
0.0237600803375,
0.0246479511261,
0.0345261096954,
0.035572052002,
0.0222728252411,
0.022980928421,
0.0302648544312,
0.0305409431458,
0.0230150222778,
0.0239431858063,
0.0255270004272,
0.0261301994324,
0.0279560089111,
0.0282170772552,
0.0238490104675,
0.0244040489197,
0.0301928520203,
0.0311150550842,
0.0306439399719,
0.0317890644073,
0.0280079841614,
0.0289151668549,
0.0243101119995,
0.0250010490417,
0.0274469852448,
0.0278341770172,
0.030531167984,
0.030944108963,
0.0309400558472,
0.0312190055847,
0.0279941558838,
0.0283360481262,
0.0257050991058,
0.0260970592499,
0.0221269130707,
0.0224468708038,
0.0217089653015,
0.0221199989319,
0.0291321277618,
0.0294950008392,
0.0279459953308,
0.0282309055328,
0.0223071575165,
0.02272605896,
0.0255649089813,
0.0266840457916,
0.0247168540955,
0.0248999595642,
0.024355173111,
0.0247449874878,
0.0287899971008,
0.0292489528656,
0.0259819030762,
0.0261688232422,
0.028825044632,
0.0290031433105,
0.030200958252,
0.0305268764496,
0.0281410217285,
0.0284090042114,
0.0272319316864,
0.0274519920349,
0.0308330059052,
0.0311839580536,
0.0261580944061,
0.0271151065826,
0.0245609283447,
0.0247449874878,
0.0355789661407,
0.0358698368073,
0.037887096405,
0.0381960868835,
0.0259330272675,
0.0264568328857,
0.0234000682831,
0.0236430168152,
0.0277791023254,
0.0280590057373,
0.0277059078217,
0.0279250144958,
0.0252709388733,
0.0267119407654,
0.0257649421692,
0.0265698432922,
0.0300600528717,
0.0311961174011,
0.0299379825592,
0.0301530361176,
0.0231440067291,
0.0242640972137,
0.0293490886688,
0.0304980278015,
0.0233678817749,
0.0236458778381,
0.0233948230743,
0.0237698554993,
0.021980047226,
0.0230760574341,
0.0265669822693,
0.0271549224854,
0.0358550548553,
0.0365219116211,
0.0374779701233,
0.0386319160461,
0.0371749401093,
0.0389080047607,
0.031986951828,
0.0322380065918,
0.0294160842896,
0.0296669006348,
0.0326881408691,
0.0328922271729,
0.0338160991669,
0.0340831279755,
0.0301430225372,
0.0303781032562,
0.0508139133453,
0.051146030426,
0.0336871147156,
0.0340881347656,
0.032203912735,
0.0326368808746,
0.0346891880035,
0.034942150116,
0.0299670696259,
0.0302021503448,
0.036926984787,
0.0373771190643,
0.0283780097961,
0.0287580490112,
0.036819934845,
0.0371470451355,
0.0337960720062,
0.0341029167175,
0.029128074646,
0.0300939083099,
0.0340969562531,
0.0357320308685,
0.022392988205,
0.0226819515228,
0.0178160667419,
0.0187890529633,
0.0277030467987,
0.0279440879822,
0.0268030166626,
0.027144908905,
0.0344970226288,
0.0348200798035,
0.0253019332886,
0.0264668464661,
0.024523973465,
0.0247368812561,
0.0314621925354,
0.0318231582642,
0.0269601345062,
0.0272121429443,
0.0353288650513,
0.0356719493866,
0.0230448246002,
0.0234229564667,
0.0298418998718,
0.0310029983521,
0.0235080718994,
0.0237400531769,
0.023579120636,
0.0246920585632,
0.0332322120667,
0.0336492061615,
0.0225968360901,
0.0233838558197,
0.0243480205536,
0.0251219272614,
0.0226500034332,
0.0238389968872,
0.0335772037506,
0.0338551998138,
0.0247011184692,
0.0249321460724,
0.0278759002686,
0.0281159877777,
0.0276460647583,
0.0279850959778,
0.0244560241699,
0.0248689651489,
0.0268340110779,
0.0280139446259,
0.0402190685272,
0.0412831306458,
0.0253720283508,
0.02654504776,
0.0291640758514,
0.0302300453186,
0.0347769260406,
0.0353198051453,
0.0634119510651,
0.0644359588623,
0.0286450386047,
0.0289258956909,
0.028256893158,
0.0285618305206,
0.02330493927,
0.0235829353333,
0.0223000049591,
0.0226719379425,
0.0322098731995,
0.0326390266418,
0.0320892333984,
0.0328562259674,
0.035933971405,
0.0364308357239,
0.0260951519012,
0.0271480083466,
0.0342888832092,
0.0350520610809,
0.0322279930115,
0.0330369472504,
0.0273821353912,
0.0280501842499,
0.0324900150299,
0.0331199169159,
0.0262911319733,
0.0271909236908,
0.0276658535004,
0.0278699398041,
0.0340240001678,
0.0352580547333,
0.0277769565582,
0.0279700756073,
0.0293650627136,
0.0297009944916,
0.0363590717316,
0.0367999076843,
0.0305631160736,
0.0308721065521,
0.0290958881378,
0.0294239521027,
0.0331599712372,
0.0334739685059,
0.0316121578217,
0.0319349765778,
0.0294539928436,
0.0297160148621,
0.0322380065918,
0.0335540771484,
0.026388168335,
0.0272371768951,
0.021292924881,
0.0224678516388,
0.0285258293152,
0.0295658111572,
0.0254089832306,
0.0262019634247,
0.0225667953491,
0.023509979248,
0.0286469459534,
0.029825925827,
0.0280201435089,
0.028950214386,
0.0223660469055,
0.0236411094666,
0.0328278541565,
0.0345408916473,
0.02818608284,
0.0293011665344,
0.0319840908051,
0.0332651138306,
0.0277240276337,
0.0290131568909,
0.0232059955597,
0.0246660709381,
0.0377039909363,
0.0391440391541,
0.0315251350403,
0.0328509807587,
0.0347018241882,
0.0355858802795,
0.0419149398804,
0.0430910587311,
0.0152499675751,
0.0291769504547,
0.0340230464935,
0.0356638431549,
0.0549719333649,
0.0563340187073,
0.0339159965515,
0.0352008342743,
0.0289359092712,
0.0304548740387,
0.0437121391296,
0.0458030700684,
0.0346190929413,
0.0360431671143,
0.044429063797,
0.045891046524,
0.0443859100342,
0.0452580451965,
0.0278239250183,
0.0295038223267,
0.0358781814575,
0.0372171401978,
0.0351650714874,
0.0362620353699,
0.0336689949036,
0.0351758003235,
0.0327429771423,
0.0342719554901,
0.0317680835724,
0.0334570407867,
0.023775100708,
0.0252561569214,
0.0337200164795,
0.0347888469696,
0.0377509593964,
0.0386481285095,
0.0289690494537,
0.0302531719208,
0.0283179283142,
0.029956817627,
0.0253028869629,
0.0261008739471,
0.0292418003082,
0.0301058292389,
0.0226740837097,
0.0235230922699,
0.0256240367889,
0.0266070365906,
0.0272259712219,
0.0279729366302,
0.0216071605682,
0.0222120285034,
0.028548002243,
0.0292110443115,
0.0281190872192,
0.0294289588928,
0.0311501026154,
0.0315010547638,
0.0298521518707,
0.0301280021667,
0.041433095932,
0.041736125946,
0.0290279388428,
0.0294549465179,
0.0243151187897,
0.0252730846405,
0.0229959487915,
0.023256778717,
0.0276339054108,
0.0279078483582,
0.0256369113922,
0.0259389877319,
0.0243721008301,
0.0249950885773,
0.0274021625519,
0.0276710987091,
0.0374119281769,
0.0376698970795,
0.0283589363098,
0.0294229984283,
0.0269320011139,
0.0278699398041,
0.0243430137634,
0.0250360965729,
0.0241990089417,
0.0249400138855,
0.0228960514069,
0.0232520103455,
0.0240108966827,
0.0243988037109,
0.0226907730103,
0.0233228206635,
0.0274732112885,
0.0287671089172,
0.0300400257111,
0.0308451652527,
0.0241329669952,
0.0248730182648,
0.0240161418915,
0.0248811244965,
0.0255558490753,
0.0262348651886,
0.0253648757935,
0.0262179374695,
0.024188041687,
0.0251829624176,
0.0232019424438,
0.0242078304291,
0.027939081192,
0.028195142746,
0.0246920585632,
0.0250730514526,
0.0241549015045,
0.0244801044464,
0.0245468616486,
0.0248260498047,
0.0233979225159,
0.0242140293121,
0.0629839897156,
0.0637362003326,
0.0269968509674,
0.0296869277954,
0.0309710502625,
0.0318791866302,
0.0355060100555,
0.0370759963989,
0.0386369228363,
0.0395328998566,
0.0437769889832,
0.0440738201141,
0.0302011966705,
0.0304219722748,
0.0327470302582,
0.0330591201782,
0.0264649391174,
0.0267019271851,
0.0335230827332,
0.0337359905243,
0.0371129512787,
0.0374040603638,
0.0422320365906,
0.0438120365143,
0.0751218795776,
0.076299905777,
0.0266001224518,
0.0268280506134,
0.0288910865784,
0.0291159152985,
0.0279989242554,
0.028510093689,
0.0246407985687,
0.0254969596863,
0.025484085083,
0.0257360935211,
0.0247139930725,
0.0249469280243,
0.0227909088135,
0.0232038497925,
0.0244369506836,
0.0247960090637,
0.0264339447021,
0.0268459320068,
0.0255188941956,
0.025927066803,
0.0216970443726,
0.0220980644226,
0.0221469402313,
0.0225760936737,
0.0225758552551,
0.0228168964386,
0.0235450267792,
0.0237510204315,
0.0317409038544,
0.0320010185242,
0.0267779827118,
0.0272500514984,
0.0224189758301,
0.0226860046387,
0.0229871273041,
0.0232660770416,
0.0277440547943,
0.0281889438629,
0.0240550041199,
0.0243580341339,
0.0232028961182,
0.0234508514404,
0.0326609611511,
0.0328669548035,
0.0235528945923,
0.0238528251648,
0.050733089447,
0.0517251491547,
0.0361649990082,
0.0370078086853,
0.0746557712555,
0.075544834137,
0.0576801300049,
0.0583951473236,
0.0335121154785,
0.0347020626068,
0.0527429580688,
0.0540339946747,
0.0232911109924,
0.0242741107941,
0.0210418701172,
0.0212390422821,
0.0222609043121,
0.0224938392639,
0.0232038497925,
0.025013923645,
0.0215759277344,
0.0218839645386,
0.0514321327209,
0.0517470836639,
0.0776851177216,
0.0782580375671,
0.0276000499725,
0.0278589725494,
0.0251638889313,
0.0254609584808,
0.0294468402863,
0.0303509235382,
0.0282330513,
0.0287110805511,
0.0223579406738,
0.0225880146027,
0.0282640457153,
0.0287718772888,
0.0266299247742,
0.026890039444,
0.0250730514526,
0.025906085968,
0.0291509628296,
0.0322670936584,
0.0266399383545,
0.0273108482361,
0.0248839855194,
0.025074005127,
0.0245051383972,
0.0249860286713,
0.0260229110718,
0.026417016983,
0.0259411334991,
0.0271890163422,
0.0289690494537,
0.02996301651,
0.0246810913086,
0.0257251262665,
0.0348098278046,
0.035187959671,
0.0239708423615,
0.0247459411621,
0.0432410240173,
0.0445621013641,
0.021842956543,
0.0220949649811,
0.0328340530396,
0.0330729484558,
0.0349881649017,
0.0352251529694,
0.0233061313629,
0.0235810279846,
0.0250971317291,
0.025563955307,
0.0359170436859,
0.0373260974884,
0.0231168270111,
0.0233919620514,
0.0365900993347,
0.0369908809662,
0.0242059230804,
0.0245068073273,
0.0262179374695,
0.026496887207,
0.0226480960846,
0.0229179859161,
0.0251410007477,
0.0256221294403,
0.0223360061646,
0.0225601196289,
0.0284180641174,
0.0286269187927,
0.0259001255035,
0.0261170864105,
0.0290501117706,
0.0294609069824,
0.0146238803864,
0.0268549919128,
0.0321729183197,
0.0325419902802,
0.0324339866638,
0.0333640575409,
0.035747051239,
0.036828994751,
0.0432240962982,
0.0440680980682,
0.0312359333038,
0.0321180820465,
0.0780508518219,
0.0782768726349,
0.0406589508057,
0.0414090156555,
0.0259778499603,
0.026704788208,
0.0249090194702,
0.0251681804657,
0.0335609912872,
0.0349719524384,
0.0576858520508,
0.0578849315643,
0.0333621501923,
0.0337080955505,
0.0266470909119,
0.0270400047302,
0.0261127948761,
0.0264499187469,
0.0309789180756,
0.0312249660492,
0.0276429653168,
0.028048992157,
0.0267479419708,
0.0271339416504,
0.0227708816528,
0.0230329036713,
0.0226950645447,
0.023108959198,
0.0287289619446,
0.0297558307648,
0.0253300666809,
0.0261740684509,
0.02827501297,
0.0286159515381,
0.0268461704254,
0.0282020568848,
0.0255689620972,
0.026065826416,
0.0248460769653,
0.0252170562744,
0.0227568149567,
0.0230128765106,
0.0242028236389,
0.0244708061218,
0.0251250267029,
0.0253169536591,
0.0229740142822,
0.0242428779602,
0.040913105011,
0.0412721633911,
0.0280330181122,
0.0283391475677,
0.0303258895874,
0.0304958820343,
0.0250959396362,
0.0259320735931,
0.0297441482544,
0.0311541557312,
0.0277061462402,
0.0293011665344,
0.0377190113068,
0.0394558906555,
0.0327050685883,
0.0337390899658,
0.0380549430847,
0.0393970012665,
0.0379960536957,
0.0382289886475,
0.0248601436615,
0.025092124939,
0.0402419567108,
0.0406379699707,
0.027636051178,
0.0278830528259,
0.0306620597839,
0.0308649539948,
0.0217518806458,
0.0221838951111,
0.0301389694214,
0.0303709506989,
0.0369911193848,
0.0373160839081,
0.0150380134583,
0.0240449905396,
0.0309281349182,
0.031158208847,
0.0348100662231,
0.03511095047,
0.0221621990204,
0.022411108017,
0.0242819786072,
0.0244679450989,
0.0272400379181,
0.0275299549103,
0.0252220630646,
0.0255630016327,
0.0430059432983,
0.0431938171387,
0.0267357826233,
0.0270669460297,
0.0261180400848,
0.0263559818268,
0.0336329936981,
0.0340549945831,
0.0318968296051,
0.0322289466858,
0.0309269428253,
0.0312089920044,
0.0225050449371,
0.0233719348907,
0.0231599807739,
0.024071931839,
0.0245130062103,
0.0254530906677,
0.025141954422,
0.0261039733887,
0.0255610942841,
0.0265641212463,
0.0237669944763,
0.0248930454254,
0.0257811546326,
0.0266680717468,
0.0161581039429,
0.0442631244659,
0.0222079753876,
0.0230240821838,
0.0237979888916,
0.0250029563904,
0.0308589935303,
0.0318579673767,
0.0298609733582,
0.030091047287,
0.0234251022339,
0.0238199234009,
0.0258319377899,
0.0262207984924,
0.0333578586578,
0.0340340137482,
0.0241420269012,
0.0249421596527,
0.0260410308838,
0.026969909668,
0.0260541439056,
0.0270490646362,
0.022253036499,
0.022488117218,
0.0358510017395,
0.0374338626862,
0.0533840656281,
0.053642988205,
0.0366909503937,
0.0370769500732,
0.0233569145203,
0.0238049030304,
0.0277800559998,
0.0284881591797,
0.0369791984558,
0.0378119945526,
0.0302739143372,
0.0312848091125,
0.0327677726746,
0.0339257717133,
0.0269210338593,
0.0277409553528,
0.116364955902,
0.117974042892,
0.05051612854,
0.0507299900055,
0.0230300426483,
0.0234441757202,
0.0264182090759,
0.0274310112,
0.0276761054993,
0.0287611484528,
0.0169332027435,
0.030837059021,
0.0407998561859,
0.0414259433746,
0.0255179405212,
0.0262219905853,
0.0226228237152,
0.0231997966766,
0.0361979007721,
0.037446975708,
0.039263010025,
0.0394530296326,
0.0301930904388,
0.0304090976715,
0.0562131404877,
0.0565860271454,
0.0296499729156,
0.0300869941711,
0.0267169475555,
0.0275518894196,
0.0215301513672,
0.022360086441,
0.0208740234375,
0.0211000442505,
0.0223190784454,
0.0227229595184,
0.0289349555969,
0.0292608737946,
0.0252020359039,
0.0253880023956,
0.0227329730988,
0.0229501724243,
0.0213031768799,
0.0215339660645,
0.0248749256134,
0.0252029895782,
0.0158040523529,
0.0250790119171,
0.0234701633453,
0.0237250328064,
0.0230860710144,
0.0233969688416,
0.0253031253815,
0.0255341529846,
0.0269482135773,
0.0272481441498,
0.0231029987335,
0.0235211849213,
0.0249509811401,
0.0252478122711,
0.0243740081787,
0.0246679782867,
0.0229151248932,
0.023294210434,
0.0229799747467,
0.023332118988,
0.0249390602112,
0.0253660678864,
0.0296249389648,
0.029825925827,
0.023008108139,
0.0232429504395,
0.0293910503387,
0.0296111106873,
0.0287809371948,
0.0290598869324,
0.0275151729584,
0.0278971195221,
0.0269248485565,
0.0272128582001,
0.0351309776306,
0.0356311798096,
0.0218148231506,
0.022253036499,
0.0294561386108,
0.0297331809998,
0.032881975174,
0.0331280231476,
0.0316760540009,
0.0327451229095,
0.0413000583649,
0.0423321723938,
0.0288560390472,
0.0295579433441,
0.027529001236,
0.0281748771667,
0.0198259353638,
0.021075963974,
0.0377728939056,
0.038055896759,
0.0290219783783,
0.0296678543091,
0.0233519077301,
0.0241358280182,
0.0257019996643,
0.026444196701,
0.0235729217529,
0.0246250629425,
0.0228540897369,
0.0234789848328,
0.0238530635834,
0.0246019363403,
0.0218539237976,
0.0220739841461,
0.0253119468689,
0.0257740020752,
0.0241000652313,
0.0244159698486,
0.0237748622894,
0.0239670276642,
0.0287618637085,
0.0299859046936,
0.0228459835052,
0.0237579345703,
0.025801897049,
0.0267858505249,
0.0292739868164,
0.0300309658051,
0.0237460136414,
0.0247201919556,
0.0255279541016,
0.0262670516968,
0.0222699642181,
0.0232138633728,
0.0232229232788,
0.0240321159363,
0.0210919380188,
0.0219838619232,
0.0270071029663,
0.0276300907135,
0.0373599529266,
0.0386469364166,
0.0275259017944,
0.028913974762,
0.0223369598389,
0.0229001045227,
0.0255589485168,
0.0258648395538,
0.0277910232544,
0.029018163681,
0.02747797966,
0.0282649993896,
0.0219321250916,
0.0229699611664,
0.0235288143158,
0.0243718624115,
0.0217170715332,
0.0224890708923,
0.023246049881,
0.0241620540619,
0.0219490528107,
0.0221948623657,
0.0250751972198,
0.0253081321716,
0.0238280296326,
0.0255460739136,
0.0221509933472,
0.0236248970032,
0.0238099098206,
0.0255029201508,
0.0188848972321,
0.0200498104095,
0.110433101654,
0.111108064651,
0.0358819961548,
0.0371971130371,
0.0338449478149,
0.0357100963593,
0.0343670845032,
0.0355072021484,
0.0277769565582,
0.0290710926056,
0.0271739959717,
0.0275740623474,
0.0375220775604,
0.0378031730652,
0.0296151638031,
0.0299019813538,
0.037300825119,
0.0376958847046,
0.0251319408417,
0.0254209041595,
0.0254511833191,
0.0258700847626,
0.0329978466034,
0.033439874649,
0.0256819725037,
0.0259821414948,
0.0334720611572,
0.0348210334778,
0.0317080020905,
0.0321590900421,
0.0221128463745,
0.0225079059601,
0.0291419029236,
0.0293869972229,
0.0384719371796,
0.0391590595245,
0.0243420600891,
0.0252070426941,
0.0212619304657,
0.021980047226,
0.0253329277039,
0.0256888866425,
0.025139093399,
0.0258989334106,
0.0271871089935,
0.0280160903931,
0.0242671966553,
0.0251200199127,
0.0290360450745,
0.0292868614197,
0.0215270519257,
0.0219149589539,
0.0225560665131,
0.0231320858002,
0.0227930545807,
0.0229768753052,
0.02894115448,
0.0291600227356,
0.0242159366608,
0.0251839160919,
0.0224928855896,
0.0234558582306,
0.026113986969,
0.0274479389191,
0.0235950946808,
0.0239140987396,
0.0252070426941,
0.0255010128021,
0.0249760150909,
0.0253739356995,
0.0275390148163,
0.0279181003571,
0.0214099884033,
0.0217118263245,
0.0221428871155,
0.0223639011383,
0.0265281200409,
0.0268230438232,
0.0263111591339,
0.0271921157837,
0.0269780158997,
0.0272669792175,
0.0215458869934,
0.0226709842682,
0.0259158611298,
0.0271799564362,
0.0274188518524,
0.0283579826355,
0.0226759910583,
0.0229470729828,
0.0240321159363,
0.0242111682892,
0.0231671333313,
0.0235531330109,
0.0227959156036,
0.0231640338898,
0.0272941589355,
0.027704000473,
0.0241091251373,
0.0254030227661,
0.0224487781525,
0.0231649875641,
0.0270159244537,
0.0278840065002,
0.0286931991577,
0.0299270153046,
0.0238869190216,
0.0249919891357,
0.0290770530701,
0.0299019813538,
0.0306859016418,
0.0310649871826,
0.0233070850372,
0.0237939357758,
0.0213930606842,
0.0217361450195,
0.113084077835,
0.113669157028,
0.0275530815125,
0.0288231372833,
0.0224089622498,
0.0226709842682,
0.0228300094604,
0.023118019104,
0.0285761356354,
0.0290069580078,
0.0300350189209,
0.0307908058167,
0.0236940383911,
0.0250310897827,
0.0282361507416,
0.0292429924011,
0.0289578437805,
0.0294709205627,
0.0228199958801,
0.0230660438538,
0.023579120636,
0.0238389968872,
0.0247449874878,
0.02503490448,
0.0244770050049,
0.0247168540955,
0.0222361087799,
0.0224609375,
0.0284271240234,
0.029107093811,
0.0402698516846,
0.0411148071289,
0.0247230529785,
0.0264539718628,
0.107975006104,
0.11013507843,
0.132663965225,
0.133702039719,
0.055431842804,
0.0558080673218,
0.0239419937134,
0.0243349075317,
0.0369999408722,
0.0372629165649,
0.027557849884,
0.0277848243713,
0.02792096138,
0.0281319618225,
0.026654958725,
0.0268940925598,
0.0257999897003,
0.0263059139252,
0.0230870246887,
0.0233290195465,
0.0308802127838,
0.0310981273651,
0.0258660316467,
0.02623295784,
0.025496006012,
0.0257000923157,
0.0530800819397,
0.0536019802094,
0.0254030227661,
0.0256261825562,
0.0342531204224,
0.0346369743347,
0.0288310050964,
0.0290620326996,
0.0404870510101,
0.0415301322937,
0.0243380069733,
0.0249450206757,
0.02587890625,
0.0273277759552,
0.0417590141296,
0.0430328845978,
0.0286021232605,
0.0295679569244,
0.0328521728516,
0.033399105072,
0.0432229042053,
0.0448517799377,
0.0311698913574,
0.0322909355164,
0.0242080688477,
0.0255670547485,
0.022999048233,
0.0238301753998,
0.0261778831482,
0.0272388458252,
0.0267610549927,
0.0275239944458,
0.0341818332672,
0.0351009368896,
0.0290350914001,
0.0299091339111,
0.0283489227295,
0.0291509628296,
0.045933008194,
0.04652094841,
0.0359449386597,
0.0364060401917,
0.0298490524292,
0.0307800769806,
0.0398819446564,
0.0409328937531,
0.0274970531464,
0.0286231040955,
0.0322239398956,
0.0337679386139,
0.0428719520569,
0.043967962265,
0.0329411029816,
0.0343489646912,
0.0348701477051,
0.0361661911011,
0.0283288955688,
0.0296099185944,
0.0364627838135,
0.0381379127502,
0.0173370838165,
0.0175490379333,
0.0420598983765,
0.0422420501709,
0.0233099460602,
0.0243270397186,
0.032665014267,
0.0338070392609,
0.0364711284637,
0.037780046463,
0.0263681411743,
0.0276529788971,
0.0299918651581,
0.0312879085541,
0.0247411727905,
0.025826215744,
0.0243110656738,
0.024729013443,
0.0233299732208,
0.0236051082611,
0.0279531478882,
0.02885222435,
0.0226240158081,
0.0235328674316,
0.016361951828,
0.0166039466858,
0.0243830680847,
0.0247669219971,
0.0256259441376,
0.0273458957672,
0.0214550495148,
0.0216870307922,
0.0337610244751,
0.0346238613129,
0.0356171131134,
0.0366239547729,
0.0318958759308,
0.033166885376,
0.027792930603,
0.028666973114,
0.0296361446381,
0.0307171344757,
0.038654088974,
0.0398330688477,
0.0348541736603,
0.0360181331635,
0.0455100536346,
0.0472249984741,
0.0316498279572,
0.0330238342285,
0.0310499668121,
0.0318591594696,
0.0305051803589,
0.0322489738464,
0.0258989334106,
0.0272281169891,
0.034218788147,
0.0361559391022,
0.0317478179932,
0.0328259468079,
0.0394420623779,
0.0412199497223,
0.0300559997559,
0.03107213974,
0.0422389507294,
0.0436930656433,
0.0343818664551,
0.0358548164368,
0.0436699390411,
0.0449321269989,
0.0466818809509,
0.0479547977448,
0.0263609886169,
0.0269029140472,
0.0284459590912,
0.0288269519806,
0.0289840698242,
0.0303990840912,
0.0282199382782,
0.0284669399261,
0.0336320400238,
0.0339269638062,
0.0275511741638,
0.0279841423035,
0.0425770282745,
0.0430889129639,
0.0333490371704,
0.0337669849396,
0.0297360420227,
0.0311229228973,
0.0232789516449,
0.023649930954,
0.0304100513458,
0.0307579040527,
0.026407957077,
0.0272319316864,
0.037880897522,
0.038745880127,
0.0281250476837,
0.0290069580078,
0.0270729064941,
0.0277168750763,
0.0369529724121,
0.0378019809723,
0.0285089015961,
0.0297529697418,
0.033707857132,
0.0346169471741,
0.0348711013794,
0.0357151031494,
0.0279941558838,
0.0290951728821,
0.0349071025848,
0.0357000827789,
0.0335559844971,
0.0344331264496,
0.038871049881,
0.0396280288696,
0.0279479026794,
0.0285770893097,
0.0288729667664,
0.0302510261536,
0.0312111377716,
0.0319530963898,
0.0247399806976,
0.0258140563965,
0.0245530605316,
0.0257959365845,
0.0293290615082,
0.0300760269165,
0.0375089645386,
0.0385670661926,
0.0292108058929,
0.0301859378815,
0.0299689769745,
0.0303831100464,
0.0331079959869,
0.0345590114594,
0.0309619903564,
0.0315759181976,
0.0277171134949,
0.0279440879822,
0.0305860042572,
0.0310831069946,
0.0267028808594,
0.0275900363922,
0.0371949672699,
0.0375919342041,
0.0236330032349,
0.02397108078,
0.0246341228485,
0.0255110263824,
0.0320489406586,
0.0329151153564,
0.0344059467316,
0.0351839065552,
0.0346400737762,
0.0352861881256,
0.0371060371399,
0.0377840995789,
0.0213899612427,
0.0216779708862,
0.021106004715,
0.0215420722961,
0.0227839946747,
0.0236129760742,
0.0238571166992,
0.0242421627045,
0.0273070335388,
0.02760887146,
0.0215101242065,
0.0219259262085,
0.0242390632629,
0.0259709358215,
0.0217039585114,
0.0219120979309,
0.0273180007935,
0.0275139808655,
0.0221419334412,
0.0225269794464,
0.0244030952454,
0.0246720314026,
0.0386939048767,
0.0402698516846,
0.0247900485992,
0.0262370109558,
0.0248219966888,
0.0259799957275,
0.0264570713043,
0.0282399654388,
0.0373229980469,
0.0383141040802,
0.0264229774475,
0.0266988277435,
0.0334150791168,
0.0345151424408,
0.0308711528778,
0.0317389965057,
0.0418708324432,
0.0430610179901,
0.0308530330658,
0.0320148468018,
0.0275909900665,
0.0290589332581,
0.0244078636169,
0.0255599021912,
0.0366418361664,
0.0370519161224,
0.0272188186646,
0.0276498794556,
0.0253260135651,
0.0255889892578,
0.0274310112,
0.0276968479156,
0.0233840942383,
0.0237669944763,
0.0219550132751,
0.0221989154816,
0.0337510108948,
0.0340511798859,
0.0249948501587,
0.025454044342,
0.0235719680786,
0.0239949226379,
0.0216290950775,
0.0218770503998,
0.0215129852295,
0.0218498706818,
0.027458190918,
0.0277621746063,
0.0277700424194,
0.0281682014465,
0.0281739234924,
0.0295269489288,
0.022784948349,
0.0239720344543,
0.0141479969025,
0.015025138855,
0.0441031455994,
0.0453469753265,
0.0308871269226,
0.0327270030975,
0.0342121124268,
0.0353848934174,
0.0257959365845,
0.0262157917023,
0.0252130031586,
0.0260560512543,
0.0252301692963,
0.0260360240936,
0.0333580970764,
0.0340001583099,
0.0289440155029,
0.0297060012817,
0.0300590991974,
0.0303690433502,
0.0381472110748,
0.0395882129669,
0.0282621383667,
0.0291049480438,
0.030886888504,
0.0325498580933,
0.0259890556335,
0.0269069671631,
0.0292661190033,
0.02947306633,
0.0274631977081,
0.0277910232544,
0.031299829483,
0.0323219299316,
0.0308310985565,
0.0310399532318,
0.0405640602112,
0.0410470962524,
0.0307471752167,
0.031060218811,
0.0284340381622,
0.0291571617126,
0.0353338718414,
0.0357339382172,
0.0387070178986,
0.0400469303131,
0.0306940078735,
0.0318610668182,
0.0251741409302,
0.0262501239777,
0.0368111133575,
0.0380489826202,
0.0281200408936,
0.0294930934906,
0.0240769386292,
0.0254209041595,
0.0318648815155,
0.0327429771423,
0.0263688564301,
0.0275239944458,
0.0338351726532,
0.0353231430054,
0.0384061336517,
0.0396280288696,
0.0433979034424,
0.0449249744415,
0.0340390205383,
0.0350861549377,
0.0331590175629,
0.0339570045471,
0.0425539016724,
0.0438570976257,
0.0324988365173,
0.0338129997253,
0.0334010124207,
0.0348720550537,
0.0216319561005,
0.0225489139557,
0.0661759376526,
0.0672450065613,
0.0241339206696,
0.0250799655914,
0.022971868515,
0.0234310626984,
0.0273020267487,
0.0281372070312,
0.0276970863342,
0.0287311077118,
0.025407075882,
0.0257160663605,
0.0234339237213,
0.0236768722534,
0.0259702205658,
0.0262360572815,
0.0217349529266,
0.0221059322357,
0.0289180278778,
0.0292820930481,
0.023145198822,
0.0242660045624,
0.0275728702545,
0.0278828144073,
0.0213289260864,
0.0215480327606,
0.0234491825104,
0.0237240791321,
0.0216059684753,
0.0219979286194,
0.0233960151672,
0.0236160755157,
0.0269200801849,
0.0271990299225,
0.0213038921356,
0.0216310024261,
0.0239901542664,
0.0242400169373,
0.0285120010376,
0.0296330451965,
0.0275540351868,
0.0277409553528,
0.025591135025,
0.0260059833527,
0.0237770080566,
0.0239760875702,
0.0277450084686,
0.0281608104706,
0.0223338603973,
0.0227339267731,
0.0214791297913,
0.021721124649,
0.021901845932,
0.0221168994904,
0.0245289802551,
0.0251789093018,
0.0222609043121,
0.0225188732147,
0.0286419391632,
0.0291111469269,
0.0243020057678,
0.0247609615326,
0.0215737819672,
0.0218479633331,
0.0282588005066,
0.0286009311676,
0.0233738422394,
0.0244588851929,
0.0282020568848,
0.0295310020447,
0.0878291130066,
0.0882210731506,
0.0348927974701,
0.0353019237518,
0.0272748470306,
0.0283048152924,
0.0459718704224,
0.0466108322144,
0.0329220294952,
0.0341980457306,
0.0286340713501,
0.0297949314117,
0.0299360752106,
0.0312440395355,
0.0217010974884,
0.023334980011,
0.0367250442505,
0.0371699333191,
0.0438401699066,
0.0440831184387,
0.0351068973541,
0.0354568958282,
0.0294761657715,
0.0298750400543,
0.0243170261383,
0.0250551700592,
0.0259501934052,
0.0268361568451,
0.0225870609283,
0.022931098938,
0.0223648548126,
0.0233039855957,
0.0275740623474,
0.0279340744019,
0.0242028236389,
0.0249738693237,
0.0330181121826,
0.0338079929352,
0.0258688926697,
0.0269389152527,
0.0237720012665,
0.0240340232849,
0.0227329730988,
0.0231399536133,
0.0235378742218,
0.0237410068512,
0.0259609222412,
0.0263440608978,
0.0217988491058,
0.02205991745,
0.0260100364685,
0.0268161296844,
0.0239100456238,
0.0241870880127,
0.0220410823822,
0.0223610401154,
0.0214469432831,
0.0218830108643,
0.0215840339661,
0.0218169689178,
0.0279397964478,
0.0281939506531,
0.0261340141296,
0.0265629291534,
0.0214130878448,
0.0216500759125,
0.0237500667572,
0.0239970684052,
0.0225398540497,
0.0228128433228,
0.0216929912567,
0.0220639705658,
0.0245859622955,
0.0250329971313,
0.0230860710144,
0.0232901573181,
0.0289421081543,
0.0293412208557,
0.0242149829865,
0.0244810581207,
0.0241792201996,
0.0257260799408,
0.0347220897675,
0.0362629890442,
0.0256519317627,
0.0264029502869,
0.0257120132446,
0.0265700817108,
0.0253751277924,
0.0262429714203,
0.0233409404755,
0.0236911773682,
0.0241229534149,
0.0247490406036,
0.0234138965607,
0.0242328643799,
0.0291860103607,
0.0302140712738,
0.0239419937134,
0.0243208408356,
0.0264620780945,
0.0266361236572,
0.0224139690399,
0.0227608680725,
0.0234611034393,
0.0237171649933,
0.0271651744843,
0.0273551940918,
0.0214500427246,
0.0216879844666,
0.0241549015045,
0.0246520042419,
0.0258910655975,
0.026239156723,
0.0211689472198,
0.0214080810547,
0.038430929184,
0.0390968322754,
0.0281870365143,
0.0300090312958,
0.0230851173401,
0.0233371257782,
0.0257680416107,
0.0261890888214,
0.0216488838196,
0.0218830108643,
0.0248599052429,
0.0252559185028,
0.0439140796661,
0.0444729328156,
0.0347099304199,
0.0361108779907,
0.0287938117981,
0.030003786087,
0.0286588668823,
0.0301280021667,
0.0267879962921,
0.0286049842834,
0.0296659469604,
0.0311579704285,
0.0330760478973,
0.0343549251556,
0.0300760269165,
0.0319039821625,
0.0271489620209,
0.0284440517426,
0.0285968780518,
0.0288970470428,
0.0254228115082,
0.0256948471069,
0.0236649513245,
0.0240430831909,
0.0255010128021,
0.0258600711823,
0.0213840007782,
0.0217168331146,
0.0270240306854,
0.0272860527039,
0.023285150528,
0.0235440731049,
0.0296349525452,
0.0300710201263,
0.0245640277863,
0.026319026947,
0.0298480987549,
0.0309550762177,
0.0307018756866,
0.0309588909149,
0.0239410400391,
0.0243558883667,
0.0212409496307,
0.0214850902557,
0.0224578380585,
0.023316860199,
0.038302898407,
0.0396308898926,
0.0297479629517,
0.0302309989929,
0.0276591777802,
0.0279731750488,
0.0239341259003,
0.0245051383972,
0.0229179859161,
0.0241858959198,
0.0239579677582,
0.0249810218811,
0.0302670001984,
0.0304689407349,
0.0254440307617,
0.0257511138916,
0.02365899086,
0.0240409374237,
0.0234088897705,
0.0242278575897,
0.0508499145508,
0.0511720180511,
0.0313630104065,
0.0317721366882,
0.0375649929047,
0.0379090309143,
0.0245869159698,
0.0258958339691,
0.0345470905304,
0.0350680351257,
0.0266370773315,
0.0270729064941,
0.0443260669708,
0.0455510616302,
0.0333700180054,
0.0336391925812,
0.0900528430939,
0.0903708934784,
0.0283148288727,
0.0289008617401,
0.0365028381348,
0.0368208885193,
0.0270829200745,
0.0285239219666,
0.0275139808655,
0.0283489227295,
0.0433909893036,
0.0554540157318,
0.0238418579102,
0.0245518684387,
0.0352189540863,
0.0354690551758,
0.0420670509338,
0.0424120426178,
0.0676090717316,
0.0687530040741,
0.0341958999634,
0.0344579219818,
0.024031162262,
0.0244669914246,
0.0245649814606,
0.0248279571533,
0.0273129940033,
0.0275971889496,
0.0333790779114,
0.0349459648132,
0.0254249572754,
0.0263109207153,
0.029757976532,
0.030611038208,
0.0344851016998,
0.0356221199036,
0.0233631134033,
0.0242550373077,
0.0339150428772,
0.0347540378571,
0.023903131485,
0.0245921611786,
0.0246150493622,
0.0255990028381,
0.0246660709381,
0.0255999565125,
0.025918006897,
0.0266590118408,
0.024796962738,
0.0258409976959,
0.0238130092621,
0.0246829986572,
0.0247611999512,
0.0260560512543,
0.0244770050049,
0.0261659622192,
0.0237550735474,
0.0239851474762,
0.024787902832,
0.0250208377838,
0.024936914444,
0.0252199172974,
0.0487067699432,
0.0490927696228,
0.025505065918,
0.0258920192719,
0.0246920585632,
0.0249090194702,
0.0228199958801,
0.0232439041138,
0.0230119228363,
0.0232310295105,
0.0226850509644,
0.0238840579987,
0.0284440517426,
0.0292429924011,
0.021721124649,
0.0219931602478,
0.0246698856354,
0.0250840187073,
0.0327560901642,
0.0330331325531,
0.0336210727692,
0.0339231491089,
0.0325639247894,
0.0329439640045,
0.0234990119934,
0.0237441062927,
0.0219628810883,
0.022353887558,
0.0229008197784,
0.0245800018311,
0.0252389907837,
0.0262701511383,
0.0266299247742,
0.0280919075012,
0.025778055191,
0.0269260406494,
0.0378799438477,
0.0382359027863,
0.0247650146484,
0.0252079963684,
0.0256319046021,
0.0260879993439,
0.0243589878082,
0.0245609283447,
0.0208201408386,
0.0211219787598,
0.0277259349823,
0.0279760360718,
0.0221028327942,
0.0232157707214,
0.0277769565582,
0.0285978317261,
0.0258779525757,
0.0277760028839,
0.0404231548309,
0.0406680107117,
0.0345098972321,
0.03498005867,
0.0273768901825,
0.0278029441833,
0.034698009491,
0.0351550579071,
0.0282371044159,
0.0285320281982,
0.0468049049377,
0.0472049713135,
0.0297329425812,
0.0299370288849,
0.024090051651,
0.0244030952454,
0.0298969745636,
0.0309190750122,
0.0492739677429,
0.0494759082794,
0.0336821079254,
0.0345339775085,
0.0397498607635,
0.0437779426575,
0.0276989936829,
0.0289220809937,
0.024316072464,
0.0251638889313,
0.0302450656891,
0.0313858985901,
0.0300939083099,
0.0320158004761,
0.0345361232758,
0.0361859798431,
0.0345208644867,
0.0356168746948,
0.0277240276337,
0.0391998291016,
0.03449010849,
0.0359191894531,
0.0360069274902,
0.0373520851135,
0.0314331054688,
0.0328600406647,
0.0274291038513,
0.0283491611481,
0.0258028507233,
0.0263850688934,
0.04918384552,
0.0501439571381,
0.0245730876923,
0.0257179737091,
0.0402090549469,
0.0406351089478,
0.0271520614624,
0.0274288654327,
0.0328600406647,
0.0331461429596,
0.0308351516724,
0.0310471057892,
0.0255868434906,
0.0297048091888,
0.0324730873108,
0.0328600406647,
0.0370919704437,
0.0380959510803,
0.038428068161,
0.0386950969696,
0.0260260105133,
0.026340007782,
0.0302259922028,
0.0311329364777,
0.0231268405914,
0.0237469673157,
0.0228598117828,
0.0237939357758,
0.0547389984131,
0.0561180114746,
0.0274238586426,
0.0287499427795,
0.0536868572235,
0.0539569854736,
0.0220518112183,
0.0223128795624,
0.02960896492,
0.0307500362396,
0.0292959213257,
0.0299289226532,
0.0238709449768,
0.0251021385193,
0.0228412151337,
0.0238330364227,
0.0251429080963,
0.0265998840332,
0.0260300636292,
0.0273430347443,
0.0303518772125,
0.0321028232574,
0.0279400348663,
0.0281498432159,
0.0231931209564,
0.0235030651093,
0.0281710624695,
0.0297741889954,
0.0688438415527,
0.0693168640137,
0.0245440006256,
0.0247750282288,
0.0229499340057,
0.0232110023499,
0.0226981639862,
0.024227142334,
0.0245418548584,
0.0252029895782,
0.0238189697266,
0.0242118835449,
0.0241677761078,
0.0245327949524,
0.0236709117889,
0.0238609313965,
0.0215840339661,
0.0220329761505,
0.0235888957977,
0.0239779949188,
0.0243949890137,
0.0256431102753,
0.0299220085144,
0.0310831069946,
0.0278210639954,
0.0290989875793,
0.0281100273132,
0.0290281772614,
0.0307281017303,
0.0324339866638,
0.0315041542053,
0.0326521396637,
0.0276129245758,
0.0291221141815,
0.0246539115906,
0.0259718894958,
0.0338079929352,
0.0349910259247,
0.0349230766296,
0.0356380939484,
0.0299248695374,
0.0315589904785,
0.0246059894562,
0.0262460708618,
0.0224721431732