0.0292279720306
0.0299019813538
0.0290629863739
0.0295519828796
0.0296277999878
0.0301339626312
0.0290129184723
0.0298049449921
0.0277810096741
0.0283110141754
0.0406219959259
0.0412728786469
0.0276057720184
0.0283689498901
0.0282838344574
0.0293409824371
0.0267238616943
0.0273199081421
0.0483529567719
0.04856300354
0.0275819301605
0.0281949043274
0.0276319980621
0.0283980369568
0.0349440574646
0.0362341403961
0.0360009670258
0.0362310409546
0.0244760513306
0.0248539447784
0.0319089889526
0.0320889949799
0.0292518138885
0.0306470394135
0.036376953125
0.0368440151215
0.0257499217987
0.0264928340912
0.0394809246063
0.0409419536591
0.0315828323364
0.0317938327789
0.0268080234528
0.02698802948
0.0303421020508
0.0318369865417
0.0325870513916
0.0328290462494
0.0319931507111
0.0322799682617
0.031229019165
0.0314722061157
0.031928062439
0.0325589179993
0.0302140712738
0.0304090976715
0.0253009796143
0.0255408287048
0.0282349586487
0.0284287929535
0.032329082489
0.0325539112091
0.0279319286346
0.0281100273132
0.0509722232819
0.0514461994171
0.0375890731812
0.0381100177765
0.0287199020386
0.0289418697357
0.0268371105194
0.0270891189575
0.0335118770599
0.0337300300598
0.0624830722809
0.0626649856567
0.0232429504395
0.0234189033508
0.029552936554
0.0297999382019
0.0259289741516
0.0261559486389
0.0211319923401
0.0213539600372
0.0282559394836
0.0284729003906
0.0335988998413
0.0338859558105
0.0237669944763
0.0239391326904
0.031683921814
0.0318570137024
0.0341868400574
0.0343768596649
0.0216360092163
0.0218889713287
0.0269889831543
0.0271689891815
0.0278220176697
0.0280599594116
0.0231981277466
0.0235550403595
0.027801990509
0.0280478000641
0.0259208679199
0.026123046875
0.0284471511841
0.029107093811
0.0266449451447
0.0271470546722
0.0380020141602
0.0381960868835
0.0256929397583
0.0258748531342
0.0310099124908
0.0318598747253
0.0240550041199
0.0242948532104
0.0334370136261
0.0339379310608
0.0350449085236
0.0357859134674
0.0283770561218
0.0285558700562
0.0241248607635
0.0243039131165
0.0240650177002
0.0242710113525
0.028489112854
0.0291991233826
0.0288290977478
0.0298368930817
0.0282990932465
0.0290949344635
0.0327060222626
0.0329830646515
0.0272340774536
0.0279841423035
0.050283908844
0.0505290031433
0.0906610488892
0.0909008979797
0.0327398777008
0.0330648422241
0.0238108634949
0.0244460105896
0.0269739627838
0.0278108119965
0.027820110321
0.0290081501007
0.0376179218292
0.0384638309479
0.0253901481628
0.0263979434967
0.0240769386292
0.0242691040039
0.039421081543
0.0397279262543
0.0396921634674
0.0398700237274
0.0245220661163
0.024708032608
0.0253388881683
0.0256319046021
0.0322091579437
0.032436132431
0.0263628959656
0.0266618728638
0.0272600650787
0.0280191898346
0.0303361415863
0.0305681228638
0.0281138420105
0.0283019542694
0.0314798355103
0.0334417819977
0.0275058746338
0.0279319286346
0.0321309566498
0.0324790477753
0.0511238574982
0.051374912262
0.0372269153595
0.0376608371735
0.0358071327209
0.0362501144409
0.040207862854
0.0406649112701
0.0321609973907
0.0325870513916
0.0277309417725
0.0279378890991
0.0358870029449
0.0364000797272
0.0378069877625
0.0393869876862
0.0263690948486
0.0274550914764
0.0301311016083
0.0308270454407
0.03049492836
0.0317809581757
0.0337619781494
0.0349941253662
0.0430150032043
0.0436949729919
0.0319790840149
0.0321581363678
0.0277078151703
0.0286729335785
0.0362811088562
0.0364880561829
0.0283420085907
0.0287070274353
0.026829957962
0.0270268917084
0.0279040336609
0.0280740261078
0.0324509143829
0.0327219963074
0.0280530452728
0.0282361507416
0.0368161201477
0.0376791954041
0.111368179321
0.111618995667
0.0282120704651
0.0284080505371
0.0276730060577
0.0282261371613
0.0386559963226
0.0388979911804
0.0217089653015
0.0219068527222
0.0281870365143
0.0284481048584
0.0261199474335
0.0263288021088
0.0260350704193
0.0269241333008
0.0398228168488
0.0405898094177
0.0346958637238
0.0348827838898
0.0288689136505
0.0290458202362
0.026535987854
0.0267450809479
0.0330140590668
0.0333681106567
0.0329420566559
0.0335161685944
0.0258960723877
0.0260848999023
0.0255630016327
0.0257830619812
0.0288670063019
0.0290489196777
0.0607750415802
0.0612981319427
0.0272841453552
0.0275280475616
0.0321538448334
0.0324869155884
0.0290150642395
0.0292041301727
0.0278580188751
0.0282919406891
0.0498960018158
0.0505151748657
0.0326762199402
0.0331900119781
0.0323231220245
0.0331339836121
0.0349769592285
0.0361549854279
0.0350649356842
0.0362949371338
0.0265700817108
0.0276441574097
0.0237190723419
0.0245752334595
0.0286870002747
0.0292730331421
0.0543079376221
0.0550179481506
0.0217320919037
0.0219411849976
0.0301089286804
0.0304508209229
0.0294940471649
0.0297391414642
0.0235419273376
0.0241229534149
0.026468038559
0.0271389484406
0.0288569927216
0.0297200679779
0.0324611663818
0.0343019962311
0.0218358039856
0.0220530033112
0.0327451229095
0.0329339504242
0.0331568717957
0.0335268974304
0.0288081169128
0.0290269851685
0.0295488834381
0.0303399562836
0.0355699062347
0.0357580184937
0.0407249927521
0.0409698486328
0.0303599834442
0.0306689739227
0.0277500152588
0.0281090736389
0.0257411003113
0.025918006897
0.0257070064545
0.025906085968
0.0276739597321
0.0284280776978
0.0366818904877
0.0376348495483
0.0388331413269
0.0393040180206
0.0335841178894
0.0340890884399
0.0405840873718
0.041570186615
0.0300400257111
0.030580997467
0.0339829921722
0.0352630615234
0.0350620746613
0.0362439155579
0.0334010124207
0.0335819721222
0.0254399776459
0.0264809131622
0.0313210487366
0.0315029621124
0.031023979187
0.0312421321869
0.0340390205383
0.0343730449677
0.0223309993744
0.0233550071716
0.0293970108032
0.0295798778534
0.0400800704956
0.0402569770813
0.0238740444183
0.0240709781647
0.027184009552
0.0286722183228
0.025829076767
0.0265820026398
0.0233480930328
0.0235819816589
0.0231971740723
0.0233821868896
0.0378150939941
0.0384449958801
0.0452659130096
0.0462868213654
0.0136690139771
0.0259108543396
0.0292510986328
0.0301880836487
0.0422060489655
0.0432670116425
0.0279569625854
0.0286750793457
0.0261549949646
0.0263149738312
0.0368590354919
0.0384001731873
0.0361189842224
0.0372288227081
0.0235240459442
0.0245430469513
0.0294761657715
0.0303661823273
0.023500919342
0.0242149829865
0.0300259590149
0.0302197933197
0.0286748409271
0.029433965683
0.0295071601868
0.0304169654846
0.0385899543762
0.0421760082245
0.0320219993591
0.0326600074768
0.0403459072113
0.0405900478363
0.0347142219543
0.0351710319519
0.0250689983368
0.0253839492798
0.0497591495514
0.0500030517578
0.0335240364075
0.0337729454041
0.0339548587799
0.0342040061951
0.0310089588165
0.0312888622284
0.0239989757538
0.0242919921875
0.0279250144958
0.0281071662903
0.0231831073761
0.0233550071716
0.0271348953247
0.0274329185486
0.0249540805817
0.0252261161804
0.0233950614929
0.0246329307556
0.0362439155579
0.0365519523621
0.0364019870758
0.0368189811707
0.0303990840912
0.0307700634003
0.0288290977478
0.0290701389313
0.0287191867828
0.0289430618286
0.0247709751129
0.0250010490417
0.0290739536285
0.0299029350281
0.0298218727112
0.0306298732758
0.0303061008453
0.0310590267181
0.0238471031189
0.0240211486816
0.0229489803314
0.0344231128693
0.0273289680481
0.0275177955627
0.0295000076294
0.0302979946136
0.0253307819366
0.0260648727417
0.0290050506592
0.0292220115662
0.0282549858093
0.0284390449524
0.0287270545959
0.0289189815521
0.0275659561157
0.0277659893036
0.0297000408173
0.0299260616302
0.0272998809814
0.02747797966
0.0224008560181
0.0226249694824
0.0246870517731
0.0249109268188
0.0258760452271
0.026123046875
0.0262968540192
0.0264809131622
0.0267279148102
0.0274240970612
0.0325298309326
0.0328729152679
0.0510749816895
0.0520989894867
0.0294082164764
0.0296010971069
0.0356130599976
0.03630900383
0.0303211212158
0.0311050415039
0.0238370895386
0.0248100757599
0.0305089950562
0.0313239097595
0.0580291748047
0.0586400032043
0.0369670391083
0.0375769138336
0.0403439998627
0.0413498878479
0.0226318836212
0.0234310626984
0.0260419845581
0.0262207984924
0.0346510410309
0.0348210334778
0.0257890224457
0.0259799957275
0.0279858112335
0.0281579494476
0.0315730571747
0.0317740440369
0.0219519138336
0.0221879482269
0.0289039611816
0.0290830135345
0.0254821777344
0.0256731510162
0.0269410610199
0.0271480083466
0.0272629261017
0.0275189876556
0.0268568992615
0.0270709991455
0.0237820148468
0.0240218639374
0.0440528392792
0.0443019866943
0.0293278694153
0.0302908420563
0.0244541168213
0.0252470970154
0.0246210098267
0.024934053421
0.0432510375977
0.043958902359
0.0350849628448
0.0355749130249
0.0314419269562
0.0319859981537
0.0269179344177
0.0282828807831
0.016389131546
0.0284540653229
0.0470280647278
0.0477201938629
0.0546479225159
0.0550169944763
0.0301659107208
0.0303928852081
0.0336420536041
0.0340049266815
0.0323729515076
0.032595872879
0.02774310112
0.0281100273132
0.0283942222595
0.0290632247925
0.0318839550018
0.0320918560028
0.0272490978241
0.0275881290436
0.0305411815643
0.0307631492615
0.0294790267944
0.029657125473
0.0327968597412
0.0334098339081
0.028177022934
0.0286550521851
0.0376970767975
0.0383250713348
0.0290379524231
0.0292599201202
0.0336441993713
0.0338821411133
0.0414788722992
0.0417470932007
0.02476811409
0.0249440670013
0.0350270271301
0.0352108478546
0.0396511554718
0.0399670600891
0.0265979766846
0.0268089771271
0.0308191776276
0.0316030979156
0.030189037323
0.030876159668
0.0258820056915
0.026839017868
0.0230438709259
0.0239617824554
0.0338428020477
0.0347769260406
0.0357608795166
0.0366370677948
0.0650041103363
0.0658149719238
0.0268399715424
0.0275049209595
0.0442218780518
0.0449948310852
0.040060043335
0.0407989025116
0.0345470905304
0.0351750850677
0.0467479228973
0.0473790168762
0.0327210426331
0.0335981845856
0.0393288135529
0.0404388904572
0.0258569717407
0.0264639854431
0.0230560302734
0.0232260227203
0.100907087326
0.101344108582
0.0381870269775
0.0383660793304
0.0252890586853
0.0256109237671
0.0275208950043
0.0277740955353
0.0272290706635
0.0274701118469
0.0319559574127
0.0332679748535
0.0320298671722
0.032320022583
0.0300359725952
0.0326797962189
0.0433170795441
0.0439789295197
0.0477001667023
0.0497620105743
0.0530140399933
0.0536460876465
0.0406668186188
0.0413739681244
0.0306680202484
0.0309319496155
0.0339951515198
0.0341851711273
0.0310270786285
0.0320699214935
0.0262439250946
0.0264549255371
0.0274200439453
0.0275940895081
0.0219810009003
0.0231580734253
0.0296549797058
0.0308120250702
0.0285310745239
0.0295720100403
0.050831079483
0.0511069297791
0.0255060195923
0.0263240337372
0.0286130905151
0.0288419723511
0.0315687656403
0.0317528247833
0.0235531330109
0.0237410068512
0.0255658626556
0.0258078575134
0.0378751754761
0.0380580425262
0.0342810153961
0.0344541072845
0.0321230888367
0.0323910713196
0.025722026825
0.025906085968
0.0307929515839
0.0309889316559
0.0316410064697
0.0318260192871
0.0287630558014
0.0289769172668
0.0299270153046
0.030109167099
0.0311539173126
0.0313348770142
0.0293509960175
0.0299019813538
0.0273990631104
0.0276300907135
0.0359451770782
0.0368411540985
0.0314347743988
0.0322179794312
0.0281181335449
0.0283110141754
0.021980047226
0.0221409797668
0.0288150310516
0.0290009975433
0.0275611877441
0.02774310112
0.0270788669586
0.0273098945618
0.0288219451904
0.0289959907532
0.0216100215912
0.0222110748291
0.0296380519867
0.030070066452
0.0308740139008
0.0311260223389
0.02401304245
0.0242600440979
0.0312991142273
0.0315310955048
0.0268590450287
0.0270631313324
0.0252170562744
0.0255470275879
0.026300907135
0.0269420146942
0.0298569202423
0.0305881500244
0.0275840759277
0.0283770561218
0.0263929367065
0.0265591144562
0.032644033432
0.0329239368439
0.0322639942169
0.0325849056244
0.0328001976013
0.0331161022186
0.0269520282745
0.027153968811
0.0281419754028
0.0283639431
0.0384440422058
0.0386569499969
0.03262591362
0.0328319072723
0.0310010910034
0.03133893013
0.0369989871979
0.0371880531311
0.0284609794617
0.028627872467
0.0276041030884
0.0278470516205
0.0370988845825
0.0372760295868
0.032478094101
0.0326509475708
0.0316989421844
0.0319168567657
0.0311968326569
0.0314140319824
0.0409700870514
0.0411639213562
0.0278298854828
0.0281648635864
0.0361430644989
0.0372738838196
0.026654958725
0.0271918773651
0.0318579673767
0.0329840183258
0.0289340019226
0.029109954834
0.0289239883423
0.03022813797
0.0271291732788
0.0274341106415
0.0227258205414
0.0229530334473
0.0243759155273
0.0246069431305
0.0302619934082
0.0304429531097
0.0269198417664
0.0272300243378
0.0256638526917
0.0258388519287
0.0335249900818
0.0343570709229
0.029923915863
0.0306890010834
0.0283510684967
0.0285491943359
0.0255370140076
0.0266728401184
0.0291049480438
0.0292558670044
0.0262861251831
0.0264830589294
0.0219831466675
0.0221841335297
0.0257699489594
0.0260450839996
0.0224549770355
0.0226669311523
0.0291950702667
0.0294790267944
0.0452539920807
0.0459220409393
0.0742909908295
0.0746598243713
0.0235719680786
0.0237729549408
0.0290598869324
0.0292549133301
0.022430896759
0.0226578712463
0.0285408496857
0.0287220478058
0.0275988578796
0.0278928279877
0.0275831222534
0.0280511379242
0.0373060703278
0.0379459857941
0.0243651866913
0.0247151851654
0.0220658779144
0.0222790241241
0.0265069007874
0.0277800559998
0.0240669250488
0.0242691040039
0.0262091159821
0.0263750553131
0.0271320343018
0.0273299217224
0.0227711200714
0.0229780673981
0.0256109237671
0.0258190631866
0.0268728733063
0.0281100273132
0.027065038681
0.0276420116425
0.0302848815918
0.0304760932922
0.0264308452606
0.0268499851227
0.0224199295044
0.0235948562622
0.02161693573
0.0224339962006
0.0284390449524
0.0299088954926
0.0282311439514
0.0286359786987
0.0265011787415
0.0267779827118
0.0282459259033
0.0285627841949
0.0362260341644
0.0364630222321
0.0279769897461
0.0282299518585
0.0357298851013
0.0359230041504
0.0274250507355
0.0277590751648
0.0301129817963
0.0304388999939
0.0269298553467
0.0271217823029
0.0317900180817
0.0321369171143
0.0244100093842
0.0255358219147
0.0352330207825
0.0354721546173
0.0342719554901
0.034451007843
0.0381071567535
0.0383460521698
0.056431055069
0.0567798614502
0.0409409999847
0.0411880016327
0.0397400856018
0.0409219264984
0.0287418365479
0.0289719104767
0.0264320373535
0.0271861553192
0.0282809734344
0.0284991264343
0.0319180488586
0.0321710109711
0.0273690223694
0.0275609493256
0.0280590057373
0.0283000469208
0.0296981334686
0.0299830436707
0.0280539989471
0.0284440517426
0.0262989997864
0.027163028717
0.0278668403625
0.0287408828735
0.037257194519
0.0386772155762
0.0412571430206
0.0418140888214
0.0442728996277
0.0445148944855
0.0276520252228
0.0278279781342
0.026270866394
0.0265598297119
0.0308871269226
0.0322291851044
0.0307919979095
0.0311601161957
0.0308299064636
0.0310208797455
0.0271370410919
0.0276999473572
0.0292949676514
0.0308711528778
0.0287349224091
0.0294189453125
0.0306460857391
0.0308690071106
0.0244011878967
0.0246319770813
0.0258960723877
0.0262169837952
0.0264899730682
0.0266981124878
0.0210309028625
0.0213389396667
0.0277087688446
0.0286078453064
0.0265688896179
0.0283279418945
0.0306439399719
0.0309607982635
0.0229549407959
0.0231940746307
0.0251820087433
0.025425195694
0.0257711410522
0.0267360210419
0.0310230255127
0.0317358970642
0.032646894455
0.0333979129791
0.0330419540405
0.0336740016937
0.0289950370789
0.0292670726776
0.0308830738068
0.0310890674591
0.0249121189117
0.0251450538635
0.0366659164429
0.0372428894043
0.0296809673309
0.0304679870605
0.0327098369598
0.0330128669739
0.0412678718567
0.0425078868866
0.032151222229
0.0323362350464
0.0318460464478
0.0321850776672
0.0284450054169
0.0292959213257
0.0272600650787
0.0274360179901
0.0230848789215
0.0233199596405
0.026782989502
0.0269570350647
0.0345280170441
0.0347170829773
0.0226471424103
0.0233559608459
0.0280709266663
0.0289459228516
0.0377018451691
0.0380129814148
0.0332479476929
0.033490896225
0.0378310680389
0.0385529994965
0.0283660888672
0.0290539264679
0.0241799354553
0.0248639583588
0.0267748832703
0.0269439220428
0.0224571228027
0.022675037384
0.0335969924927
0.0344479084015
0.0412220954895
0.0415089130402
0.0248670578003
0.0250289440155
0.0366640090942
0.0368502140045
0.0228559970856
0.023120880127
0.045441865921
0.0456638336182
0.0402579307556
0.0410499572754
0.0245769023895
0.0247960090637
0.0234551429749
0.0236301422119
0.0224809646606
0.0232119560242
0.022313117981
0.0230441093445
0.0316121578217
0.031779050827
0.0262548923492
0.0264239311218
0.026524066925
0.0267219543457
0.0277121067047
0.0278811454773
0.0308430194855
0.0310249328613
0.0377259254456
0.038015127182
0.0378520488739
0.0389461517334
0.0770890712738
0.0780351161957
0.0575411319733
0.0578551292419
0.0272588729858
0.027498960495
0.0543360710144
0.055006980896
0.0287179946899
0.0289490222931
0.0303318500519
0.0305190086365
0.0297498703003
0.0299320220947
0.03306889534
0.0333058834076
0.0366699695587
0.0368909835815
0.0282909870148
0.0284779071808
0.0240070819855
0.0243408679962
0.0311470031738
0.0314571857452
0.0288028717041
0.0290620326996
0.0321660041809
0.032408952713
0.0226631164551
0.0228791236877
0.027293920517
0.0276219844818
0.0427119731903
0.0435321331024
0.0258681774139
0.0267560482025
0.0264661312103
0.0275311470032
0.0233559608459
0.0244810581207
0.0319199562073
0.0320889949799
0.0230338573456
0.0232028961182
0.0264530181885
0.0271098613739
0.025691986084
0.0258610248566
0.0405080318451
0.0407269001007
0.0305790901184
0.0308511257172
0.0321838855743
0.0323889255524
0.0267159938812
0.0269889831543
0.0236508846283
0.0238318443298
0.0307009220123
0.0308828353882
0.0346300601959
0.0348479747772
0.02623295784
0.0268321037292
0.029275894165
0.0294549465179
0.0344839096069
0.0350408554077
0.0240800380707
0.0248219966888
0.0307788848877
0.0311880111694
0.0294198989868
0.0303008556366
0.0365631580353
0.0367381572723
0.0288529396057
0.0296239852905
0.0312578678131
0.0326399803162
0.0343480110168
0.0351541042328
0.033637046814
0.0339379310608
0.0405919551849
0.0408267974854
0.0378441810608
0.0380311012268
0.0329940319061
0.0332088470459
0.0285649299622
0.0292057991028
0.027801990509
0.0280480384827
0.0255968570709
0.0257890224457
0.0221080780029
0.022360086441
0.0252630710602
0.0255031585693
0.029146194458
0.0298490524292
0.0294849872589
0.0302491188049
0.0319440364838
0.0322661399841
0.0262069702148
0.0264348983765
0.0230689048767
0.0238530635834
0.0299890041351
0.0301718711853
0.0323488712311
0.032646894455
0.0276970863342
0.0279221534729
0.0270099639893
0.0272259712219
0.0269038677216
0.0272078514099
0.0264499187469
0.02663397789
0.152946949005
0.153548002243
0.0344560146332
0.0357129573822
0.0277879238129
0.0279660224915
0.0258769989014
0.0260639190674
0.0229120254517
0.0245640277863
0.0249590873718
0.0252301692963
0.0297479629517
0.0299639701843
0.029611825943
0.0298488140106
0.0262150764465
0.0266439914703
0.0450999736786
0.045793056488
0.0357360839844
0.0364410877228
0.037978887558
0.0389108657837
0.0345418453217
0.0358829498291
0.0283720493317
0.0285580158234
0.0276489257812
0.0278871059418
0.0269210338593
0.0275318622589
0.0262060165405
0.0264108181
0.0223219394684
0.0226359367371
0.0257558822632
0.0259370803833
0.0254240036011
0.025621175766
0.025349855423
0.0256428718567
0.0371658802032
0.0374948978424
0.0324099063873
0.0328729152679
0.0271520614624
0.0278379917145
0.0288410186768
0.0294499397278
0.0399348735809
0.0401120185852
0.0395209789276
0.0396978855133
0.0306341648102
0.0308749675751
0.0418820381165
0.0421259403229
0.031583070755
0.0321869850159
0.0216059684753
0.0217950344086
0.0295050144196
0.0297780036926
0.0248980522156
0.0251049995422
0.0339868068695
0.0346219539642
0.0279378890991
0.0287599563599
0.0316789150238
0.0326159000397
0.0307259559631
0.0309231281281
0.0215690135956
0.0217711925507
0.0266308784485
0.0269389152527
0.0303399562836
0.0305449962616
0.0262129306793
0.0264048576355
0.0255379676819
0.0257909297943
0.0251998901367
0.0254118442535
0.0320880413055
0.0324609279633
0.0272037982941
0.0274178981781
0.0303640365601
0.031023979187
0.0330989360809
0.0333309173584
0.0289099216461
0.0293929576874
0.0347521305084
0.0350360870361
0.030247926712
0.0317399501801
0.0271618366241
0.0274889469147
0.0316801071167
0.031996011734
0.0251679420471
0.0254189968109
0.0316898822784
0.0333378314972
0.0308699607849
0.031131029129
0.0293691158295
0.0297181606293
0.0317039489746
0.0319159030914
0.0229070186615
0.0238718986511
0.030070066452
0.0319650173187
0.0250608921051
0.0253889560699
0.0300631523132
0.0303480625153
0.0231609344482
0.0235168933868
0.0226950645447
0.0229399204254
0.0290598869324
0.0300269126892
0.027263879776
0.0274848937988
0.0292689800262
0.0305140018463
0.0286049842834
0.0288639068604
0.0253040790558
0.0255229473114
0.0279910564423
0.0287780761719
0.023188829422
0.0234439373016
0.0310409069061
0.0313279628754
0.0253610610962
0.0256850719452
0.032016992569
0.0323209762573
0.0288081169128
0.0291690826416
0.0328171253204
0.0335721969604
0.0263850688934
0.026566028595
0.0288829803467
0.0290629863739
0.026643037796
0.0268359184265
0.0265381336212
0.0267660617828
0.0310850143433
0.0314381122589
0.0268850326538
0.0270938873291
0.0883572101593
0.0890691280365
0.0273358821869
0.0276169776917
0.0455718040466
0.046334028244
0.0341241359711
0.0347421169281
0.0567328929901
0.0573260784149
0.053474187851
0.0543529987335
0.0358519554138
0.0364470481873
0.0347239971161
0.0353801250458
0.0271670818329
0.0274670124054
0.0235118865967
0.0238418579102
0.0344049930573
0.0347030162811
0.0276491641998
0.0279340744019
0.0310249328613
0.0312118530273
0.038754940033
0.0389530658722
0.0256869792938
0.0259771347046
0.0222070217133
0.023001909256
0.0255179405212
0.0257458686829
0.0325210094452
0.0327751636505
0.0272381305695
0.0274951457977
0.0287020206451
0.0288798809052
0.0283958911896
0.0286538600922
0.0350511074066
0.0357670783997
0.0244629383087
0.0247869491577
0.0359840393066
0.036315202713
0.0279741287231
0.02827501297
0.0321998596191
0.032763004303
0.038565158844
0.0390801429749
0.0271608829498
0.0274419784546
0.0294349193573
0.0301160812378
0.022794008255
0.0233170986176
0.0180940628052
0.0268518924713
0.0165340900421
0.0236740112305
0.0349769592285
0.0356938838959
0.0374050140381
0.0387802124023
0.0317459106445
0.0320529937744
0.0281958580017
0.0286359786987
0.0377879142761
0.038596868515
0.0472679138184
0.0475859642029
0.0303299427032
0.0306680202484
0.0408818721771
0.0411050319672
0.0293068885803
0.0295329093933
0.0257189273834
0.0260620117188
0.0291290283203
0.0293290615082
0.026290178299
0.0264921188354
0.0314860343933
0.0317580699921
0.0317919254303
0.0321218967438
0.0265851020813
0.0274729728699
0.0307800769806
0.0311870574951
0.0228040218353
0.0229849815369
0.0430181026459
0.0433180332184
0.0317389965057
0.0319218635559
0.0293169021606
0.029522895813
0.0265808105469
0.02681183815
0.0272960662842
0.027538061142
0.0408411026001
0.0419499874115
0.0277948379517
0.0283629894257
0.0218589305878
0.0221381187439
0.0286998748779
0.0293600559235
0.0304291248322
0.031081199646
0.0266029834747
0.0271680355072
0.0292088985443
0.0299978256226
0.0400910377502
0.0402691364288
0.0272929668427
0.0275239944458
0.0277948379517
0.0279619693756
0.0272479057312
0.0274250507355
0.0321888923645
0.0323879718781
0.0274090766907
0.0276200771332
0.0259160995483
0.026093006134
0.0249660015106
0.0252020359039
0.033527135849
0.0344800949097
0.0263340473175
0.0267159938812
0.0391888618469
0.0399768352509
0.0271589756012
0.0273969173431
0.0272419452667
0.0275750160217
0.0274450778961
0.0276119709015
0.03329205513
0.0335190296173
0.0277419090271
0.02792096138
0.0224421024323
0.0226550102234
0.0259318351746
0.0262458324432
0.0304050445557
0.0306708812714
0.0225620269775
0.0229349136353
0.0286519527435
0.0289359092712
0.0317058563232
0.0327529907227
0.0258369445801
0.0269289016724
0.0288078784943
0.0290238857269
0.0240180492401
0.0242519378662
0.0309619903564
0.0317189693451
0.0361800193787
0.037073135376
0.0320601463318
0.0329301357269
0.0154550075531
0.0161180496216
0.0288751125336
0.0290760993958
0.0259368419647
0.0261259078979
0.0317950248718
0.0327219963074
0.0407288074493
0.0410239696503
0.0392189025879
0.0403668880463
0.0310370922089
0.0318288803101
0.035628080368
0.0360949039459
0.0267941951752
0.0274350643158
0.032702922821
0.0334408283234
0.0319268703461
0.0330328941345
0.0442221164703
0.045606136322
0.0370221138
0.0377421379089
0.032289981842
0.0330069065094
0.0222330093384
0.0224571228027
0.0285520553589
0.0293869972229
0.0257868766785
0.025955915451
0.0289628505707
0.0291638374329
0.0232419967651
0.0239498615265
0.0305600166321
0.0320670604706
0.0320019721985
0.0330018997192
0.0304019451141
0.0310759544373
0.0264270305634
0.0276138782501
0.0277149677277
0.0287170410156
0.0223610401154
0.0389471054077
0.0332169532776
0.0347580909729
0.0396239757538
0.0401699542999
0.0374908447266
0.037976026535
0.0247459411621
0.0249240398407
0.0269649028778
0.0274930000305
0.0262560844421
0.0266771316528
0.0303869247437
0.0314710140228
0.0240340232849
0.024847984314
0.0293748378754
0.0302720069885
0.0305500030518
0.0312550067902
0.0260519981384
0.0262768268585
0.0271239280701
0.0273349285126
0.0275940895081
0.0278449058533
0.0270900726318
0.0272798538208
0.0237090587616
0.0247941017151
0.0302700996399
0.0311679840088
0.0235900878906
0.0239300727844
0.0239989757538
0.0243690013885
0.0283029079437
0.0285139083862
0.0280358791351
0.0287108421326
0.0360310077667
0.0363669395447
0.0317099094391
0.0319299697876
0.0400087833405
0.0408449172974
0.031763792038
0.0333378314972
0.0268080234528
0.0269918441772
0.0307860374451
0.0310070514679
0.0286118984222
0.0289390087128
0.033182144165
0.0335001945496
0.0248651504517
0.0251870155334
0.0285918712616
0.0289099216461
0.0307669639587
0.0310990810394
0.0281341075897
0.0288691520691
0.0285601615906
0.0296020507812
0.0272011756897
0.0274109840393
0.0289509296417
0.0291469097137
0.0298941135406
0.0300800800323
0.0330610275269
0.0337829589844
0.0315539836884
0.0326359272003
0.0269680023193
0.0271978378296
0.0301489830017
0.0311799049377
0.0250329971313
0.0252220630646
0.0302231311798
0.030403137207
0.0213100910187
0.0215270519257
0.0283398628235
0.0285518169403
0.0265340805054
0.027232170105
0.0337669849396
0.0343089103699
0.0303471088409
0.0305681228638
0.0436248779297
0.0453109741211
0.0313959121704
0.0322649478912
0.0334720611572
0.0349400043488
0.0524189472198
0.0527548789978
0.0228409767151
0.0230560302734
0.0278689861298
0.028137922287
0.0236999988556
0.0239379405975
0.0301110744476
0.0304582118988
0.0279741287231
0.0282440185547
0.0309028625488
0.0311918258667
0.0277538299561
0.0279397964478
0.0311510562897
0.031366109848
0.0347461700439
0.0349831581116
0.0278060436249
0.0279910564423
0.0305299758911
0.0314030647278
0.0260620117188
0.0268449783325
0.0336508750916
0.0348269939423
0.0364232063293
0.0366361141205
0.0317840576172
0.032487154007
0.013619184494
0.0256330966949
0.0276188850403
0.0278429985046
0.026300907135
0.0264859199524
0.0310919284821
0.0314030647278
0.0262980461121
0.0269410610199
0.0380918979645
0.0389258861542
0.0536849498749
0.0546288490295
0.027547121048
0.0277819633484
0.0333080291748
0.0335018634796
0.0222589969635
0.0224740505219
0.0270051956177
0.0279021263123
0.029205083847
0.0294759273529
0.0491759777069
0.0493559837341
0.0397589206696
0.0399289131165
0.0331950187683
0.0334000587463
0.0361499786377
0.0363349914551
0.0326089859009
0.0328059196472
0.0253720283508
0.0258641242981
0.0281720161438
0.0290870666504
0.0225341320038
0.0227379798889
0.0402450561523
0.0413520336151
0.0480308532715
0.048887014389
0.0307371616364
0.0321350097656
0.0306539535522
0.0309629440308
0.0233108997345
0.02348279953
0.0309329032898
0.031867980957
0.0263161659241
0.0270662307739
0.0276670455933
0.0279099941254
0.0274608135223
0.0276758670807
0.0341639518738
0.0351419448853
0.0319621562958
0.0329341888428
0.0311968326569
0.0322608947754
0.041069984436
0.0413281917572
0.0280559062958
0.0282549858093
0.0241069793701
0.0243639945984
0.0275428295135
0.0277168750763
0.0278420448303
0.0285701751709
0.0239820480347
0.0245878696442
0.0236740112305
0.0243721008301
0.0269989967346
0.0278558731079
0.0308229923248
0.0311470031738
0.0261380672455
0.0263428688049
0.0265371799469
0.027713060379
0.0337541103363
0.0340020656586
0.0297639369965
0.0302851200104
0.0338051319122
0.0343141555786
0.029139995575
0.0297510623932
0.0323040485382
0.0333149433136
0.0213367938995
0.0217127799988
0.0324859619141
0.0333850383759
0.0323350429535
0.0331020355225
0.0309371948242
0.0335350036621
0.0239069461823
0.0247631072998
0.0628600120544
0.0636739730835
0.0221440792084
0.0223369598389
0.0284538269043
0.0286297798157
0.0323691368103
0.0325720310211
0.0264608860016
0.0266690254211
0.0303750038147
0.0305562019348
0.0304639339447
0.0306968688965
0.0344290733337
0.0352940559387
0.026829957962
0.0274500846863
0.0291850566864
0.0306191444397
0.0314970016479
0.0317690372467
0.0259528160095
0.0261428356171
0.0324549674988
0.0326459407806
0.0309791564941
0.03156208992
0.0347299575806
0.0357129573822
0.0281271934509
0.0283210277557
0.0366230010986
0.0368068218231
0.0307259559631
0.0310349464417
0.0408041477203
0.0412471294403
0.0267119407654
0.0272109508514
0.0267498493195
0.0272998809814
0.0274879932404
0.0284509658813
0.0372288227081
0.037782907486
0.035462141037
0.0356841087341
0.0391428470612
0.0394179821014
0.0390841960907
0.0393199920654
0.033392906189
0.0341670513153
0.0298781394958
0.0303170681
0.02867603302
0.0291450023651
0.0509769916534
0.0519590377808
0.0790870189667
0.0792579650879
0.0320379734039
0.0330138206482
0.0323159694672
0.0325839519501
0.048837184906
0.0491349697113
0.0289750099182
0.0293300151825
0.0315148830414
0.0324418544769
0.0332129001617
0.0335228443146
0.0356788635254
0.0358679294586
0.0326030254364
0.0328221321106
0.0343561172485
0.0345189571381
0.0303070545197
0.030522108078
0.0250790119171
0.0265190601349
0.0320498943329
0.0324790477753
0.0240681171417
0.0243351459503
0.0215628147125
0.021833896637
0.0275318622589
0.0280518531799
0.0254781246185
0.0267140865326
0.0290567874908
0.0298428535461
0.0257830619812
0.0265431404114
0.0294489860535
0.0303349494934
0.0316841602325
0.0359101295471
0.0212640762329
0.0239119529724
0.0269029140472
0.029974937439
0.030534029007
0.0312559604645
0.0299251079559
0.0311040878296
0.0255658626556
0.0265648365021
0.0354790687561
0.0364460945129
0.0304849147797
0.03125
0.0420289039612
0.042298078537
0.0282440185547
0.0291140079498
0.029256105423
0.0301010608673
0.0313539505005
0.0319731235504
0.0216751098633
0.0224800109863
0.0255110263824
0.026967048645
0.028126001358
0.0284337997437
0.031879901886
0.0324199199677
0.0407228469849
0.0410089492798
0.0276908874512
0.0281400680542
0.0289659500122
0.0296170711517
0.0357060432434
0.03635597229
0.033586025238
0.0343191623688
0.0352540016174
0.0355288982391
0.0226900577545
0.0229239463806
0.0277559757233
0.0284399986267
0.0346999168396
0.0354719161987
0.0280079841614
0.0288140773773
0.0265188217163
0.0273458957672
0.0182490348816
0.0420150756836
0.0338709354401
0.0347719192505
0.0222730636597
0.0234990119934
0.0317718982697
0.0331358909607
0.0372719764709
0.03755402565
0.0347721576691
0.0356020927429
0.027410030365
0.0277240276337
0.0320999622345
0.0323629379272
0.0221409797668
0.0225019454956
0.0331029891968
0.0337488651276
0.0366859436035
0.0369348526001
0.0359761714935
0.0364961624146
0.0249710083008
0.0307340621948
0.0254559516907
0.0275280475616
0.0352230072021
0.0360929965973
0.0380449295044
0.0390100479126
0.0273520946503
0.0275480747223
0.0282809734344
0.0285019874573
0.0301599502563
0.0303900241852
0.0224740505219
0.022716999054
0.0289850234985
0.0295839309692
0.0462567806244
0.0464198589325
0.0402472019196
0.0404369831085
0.030946969986
0.0311489105225
0.0306470394135
0.0318400859833
0.0260379314423
0.0262110233307
0.0341279506683
0.0343918800354
0.040943145752
0.0417301654816
0.0389580726624
0.0397231578827
0.029324054718
0.0295178890228
0.0276119709015
0.0278899669647
0.0428788661957
0.0430810451508
0.0485680103302
0.0489130020142
0.0230140686035
0.023243188858
0.0273628234863
0.0275518894196
0.0268959999084
0.0270819664001
0.0253410339355
0.0255100727081
0.0212981700897
0.0219302177429
0.0283269882202
0.0289978981018
0.029807806015
0.0310227870941
0.0259649753571
0.0261509418488
0.0328330993652
0.0332200527191
0.0490660667419
0.0499839782715
0.0507199764252
0.0513250827789
0.0221440792084
0.0227689743042
0.032744884491
0.0341448783875
0.0275521278381
0.0288021564484
0.0288710594177
0.0299751758575
0.0328071117401
0.0338790416718
0.0282499790192
0.0293390750885
0.0331079959869
0.0341668128967
0.0362429618835
0.0364680290222
0.0248308181763
0.0257449150085
0.0261330604553
0.02654504776
0.0338978767395
0.0341238975525
0.026829957962
0.0276050567627
0.03187084198
0.0325338840485
0.0308880805969
0.0317718982697
0.0311388969421
0.0319349765778
0.0271470546722
0.0279920101166
0.0407288074493
0.0409088134766
0.0486660003662
0.0496900081635
0.0471251010895
0.0479061603546
0.0389339923859
0.0390980243683
0.0362560749054
0.0364429950714
0.0275769233704
0.0277779102325
0.034539937973
0.0347189903259
0.0469388961792
0.0471699237823
0.0652070045471
0.0655000209808
0.0376532077789
0.0379250049591
0.0452511310577
0.0454609394073
0.0440471172333
0.0443210601807
0.0280420780182
0.0283060073853
0.0333981513977
0.0335831642151
0.0303640365601
0.031231880188
0.0376160144806
0.0382680892944
0.0340061187744
0.0356130599976
0.026801109314
0.0270011425018
0.0262980461121
0.0264780521393
0.0326008796692
0.0327749252319
0.0272130966187
0.0289211273193
0.0727689266205
0.0884308815002
0.0162410736084
0.0164511203766
0.0282502174377
0.0284321308136
0.0266101360321
0.0268459320068
0.0289599895477
0.0291430950165
0.0281050205231
0.0283348560333
0.0210251808167
0.0212790966034
0.0261039733887
0.0265719890594
0.0309128761292
0.0321249961853
0.0287930965424
0.0307140350342
0.0272748470306
0.027587890625
0.0274410247803
0.0304980278015
0.0315048694611
0.0325489044189
0.0308690071106
0.0311949253082
0.0440340042114
0.0443589687347
0.0409798622131
0.0429670810699
0.0263550281525
0.0266480445862
0.0512030124664
0.0518679618835
0.0290958881378
0.0292530059814
0.0254809856415
0.0256609916687
0.0301401615143
0.0303630828857
0.0356049537659
0.035796880722
0.0383400917053
0.0386219024658
0.0271620750427
0.0273749828339
0.031730890274
0.0330419540405
0.0330929756165
0.0332918167114
0.0364038944244
0.0366690158844
0.0396931171417
0.039932012558
0.0223109722137
0.0225229263306
0.0233280658722
0.0235171318054
0.0310349464417
0.0312428474426
0.0295660495758
0.0297820568085
0.0357730388641
0.0359449386597
0.0323488712311
0.0325338840485
0.0342881679535
0.0355291366577
0.0305559635162
0.0314099788666
0.0245959758759
0.0255341529846
0.0302929878235
0.0305089950562
0.0298070907593
0.0300350189209
0.0327990055084
0.0333940982819
0.0282771587372
0.0287890434265
0.0371870994568
0.0384931564331
0.0327990055084
0.0334868431091
0.028843164444
0.029060125351
0.0215930938721
0.0218100547791
0.0273761749268
0.0275840759277
0.0267479419708
0.0270090103149
0.0252299308777
0.0254120826721
0.0371289253235
0.0372951030731
0.030730009079
0.0310051441193
0.0297100543976
0.030387878418
0.0293290615082
0.0304009914398
0.0224471092224
0.022714138031
0.0244491100311
0.0246200561523
0.0270209312439
0.0272629261017
0.0289778709412
0.0292298793793
0.0265729427338
0.0279519557953
0.0308840274811
0.0310459136963
0.111654043198
0.112560033798
0.0506250858307
0.0517520904541
0.0258481502533
0.0260281562805
0.0299890041351
0.030280828476
0.0297410488129
0.02996301651
0.0254220962524
0.0256071090698
0.0256102085114
0.0258071422577
0.0277998447418
0.0279769897461
0.0263409614563
0.0265350341797
0.0263228416443
0.0265669822693
0.0248439311981
0.0250239372253
0.030021905899
0.0322868824005
0.0278990268707
0.0281431674957
0.032958984375
0.0337219238281
0.0205860137939
0.020840883255
0.0264790058136
0.0267090797424
0.0269210338593
0.0271129608154
0.0277440547943
0.0280258655548
0.0271029472351
0.0274579524994
0.0246820449829
0.027172088623
0.0218818187714
0.0227439403534
0.0341799259186
0.0351600646973
0.0148270130157
0.033665895462
0.0317840576172
0.0320310592651
0.0317499637604
0.0319910049438
0.0308711528778
0.0310571193695
0.0329949855804
0.0332059860229
0.0291440486908
0.030161857605
0.0370280742645
0.0371830463409
0.0316801071167
0.0318911075592
0.0324139595032
0.0325667858124
0.0334799289703
0.0337059497833
0.0409989356995
0.0413229465485
0.0275628566742
0.0279839038849
0.0312540531158
0.0314779281616
0.025899887085
0.0266170501709
0.0278148651123
0.0285179615021
0.0289740562439
0.0292000770569
0.023619890213
0.0247659683228
0.0271949768066
0.0275280475616
0.0272350311279
0.0282649993896
0.0293200016022
0.0296950340271
0.0303711891174
0.030611038208
0.0272710323334
0.0274600982666
0.0270218849182
0.0272018909454
0.0267357826233
0.0272920131683
0.0266959667206
0.0272169113159
0.0329608917236
0.0331430435181
0.0242800712585
0.0244619846344
0.0281388759613
0.0287818908691
0.0247929096222
0.0254199504852
0.0272378921509
0.0275449752808
0.0273411273956
0.0282380580902
0.0265738964081
0.0267720222473
0.0267059803009
0.0272078514099
0.0268349647522
0.0274810791016
0.029855966568
0.0300710201263
0.0291759967804
0.0296819210052
0.0292599201202
0.0302457809448
0.0302670001984
0.030455827713
0.0306670665741
0.0309510231018
0.0301561355591
0.0303401947021
0.0405230522156
0.0407149791718
0.030130147934
0.0303130149841
0.0256450176239
0.0258150100708
0.02903008461
0.02920794487
0.0322959423065
0.0324828624725
0.0239689350128
0.0241539478302
0.0366640090942
0.0369000434875
0.028548002243
0.0310969352722
0.0302782058716
0.030727148056
0.0341069698334
0.0346961021423
0.0332760810852
0.0340209007263
0.0238080024719
0.0241599082947
0.0296120643616
0.0302529335022
0.0265429019928
0.026713848114
0.0334229469299
0.0342469215393
0.0331010818481
0.0332841873169
0.0261800289154
0.0265381336212
0.0294280052185
0.029648065567
0.0255198478699
0.0257158279419
0.0311281681061
0.0313260555267
0.0351500511169
0.035453081131
0.0226249694824
0.0228078365326
0.0320439338684
0.0326030254364
0.0396988391876
0.040846824646
0.0297119617462
0.0329999923706
0.0461599826813
0.0468800067902
0.0626490116119
0.0633029937744
0.0384299755096
0.0386090278625
0.0468730926514
0.047101020813
0.0214200019836
0.0216920375824
0.037346124649
0.0375771522522
0.0362629890442
0.0365300178528
0.0255241394043
0.0263669490814
0.0291929244995
0.0305349826813
0.0298109054565
0.0303189754486
0.0255651473999
0.0258419513702
0.0251669883728
0.0254061222076
0.035148859024
0.0354278087616
0.0324609279633
0.0332510471344
0.028881072998
0.0295720100403
0.033096075058
0.0339109897614
0.0334379673004
0.0345230102539
0.0230929851532
0.0236937999725
0.0255091190338
0.0257189273834
0.0287170410156
0.0288908481598
0.0231630802155
0.0243849754333
0.0262949466705
0.0264620780945
0.0259821414948
0.0261490345001
0.0313248634338
0.0315029621124
0.0286619663239
0.0288691520691
0.0312509536743
0.0315399169922
0.0230128765106
0.0232110023499
0.0314841270447
0.0317029953003
0.0313229560852
0.0315098762512
0.0284821987152
0.0286910533905
0.0279109477997
0.0280978679657
0.0275020599365
0.0276830196381
0.0268700122833
0.0270659923553
0.035257101059
0.0355582237244
0.0322408676147
0.0337209701538
0.0264930725098
0.0268111228943
0.0260260105133
0.0264458656311
0.0320558547974
0.0323770046234
0.0309429168701
0.0311279296875
0.0314600467682
0.0318849086761
0.0305368900299
0.0307469367981
0.0334730148315
0.0343809127808
0.0324740409851
0.0326540470123
0.0317430496216
0.0319249629974
0.0311269760132
0.0313320159912
0.0350568294525
0.035404920578
0.0274391174316
0.0282371044159
0.0300290584564
0.0309600830078
0.0405831336975
0.041296005249
0.0359029769897
0.0360860824585
0.0399041175842
0.0405530929565
0.0563089847565
0.0565669536591
0.0438189506531
0.0439870357513
0.0278291702271
0.0280160903931
0.0373499393463
0.0376858711243
0.0255279541016
0.0258657932281
0.0229270458221
0.0231499671936
0.0259799957275
0.0276050567627
0.025918006897
0.0265719890594
0.0321578979492
0.0332369804382
0.0427420139313
0.0433468818665
0.0402088165283
0.0403847694397
0.0273649692535
0.0283110141754
0.0370540618896
0.0382821559906
0.0245718955994
0.0254058837891
0.0340220928192
0.0348510742188
0.0336320400238
0.0343449115753
0.0342879295349
0.0350329875946
0.0379500389099
0.0381851196289
0.0284340381622
0.029440164566
0.0218138694763
0.0220749378204
0.0221710205078
0.0224049091339
0.0292429924011
0.0294680595398
0.0246419906616
0.024836063385
0.0315799713135
0.0328588485718
0.0327689647675
0.0337879657745
0.0332870483398
0.0341989994049
0.0281310081482
0.0283019542694
0.040696144104
0.0414199829102
0.0342559814453
0.0351569652557
0.0614650249481
0.06165599823
0.0330138206482
0.0342409610748
0.0284700393677
0.0287439823151
0.0225670337677
0.0227818489075
0.0298001766205
0.0300531387329
0.0265009403229
0.0266830921173
0.0268471240997
0.0270991325378
0.0343489646912
0.0345411300659
0.0385529994965
0.0394020080566
0.0250470638275
0.0252380371094
0.026312828064
0.026841878891
0.0376648902893
0.03799700737
0.0281128883362
0.0282890796661
0.0315577983856
0.0317418575287
0.0269110202789
0.0280020236969
0.031956911087
0.0327320098877
0.0364151000977
0.0368161201477
0.0265669822693
0.0273208618164
0.0264999866486
0.0276429653168
0.0157790184021
0.0159630775452
0.0283389091492
0.0288128852844
0.0309159755707
0.0314400196075
0.0341680049896
0.0346140861511
0.0265600681305
0.0276582241058
0.0229339599609
0.0236930847168
0.031327009201
0.0324351787567
0.0324258804321
0.0327680110931
0.0259571075439
0.0261499881744
0.0255811214447
0.0259711742401
0.0316162109375
0.0319151878357
0.0309040546417
0.0310640335083
0.028468132019
0.0287029743195
0.0328390598297
0.0337700843811
0.0301749706268
0.0309600830078
0.0295190811157
0.0303719043732
0.0359718799591
0.0369029045105
0.0297598838806
0.0301198959351
0.025680065155
0.0261151790619
0.0323190689087
0.0332570075989
0.0276849269867
0.0281729698181
0.0262660980225
0.0264580249786
0.0240428447723
0.0242397785187
0.0254368782043
0.0256397724152
0.0295028686523
0.0296819210052
0.0273349285126
0.0275299549103
0.046972990036
0.047614812851
0.0290441513062
0.0298490524292
0.0315630435944
0.0323770046234
0.0284230709076
0.0293519496918
0.0276689529419
0.0281360149384
0.0244660377502
0.0246939659119
0.0273017883301
0.027529001236
0.0296638011932
0.0304658412933
0.0345990657806
0.0353620052338
0.0359408855438
0.0361149311066
0.0313320159912
0.0315940380096
0.084949016571
0.0855238437653
0.0297200679779
0.0300040245056
0.04798412323
0.0482530593872
0.0415971279144
0.0417940616608
0.0426931381226
0.0431790351868
0.0643618106842
0.0652678012848
0.0322740077972
0.0325949192047
0.0305991172791
0.0314478874207
0.0353009700775
0.0354788303375
0.0328559875488
0.0331120491028
0.0271890163422
0.0284380912781
0.0368461608887
0.0370490550995
0.0375850200653
0.0379390716553
0.0250730514526
0.0253870487213
0.0286591053009
0.0288300514221
0.0263109207153
0.0269520282745
0.031553030014
0.0320320129395
0.022891998291
0.0234408378601
0.0280518531799
0.0286409854889
0.0276482105255
0.0280890464783
0.029669046402
0.0299160480499
0.0128231048584
0.0400750637054
0.0271298885345
0.0273339748383
0.0249741077423
0.0251791477203
0.0277609825134
0.0279319286346
0.0822670459747
0.0826280117035
0.0348341464996
0.0350821018219
0.0364320278168
0.0366358757019
0.0269219875336
0.0271029472351
0.0302221775055
0.0304820537567
0.029510974884
0.0297639369965
0.0343160629272
0.0345270633698
0.032173871994
0.0323369503021
0.0318078994751
0.0325858592987
0.0320649147034
0.0351629257202
0.0298819541931
0.0304269790649
0.0371248722076
0.0373909473419
0.02414894104
0.0245909690857
0.0234169960022
0.0236129760742
0.0402281284332
0.0410261154175
0.0352170467377
0.0357179641724
0.0262110233307
0.0264539718628
0.0328080654144
0.0329961776733
0.0294620990753
0.0298211574554
0.031366109848
0.0316240787506
0.0258049964905
0.02605509758
0.0290939807892
0.0293328762054
0.0372989177704
0.0375978946686
0.0223121643066
0.0229239463806
0.0336930751801
0.0338580608368
0.0212571620941
0.0214610099792
0.0279548168182
0.0281479358673
0.0320911407471
0.0322961807251
0.0288779735565
0.029834985733
0.035346031189
0.0367588996887
0.0285079479218
0.0292859077454
0.0259020328522
0.026417016983
0.0454959869385
0.0463030338287
0.0303840637207
0.0310850143433
0.0380809307098
0.0393579006195
0.0326068401337
0.0333828926086
0.0350790023804
0.0359480381012
0.043426990509
0.0444560050964
0.0399241447449
0.0405821800232
0.0522429943085
0.0525331497192
0.0451691150665
0.0454480648041
0.0266201496124
0.0268270969391
0.0482881069183
0.048641204834
0.0388669967651
0.0399610996246
0.0415480136871
0.0427620410919
0.0435380935669
0.0442810058594
0.0305771827698
0.0312252044678
0.025416135788
0.0257232189178
0.0298359394073
0.0300679206848
0.0224421024323
0.0226681232452
0.0289011001587
0.0291440486908
0.0274178981781
0.0280289649963
0.0424010753632
0.0429990291595
0.0303411483765
0.0308611392975
0.0412659645081
0.0453810691833
0.044881105423
0.0456399917603
0.0288050174713
0.0299808979034
0.0540549755096
0.0542719364166
0.0344889163971
0.0347459316254
0.0337221622467
0.0338871479034
0.021488904953
0.0216670036316
0.0264542102814
0.0266840457916
0.0322899