0.0421628952026
0.0378139019012
0.073930978775
0.0695939064026
0.11057305336
0.105776071548
0.135322093964
0.112586021423
0.147321939468
0.142683982849
0.184193849564
0.171146869659
0.220031023026
0.203804969788
0.238857984543
0.234935998917
0.257909059525
0.251703977585
0.274154901505
0.275090932846
0.29526591301
0.29557800293
0.299510955811
0.295030117035
0.325757026672
0.319255113602
0.35385799408
0.354176998138
0.372340202332
0.372673034668
0.390113115311
0.391116142273
0.42355298996
0.423800945282
0.45042014122
0.434562921524
0.465296030045
0.458908081055
0.488726139069
0.485965967178
0.508167028427
0.508994102478
0.529405117035
0.508274793625
0.545886993408
0.546249866486
0.566334962845
0.566697835922
0.596993923187
0.591830968857
0.625743150711
0.61761713028
0.652915000916
0.653109073639
0.671560049057
0.671840190887
0.687746047974
0.687941074371
0.708279848099
0.708519935608
0.727505922318
0.727870941162
0.728403806686
0.724777936935
0.751320838928
0.732923984528
0.768033981323
0.768383979797
0.792157173157
0.792433023453
0.809406042099
0.803229093552
0.828645944595
0.808351039886
0.840770959854
0.84157204628
0.865854024887
0.860639095306
0.892257928848
0.89289188385
0.904709100723
0.905066013336
0.929655075073
0.909518003464
0.947324037552
0.942899942398
0.978175163269
0.974061965942
1.00897789001
1.00918388367
1.035394907
1.03562688828
1.04485321045
1.04525709152
1.06733608246
1.06754112244
1.09337186813
1.09407997131
1.11792898178
1.11850500107
1.14641594887
1.14676403999
1.16426610947
1.16444611549
1.18710803986
1.18729615211
1.21428012848
1.21447706223
1.24059200287
1.23134088516
1.27099394798
1.27134203911
1.28899908066
1.28932404518
1.31453108788
1.3149561882
1.34568095207
1.32788395882
1.36010503769
1.36031603813
1.3831448555
1.37981700897
1.40728402138
1.38594698906
1.41849994659
1.41885399818
1.44903993607
1.44929003716
1.47370791435
1.45933318138
1.48862600327
1.4835729599
1.51420402527
1.51059412956
1.5369310379
1.532528162
1.55962514877
1.5454249382
1.57254314423
1.56808996201
1.59127211571
1.57626914978
1.60358715057
1.60380411148
1.62772703171
1.62792205811
1.64977812767
1.64996814728
1.66433811188
1.66461205482
1.68945598602
1.68966603279
1.71075701714
1.70853900909
1.7333278656
1.71183800697
1.74547290802
1.74567389488
1.77025413513
1.77044916153
1.79223895073
1.79241704941
1.80716896057
1.80737805367
1.83296895027
1.83314204216
1.85069108009
1.83145999908
1.85735583305
1.85383200645
1.88383793831
1.8788690567
1.90236496925
1.90264701843
1.94657421112
1.93168187141
1.97888493538
1.97909998894
2.02336502075
2.01969599724
2.04282593727
2.04021692276
2.05859994888
2.0447909832
2.07642507553
2.07162094116
2.10112905502
2.09699892998
2.12315106392
2.10502719879
2.12738800049
2.12805318832
2.15963387489
2.15993285179
2.18066000938
2.18097090721
2.19399213791
2.19055604935
2.22289609909
2.22310996056
2.2424621582
2.22675800323
2.24896597862
2.24931001663
2.27509903908
2.2753329277
2.29110693932
2.29138684273
2.3015639782
2.30173802376
2.31681704521
2.31698799133
2.3313729763
2.33158779144
2.36180305481
2.3619890213
2.38463497162
2.3849670887
2.3914399147
2.39046001434
2.41372895241
2.40977501869
2.43647098541
2.43044400215
2.45700287819
2.44194197655
2.46627998352
2.46860194206
2.49337100983
2.48761916161
2.51110196114
2.51165509224
2.53800010681
2.5390791893
2.56149196625
2.55965089798
2.58315300941
2.58168387413
2.61336684227
2.61014008522
2.6486530304
2.63295483589
2.66141295433
2.66160583496
2.68537211418
2.68577504158
2.70794606209
2.70816898346
2.72656416893
2.72306585312
2.75363898277
2.75382995605
2.7802901268
2.78049302101
2.81050300598
2.81074786186
2.83093285561
2.83116197586
2.84166789055
2.84295010567
2.86161494255
2.85784101486
2.89680695534
2.87999796867
2.90950703621
2.90767002106
2.93461585045
2.93478679657
2.9592320919
2.95953297615
2.9803340435
2.98070001602
2.98591208458
2.9818379879
3.01202702522
3.01232790947
3.03413915634
3.03449511528
3.04177594185
3.04204106331
3.06795096397
3.06830692291
3.09872889519
3.09911108017
3.10754704475
3.10779094696
3.13016104698
3.1303999424
3.14900708199
3.14929509163
3.1722509861
3.17247104645
3.17664599419
3.17324709892
3.2022049427
3.20259690285
3.23369383812
3.23389792442
3.25371003151
3.25390386581
3.27217006683
3.27251219749
3.30446600914
3.30467891693
3.33013987541
3.33037209511
3.33633494377
3.33656907082
3.35964298248
3.35759806633
3.39216804504
3.392786026
3.42405819893
3.4246711731
3.43610906601
3.43766403198
3.45942997932
3.45975518227
3.48883795738
3.47190213203
3.5214099884
3.51701784134
3.54745197296
3.54777908325
3.56666493416
3.55103588104
3.58111810684
3.57668209076
3.61152410507
3.60765099525
3.63868999481
3.6389439106
3.66807985306
3.65434193611
3.68822288513
3.68858909607
3.71707201004
3.71745300293
3.74532294273
3.72630977631
3.75333285332
3.75365686417
3.77588009834
3.7785179615
3.80673098564
3.80723690987
3.83402299881
3.81741094589
3.84045982361
3.84138083458
3.86656308174
3.86678099632
3.89665699005
3.89693403244
3.92713093758
3.9099509716
3.94016098976
3.93613386154
3.96397590637
3.95735096931
3.98434495926
3.98460102081
4.00098204613
4.00144195557
4.0198340416
4.0200510025
4.04576802254
4.04600095749
4.06376814842
4.06415319443
4.08744716644
4.08349394798
4.11657786369
4.11679601669
4.12079596519
4.11699414253
4.16029000282
4.16100311279
4.19722604752
4.1974132061
4.28801107407
4.28117012978
4.32059311867
4.32077813148
4.33222293854
4.33285713196
4.34951615334
4.34991502762
4.37447714806
4.37490320206
4.39639997482
4.3966960907
4.41844105721
4.4189851284
4.44602108002
4.44677019119
4.45986700058
4.45605802536
4.49217295647
4.48680686951
4.51323485374
4.49390506744
4.52478098869
4.52505016327
4.54849600792
4.54423809052
4.574187994
4.57111310959
4.60107398033
4.59723901749
4.62354493141
4.62373900414
4.64130091667
4.63981389999
4.66759681702
4.66792488098
4.6884739399
4.68889093399
4.70730614662
4.70768213272
4.73319792747
4.73356485367
4.72636294365
4.7268140316
4.74510598183
4.74532318115
4.7522380352
4.7524600029
4.77624583244
4.77645778656
4.7877869606
4.76980018616
4.80318212509
4.80345606804
4.82702589035
4.8230650425
4.85184288025
4.85216593742
4.85950708389
4.85977101326
4.88676381111
4.88737392426
4.91349101067
4.91432213783
4.9344599247
4.93579792976
4.94933795929
4.94978690147
4.96930599213
4.96979689598
4.99117398262
4.99176883698
5.01213502884
5.01269292831
5.04720902443
5.04766583443
5.06977295876
5.06996178627
5.08855104446
5.08451485634
5.11526584625
5.11119389534
5.14117693901
5.1237859726
5.14920806885
5.1456758976
5.17143702507
5.17206192017
5.20355987549
5.20421886444
5.23767495155
5.23825716972
5.26579499245
5.26640415192
5.28453588486
5.27993917465
5.30621004105
5.30658221245
5.32574486732
5.32611083984
5.35099291801
5.35126805305
5.37887692451
5.37936496735
5.38831615448
5.38288497925
5.406457901
5.40462493896
5.43300795555
5.41456580162
5.44768500328
5.44793581963
5.46790194511
5.46809005737
5.49099111557
5.4912211895
5.5045042038
5.50078892708
5.5248260498
5.52513885498
5.54178094864
5.5419819355
5.56782913208
5.56808805466
5.58036208153
5.58069705963
5.60357499123
5.60377287865
5.62700605392
5.62720489502
5.63791108131
5.63826918602
5.65691018105
5.65709400177
5.68219184875
5.66718387604
5.69560790062
5.6900601387
5.71674513817
5.69713711739
5.72476911545
5.7213768959
5.75102996826
5.75126004219
5.77520799637
5.7754650116
5.7840628624
5.77976202965
5.81784915924
5.81402802467
5.84528183937
5.84559893608
5.86810803413
5.86846113205
5.87812781334
5.87863087654
5.90044617653
5.90082406998
5.92741107941
5.90963506699
5.93656110764
5.93688392639
5.96137499809
5.96161198616
5.98218297958
5.98246598244
5.99331998825
5.98992490768
6.02527499199
6.02110600471
6.0502910614
6.02835488319
6.05728793144
6.05779099464
6.08930182457
6.08956098557
6.11346697807
6.11380910873
6.12826395035
6.12849593163
6.15732598305
6.15754699707
6.18308901787
6.18326807022
6.19905185699
6.19922995567
6.22482299805
6.2250161171
6.2475810051
6.24778485298
6.26893591881
6.26919388771
6.2808470726
6.27607107162
6.30016493797
6.29589891434
6.32520890236
6.31377696991
6.34778785706
6.34445405006
6.37075710297
6.37107992172
6.39796590805
6.39054489136
6.41416692734
6.41458797455
6.41314101219
6.41333508492
6.43016695976
6.43036794662
6.44663095474
6.44681596756
6.46885085106
6.44193696976
6.47328805923
6.46466994286
6.49104785919
6.49122786522
6.50503206253
6.5053050518
6.49930691719
6.49955701828
6.52479696274
6.52017998695
6.55873680115
6.55434584618
6.58072280884
6.58108091354
6.59691810608
6.59712314606
6.62380194664
6.62416481972
6.65354394913
6.65374207497
6.67553591728
6.67590403557
6.69141817093
6.69172215462
6.71367502213
6.71391606331
6.73673391342
6.73338603973
6.75533008575
6.7556219101
6.75983691216
6.76006102562
6.78578019142
6.78599619865
6.81027698517
6.81069397926
6.82427215576
6.82447195053
6.8480899334
6.84830594063
6.86795115471
6.8682141304
6.87921690941
6.87939882278
6.90684509277
6.90724015236
6.91479086876
6.91519498825
6.93620705605
6.9364759922
6.96020007133
6.95351910591
7.01682901382
7.00043606758
7.02946805954
7.03002119064
7.05204391479
7.05231904984
7.07369613647
7.06135606766
7.08180999756
7.08203101158
7.09612894058
7.09636378288
7.11935687065
7.11967492104
7.15139508247
7.14765405655
7.18590497971
7.18180990219
7.22015690804
7.22055888176
7.24013996124
7.24050807953
7.24979996681
7.24342799187
7.2993080616
7.30040502548
7.38011407852
7.37534618378
7.41795611382
7.41828298569
7.43635582924
7.43668985367
7.45643591881
7.45665001869
7.47679114342
7.47721409798
7.50047707558
7.50066685677
7.51878404617
7.51897096634
7.54256510735
7.54304409027
7.58121395111
7.58183288574
7.60163497925
7.58562397957
7.61143302917
7.6066172123
7.64175200462
7.64195203781
7.66452789307
7.65315794945
7.6773109436
7.67141199112
7.71456384659
7.71476888657
7.72017598152
7.72074890137
7.73930096626
7.73644280434
7.7586979866
7.75970983505
7.77940702438
7.77982997894
7.78091311455
7.77882814407
7.80755519867
7.80301594734
7.83040595055
7.81412506104
7.84468007088
7.84487915039
7.86843800545
7.86886906624
7.89075279236
7.89098191261
7.90865206718
7.90883898735
7.93829989433
7.93852996826
7.96164298058
7.96210598946
7.97491598129
7.97515296936
8.00383114815
7.99945211411
8.03028416634
8.02578210831
8.05764007568
8.04665589333
8.07387280464
8.07354998589
8.09521889687
8.09028100967
8.12128686905
8.12175583839
8.13399720192
8.13460016251
8.15572094917
8.15635204315
8.19258403778
8.18219017982
8.22668504715
8.22280502319
8.26482081413
8.26553082466
8.30177593231
8.28110218048
8.31386113167
8.31442904472
8.34457206726
8.33702898026
8.36692094803
8.35648179054
8.38540577888
8.38093590736
8.41038393974
8.40613007545
8.44523096085
8.44565606117
8.46880197525
8.46940493584
8.49022006989
8.49041604996
8.50207901001
8.50278997421
8.53189706802
8.53214097023
8.56282711029
8.56308102608
8.59181809425
8.59285402298
8.67089009285
8.66805410385
8.69279408455
8.69298911095
8.70472407341
8.70509505272
8.72576904297
8.72599411011
8.74963378906
8.74434494972
8.77366495132
8.77389383316
8.79765987396
8.79792904854
8.83138394356
8.83167004585
8.8554930687
8.85586500168
8.88353204727
8.87936091423
8.90693688393
8.89447283745
8.92069482803
8.91622805595
8.94721102715
8.94310283661
8.97153782845
8.97207999229
8.99887800217
8.98472690582
9.01614093781
9.01318597794
9.03764200211
9.03814315796
9.06804800034
9.06823587418
9.07590818405
9.0761590004
9.09431314468
9.09453511238
9.11847090721
9.11869692802
9.14792299271
9.14830303192
9.16768503189
9.16804289818
9.1923019886
9.19251394272
9.21291995049
9.21312403679
9.22019481659
9.22081184387
9.24698996544
9.23872709274
9.27177000046
9.2724070549
9.28909111023
9.28963303566
9.31046485901
9.30681204796
9.33797502518
9.33870196342
9.35792899132
9.34677195549
9.37164497375
9.36843299866
9.39485812187
9.39092302322
9.42176413536
9.40184307098
9.42722702026
9.42253780365
9.45936083794
9.45534706116
9.48691105843
9.46961307526
9.4952340126
9.49547600746
9.51814198494
9.51834487915
9.54474401474
9.5449719429
9.56085085869
9.56110692024
9.58425998688
9.58442306519
9.60466790199
9.6048719883
9.6286110878
9.62878894806
9.65548396111
9.65572214127
9.67543196678
9.67561078072
9.67050409317
9.68966603279
9.70858001709
9.70884299278
9.73334503174
9.73354911804
9.75516986847
9.75535988808
9.77506685257
9.77527880669
9.80464792252
9.80483102798
9.82367801666
9.82386898994
9.84615802765
9.84647202492
9.86872410774
9.86298704147
9.88594603539
9.88615107536
9.9134311676
9.89660215378
9.92789411545
9.92428994179
9.94615292549
9.94689893723
9.96832799911
9.96852493286
9.9784758091
9.97877693176
10.0054051876
10.0059912205
10.0318791866
10.0197899342
10.0540709496
10.054363966
10.0853729248
10.0857219696
10.1048579216
10.1051058769
10.1131680012
10.1135971546
10.1347608566
10.1273059845
10.1557359695
10.1427609921
10.1687140465
10.1689140797
10.1877799034
10.1828529835
10.2146098614
10.2147819996
10.235298872
10.2354669571
10.2574248314
10.2577648163
10.2864091396
10.2867071629
10.3154489994
10.3156380653
10.3262610435
10.3265469074
10.3528869152
10.3533389568
10.3748970032
10.3752830029
10.3802659512
10.3758280277
10.4025349617
10.398827076
10.4292750359
10.4296140671
10.4384229183
10.4386150837
10.462692976
10.4585938454
10.4862589836
10.4716169834
10.5042259693
10.5049049854
10.5388460159
10.5348250866
10.5553889275
10.544919014
10.572548151
10.5728859901
10.608932972
10.6051399708
10.6373758316
10.6377458572
10.6506381035
10.6509690285
10.6772551537
10.6774520874
10.6862158775
10.6864359379
10.707816124
10.7079949379
10.7278020382
10.7281038761
10.7368619442
10.7370669842
10.7597708702
10.7600169182
10.7815771103
10.7818031311
10.8027198315
10.8031008244
10.8131978512
10.8134829998
10.8345220089
10.8298840523
10.8626658916
10.8633089066
10.8877630234
10.8879978657
10.9113838673
10.9115450382
10.9362928867
10.9329929352
10.970209837
10.954461813
10.9845898151
10.9805209637
11.0071089268
11.0075149536
11.0260488987
11.0210311413
11.0524790287
11.0526740551
11.0612089634
11.0614049435
11.0890469551
11.0892810822
11.1162288189
11.116756916
11.1278848648
11.1282157898
11.1504840851
11.150660038
11.176265955
11.1764581203
11.1840960979
11.1843361855
11.2030260563
11.2033560276
11.227203846
11.2276329994
11.2380969524
11.2384049892
11.2610249519
11.2612941265
11.2838120461
11.2840070724
11.3103117943
11.2885489464
11.3164601326
11.3131029606
11.3388998508
11.3393900394
11.3673610687
11.3433098793
11.3781769276
11.3709950447
11.4051930904
11.4053890705
11.4189169407
11.4191188812
11.4457421303
11.4459500313
11.4671831131
11.4535028934
11.4876170158
11.4878399372
11.5100839138
11.510283947
11.5327661037
11.5117759705
11.537113905
11.5332360268
11.5645840168
11.5648059845
11.5873038769
11.5875179768
11.6024560928
11.6026139259
11.6062560081
11.6064600945
11.6276021004
11.6277911663
11.6524050236
11.652575016
11.6769099236
11.6772499084
11.7002329826
11.7004079819
11.731648922
11.7318129539
11.7596180439
11.7600131035
11.7779998779
11.7814700603
11.8273060322
11.8275132179
11.8437891006
11.8440079689
11.8600678444
11.8606278896
11.8879301548
11.8841190338
11.9127340317
11.8923649788
11.9304759502
11.9288978577
11.9544830322
11.9510819912
11.9768559933
11.9763870239
12.0058751106
11.988795042
12.0200059414
12.013584137
12.0438640118
12.0435900688
12.0672409534
12.0492398739
12.0858469009
12.0821769238
12.1109278202
12.107145071
12.1350059509
12.1335380077
12.166577816
12.166877985
12.1678020954
12.1656980515
12.1907491684
12.1909980774
12.2452309132
12.2456028461
12.2623710632
12.2586429119
12.2969219685
12.2972297668
12.3197431564
12.3200690746
12.3278090954
12.3283691406
12.3481900692
12.348637104
12.3682050705
12.3685250282
12.3761711121
12.3742129803
12.4032571316
12.4035420418
12.4244270325
12.4248569012
12.4396829605
12.4401249886
12.4606819153
12.460999012
12.4800128937
12.4814338684
12.5013279915
12.5016441345
12.5127501488
12.5132861137
12.5336549282
12.5340080261
12.5607681274
12.5611100197
12.5683031082
12.5686089993
12.5877230167
12.5882191658
12.6070120335
12.6088860035
12.6402339935
12.6345469952
12.6689691544
12.6693589687
12.6897552013
12.6902990341
12.6936688423
12.6939868927
12.7245841026
12.7247741222
12.7463300228
12.7465040684
12.7633340359
12.7635130882
12.7830560207
12.7836940289
12.8098618984
12.8049559593
12.8316748142
12.8276910782
12.8475940228
12.8307211399
12.8676459789
12.8614170551
12.8928768635
12.8891978264
12.9117209911
12.9071750641
12.9374229908
12.9376459122
12.9518311024
12.9520130157
12.9747431278
12.9749832153
12.996737957
12.9969789982
13.0082509518
13.0084731579
13.035143137
13.0355191231
13.0643200874
13.064576149
13.0776021481
13.0731809139
13.1071059704
13.1031708717
13.1328029633
13.1263720989
13.1574690342
13.1457529068
13.1702599525
13.1648271084
13.1902861595
13.1855180264
13.2124080658
13.2125959396
13.2261099815
13.2227370739
13.2557270527
13.2529909611
13.2810630798
13.2613880634
13.2912969589
13.2919261456
13.3016660213
13.302229166
13.3245317936
13.3252768517
13.336053133
13.3362419605
13.355962038
13.3365030289
13.3622848988
13.362500906
13.3889439106
13.3847618103
13.4085068703
13.4089548588
13.4161069393
13.4165318012
13.4480829239
13.44885993
13.46302104
13.4637520313
13.4836900234
13.4800150394
13.5057559013
13.5064349174
13.5322380066
13.5328390598
13.5344500542
13.5351250172
13.5564680099
13.5570430756
13.5737929344
13.5651509762
13.5946199894
13.5795719624
13.611620903
13.5991740227
13.6319928169
13.6033780575
13.6341471672
13.6158089638
13.6441428661
13.6180081367
13.645758152
13.6416699886
13.6783139706
13.6653938293
13.6998348236
13.6902658939
13.7140200138
13.7010939121
13.727230072
13.7256369591
13.7534258366
13.7469739914
13.7742948532
13.7608060837
13.7913720608
13.7917420864
13.8105249405
13.8108668327
13.8180971146
13.8184850216
13.8489851952
13.8441238403
13.8729310036
13.8577339649
13.8882360458
13.8843770027
13.9144480228
13.9110870361
13.9638199806
13.9612121582
13.9882180691
13.9703080654
14.0033628941
14.0035319328
14.0219991207
14.0222671032
14.0473780632
14.0475809574
14.0549919605
14.0475411415
14.0784881115
14.0786991119
14.1015999317
14.0824170113
14.1136090755
14.1087989807
14.1336979866
14.1297130585
14.1625900269
14.157435894
14.1790089607
14.1664299965
14.1895389557
14.1850090027
14.2129490376
14.182197094
14.2093310356
14.2099609375
14.2430179119
14.2391850948
14.2608299255
14.2451980114
14.2642791271
14.2602379322
14.2850828171
14.2811908722
14.314399004
14.3047618866
14.3404519558
14.3266839981
14.3525230885
14.3529741764
14.3799510002
14.3803699017
14.3955039978
14.3958849907
14.4198629856
14.4202718735
14.4384121895
14.4387500286
14.4489760399
14.4495408535
14.4715149403
14.4722118378
14.4941208363
14.4942939281
14.5172529221
14.5174510479
14.5322041512
14.5324630737
14.5551309586
14.5553500652
14.5811970234
14.5814039707
14.5890381336
14.5840218067
14.6138148308
14.6139907837
14.6366050243
14.6369431019
14.66086483
14.6610729694
14.6787660122
14.6722369194
14.6980068684
14.6986019611
14.7242078781
14.7248139381
14.7356100082
14.7362139225
14.7619318962
14.7621939182
14.7929668427
14.7933199406
14.8044149876
14.804847002
14.8384208679
14.8389668465
14.8703410625
14.8709461689
14.8917479515
14.8923728466
14.8970141411
14.8972320557
14.9216041565
14.9175229073
14.95885396
14.9591128826
14.9843111038
14.9707078934
15.0025999546
15.0032429695
15.0252709389
15.0258710384
15.0511620045
15.0517959595
15.0760941505
15.07685709
15.1024501324
15.0897579193
15.1191928387
15.119592905
15.1462669373
15.1469190121
15.1707248688
15.1675329208
15.1889209747
15.173869133
15.2007169724
15.2011151314
15.2209610939
15.221241951
15.2252109051
15.2255010605
15.251044035
15.2513730526
15.2640509605
15.2643740177
15.2949299812
15.2952558994
15.3156058788
15.3160359859
15.330343008
15.3399140835
15.3668880463
15.3672280312
15.3898320198
15.3902330399
15.4164168835
15.4168119431
15.4264159203
15.4268629551
15.4465329647
15.4468359947
15.467414856
15.467774868
15.482489109
15.482779026
15.5043439865
15.4887909889
15.5243339539
15.5196061134
15.5546269417
15.5506057739
15.5899209976
15.5690999031
15.6028139591
15.5951609612
15.6279959679
15.624229908
15.6538908482
15.6541450024
15.6631901264
15.6633560658
15.6820640564
15.6785678864
15.7045750618
15.7047770023
15.7212591171
15.7214319706
15.7421820164
15.7385098934
15.7719120979
15.7573518753
15.7913119793
15.7853171825
15.8021261692
15.8080759048
15.8362998962
15.8217899799
15.8475959301
15.847784996
15.8703320026
15.8705039024
15.8964529037
15.8966460228
15.9157018661
15.915886879
15.9352550507
15.9354720116
15.9587781429
15.95896101
15.9768240452
15.977009058
15.9838387966
15.9840669632
16.0091519356
16.0093340874
16.0280640125
16.0283050537
16.0530180931
16.0532040596
16.0560348034
16.0536730289
16.0747420788
16.0715219975
16.093542099
16.077933073
16.1094899178
16.1097860336
16.1290791035
16.1293840408
16.1510250568
16.1512110233
16.1745810509
16.1749961376
16.1931898594
16.1933538914
16.2196519375
16.2198309898
16.240240097
16.2235519886
16.2478318214
16.2481799126
16.269215107
16.2696750164
16.295912981
16.2963449955
16.3025062084
16.302986145
16.3201060295
16.3204810619
16.3358860016
16.3361952305
16.3628098965
16.3631539345
16.380038023
16.3803739548
16.4040100574
16.4043421745
16.4145860672
16.4291441441
16.4431209564
16.4317080975
16.4712679386
16.4721050262
16.4935750961
16.4937961102
16.5152771473
16.5158770084
16.5293679237
16.5212819576
16.5585048199
16.5566079617
16.5803670883
16.5561220646
16.5931708813
16.590086937
16.6224179268
16.618088007
16.6456511021
16.6338279247
16.6669678688
16.6627590656
16.6936230659
16.693915844
16.7161920071
16.7164268494
16.739095211
16.7394421101
16.7556869984
16.7559950352
16.7756719589
16.7761459351
16.8012568951
16.8015909195
16.8070399761
16.8075959682
16.8353991508
16.8357470036
16.8559000492
16.8563971519
16.8821060658
16.8755810261
16.8990259171
16.8770668507
16.9025478363
16.9031939507
16.9291138649
16.9293518066
16.9519710541
16.9387049675
16.9609959126
16.9612238407
16.9960341454
16.9892151356
17.0076692104
17.0285761356
17.0437219143
17.0439579487
17.0712530613
17.0715799332
17.0898811817
17.0860340595
17.1221899986
17.1224730015
17.1326220036
17.1328020096
17.155094862
17.1555278301
17.1779689789
17.1781761646
17.1987359524
17.1990630627
17.2116439342
17.2081038952
17.2424070835
17.2427840233
17.2533941269
17.253715992
17.2745928764
17.274960041
17.2987689972
17.2990920544
17.3137769699
17.3140358925
17.3413321972
17.3343880177
17.3723399639
17.3728940487
17.3851058483
17.3854408264
17.4086771011
17.409211874
17.4307692051
17.4313011169
17.4499781132
17.450633049
17.4758589268
17.4763348103
17.5043439865
17.5047268867
17.5210139751
17.5211877823
17.5443680286
17.5453698635
17.5700340271
17.5548298359
17.5920248032
17.5922329426
17.6188850403
17.6190629005
17.6483240128
17.6485769749
17.6601159573
17.6606988907
17.6869709492
17.6654679775
17.7130899429
17.7106359005
17.7416219711
17.7188789845
17.7600910664
17.7557399273
17.788659811
17.7889919281
17.8193869591
17.8196110725
17.8317041397
17.8321430683
17.8564729691
17.8568189144
17.8882148266
17.8885228634
17.9059729576
17.9065618515
17.9279539585
17.9282450676
17.9486498833
17.9491009712
17.9590008259
17.9593529701
17.9801909924
17.9805181026
18.0091700554
18.0098290443
18.0163598061
18.017539978
18.0365619659
18.0152010918
18.052891016
18.0516111851
18.0775561333
18.0736241341
18.1143820286
18.114606142
18.154708147
18.1553561687
18.1764371395
18.1725180149
18.2105600834
18.2057471275
18.2360470295
18.2180218697
18.2486219406
18.2473959923
18.2789008617
18.2743761539
18.3035211563
18.300121069
18.3339381218
18.3242170811
18.3572258949
18.3518829346
18.377425909
18.373622179
18.4022779465
18.398622036
18.4291939735
18.4166469574
18.4498410225
18.4461870193
18.4764978886
18.4729909897
18.5091350079
18.5086109638
18.5390758514
18.5364480019
18.5637180805
18.5464639664
18.5717380047
18.572371006
18.6039209366
18.6042649746
18.6542730331
18.6545670033
18.6772949696
18.6776490211
18.6882350445
18.6886410713
18.7116892338
18.7120661736
18.730987072
18.7218739986
18.7483620644
18.7414801121
18.7775051594
18.7597341537
18.792071104
18.7922370434
18.8154549599
18.8157920837
18.8367319107
18.836979866
18.8479170799
18.8480839729
18.8761968613
18.8696980476
18.8977599144
18.8986208439
18.9248600006
18.9254751205
18.9543571472
18.9545750618
18.9801931381
18.9803721905
18.9957587719
18.9961149693
19.016947031
18.9955890179
19.0219340324
19.0221118927
19.0494139194
19.0496490002
19.0755159855
19.0630140305
19.0881009102
19.0883469582
19.1112060547
19.1114020348
19.1298501492
19.1300911903
19.1351251602
19.1354181767
19.1546211243
19.1549589634
19.1768960953
19.1771121025
19.2009148598
19.2011628151
19.2113900185
19.2116520405
19.2371380329
19.2373888493
19.2707440853
19.2710239887
19.2803151608
19.2805070877
19.2968029976
19.297025919
19.311177969
19.3114919662
19.348886013
19.3490831852
19.3700840473
19.3705129623
19.3943121433
19.3949401379
19.4010899067
19.4014818668
19.4241859913
19.4245171547
19.4508550167
19.4511699677
19.4627869129
19.4634850025
19.4830799103
19.4836249352
19.5042440891
19.5044469833
19.6285221577
19.6302978992
19.6573169231
19.6576919556
19.676858902
19.6772198677
19.6843919754
19.6847829819
19.7132611275
19.7135779858
19.748914957
19.7501490116
19.7594721317
19.7601699829
19.7835531235
19.7841670513
19.8069620132
19.8078730106
19.8157448769
19.8160970211
19.8389558792
19.8392350674
19.8628461361
19.8430800438
19.8729200363
19.8685500622
19.8955540657
19.8915040493
19.9187278748
19.9166908264
19.9489808083
19.9378328323
19.9687609673
19.9643309116
19.9914438725
19.9918570518
20.0139009953
20.0141091347
20.037060976
20.0250079632
20.0530748367
20.0483510494
20.0768010616
20.0769891739
20.1020359993
20.0845198631
20.1161558628
20.1163938046
20.1436460018
20.1438510418
20.1655199528
20.1505022049
20.1788141727
20.1732850075
20.2084350586
20.2086410522
20.2314369678
20.2316188812
20.2408950329
20.2412669659
20.2675249577
20.2609817982
20.2889008522
20.289306879
20.2970690727
20.2973060608
20.3244009018
20.3248229027
20.345925808
20.3464298248
20.3565428257
20.3567578793
20.3793699741
20.3795559406
20.4045917988
20.3848400116
20.4165461063
20.4099647999
20.4372768402
20.4200639725
20.4508769512
20.4464621544
20.4758970737
20.4762809277
20.5006649494
20.5008649826
20.5096719265
20.5102059841
20.5356981754
20.5310440063
20.5581469536
20.5586369038
20.5807359219
20.5810668468
20.6090688705
20.6093668938
20.6329109669
20.633234024
20.6474888325
20.6478059292
20.6700570583
20.670361042
20.689923048
20.6902389526
20.7216191292
20.7220101357
20.7562119961
20.7566068172
20.7780759335
20.7810189724
20.8003189564
20.8005440235
20.8250989914
20.8252959251
20.8464481831
20.8466360569
20.8558678627
20.8560979366
20.881016016
20.8812451363
20.9125330448
20.9057459831
20.9292201996
20.9297711849
20.9478578568
20.9427390099
20.9700078964
20.9660861492
20.9997200966
20.9839401245
21.0146639347
21.0104029179
21.0494589806
21.0450730324
21.0728678703
21.067127943
21.096487999
21.0779948235
21.1133739948
21.109787941
21.1405200958
21.1372520924
21.1752970219
21.1715710163
21.1938810349
21.184114933
21.2171139717
21.2116689682
21.2413320541
21.2250938416
21.2558000088
21.2505450249
21.2784450054
21.2541360855
21.280780077
21.2742848396
21.3041038513
21.3047859669
21.3315320015
21.3318560123
21.3485188484
21.3458020687
21.376830101
21.3732190132
21.4000999928
21.3854939938
21.4130210876
21.4089419842
21.435603857
21.4312441349
21.45820117
21.4448449612
21.471832037
21.4673058987
21.4957168102
21.4926609993
21.5237679482
21.5079908371
21.5417869091
21.5359678268
21.5660238266
21.5623581409
21.5920929909
21.5923960209
21.6185100079
21.6188299656
21.6412291527
21.6415829659
21.6667809486
21.6669859886
21.6941261292
21.6954331398
21.7124698162
21.7129929066
21.7326152325
21.7194387913
21.7441329956
21.7444980145
21.7660250664
21.7663171291
21.7942018509
21.7944648266
21.8089010715
21.8092229366
21.8275771141
21.8232700825
21.8552570343
21.8559389114
21.8668849468
21.8674149513
21.8975307941
21.8979589939
21.9182059765
21.9184429646
21.9314000607
21.9316868782
21.9554960728
21.9557349682
21.9742200375
21.9748291969
21.9956181049
21.9959619045
22.0274310112
22.027974844
22.041009903
22.0523819923
22.0690820217
22.06539011
22.0996031761
22.095500946
22.1220459938
22.1043009758
22.1342918873
22.1344828606
22.164484024
22.1646728516
22.2258219719
22.226074934
22.2483608723
22.2479379177
22.2853069305
22.2855010033
22.3049368858
22.3051009178
22.335682869
22.3358390331
22.3528819084
22.3530659676
22.3732271194
22.366973877
22.3995549679
22.3949289322
22.4297120571
22.4262449741
22.4555709362
22.4409720898
22.4743490219
22.4703299999
22.5168340206
22.5172359943
22.542194128
22.543061018
22.5441961288
22.5446360111
22.546184063
22.5465810299
22.5741329193
22.5744988918
22.6036520004
22.6044230461
22.6116609573
22.6112210751
22.6430151463
22.6432089806
22.7010679245
22.6845388412
22.7133438587
22.7100818157
22.7420458794
22.7223279476
22.7523219585
22.7480959892
22.7884378433
22.7846710682
22.8115119934
22.7974331379
22.8239769936
22.8199620247
22.8548169136
22.8495018482
22.883633852
22.8838069439
22.9089491367
22.9055681229
22.935324192
22.9314119816
22.9662361145
22.9614760876
22.9931828976
22.9811210632
23.0099389553
23.0060360432
23.0550920963
23.0553150177
23.0769650936
23.036370039
23.060461998
23.053055048
23.07944417
23.0697598457
23.1024849415
23.0976819992
23.1316249371
23.117566824
23.1524789333
23.146750927
23.1776340008
23.1705479622
23.2065739632
23.2021229267
23.2368850708
23.2375130653
23.2607769966
23.256731987
23.2919769287
23.2820940018
23.3130500317
23.3133130074
23.3302519321
23.330657959
23.3535690308
23.3369891644
23.3713350296
23.3668580055
23.3991270065
23.3995440006
23.4214780331
23.3905248642
23.4219770432
23.4121410847
23.4457700253
23.3890450001
23.4259808064
23.4018199444
23.4313709736
23.4188730717
23.4568860531
23.4529230595
23.4918069839
23.4869329929
23.5257840157
23.5172231197
23.5488080978
23.5543069839
23.5832381248
23.5713260174
23.6006071568
23.6009171009
23.6200168133
23.6240401268
23.6534860134
23.653771162
23.700193882
23.7005078793
23.7896709442
23.7859799862
23.8178448677
23.8181509972
23.8588268757
23.8590490818
23.8819620609
23.8696379662
23.895816803
23.8904709816
23.9208431244
23.9212350845
23.9330220222
23.9333128929
23.956638813
23.9309170246
23.9512610435
23.9557011127
24.0373790264
24.0104651451
24.0372350216
24.0234129429
24.0514228344
24.0516300201
24.0725982189
24.0601439476
24.0934751034
24.0936670303
24.1154768467
24.1105690002
24.1412060261
24.1333761215
24.1612141132
24.1614229679
24.1847550869
24.1851291656
24.2072989941
24.2075099945
24.228758812
24.2127869129
24.2405109406
24.2332859039
24.2686150074
24.2689299583
24.2936439514
24.293268919
24.3369348049
24.3372879028
24.3520259857
24.3474531174
24.3749010563
24.3684711456
24.3963000774
24.382502079
24.4075109959
24.4029262066
24.4311380386
24.4314451218
24.4641911983
24.4644901752
24.4751198292
24.4739840031
24.4984958172
24.4986839294
24.6177079678
24.6101610661
24.6372799873
24.6374909878
24.642321825
24.6425459385
24.6513650417
24.6516058445
24.6758990288
24.676213026
24.7066850662
24.6934390068
24.7213859558
24.7173919678
24.746639967
24.7470319271
24.7738411427
24.7743930817
24.7924888134
24.7889111042
24.8188061714
24.819231987
24.8422138691
24.8424079418
24.8525061607
24.8527641296
24.8710260391
24.8712739944
24.8842220306
24.8844909668
24.9110789299
24.9113068581
24.9311871529
24.9229490757
24.9604918957
24.9610059261
24.9874210358
24.9878389835
25.0108790398
25.0111160278
25.0326149464
25.0328478813
25.0553181171
25.0555860996
25.0680088997
25.0682358742
25.0943448544
25.095569849
25.118088007
25.1183850765
25.1378278732
25.1380419731
25.1723330021
25.1729371548
25.216656208
25.2171201706
25.2333569527
25.2311460972
25.2554061413
25.2581579685
25.2862911224
25.2865130901
25.3231291771
25.3233811855
25.3439660072
25.3442819118
25.3911850452
25.3871309757
25.4167809486
25.3997869492
25.4270539284
25.4228680134
25.4542410374
25.4497411251
25.4769201279
25.4729251862
25.5010960102
25.501429081
25.5174229145
25.5148360729
25.5531110764
25.5484161377
25.5821070671
25.5650868416
25.5994358063
25.5947082043
25.6213982105
25.6164779663
25.6474869251
25.6304650307
25.6648170948
25.6613099575
25.6973679066
25.6932809353
25.7200551033
25.7154238224
25.7445189953
25.726680994
25.7556669712
25.7517590523
25.788902998
25.7826330662
25.8066811562
25.7913548946
25.8212380409
25.8166339397
25.8397760391
25.8407099247
25.8661570549
25.8619971275
25.8924281597
25.8771719933
25.9122619629
25.9084022045
25.939109087
25.9326939583
25.960048914
25.960365057
25.9788808823
25.9733948708
26.000248909
25.9830000401
26.0132820606
26.0091919899
26.0431878567
26.0402369499
26.0719687939
26.0676698685
26.0972728729
26.081166029
26.120100975
26.1153659821
26.146668911
26.1472399235
26.1774139404
26.1778359413
26.19145298
26.1873569489
26.2218639851
26.2019569874
26.2364039421
26.2319178581
26.2603099346
26.256016016
26.2861299515
26.2556340694
26.2875020504
26.2877430916
26.3088839054
26.2990100384
26.3253691196
26.3209781647
26.3531310558
26.3488810062
26.3874878883
26.3745670319
26.4139640331
26.4093148708
26.4385919571
26.434317112
26.4611361027
26.4569759369
26.4888339043
26.4597871304
26.4904489517
26.4828970432
26.5078320503
26.4987699986
26.5370569229
26.5276989937
26.5534999371
26.5415349007
26.5740029812
26.5697481632
26.6026701927
26.5946009159
26.6274340153
26.6234269142
26.6532490253
26.6536281109
26.6726520061
26.6722419262
26.7062528133
26.7016470432
26.7331309319
26.7289710045
26.7566161156
26.7372350693
26.7683899403
26.7639760971
26.7910270691
26.7841081619
26.8136200905
26.7982590199
26.8266317844
26.8273568153
26.8558540344
26.8511550426
26.8832700253
26.8650670052
26.8909201622
26.8866589069
26.9135458469
26.9095129967
26.9403100014
26.9216299057
26.9504129887
26.9455080032
26.9717638493
26.966850996
26.9979188442
26.9700770378
27.000784874
26.9964392185
27.0259311199
27.0219950676
27.0702009201
27.0706300735
27.0944349766
27.0986411572
27.1893148422
27.1897249222
27.209100008
27.1948618889
27.236923933
27.2371149063
27.2659950256
27.2609529495
27.2890050411
27.2735631466
27.3019180298
27.2966470718
27.3308320045
27.3312571049
27.3580710888
27.3586351871
27.3839430809
27.364880085
27.3997170925
27.3999171257
27.4241929054
27.4247279167
27.4437711239
27.4445159435
27.4643559456
27.4649429321
27.4853010178
27.4798150063
27.5306699276
27.503757
27.5340321064
27.5258829594
27.5632050037
27.5538830757
27.5939910412
27.5442769527
27.5781009197
27.5790319443
27.6006450653
27.5974321365
27.6295499802
27.6236691475
27.6638851166
27.6641910076
27.6761679649
27.6764118671
27.7260351181
27.7264180183
27.7487499714
27.7490301132
27.7588860989
27.7592079639
27.8691129684
27.8694369793
27.9553420544
27.9469490051
27.9744231701
27.9700620174
28.005325079
27.9909291267
28.0214190483
28.0144519806
28.0567200184
28.0571320057
28.0786859989
28.0579209328
28.0878999233
28.0834379196
28.1141331196
28.1146290302
28.1160571575
28.1106109619
28.1436638832
28.1391091347
28.1699669361
28.1441690922
28.1756279469
28.1761350632
28.24436903
28.2446711063
28.2576229572
28.2579698563
28.282968998
28.283272028
28.3108179569
28.3111519814
28.3257257938
28.3259208202
28.3514380455
28.3516449928
28.3704380989
28.3546237946
28.3893518448
28.3895549774
28.4150321484
28.4152851105
28.4373469353
28.4376039505
28.4564399719
28.4566619396
28.486479044
28.4867680073
28.5129020214
28.5134191513
28.5400640965
28.5404331684
28.5563290119
28.5566818714
28.581001997
28.5814461708
28.5835361481
28.5821340084
28.6128931046
28.6134049892
28.6380169392
28.6383509636
28.6455068588
28.6457948685
28.6793451309
28.6797800064
28.7075068951
28.6898720264
28.7368581295
28.7332189083
28.7749810219
28.7753651142
28.8012330532
28.8017771244
28.8273248672
28.827673912
28.8537070751
28.8541181087
28.8986270428
28.8989088535
28.9201431274
28.9203810692
28.9417769909
28.9662470818
28.9933748245
28.9935879707
29.0127668381
29.0129578114
29.0340070724
29.0290760994
29.0517411232
29.0440638065
29.073584795
29.0738368034
29.0934109688
29.0872430801
29.1157848835
29.0997188091
29.1421868801
29.1375038624
29.1724689007
29.172659874
29.1953470707
29.1726269722
29.2104377747
29.2057499886
29.235708952
29.2313959599
29.2608659267
29.2610578537
29.2903330326
29.2922770977
29.365593195
29.3657741547
29.3944518566
29.3775560856
29.41152215
29.4118421078
29.4363639355
29.4365561008
29.4565501213
29.4421830177
29.4817271233
29.4771180153
29.5046567917
29.5051379204
29.5298659801
29.5164849758
29.5485780239
29.5447239876
29.5749351978
29.5706410408
29.6012129784
29.6015720367
29.6123712063
29.6081421375
29.6347091198
29.6294109821
29.6602699757
29.6407878399
29.6751599312
29.6755428314
29.6981759071
29.6940221786
29.7252731323
29.7218539715
29.755163908
29.7558238506
29.7636389732
29.7595739365
29.7910339832
29.7842628956
29.8145558834
29.8014781475
29.8319671154
29.8322219849
29.863368988
29.8588860035
29.8936419487
29.8783738613
29.9168109894
29.9103579521
29.937638998
29.9325051308
29.9647741318
29.9472999573
29.9733450413
29.9705262184
29.9997031689
29.9940388203
30.0250618458
30.0099680424
30.0409369469
30.0334661007
30.054762125
30.0516860485
30.0746369362
30.0615680218
30.0963220596
30.0925600529
30.1237421036
30.1138999462
30.1443898678
30.1303040981
30.1603341103
30.1563699245
30.1829140186
30.183161974
30.2113311291
30.1952121258
30.2223551273
30.2184548378
30.2536218166
30.2543830872
30.280107975
30.2770819664
30.3029031754
30.3031539917
30.3122401237
30.3063399792
30.3364129066
30.3321678638
30.3557128906
30.338796854
30.3667359352
30.3628320694
30.3995909691
30.3953700066
30.431937933
30.4324159622
30.4549429417
30.4552400112
30.4838318825
30.4806268215
30.5103268623
30.4947710037
30.5206410885
30.5208950043
30.5514280796
30.5473840237
30.5788249969
30.5743339062
30.6083948612
30.6086599827
30.6198949814
30.6201758385
30.6548779011
30.6554160118
30.7018280029
30.7024300098
30.7108170986
30.7111649513
30.7375810146
30.7379078865
30.7676708698
30.7682728767
30.7880690098
30.7883729935
30.8073980808
30.8076910973
30.8307290077
30.831938982
30.8644049168
30.8433120251
30.8715090752
30.8671751022
30.8973450661
30.8940939903
30.9285440445
30.9288010597
30.9994921684
30.9996800423
31.0311460495
31.0313179493
31.0590438843
31.0413701534
31.0893621445
31.0899240971
31.1112840176
31.1117630005
31.1340851784
31.1344029903
31.1957979202
31.1959769726
31.2318811417
31.2288739681
31.2550261021
31.2556459904
31.2890410423
31.2895069122
31.2985858917
31.2991099358
31.3686990738
31.3691420555
31.3944089413
31.3962540627
31.4140770435
31.4144980907
31.442882061
31.4432339668
31.4678330421
31.4684529305
31.475605011
31.475883007
31.4947080612
31.4951860905
31.5142462254
31.525906086
31.5399038792
31.5403239727
31.5600209236
31.5605549812
31.5859410763
31.5862739086
31.6073069572
31.6075408459
31.6330227852
31.6333010197
31.6674458981
31.6443281174
31.6812942028
31.6776149273
31.7160589695
31.7124249935
31.7429771423
31.7432000637
31.7769429684
31.7773430347
31.7924361229
31.7930350304
31.8167479038
31.8174679279
31.8382890224
31.8259830475
31.853760004
31.8500590324
31.8819620609
31.8787851334
31.9081220627
31.9018421173
31.9243280888
31.9108128548
31.9388918877
31.939098835
31.962927103
31.9573860168
31.9908330441
31.979473114
32.0108990669
32.0068249702
32.0384919643
32.0358958244
32.0673518181
32.0594818592
32.0887508392
32.0764908791
32.1167199612
32.1127889156
32.1391940117
32.134305954
32.166916132
32.1453270912
32.1706309319
32.1709809303
32.1962549686
32.1966588497
32.2233099937
32.2236142159
32.2373929024
32.2377679348
32.2657721043
32.2660992146
32.2852239609
32.2854559422
32.3277258873
32.3279249668
32.3495690823
32.3498609066
32.3651731014
32.3653731346
32.3899879456
32.3901839256
32.4314279556
32.4316670895
32.4353790283
32.4364991188
32.4592909813
32.4558708668
32.4808599949
32.4811499119
32.4868600368
32.4872000217
32.5150139332
32.5153779984
32.5332479477
32.5335330963
32.5481629372
32.5485029221
32.5729269981
32.5737659931
32.6020600796
32.6023821831
32.615144968
32.6154839993
32.6286389828
32.6289639473
32.6471431255
32.6440320015
32.6703221798
32.6706321239
32.6834721565
32.6837601662
32.7100021839
32.7103409767
32.7290380001
32.7292821407
32.7396540642
32.7398490906
32.7654080391
32.7657310963
32.792206049
32.7924969196
32.8040959835
32.8044159412
32.8273129463
32.8275661469
32.8539619446
32.854241848
32.8782920837
32.878590107
32.8963639736
32.8970508575
32.9422380924
32.9425561428
32.9728209972
32.9731440544
32.9873850346
32.9875619411
33.0103349686
33.0105419159
33.037610054
33.0377731323
33.0524959564
33.0527360439
33.1003592014
33.0969438553
33.1239929199
33.1209251881
33.1495790482
33.1363120079
33.1729950905
33.1732661724
33.1978859901
33