0.0467760562897,
0.0055239200592,
0.0364599227905,
0.0369219779968,
0.0254800319672,
0.0265710353851,
0.089084148407,
0.0195848941803,
0.0504269599915,
0.00246787071228,
0.0371909141541,
0.037899017334,
0.0264849662781,
0.0290279388428,
0.0216510295868,
0.0225749015808,
0.0346391201019,
0.0358140468597,
0.0364520549774,
0.0379948616028,
0.0335819721222,
0.0346350669861,
0.0275528430939,
0.0288429260254,
0.027909040451,
0.0288779735565,
0.0360469818115,
0.0371189117432,
0.0376310348511,
0.0391039848328,
0.0334730148315,
0.0340719223022,
0.0334641933441,
0.0341050624847,
0.0363280773163,
0.0367710590363,
0.0374121665955,
0.0382421016693,
0.029335975647,
0.0299038887024,
0.0284090042114,
0.028815984726,
0.0367610454559,
0.0370888710022,
0.0314660072327,
0.0321550369263,
0.0272240638733,
0.0279750823975,
0.035413980484,
0.0362980365753,
0.0287349224091,
0.0295600891113,
0.0267848968506,
0.0274448394775,
0.0354099273682,
0.0363039970398,
0.0388429164886,
0.0392210483551,
0.0381999015808,
0.0384929180145,
0.0384259223938,
0.0391199588776,
0.0366261005402,
0.0368950366974,
0.0214898586273,
0.0223000049591,
0.0285770893097,
0.0293850898743,
0.0272212028503,
0.0282640457153,
0.0216031074524,
0.0222799777985,
0.0325660705566,
0.0328640937805,
0.0252740383148,
0.0255508422852,
0.0278329849243,
0.0299937725067,
0.0286560058594,
0.0295181274414,
0.0178620815277,
0.0273821353912,
0.023206949234,
0.0240399837494,
0.0257601737976,
0.0268630981445,
0.0252590179443,
0.0258140563965,
0.0255060195923,
0.0263168811798,
0.0254158973694,
0.0263700485229,
0.0263619422913,
0.027037858963,
0.0338680744171,
0.0346400737762,
0.0144910812378,
0.02596616745,
0.0322179794312,
0.0331859588623,
0.0263688564301,
0.0274760723114,
0.0257680416107,
0.0264310836792,
0.0299050807953,
0.0305762290955,
0.0235900878906,
0.0241870880127,
0.0255918502808,
0.0260078907013,
0.0241448879242,
0.0246798992157,
0.0371170043945,
0.0379419326782,
0.0308141708374,
0.0320110321045,
0.0352139472961,
0.0364210605621,
0.0245499610901,
0.0250999927521,
0.0338170528412,
0.0344171524048,
0.0329651832581,
0.0340600013733,
0.0236320495605,
0.0244669914246,
0.0277020931244,
0.0284259319305,
0.0317199230194,
0.0325810909271,
0.0257260799408,
0.0265190601349,
0.0259490013123,
0.0268270969391,
0.0298960208893,
0.0308029651642,
0.0337431430817,
0.034989118576,
0.0293869972229,
0.0304360389709,
0.0335681438446,
0.034520149231,
0.0280909538269,
0.0295169353485,
0.0279939174652,
0.0283169746399,
0.0268158912659,
0.0278899669647,
0.0335109233856,
0.034332036972,
0.0396909713745,
0.00140118598938,
0.0303311347961,
0.032341003418,
0.0222470760345,
0.0231900215149,
0.0307729244232,
0.0319738388062,
0.0357110500336,
0.0362539291382,
0.0236361026764,
0.0244882106781,
0.0293009281158,
0.0303680896759,
0.0299119949341,
0.0308530330658,
0.0424790382385,
0.00346994400024,
0.0498631000519,
0.00406980514526,
0.0506129264832,
0.0510017871857,
0.0301840305328,
0.030925989151,
0.0746841430664,
0.0749061107635,
0.105323076248,
0.0151400566101,
0.0485501289368,
0.0489389896393,
0.0274050235748,
0.0280439853668,
0.0297350883484,
0.0301191806793,
0.0310988426208,
0.0314879417419,
0.0353579521179,
0.0358049869537,
0.03080701828,
0.0318808555603,
0.0221500396729,
0.0224349498749,
0.0411999225616,
0.0421810150146,
0.0218799114227,
0.0229749679565,
0.0300848484039,
0.0308618545532,
0.027676820755,
0.0285918712616,
0.0261340141296,
0.026927947998,
0.0256729125977,
0.0265278816223,
0.025573015213,
0.0267610549927,
0.0306329727173,
0.0309131145477,
0.0266578197479,
0.0269269943237,
0.0601990222931,
0.0606632232666,
0.0593290328979,
0.0597620010376,
0.187628984451,
0.1584379673,
0.18593287468,
0.186402797699,
0.0866169929504,
0.0369579792023,
0.0496020317078,
0.057736158371,
0.0403800010681,
0.00143504142761,
0.0173411369324,
0.0281219482422,
0.0495021343231,
0.00263595581055,
0.0156509876251,
0.0400278568268,
0.0212280750275,
0.0218598842621,
0.0256857872009,
0.0263819694519,
0.0295729637146,
0.0306141376495,
0.0239198207855,
0.0247178077698,
0.0338749885559,
0.0348649024963,
0.0284700393677,
0.0293891429901,
0.0243618488312,
0.0406470298767,
0.0697770118713,
0.00530004501343,
0.0314660072327,
0.0326011180878,
0.0291559696198,
0.0295128822327,
0.038339138031,
0.038526058197,
0.0257918834686,
0.0266718864441,
0.0244929790497,
0.0247120857239,
0.0241107940674,
0.0244309902191,
0.0713958740234,
0.0717380046844,
0.112087965012,
0.112481117249,
0.0461719036102,
0.00150394439697,
0.0235760211945,
0.0238919258118,
0.0486619472504,
0.0491831302643,
0.0424809455872,
0.00214505195618,
0.0618419647217,
0.00620603561401,
0.0410580635071,
0.00645709037781,
0.0401771068573,
0.0413680076599,
0.0298171043396,
0.0306131839752,
0.0260009765625,
0.0269980430603,
0.0345928668976,
0.0355780124664,
0.0386960506439,
0.0401680469513,
0.0385649204254,
0.0398609638214,
0.0342659950256,
0.0351960659027,
0.0414519309998,
0.00199198722839,
0.03253698349,
0.0331909656525,
0.0413219928741,
0.00309014320374,
0.031259059906,
0.0320839881897,
0.0303421020508,
0.031170129776,
0.0209331512451,
0.0328829288483,
0.0331001281738,
0.0338881015778,
0.0243771076202,
0.0255410671234,
0.0281059741974,
0.0286779403687,
0.0241708755493,
0.0249788761139,
0.0315909385681,
0.0325729846954,
0.0424389839172,
0.0429580211639,
0.0386829376221,
0.0391850471497,
0.0298402309418,
0.0307750701904,
0.0522081851959,
0.052680015564,
0.0943050384521,
0.0946700572968,
0.0257189273834,
0.0260369777679,
0.0544309616089,
0.00101804733276,
0.0271210670471,
0.0284559726715,
0.0249650478363,
0.0259780883789,
0.0165779590607,
0.0281999111176,
0.0327041149139,
0.0336680412292,
0.0567488670349,
0.019572019577,
0.0448429584503,
0.045303106308,
0.0166831016541,
0.0172069072723,
0.0246441364288,
0.024943113327,
0.0851418972015,
0.0185239315033,
0.0416569709778,
0.0423491001129,
0.0354590415955,
0.0361130237579,
0.027783870697,
0.0287299156189,
0.024621963501,
0.0254731178284,
0.0250918865204,
0.0259790420532,
0.0283150672913,
0.0293710231781,
0.0322268009186,
0.032842874527,
0.0239300727844,
0.0246639251709,
0.0241730213165,
0.0246579647064,
0.0314159393311,
0.0318601131439,
0.0240888595581,
0.0248608589172,
0.0247559547424,
0.0256929397583,
0.0285739898682,
0.0291500091553,
0.0235371589661,
0.0238180160522,
0.0289919376373,
0.0293900966644,
0.0388610363007,
0.0391628742218,
0.0653390884399,
0.0249030590057,
0.0587408542633,
0.00479602813721,
0.0439469814301,
0.044506072998,
0.0500512123108,
0.050350189209,
0.0513200759888,
0.013521194458,
0.0501132011414,
0.0507581233978,
0.0363841056824,
0.0381782054901,
0.0192620754242,
0.0202178955078,
0.0130438804626,
0.0133709907532,
0.0278348922729,
0.0293719768524,
0.0503377914429,
0.00375008583069,
0.0392260551453,
0.00353002548218,
0.0471670627594,
0.0477061271667,
0.0459270477295,
0.00609087944031,
0.0327088832855,
0.0341219902039,
0.0299370288849,
0.0311770439148,
0.0254788398743,
0.0263450145721,
0.0263910293579,
0.0276191234589,
0.0264091491699,
0.0277070999146,
0.0331180095673,
0.0344078540802,
0.0249829292297,
0.026095867157,
0.0276200771332,
0.0287730693817,
0.0289161205292,
0.0300002098083,
0.0256860256195,
0.0268578529358,
0.028736114502,
0.0295100212097,
0.0248699188232,
0.0260570049286,
0.0396988391876,
0.000709056854248,
0.0371990203857,
0.0376899242401,
0.0268361568451,
0.0272309780121,
0.0319590568542,
0.0348269939423,
0.0261681079865,
0.0270550251007,
0.0294919013977,
0.030168056488,
0.0240190029144,
0.0389280319214,
0.026495218277,
0.0277690887451,
0.0374510288239,
0.0386111736298,
0.0246958732605,
0.0253789424896,
0.0300228595734,
0.0307519435883,
0.027664899826,
0.0285289287567,
0.0240490436554,
0.0250120162964,
0.0246181488037,
0.0251410007477,
0.0290148258209,
0.0297169685364,
0.0241899490356,
0.0251319408417,
0.0300810337067,
0.0314300060272,
0.0218558311462,
0.0228219032288,
0.0642170906067,
0.0183379650116,
0.0403509140015,
0.0419750213623,
0.0342569351196,
0.0347950458527,
0.0276770591736,
0.0282649993896,
0.0282709598541,
0.0287480354309,
0.0269310474396,
0.0284330844879,
0.0376760959625,
0.0380780696869,
0.108169078827,
0.108780145645,
0.032506942749,
0.0326988697052,
0.0314030647278,
0.0317671298981,
0.0301570892334,
0.0304999351501,
0.0351121425629,
0.0361580848694,
0.0380041599274,
0.03928399086,
0.0892679691315,
0.0894849300385,
0.0590689182281,
0.0603680610657,
0.0355060100555,
0.0363328456879,
0.0606369972229,
0.0613470077515,
0.0964410305023,
0.0969569683075,
0.0781810283661,
0.079295873642,
0.100748062134,
0.101667881012,
0.0887689590454,
0.0494289398193,
0.0877969264984,
0.0444459915161,
0.0630140304565,
0.0632100105286,
0.0469079017639,
0.0471739768982,
0.0236320495605,
0.0238530635834,
0.0244359970093,
0.0247159004211,
0.0233728885651,
0.0236508846283,
0.0235440731049,
0.0244541168213,
0.0257148742676,
0.0264160633087,
0.0219690799713,
0.0224950313568,
0.0227859020233,
0.0235168933868,
0.0322489738464,
0.0329930782318,
0.0268728733063,
0.0277709960938,
0.0291500091553,
0.0294508934021,
0.0293779373169,
0.0301139354706,
0.0283768177032,
0.0286178588867,
0.0241160392761,
0.0243859291077,
0.0278260707855,
0.0290389060974,
0.0249991416931,
0.0258030891418,
0.0218210220337,
0.0224001407623,
0.0289981365204,
0.0291700363159,
0.0210189819336,
0.02126288414,
0.0236961841583,
0.0239961147308,
0.0246849060059,
0.0249907970428,
0.0238661766052,
0.024120092392,
0.0212490558624,
0.0215029716492,
0.0245599746704,
0.0248489379883,
0.0223579406738,
0.0230460166931,
0.0246870517731,
0.0255601406097,
0.0251460075378,
0.0258429050446,
0.0252480506897,
0.0260081291199,
0.0256488323212,
0.0266449451447,
0.0270659923553,
0.0280771255493,
0.0234291553497,
0.0242931842804,
0.0254979133606,
0.026251077652,
0.0246999263763,
0.025848865509,
0.0236270427704,
0.0246560573578,
0.0358400344849,
0.0360310077667,
0.0264608860016,
0.0275509357452,
0.0263080596924,
0.0270819664001,
0.0282790660858,
0.0288619995117,
0.0276739597321,
0.0279150009155,
0.022469997406,
0.0227401256561,
0.0249450206757,
0.0258159637451,
0.0286381244659,
0.0290861129761,
0.0250558853149,
0.0259718894958,
0.0251739025116,
0.025673866272,
0.0204620361328,
0.0407798290253,
0.0240240097046,
0.0248560905457,
0.0273468494415,
0.0281980037689,
0.0250899791718,
0.0259580612183,
0.0284140110016,
0.0293250083923,
0.0280330181122,
0.0288949012756,
0.026435136795,
0.0272920131683,
0.0244212150574,
0.0252821445465,
0.0261759757996,
0.0268609523773,
0.0258889198303,
0.0267448425293,
0.0218050479889,
0.0226309299469,
0.0241389274597,
0.024964094162,
0.0283799171448,
0.0292661190033,
0.0265460014343,
0.0275120735168,
0.0254170894623,
0.0263061523438,
0.0238840579987,
0.0246970653534,
0.0285761356354,
0.0295550823212,
0.0242099761963,
0.0250649452209,
0.0235230922699,
0.0242710113525,
0.0244538784027,
0.0253839492798,
0.0247948169708,
0.0257439613342,
0.0289409160614,
0.0300488471985,
0.0285270214081,
0.0297329425812,
0.0299229621887,
0.0313899517059,
0.0399279594421,
0.00201916694641,
0.0396301746368,
0.0412340164185,
0.0237350463867,
0.0392780303955,
0.0235109329224,
0.024276971817,
0.0248789787292,
0.0256459712982,
0.0243940353394,
0.0251019001007,
0.0306529998779,
0.0309638977051,
0.0251140594482,
0.0253369808197,
0.0273599624634,
0.0280649662018,
0.0375609397888,
0.038302898407,
0.0261888504028,
0.0271329879761,
0.0238308906555,
0.024472951889,
0.0240609645844,
0.0243079662323,
0.0233840942383,
0.0243818759918,
0.0244569778442,
0.0251309871674,
0.0230131149292,
0.0237519741058,
0.0239200592041,
0.0246279239655,
0.024729013443,
0.0254290103912,
0.0242309570312,
0.0249478816986,
0.0294389724731,
0.029657125473,
0.0237331390381,
0.0240211486816,
0.0224850177765,
0.0228390693665,
0.022665977478,
0.0229151248932,
0.0280117988586,
0.0283279418945,
0.0223379135132,
0.0225989818573,
0.0210788249969,
0.0213708877563,
0.0236060619354,
0.0237848758698,
0.0247089862823,
0.0249838829041,
0.0267310142517,
0.026997089386,
0.0243420600891,
0.024533033371,
0.022665977478,
0.022912979126,
0.0287330150604,
0.0290398597717,
0.0221729278564,
0.0224559307098,
0.0226309299469,
0.0228629112244,
0.0245862007141,
0.0248711109161,
0.0227601528168,
0.023068189621,
0.024209022522,
0.0244889259338,
0.0287251472473,
0.0290169715881,
0.0240769386292,
0.0243570804596,
0.0226609706879,
0.0229289531708,
0.0322070121765,
0.03244805336,
0.0224049091339,
0.0226409435272,
0.0246329307556,
0.0250399112701,
0.0227150917053,
0.0230059623718,
0.02903008461,
0.03022813797,
0.0315129756927,
0.032331943512,
0.0248079299927,
0.0258500576019,
0.0217800140381,
0.0225360393524,
0.0215928554535,
0.022989988327,
0.0261278152466,
0.0276498794556,
0.0249729156494,
0.0257399082184,
0.0241940021515,
0.0250818729401,
0.0262100696564,
0.0270349979401,
0.0320730209351,
0.03297996521,
0.0242509841919,
0.025328874588,
0.0285849571228,
0.0288600921631,
0.024482011795,
0.0254590511322,
0.0247550010681,
0.025582075119,
0.0239360332489,
0.0242650508881,
0.0232241153717,
0.0239560604095,
0.0242831707001,
0.0247881412506,
0.0284481048584,
0.0288560390472,
0.027144908905,
0.0275299549103,
0.0281548500061,
0.0286860466003,
0.0221009254456,
0.0223698616028,
0.0238261222839,
0.0245401859283,
0.0312390327454,
0.0330150127411,
0.0240337848663,
0.0249397754669,
0.0219049453735,
0.0222589969635,
0.0220549106598,
0.0227248668671,
0.0243110656738,
0.0249879360199,
0.0250060558319,
0.0254390239716,
0.0297122001648,
0.0304372310638,
0.0281949043274,
0.0286350250244,
0.0234909057617,
0.0241839885712,
0.0215539932251,
0.02219414711,
0.0280508995056,
0.0289969444275,
0.0246698856354,
0.0256588459015,
0.0264580249786,
0.0272569656372,
0.02450299263,
0.0254089832306,
0.0261490345001,
0.0268621444702,
0.0228040218353,
0.023726940155,
0.0297331809998,
0.030611038208,
0.0216109752655,
0.0224239826202,
0.0213449001312,
0.021968126297,
0.0237438678741,
0.0247640609741,
0.0218889713287,
0.0227200984955,
0.0254600048065,
0.026426076889,
0.028030872345,
0.029011964798,
0.0236208438873,
0.0243818759918,
0.0283150672913,
0.029363155365,
0.0255608558655,
0.0263288021088,
0.0285139083862,
0.0293769836426,
0.0236690044403,
0.0244500637054,
0.0245938301086,
0.0254919528961,
0.0237331390381,
0.0245089530945,
0.0284128189087,
0.0293159484863,
0.0264518260956,
0.0272839069366,
0.0283880233765,
0.0293779373169,
0.0238809585571,
0.024719953537,
0.0285789966583,
0.0294480323792,
0.0276629924774,
0.0286161899567,
0.0241658687592,
0.0250909328461,
0.0251829624176,
0.0260109901428,
0.0280060768127,
0.0288329124451,
0.0300590991974,
0.0308601856232,
0.0377011299133,
0.0392909049988,
0.0337710380554,
0.0351181030273,
0.0284819602966,
0.0286471843719,
0.0213489532471,
0.0219311714172,
0.0241551399231,
0.0249910354614,
0.0245280265808,
0.0248610973358,
0.0235478878021,
0.0242788791656,
0.0247399806976,
0.025673866272,
0.0242519378662,
0.0250730514526,
0.0264840126038,
0.0273790359497,
0.0244901180267,
0.0252239704132,
0.0263440608978,
0.0272121429443,
0.0210490226746,
0.0213119983673,
0.0218100547791,
0.0223670005798,
0.0260508060455,
0.026636838913,
0.0266220569611,
0.0277209281921,
0.0206158161163,
0.0208899974823,
0.0284039974213,
0.0287029743195,
0.0259649753571,
0.0263130664825,
0.0268139839172,
0.027233839035,
0.0239109992981,
0.0246229171753,
0.0298411846161,
0.0307500362396,
0.0237760543823,
0.0247521400452,
0.0244328975677,
0.0256068706512,
0.024384021759,
0.0256559848785,
0.0279011726379,
0.0285320281982,
0.0262639522552,
0.0270509719849,
0.0252180099487,
0.0259160995483,
0.0246689319611,
0.0255739688873,
0.0280139446259,
0.0287868976593,
0.0271120071411,
0.027557849884,
0.027172088623,
0.0283241271973,
0.0287048816681,
0.0297148227692,
0.0265839099884,
0.0275750160217,
0.024307012558,
0.0252370834351,
0.0244479179382,
0.0254089832306,
0.0284779071808,
0.0291228294373,
0.0254909992218,
0.0261039733887,
0.0241270065308,
0.0247840881348,
0.0245940685272,
0.0254499912262,
0.0243260860443,
0.0251481533051,
0.0248329639435,
0.0255980491638,
0.0285260677338,
0.029529094696,
0.0234320163727,
0.0244739055634,
0.024393081665,
0.0250890254974,
0.0284700393677,
0.0293741226196,
0.0308721065521,
0.0316491127014,
0.0252840518951,
0.026290178299,
0.0257709026337,
0.0267238616943,
0.0243098735809,
0.0250568389893,
0.0328860282898,
0.0335099697113,
0.0264639854431,
0.0268859863281,
0.0253350734711,
0.0260820388794,
0.0253508090973,
0.0258100032806,
0.0399558544159,
0.0406408309937,
0.0243029594421,
0.0253388881683,
0.0264430046082,
0.0273549556732,
0.026359796524,
0.0273008346558,
0.0248029232025,
0.0252969264984,
0.0235550403595,
0.0243690013885,
0.0257520675659,
0.0265748500824,
0.0232608318329,
0.0243539810181,
0.0241429805756,
0.0250639915466,
0.0272529125214,
0.0281558036804,
0.0212678909302,
0.0219588279724,
0.0243871212006,
0.02476811409,
0.0254888534546,
0.0261628627777,
0.0266709327698,
0.0272390842438,
0.0250210762024,
0.025407075882,
0.0236489772797,
0.0241169929504,
0.0268800258636,
0.027116060257,
0.0400400161743,
0.0409760475159,
0.0280139446259,
0.0282869338989,
0.0226631164551,
0.0229420661926,
0.0245800018311,
0.0248539447784,
0.0231070518494,
0.0234000682831,
0.0244829654694,
0.0247700214386,
0.0224840641022,
0.0227670669556,
0.0245108604431,
0.0248219966888,
0.0226058959961,
0.0228629112244,
0.02450299263,
0.0247039794922,
0.0225760936737,
0.0228130817413,
0.0253579616547,
0.0265021324158,
0.0344290733337,
0.0353269577026,
0.029305934906,
0.0299510955811,
0.0249679088593,
0.025260925293,
0.0225520133972,
0.0227570533752,
0.0245351791382,
0.0247740745544,
0.024542093277,
0.024806022644,
0.0225350856781,
0.0227391719818,
0.0245850086212,
0.0247840881348,
0.0224540233612,
0.0230078697205,
0.0183510780334,
0.0185470581055,
0.0233559608459,
0.0241768360138,
0.0215280056,
0.0223169326782,
0.0274829864502,
0.0283269882202,
0.0239789485931,
0.0245630741119,
0.0245881080627,
0.025502204895,
0.0264060497284,
0.0273549556732,
0.0244657993317,
0.0253567695618,
0.023365020752,
0.0240731239319,
0.0267930030823,
0.027398109436,
0.0244209766388,
0.0252590179443,
0.0322968959808,
0.0328860282898,
0.023460149765,
0.0240621566772,
0.0284039974213,
0.0293099880219,
0.0260858535767,
0.0269958972931,
0.0268888473511,
0.0280129909515,
0.0285549163818,
0.0295469760895,
0.0235810279846,
0.0244281291962,
0.0216989517212,
0.0224559307098,
0.0252838134766,
0.0262498855591,
0.0288949012756,
0.0297861099243,
0.0272738933563,
0.0280969142914,
0.0465750694275,
0.0471549034119,
0.0266280174255,
0.0276119709015,
0.0282459259033,
0.028913974762,
0.0237889289856,
0.0247869491577,
0.0242199897766,
0.0250651836395,
0.0235769748688,
0.0245649814606,
0.0367650985718,
0.0379800796509,
0.0319449901581,
0.0332360267639,
0.0259728431702,
0.0268368721008,
0.0250458717346,
0.0257771015167,
0.0257542133331,
0.0265820026398,
0.0251359939575,
0.0257050991058,
0.0289680957794,
0.0295901298523,
0.0311670303345,
0.0318520069122,
0.0212171077728,
0.0220401287079,
0.0200250148773,
0.0205850601196,
0.0229089260101,
0.0237379074097,
0.0293669700623,
0.0297999382019,
0.0282640457153,
0.0292010307312,
0.0235891342163,
0.0242381095886,
0.0230939388275,
0.0232679843903,
0.0288860797882,
0.029186964035,
0.0302798748016,
0.030613899231,
0.0283880233765,
0.0285811424255,
0.0244581699371,
0.0247461795807,
0.0232529640198,
0.0235478878021,
0.017627954483,
0.0304660797119,
0.0245289802551,
0.0247600078583,
0.0291910171509,
0.0294108390808,
0.0331590175629,
0.0342688560486,
0.0324020385742,
0.0331978797913,
0.0355780124664,
0.035845041275,
0.0304009914398,
0.0305871963501,
0.0370879173279,
0.0373089313507,
0.0366940498352,
0.0368568897247,
0.0325059890747,
0.0327219963074,
0.0323359966278,
0.0325839519501,
0.0281789302826,
0.0283789634705,
0.0357217788696,
0.035936832428,
0.0315380096436,
0.0317339897156,
0.0226159095764,
0.02281498909,
0.0266380310059,
0.0268840789795,
0.0261800289154,
0.026389837265,
0.0340478420258,
0.034245967865,
0.0336360931396,
0.0338580608368,
0.0293118953705,
0.0295009613037,
0.0321381092072,
0.0326070785522,
0.0263290405273,
0.0266330242157,
0.0300631523132,
0.0303561687469,
0.0295989513397,
0.0304820537567,
0.0333819389343,
0.0336110591888,
0.0328660011292,
0.0331358909607,
0.0341989994049,
0.0344989299774,
0.0507581233978,
0.0510611534119,
0.0299298763275,
0.0301468372345,
0.0295879840851,
0.0301899909973,
0.0264220237732,
0.0267720222473,
0.0211360454559,
0.0221128463745,
0.0288388729095,
0.0294809341431,
0.0267949104309,
0.0277118682861,
0.0257260799408,
0.0264990329742,
0.0414950847626,
0.00279784202576,
0.0311100482941,
0.0317809581757,
0.0373919010162,
0.0383689403534,
0.0393781661987,
0.040146112442,
0.0348489284515,
0.0350511074066,
0.0227341651917,
0.022999048233,
0.0289161205292,
0.0303831100464,
0.0247189998627,
0.0250029563904,
0.0208098888397,
0.021057844162,
0.0323970317841,
0.0326919555664,
0.0282731056213,
0.0287461280823,
0.0369920730591,
0.0378830432892,
0.037547826767,
0.00214600563049,
0.0235528945923,
0.0238029956818,
0.0318479537964,
0.0328259468079,
0.0333340167999,
0.0342040061951,
0.0334169864655,
0.0345730781555,
0.0281920433044,
0.0290589332581,
0.0318369865417,
0.0326900482178,
0.0386071205139,
0.0392169952393,
0.0324690341949,
0.0333209037781,
0.0376489162445,
0.0384349822998,
0.0340468883514,
0.0346670150757,
0.0344049930573,
0.0352559089661,
0.0263450145721,
0.0269479751587,
0.0377020835876,
0.038526058197,
0.0238378047943,
0.0245778560638,
0.0320069789886,
0.0328409671783,
0.0318048000336,
0.0326278209686,
0.0352561473846,
0.0359840393066,
0.0304741859436,
0.030727148056,
0.018091917038,
0.034334897995,
0.0329139232635,
0.033900976181,
0.024698972702,
0.0259699821472,
0.033390045166,
0.0345730781555,
0.0320060253143,
0.0329391956329,
0.0350592136383,
0.0354092121124,
0.0270299911499,
0.027508020401,
0.0230720043182,
0.0236430168152,
0.0264132022858,
0.027074098587,
0.0241229534149,
0.0248980522156,
0.045294046402,
0.00100016593933,
0.0308890342712,
0.0315179824829,
0.0271141529083,
0.0277440547943,
0.022999048233,
0.0240020751953,
0.0342960357666,
0.0352630615234,
0.0372421741486,
0.0382521152496,
0.0262680053711,
0.0270619392395,
0.0410439968109,
0.0417129993439,
0.032252073288,
0.0331900119781,
0.0310120582581,
0.0316290855408,
0.0259220600128,
0.0263819694519,
0.0241088867188,
0.0243198871613,
0.024405002594,
0.0246880054474,
0.0226631164551,
0.0231671333313,
0.022588968277,
0.0229849815369,
0.0254421234131,
0.0263211727142,
0.0248899459839,
0.0252039432526,
0.0277998447418,
0.0287599563599,
0.0249729156494,
0.0256509780884,
0.0258078575134,
0.026782989502,
0.0253601074219,
0.0262231826782,
0.0252621173859,
0.0254399776459,
0.0229530334473,
0.0232090950012,
0.0263509750366,
0.0266208648682,
0.0248601436615,
0.0251650810242,
0.0249390602112,
0.0256640911102,
0.031044960022,
0.0313448905945,
0.0278360843658,
0.0287029743195,
0.0231869220734,
0.0234389305115,
0.0253279209137,
0.0262219905853,
0.0262551307678,
0.0272381305695,
0.0251960754395,
0.0259780883789,
0.0285460948944,
0.0290350914001,
0.0232670307159,
0.0239150524139,
0.031485080719,
0.0317659378052,
0.0237770080566,
0.0240337848663,
0.0247600078583,
0.0250859260559,
0.0251021385193,
0.0253801345825,
0.0226888656616,
0.0229859352112,
0.0284750461578,
0.0294151306152,
0.0233819484711,
0.0241689682007,
0.0246798992157,
0.0257589817047,
0.029266834259,
0.0303628444672,
0.0294940471649,
0.029767036438,
0.0251169204712,
0.0256369113922,
0.0252149105072,
0.0256769657135,
0.0226759910583,
0.0232520103455,
0.0253849029541,
0.0269248485565,
0.0228540897369,
0.0231151580811,
0.0261869430542,
0.0264639854431,
0.0245490074158,
0.0248351097107,
0.0227890014648,
0.0233519077301,
0.0233910083771,
0.023845911026,
0.0255150794983,
0.0263481140137,
0.022616147995,
0.0228900909424,
0.0263049602509,
0.0265028476715,
0.0242800712585,
0.0245630741119,
0.0247888565063,
0.0250968933105,
0.0263080596924,
0.0265800952911,
0.0248198509216,
0.0250890254974,
0.0230910778046,
0.0233681201935,
0.026134967804,
0.0263888835907,
0.0232231616974,
0.0237131118774,
0.0233149528503,
0.0243120193481,
0.0271670818329,
0.0280230045319,
0.0372540950775,
0.0378811359406,
0.0286591053009,
0.029000043869,
0.0332498550415,
0.0337748527527,
0.0253458023071,
0.0260829925537,
0.0309870243073,
0.0320730209351,
0.0280449390411,
0.0292820930481,
0.024158000946,
0.025386095047,
0.0403718948364,
0.040796995163,
0.0132300853729,
0.0136370658875,
0.028116941452,
0.0294380187988,
0.0231609344482,
0.0244488716125,
0.0311949253082,
0.0324220657349,
0.0227560997009,
0.02406001091,
0.0258250236511,
0.0300118923187,
0.0231349468231,
0.0241129398346,
0.0306057929993,
0.0308887958527,
0.0250978469849,
0.0256419181824,
0.0245048999786,
0.0250849723816,
0.0240359306335,
0.024612903595,
0.0238370895386,
0.0244140625,
0.020495891571,
0.0209908485413,
0.0236699581146,
0.023934841156,
0.0271329879761,
0.0281240940094,
0.0240161418915,
0.0248460769653,
0.0279958248138,
0.0283288955688,
0.0318968296051,
0.0324540138245,
0.0353980064392,
0.0358760356903,
0.0307471752167,
0.0317711830139,
0.0413820743561,
0.041971206665,
0.0286560058594,
0.0292761325836,
0.037150144577,
0.0386719703674,
0.0398998260498,
0.040745973587,
0.0273711681366,
0.0282351970673,
0.0350019931793,
0.0357069969177,
0.0310800075531,
0.0320649147034,
0.0308840274811,
0.0322639942169,
0.0247011184692,
0.0250329971313,
0.0171539783478,
0.0180141925812,
0.0133500099182,
0.0135879516602,
0.0150990486145,
0.0298590660095,
0.0325968265533,
0.0328168869019,
0.0284330844879,
0.0289781093597,
0.0277438163757,
0.0280408859253,
0.0895779132843,
0.0910029411316,
0.0301280021667,
0.0306830406189,
0.0260818004608,
0.0266587734222,
0.024307012558,
0.0253798961639,
0.0294160842896,
0.0301580429077,
0.0347490310669,
0.0355429649353,
0.0356779098511,
0.0363688468933,
0.0316989421844,
0.0323648452759,
0.0273969173431,
0.0285239219666,
0.0231368541718,
0.0238168239594,
0.027930021286,
0.0286099910736,
0.0250010490417,
0.0261881351471,
0.0239050388336,
0.0247189998627,
0.0295219421387,
0.0310978889465,
0.0279080867767,
0.0298390388489,
0.0282578468323,
0.0297830104828,
0.0274739265442,
0.0292768478394,
0.0300559997559,
0.0309410095215,
0.0219311714172,
0.0232291221619,
0.0248069763184,
0.0254499912262,
0.0224680900574,
0.0227470397949,
0.0344219207764,
0.0352559089661,
0.0453259944916,
0.0463020801544,
0.0316939353943,
0.0324640274048,
0.0298810005188,
0.030914068222,
0.0239338874817,
0.0248019695282,
0.0237069129944,
0.024475812912,
0.024304151535,
0.0249180793762,
0.0316109657288,
0.0323839187622,
0.0284819602966,
0.0293021202087,
0.0244710445404,
0.0253310203552,
0.0367381572723,
0.0388309955597,
0.0433139801025,
0.0436911582947,
0.0403270721436,
0.0405828952789,
0.0304229259491,
0.0315308570862,
0.0327730178833,
0.0345180034637,
0.0905039310455,
0.0908489227295,
0.111632108688,
0.0731680393219,
0.105525970459,
0.106045007706,
0.10031914711,
0.0469491481781,
0.150662183762,
0.150999069214,
0.137056827545,
0.137502908707,
0.120628118515,
0.0559220314026,
0.0834031105042,
0.0441248416901,
0.0709979534149,
0.0301251411438,
0.0575370788574,
0.0180950164795,
0.0422348976135,
0.00313496589661,
0.0400760173798,
0.00164723396301,
0.0313301086426,
0.032516002655,
0.0245909690857,
0.0253109931946,
0.0392830371857,
0.0403800010681,
0.0450899600983,
0.0457918643951,
0.0199229717255,
0.020320892334,
0.0252780914307,
0.0263850688934,
0.028589963913,
0.0297269821167,
0.0422899723053,
0.00263214111328,
0.0421071052551,
0.00499486923218,
0.0265839099884,
0.027291059494,
0.0289671421051,
0.0299799442291,
0.026918888092,
0.0277149677277,
0.0287430286407,
0.0292160511017,
0.0129940509796,
0.01331615448,
0.0201308727264,
0.0204179286957,
0.0221879482269,
0.0251760482788,
0.0365791320801,
0.0378329753876,
0.0281031131744,
0.0286281108856,
0.0591788291931,
0.0593678951263,
0.0561399459839,
0.0181169509888,
0.0402400493622,
0.000968933105469,
0.0231668949127,
0.023631811142,
0.02068400383,
0.0209579467773,
0.0242660045624,
0.0248351097107,
0.0243499279022,
0.0252258777618,
0.0251820087433,
0.0260820388794,
0.0273818969727,
0.0277960300446,
0.0219249725342,
0.0226609706879,
0.033509016037,
0.0346159934998,
0.0279009342194,
0.0287199020386,
0.024384021759,
0.0249741077423,
0.0301609039307,
0.0307610034943,
0.0257530212402,
0.0262138843536,
0.0255529880524,
0.0276231765747,
0.0271210670471,
0.0279078483582,
0.0260469913483,
0.0269429683685,
0.0243630409241,
0.0258190631866,
0.0294420719147,
0.0302491188049,
0.024738073349,
0.0256690979004,
0.0244309902191,
0.0257709026337,
0.0154421329498,
0.0161719322205,
0.0298500061035,
0.030834197998,
0.0259239673615,
0.0267100334167,
0.0292460918427,
0.0300080776215,
0.0249059200287,
0.0260169506073,
0.0311169624329,
0.0321769714355,
0.032466173172,
0.0331830978394,
0.0236699581146,
0.0242710113525,
0.0265262126923,
0.0271241664886,
0.0296900272369,
0.0305829048157,
0.028373003006,
0.0296320915222,
0.0255777835846,
0.0306768417358,
0.0306148529053,
0.0312190055847,
0.0373649597168,
0.0381400585175,
0.0291838645935,
0.029510974884,
0.0240411758423,
0.0243849754333,
0.0392301082611,
0.0397510528564,
0.0915820598602,
0.00451803207397,
0.0591330528259,
0.00312519073486,
0.0327479839325,
0.0339570045471,
0.0171239376068,
0.0402488708496,
0.052934885025,
0.0531368255615,
0.0343980789185,
0.0345959663391,
0.100433111191,
0.100718021393,
0.040894985199,
0.0412199497223,
0.0408937931061,
0.0411899089813,
0.0408029556274,
3.60012054443e-05,
0.0244870185852,
0.0251321792603,
0.026839017868,
0.0283679962158,
0.0287790298462,
0.031112909317,
0.0332229137421,
0.0341320037842,
0.0306761264801,
0.0320751667023,
0.0261261463165,
0.0266880989075,
0.0397500991821,
0.000946998596191,
0.0303359031677,
0.0310859680176,
0.0264439582825,
0.0275950431824,
0.0299379825592,
0.0325629711151,
0.0337131023407,
0.0346970558167,
0.0334920883179,
0.0340340137482,
0.0409510135651,
0.00267195701599,
0.0338838100433,
0.0351028442383,
0.0321040153503,
0.0323090553284,
0.0271661281586,
0.0274090766907,
0.0151169300079,
0.0153169631958,
0.0361530780792,
0.0369119644165,
0.0338449478149,
0.0340909957886,
0.0331559181213,
0.0334260463715,
0.0334031581879,
0.0340111255646,
0.0292060375214,
0.0299620628357,
0.0276610851288,
0.028116941452,
0.0384390354156,
0.000353097915649,
0.0308430194855,
0.032958984375,
0.0351850986481,
0.0360510349274,
0.0226278305054,
0.0239679813385,
0.0231959819794,
0.0256059169769,
0.0151648521423,
0.0274548530579,
0.0300109386444,
0.0315299034119,
0.0317299365997,
0.033252954483,
0.0335161685944,
0.0343852043152,
0.0298368930817,
0.0310690402985,
0.0260319709778,
0.0274579524994,
0.0230989456177,
0.0236709117889,
0.0317640304565,
0.032986164093,
0.0225720405579,
0.0237770080566,
0.0276591777802,
0.0284531116486,
0.0415899753571,
0.00198888778687,
0.034786939621,
0.0355880260468,
0.0335509777069,
0.0344290733337,
0.0373818874359,
0.0384209156036,
0.0326359272003,
0.0331740379333,
0.0418639183044,
0.00324702262878,
0.0328330993652,
0.0333940982819,
0.0323159694672,
0.0326488018036,
0.030622959137,
0.0308749675751,
0.0223491191864,
0.0225510597229,
0.0226738452911,
0.0235199928284,
0.0271489620209,
0.0281279087067,
0.031494140625,
0.032634973526,
0.023640871048,
0.0246419906616,
0.0269751548767,
0.027969121933,
0.0252718925476,
0.0263750553131,
0.0323989391327,
0.0335919857025,
0.0245630741119,
0.025533914566,
0.029983997345,
0.0302250385284,
0.0314271450043,
0.0316481590271,
0.0291769504547,
0.0294759273529,
0.0240631103516,
0.0242631435394,
0.0233569145203,
0.0237550735474,
0.0284898281097,
0.0287458896637,
0.023185968399,
0.0234878063202,
0.0314028263092,
0.0318620204926,
0.0257768630981,
0.0377168655396,
0.025230884552,
0.0254991054535,
0.0265250205994,
0.0268189907074,
0.0213770866394,
0.0216391086578,
0.0264821052551,
0.0279741287231,
0.0304679870605,
0.0307948589325,
0.0246088504791,
0.0256109237671,
0.0306990146637,
0.0309128761292,
0.0257711410522,
0.0260519981384,
0.0246131420135,
0.0249290466309,
0.0245678424835,
0.0248639583588,
0.0265209674835,
0.0268280506134,
0.0285270214081,
0.0287990570068,
0.0225811004639,
0.0228269100189,
0.024307012558,
0.0245540142059,
0.022665977478,
0.0229229927063,
0.0285949707031,
0.0289080142975,
0.0248758792877,
0.0250878334045,
0.0226860046387,
0.0233750343323,
0.0252869129181,
0.02663397789,
0.0267570018768,
0.0282099246979,
0.0244030952454,
0.0255601406097,
0.0250699520111,
0.0262429714203,
0.0249938964844,
0.026200056076,
0.0280299186707,
0.0291068553925,
0.0233759880066,
0.024710893631,
0.0249769687653,
0.0261011123657,
0.0242419242859,
0.0253210067749,
0.0272588729858,
0.0285248756409,
0.0270459651947,
0.0272209644318,
0.0231821537018,
0.0234200954437,
0.0228970050812,
0.0230889320374,
0.0225298404694,
0.0227959156036,
0.0243968963623,
0.0246510505676,
0.0225129127502,
0.0227630138397,
0.0246179103851,
0.0248818397522,
0.0225610733032,
0.0228350162506,
0.0220549106598,
0.0223398208618,
0.021183013916,
0.0214331150055,
0.0238931179047,
0.0246410369873,
0.0247929096222,
0.0253450870514,
0.0248789787292,
0.025890827179,
0.0239679813385,
0.0242390632629,
0.0235288143158,
0.0238218307495,
0.0242919921875,
0.025337934494,
0.0254700183868,
0.0257890224457,
0.022402048111,
0.0239589214325,
0.0254669189453,
0.0266079902649,
0.0259051322937,
0.027015209198,
0.0267400741577,
0.0279350280762,
0.0288000106812,
0.0300900936127,
0.0304849147797,
0.0317001342773,
0.0250980854034,
0.0261590480804,
0.0259401798248,
0.0269920825958,
0.0332918167114,
0.0348019599915,
0.0277631282806,
0.0287561416626,
0.0221381187439,
0.0232310295105,
0.0411360263824,
0.0426490306854,
0.0278408527374,
0.0281147956848,
0.0206189155579,
0.0208790302277,
0.0288670063019,
0.0291781425476,
0.0317239761353,
0.0329978466034,
0.0324079990387,
0.0328741073608,
0.0255630016327,
0.0259521007538,
0.0412468910217,
0.0422880649567,
0.02024102211,
0.0340459346771,
0.0272221565247,
0.0275161266327,
0.0226550102234,
0.0228998661041,
0.029069185257,
0.0293760299683,
0.0304691791534,
0.0308651924133,
0.02818608284,
0.0284540653229,
0.0325939655304,
0.0338559150696,
0.0231440067291,
0.0233988761902,
0.0244359970093,
0.0247271060944,
0.0286560058594,
0.0289258956909,
0.0221710205078,
0.0224039554596,
0.0281989574432,
0.0283811092377,
0.0285120010376,
0.0287959575653,
0.0282559394836,
0.0285439491272,
0.0218482017517,
0.0221211910248,
0.0347800254822,
0.0351269245148,
0.028599023819,
0.030189037323,
0.0309679508209,
0.0313761234283,
0.0240910053253,
0.0243878364563,
0.0228409767151,
0.0231108665466,
0.0241899490356,
0.0246629714966,
0.0281090736389,
0.0285379886627,
0.033322095871,
0.0350430011749,
0.0293669700623,
0.0296590328217,
0.031867980957,
0.032369852066,
0.0223300457001,
0.0227088928223,
0.024482011795,
0.0249590873718,
0.0240499973297,
0.0243451595306,
0.0228931903839,
0.0236821174622,
0.0257790088654,
0.0264570713043,
0.0231690406799,
0.0239720344543,
0.025386095047,
0.0264489650726,
0.0217850208282,
0.0220110416412,
0.0236659049988,
0.0239119529724,
0.0227029323578,
0.0228741168976,
0.0267941951752,
0.0269989967346,
0.0229699611664,
0.0232801437378,
0.0228297710419,
0.0231177806854,
0.0227029323578,
0.0229730606079,
0.0254089832306,
0.0259318351746,
0.0230791568756,
0.0240609645844,
0.024600982666,
0.0256440639496,
0.0245649814606,
0.0255160331726,
0.0204310417175,
0.0211958885193,
0.0370151996613,
0.0374941825867,
0.0317029953003,
0.0323078632355,
0.0358619689941,
0.0368921756744,
0.031683921814,
0.0327098369598,
0.033812046051,
0.0347149372101,
0.0337328910828,
0.0346329212189,
0.0333859920502,
0.0358190536499,
0.0324130058289,
0.0326290130615,
0.0241990089417,
0.0244109630585,
0.0211870670319,
0.0214810371399,
0.0239319801331,
0.0247449874878,
0.0224778652191,
0.0227119922638,
0.0244069099426,
0.0246379375458,
0.023509979248,
0.0237650871277,
0.0204701423645,
0.0206851959229,
0.0225470066071,
0.0227851867676,
0.0280430316925,
0.0283100605011,
0.0231790542603,
0.023453950882,
0.0211188793182,
0.0213408470154,
0.0281081199646,
0.0292520523071,
0.0230638980865,
0.0240550041199,
0.0231339931488,
0.0242071151733,
0.0273230075836,
0.0284850597382,
0.0324628353119,
0.033618927002,
0.0277719497681,
0.0289750099182,
0.0246579647064,
0.0256090164185,
0.0341811180115,
0.0344080924988,
0.0226399898529,
0.023540019989,
0.0297110080719,
0.0299880504608,
0.0212428569794,
0.0215117931366,
0.0235691070557,
0.0237860679626,
0.028685092926,
0.0289499759674,
0.0225398540497,
0.0227808952332,
0.0233569145203,
0.0235760211945,
0.0240800380707,
0.0243518352509,
0.0292150974274,
0.0306141376495,
0.0232379436493,
0.0246410369873,
0.0251998901367,
0.0259280204773,
0.0235328674316,
0.0244998931885,
0.025267124176,
0.0255100727081,
0.0247540473938,
0.0250639915466,
0.0260310173035,
0.0263118743896,
0.0251250267029,
0.0253891944885,
0.0209078788757,
0.021164894104,
0.0252010822296,
0.0260241031647,
0.042160987854,
0.00328493118286,
0.0320239067078,
0.0330109596252,
0.0186748504639,
0.0192439556122,
0.0303170681,
0.0311331748962,
0.0301420688629,
0.0314130783081,
0.0299320220947,
0.030580997467,
0.0251669883728,
0.0261490345001,
0.0243909358978,
0.0252320766449,
0.0265958309174,
0.0276408195496,
0.0234150886536,
0.0241639614105,
0.0286099910736,
0.0295000076294,
0.027242898941,
0.0280220508575,
0.0392298698425,
0.0399479866028,
0.0359981060028,
0.0376751422882,
0.0215570926666,
0.021861076355,
0.024316072464,
0.0263659954071,
0.0368430614471,
0.0379691123962,
0.0261569023132,
0.027067899704,
0.0458550453186,
0.00285792350769,
0.0378439426422,
0.0388848781586,
0.0295300483704,
0.0305600166321,
0.0389609336853,
0.039675951004,
0.108932971954,
0.109328985214,
0.0344989299774,
0.0364480018616,
0.0239520072937,
0.0249269008636,
0.0244059562683,
0.0247800350189,
0.0755021572113,
0.076199054718,
0.0341360569,
0.0352079868317,
0.025661945343,
0.0269019603729,
0.0251569747925,
0.0262160301208,
0.0271618366241,
0.0289988517761,
0.0241370201111,
0.0251488685608,
0.0283570289612,
0.0293250083923,
0.0241181850433,
0.0250170230865,
0.0395908355713,
0.00203609466553,
0.0252051353455,
0.0260150432587,
0.0373029708862,
0.0377838611603,
0.0283031463623,
0.028825044632,
0.0993478298187,
0.00708889961243,
0.0316829681396,
0.0327959060669,
0.0506401062012,
0.0108349323273,
0.0397400856018,
0.0408780574799,
0.0295341014862,
0.0302450656891,
0.0639011859894,
0.0644540786743,
0.0559840202332,
0.000640153884888,
0.0313150882721,
0.0319321155548,
0.0278840065002,
0.0285890102386,
0.0490229129791,
0.0492618083954,
0.0315628051758,
0.0324659347534,
0.0413320064545,
0.0416951179504,
0.0496079921722,
0.0499911308289,
0.0267469882965,
0.0271739959717,
0.0225319862366,
0.0230801105499,
0.0407619476318,
0.0412509441376,
0.0840399265289,
0.0187439918518,
0.0424671173096,
0.0429151058197,
0.0234727859497,
0.0254158973694,
0.0347399711609,
0.0355639457703,
0.110549211502,
0.0360679626465,
0.0645179748535,
0.0647859573364,
0.0503370761871,
0.00325417518616,
0.0428321361542,
0.0436000823975,
0.0236060619354,
0.0238990783691,
0.0951070785522,
0.0182681083679,
0.0416481494904,
0.0423741340637,
0.0402190685272,
0.000617027282715,
0.0264430046082,
0.0267379283905,
0.0250859260559,
0.00328898429871,
0.0626378059387,
0.000763893127441,
0.0410439968109,
0.00226998329163,
0.0445110797882,
0.00584483146667,
0.0411648750305,
0.00228595733643,
0.0393919944763,
0.0397050380707,
0.0294530391693,
0.0300109386444,
0.0310969352722,
0.0313808917999,
0.0599141120911,
0.0230219364166,
0.0564351081848,
0.0571300983429,
0.0464251041412,
0.0468420982361,
0.0414891242981,
0.0430161952972,
0.0337209701538,
0.0345721244812,
0.0336811542511,
0.0344359874725,
0.0302448272705,
0.0304539203644,
0.021185874939,
0.0214309692383,
0.0234308242798,
0.0237128734589,
0.0268061161041,
0.0270719528198,
0.0245440006256,
0.0248351097107,
0.0264451503754,
0.0267200469971,
0.0238170623779,
0.0240778923035,
0.024286031723,
0.0245130062103,
0.031378030777,
0.03169298172,
0.0252060890198,
0.025456905365,
0.0290229320526,
0.0297448635101,
0.0273959636688,
0.0279998779297,
0.0306611061096,
0.0310480594635,
0.0387070178986,
0.0400109291077,
0.0412929058075,
0.00314378738403,
0.0411829948425,
0.041886806488,
0.016163110733,
0.0169849395752,
0.0246980190277,
0.0249919891357,
0.0292270183563,
0.0299150943756,
0.0432021617889,
0.00414204597473,
0.0314600467682,
0.0329649448395,
0.0300970077515,
0.0310289859772,
0.0865468978882,
0.0872769355774,
0.0645830631256,
0.0649900436401,
0.0505418777466,
0.00178003311157,
0.029296875,
0.0305080413818,
0.0351920127869,
0.0365691184998,
0.0459749698639,
0.00496196746826,
0.0408389568329,
0.00188493728638,
0.0305619239807,
0.03107380867,
0.0309598445892,
0.0319538116455,
0.0272099971771,
0.0281929969788,
0.0254609584808,
0.0267999172211,
0.0407829284668,
0.040992975235,
0.0221300125122,
0.0223650932312,
0.0277230739594,
0.0279500484467,
0.0292201042175,
0.0293951034546,
0.0224721431732,
0.0227570533752,
0.0285379886627,
0.0288150310516,
0.0481469631195,
0.0484910011292,
0.0334599018097,
0.0343480110168,
0.0278129577637,
0.0286660194397,
0.0162100791931,
0.016685962677,
0.033303976059,
0.0335829257965,
0.0300309658051,
0.0302939414978,
0.0262129306793,
0.0271029472351,
0.025545835495,
0.0259108543396,
0.0287461280823,
0.029137134552,
0.0248708724976,
0.0250408649445,
0.027163028717,
0.027459859848,
0.0284979343414,
0.028815984726,
0.0209360122681,
0.0212531089783,
0.068391084671,
0.0176870822906,
0.0435490608215,
0.0440280437469,
0.0308811664581,
0.0311222076416,
0.0236001014709,
0.024099111557,
0.0289099216461,
0.0297679901123,
0.0274648666382,
0.0283088684082,
0.0219359397888,
0.0228860378265,
0.0409519672394,
0.00182294845581,
0.0277070999146,
0.0291709899902,
0.0336270332336,
0.0347239971161,
0.0292418003082,
0.0301809310913,
0.0255560874939,
0.0259521007538,
0.0442159175873,
0.0445718765259,
0.0362410545349,
0.0373330116272,
0.0959799289703,
0.0262460708618,
0.065484046936,
0.0663430690765,
0.0693800449371,
0.0702810287476,
0.0609450340271,
0.0233159065247,
0.0482640266418,
0.0484590530396,
0.0247979164124,
0.0258460044861,
0.0228319168091,
0.023875951767,
0.0254089832306,
0.0265338420868,
0.033371925354,
0.0344979763031,
0.0252730846405,
0.0263471603394,
0.0258588790894,
0.0271079540253,
0.0372021198273,
0.0389530658722,
0.0261101722717,
0.0269441604614,
0.0251638889313,
0.0266089439392,
0.0251860618591,
0.0260012149811,
0.0331480503082,
0.0334420204163,
0.0247669219971,
0.0249588489532,
0.02494597435,
0.0252110958099,
0.0286440849304,
0.0292730331421,
0.0271871089935,
0.0279622077942,
0.0348381996155,
0.035572052002,
0.029317855835,
0.030247926712,
0.0220530033112,
0.0227649211884,
0.0258030891418,
0.0270071029663,
0.0336329936981,
0.0342559814453,
0.0252540111542,
0.0260980129242,
0.0151181221008,
0.0374660491943,
0.0211908817291,
0.0214290618896,
0.0248789787292,
0.0253400802612,
0.0329599380493,
0.0340349674225,
0.0331258773804,
0.0336790084839,
0.0239999294281,
0.0247778892517,
0.0322160720825,
0.0328650474548,
0.0149121284485,
0.015310049057,
0.0310759544373,
0.0320289134979,
0.0370178222656,
0.0378220081329,
0.0327091217041,
0.0335850715637,
0.0243051052094,
0.0251581668854,
0.0179932117462,
0.0296921730042,
0.0148389339447,
0.0264501571655,
0.0322411060333,
0.032655954361,
0.0241000652313,
0.0242850780487,
0.0366640090942,
0.0375649929047,
0.0252859592438,
0.0261030197144,
0.0230021476746,
0.0234050750732,
0.0277199745178,
0.0280010700226,
0.0289690494537,
0.0310771465302,
0.0340399742126,
0.0347089767456,
0.0293419361115,
0.0303719043732,
0.0251820087433,
0.0262479782104,
0.0300481319427,
0.0302901268005,
0.0235772132874,
0.0238420963287,
0.0277268886566,
0.027979850769,
0.0146889686584,
0.0151901245117,
0.0145080089569,
0.0276730060577,
0.0248410701752,
0.025386095047,
0.0327508449554,
0.0334990024567,
0.0275630950928,
0.027843952179,
0.0430998802185,
0.00212407112122,
0.0221259593964,
0.0368649959564,
0.0320460796356,
0.0324399471283,
0.0385320186615,
0.0400040149689,
0.0268239974976,
0.0270631313324,
0.0315511226654,
0.0323741436005,
0.0302588939667,
0.030620098114,
0.0414750576019,
0.00338006019592,
0.0335869789124,
0.0344181060791,
0.0293710231781,
0.029678106308,
0.0366201400757,
0.036936044693,
0.0175879001617,
0.0334599018097,
0.0216891765594,
0.0219581127167,
0.0336890220642,
0.0345270633698,
0.02543592453,
0.0266380310059,
0.023451089859,
0.0242550373077,
0.0262839794159,
0.0293951034546,
0.0346481800079,
0.0357210636139,
0.0290489196777,
0.0296580791473,
0.0339181423187,
0.0343129634857,
0.0349888801575,
0.0355689525604,
0.0313279628754,
0.0320150852203,
0.0325689315796,
0.0337178707123,
0.0347287654877,
0.037006855011,
0.0420029163361,
0.0028121471405,
0.031172990799,
0.0321950912476,
0.0294451713562,
0.0301749706268,
0.0303099155426,
0.0315778255463,
0.02876496315,
0.0294170379639,
0.0318641662598,
0.0329082012177,
0.0272560119629,
0.0277900695801,
0.0293672084808,
0.0301721096039,
0.0367441177368,
0.038027048111,
0.0374059677124,
0.0376830101013,
0.0285778045654,
0.0290529727936,
0.0318808555603,
0.0322427749634,
0.0358848571777,
0.0364899635315,
0.0410590171814,
0.000783920288086,
0.0314838886261,
0.0322048664093,
0.0288190841675,
0.0299000740051,
0.038241147995,
0.03901720047,
0.029659986496,
0.0308048725128,
0.0282678604126,
0.0291669368744,
0.0358679294586,
0.0373148918152,
0.0133888721466,
0.0137639045715,
0.0118041038513,
0.0225260257721,
0.024530172348,
0.0256831645966,
0.0214269161224,
0.0223498344421,
0.0221688747406,
0.02272605896,
0.0217418670654,
0.0222158432007,
0.0267112255096,
0.0273711681366,
0.0326681137085,
0.0337200164795,
0.0248658657074,
0.0257608890533,
0.0285530090332,
0.029326915741,
0.0368678569794,
0.0375258922577,
0.0371389389038,
0.0379400253296,
0.0288181304932,
0.0299971103668,
0.0226719379425,
0.0232489109039,
0.0403048992157,
0.0011579990387,
0.0404839515686,
0.040876865387,
0.0501170158386,
0.0506899356842,
0.0243709087372,
0.0254430770874,
0.0411460399628,
0.0414898395538,
0.0273721218109,
0.0277581214905,
0.0230231285095,
0.0234270095825,
0.0207319259644,
0.0210149288177,
0.0279412269592,
0.0281991958618,
0.0292301177979,
0.0295631885529,
0.0256669521332,
0.0260038375854,
0.0326569080353,
0.0329279899597,
0.0232090950012,
0.0234739780426,
0.0297470092773,
0.0300068855286,
0.0288939476013,
0.0300269126892,
0.0403208732605,
0.000818967819214,
0.0375869274139,
0.0411398410797,
0.0423312187195,
0.0429320335388,
0.033919095993,
0.034353017807,
0.0278649330139,
0.0286848545074,
0.041522026062,
0.00211405754089,
0.0402140617371,
0.0410149097443,
0.0219740867615,
0.0228140354156,
0.0291101932526,
0.0294260978699,
0.0212769508362,
0.0215389728546,
0.0287001132965,
0.0288801193237,
0.0283381938934,
0.0285830497742,
0.0222630500793,
0.0225520133972,
0.0241150856018,
0.0249590873718,
0.0694789886475,
0.069757938385,
0.063392162323,
0.0204057693481,
0.0480928421021,
0.00501585006714,
0.0439889431,
0.00102591514587,
0.0258119106293,
0.0260980129242,
0.0853490829468,
0.00232315063477,
0.0285129547119,
0.0292961597443,
0.0309519767761,
0.0316381454468,
0.0262048244476,
0.0273418426514,
0.0252370834351,
0.0255460739136,
0.023265838623,
0.0240879058838,
0.0571310520172,
0.00651001930237,
0.0370070934296,
0.0378000736237,
0.0280058383942,
0.0477068424225,
0.0249800682068,
0.0252470970154,
0.0559098720551,
0.0561189651489,
0.0283288955688,
0.0285658836365,
0.0277678966522,
0.0280599594116,
0.021341085434,
0.0215151309967,
0.0283648967743,
0.0286240577698,
0.02707695961,
0.027361869812,
0.020987033844,
0.0212430953979,
0.0212340354919,
0.0214750766754,
0.0269768238068,
0.0272438526154,
0.0282402038574,
0.0285429954529,
0.0282399654388,
0.0285410881042,
0.0243248939514,
0.0245327949524,
0.0304009914398,
0.0306310653687,
0.0257420539856,
0.0261158943176,
0.0280649662018,
0.0283830165863,
0.0290830135345,
0.0292761325836,
0.022145986557,
0.0223240852356,
0.028470993042,
0.0287270545959,
0.0225439071655,
0.0228409767151,
0.0253920555115,
0.0256640911102,
0.02578997612,
0.0261301994324,
0.025288105011,
0.0265309810638,
0.0243890285492,
0.0247800350189,
0.0226061344147,
0.0229179859161,
0.0244219303131,
0.0247139930725,
0.0213670730591,
0.0216479301453,
0.0303227901459,
0.0305788516998,
0.0257618427277,
0.0259649753571,
0.0245108604431,
0.0247728824615,
0.0248289108276,
0.0251860618591,
0.0285279750824,
0.0287599563599,
0.0270071029663,
0.0272660255432,
0.0243349075317,
0.02459192276,
0.0218708515167,
0.0221710205078,
0.0259728431702,
0.0262789726257,
0.0263979434967,
0.026664018631,
0.0244269371033,
0.0247120857239,
0.026397228241,
0.0266671180725,
0.0242810249329,
0.0244619846344,
0.0265290737152,
0.0267970561981,
0.0243489742279,
0.0245950222015,
0.0286400318146,
0.028923034668,
0.0223591327667,
0.0226600170135,
0.0325899124146,
0.0329170227051,
0.0225179195404,
0.0227909088135,
0.024619102478,
0.0248870849609,
0.0223190784454,
0.0225620269775,
0.0283970832825,
0.0286550521851,
0.0237679481506,
0.0240499973297,
0.0358672142029,
0.0360341072083,
0.0236740112305,
0.0240118503571,
0.0262701511383,
0.0265929698944,
0.032557964325,
0.0328469276428,
0.0246548652649,
0.0249128341675,
0.0224449634552,
0.0227680206299,
0.024484872818,
0.0247678756714,
0.0264089107513,
0.0266950130463,
0.0234818458557,
0.0237829685211,
0.0237421989441,
0.0239901542664,
0.0210311412811,
0.0212769508362,
0.0310142040253,
0.031277179718,
0.0244438648224,
0.0246410369873,
0.0225992202759,
0.