0.0278720855713,
0.0287110805511,
0.0200660228729,
0.0206770896912,
0.0329911708832,
0.0333180427551,
0.032201051712,
0.0324230194092,
0.0248711109161,
0.0251851081848,
0.0241057872772,
0.024395942688,
0.0244979858398,
0.0247809886932,
0.0242028236389,
0.0251228809357,
0.0236959457397,
0.0250999927521,
0.0260500907898,
0.027065038681,
0.0285179615021,
0.0301160812378,
0.0244741439819,
0.0255270004272,
0.0239970684052,
0.0247089862823,
0.0240759849548,
0.0247821807861,
0.0237090587616,
0.0248901844025,
0.0239491462708,
0.0249719619751,
0.0249831676483,
0.0264551639557,
0.0240659713745,
0.0249230861664,
0.0310678482056,
0.0316588878632,
0.0334279537201,
0.0351030826569,
0.0303659439087,
0.0312359333038,
0.0449991226196,
0.00128221511841,
0.0378241539001,
0.00226712226868,
0.0331211090088,
0.0339720249176,
0.0338039398193,
0.0347800254822,
0.0311188697815,
0.0320739746094,
0.0272829532623,
0.0277478694916,
0.0261240005493,
0.0266931056976,
0.0234498977661,
0.0243899822235,
0.0396749973297,
0.00218510627747,
0.0383441448212,
0.00188899040222,
0.0295381546021,
0.0303549766541,
0.0280339717865,
0.0290129184723,
0.0244579315186,
0.0254280567169,
0.0276629924774,
0.0285019874573,
0.0267338752747,
0.0275559425354,
0.0361680984497,
0.0368580818176,
0.0381209850311,
0.0028989315033,
0.0371260643005,
0.0382471084595,
0.03968501091,
0.00176906585693,
0.0324320793152,
0.0332028865814,
0.0375549793243,
0.037994146347,
0.0371448993683,
0.00291705131531,
0.0277152061462,
0.0307590961456,
0.0442628860474,
0.0446989536285,
0.0245001316071,
0.0258581638336,
0.0351240634918,
0.036071062088,
0.0248169898987,
0.0251250267029,
0.0320470333099,
0.0339210033417,
0.0303621292114,
0.0311059951782,
0.034373998642,
0.0350391864777,
0.0357410907745,
0.0366630554199,
0.0534031391144,
0.0537350177765,
0.0360488891602,
0.0018310546875,
0.0293710231781,
0.0299601554871,
0.0251400470734,
0.0264220237732,
0.0284688472748,
0.0290319919586,
0.0342710018158,
0.0345599651337,
0.0242960453033,
0.0252449512482,
0.0241830348969,
0.0247540473938,
0.0277020931244,
0.0301020145416,
0.024111032486,
0.024836063385,
0.0686361789703,
0.0690310001373,
0.0597901344299,
0.0604979991913,
0.0501389503479,
0.015967130661,
0.0386741161346,
0.00183510780334,
0.0242259502411,
0.035964012146,
0.0238449573517,
0.0356528759003,
0.0245189666748,
0.0248458385468,
0.0240170955658,
0.0243690013885,
0.0221788883209,
0.022469997406,
0.0215020179749,
0.021870136261,
0.0240859985352,
0.0244109630585,
0.0215258598328,
0.0218598842621,
0.0219390392303,
0.0225210189819,
0.0312740802765,
0.0319619178772,
0.0284819602966,
0.0292880535126,
0.0233700275421,
0.0236399173737,
0.0247569084167,
0.025139093399,
0.0290989875793,
0.0293650627136,
0.0308020114899,
0.03209400177,
0.0276291370392,
0.0282900333405,
0.0321609973907,
0.0329849720001,
0.0333549976349,
0.0338430404663,
0.0311789512634,
0.0315148830414,
0.029844045639,
0.0303559303284,
0.0256459712982,
0.0269460678101,
0.0263929367065,
0.0271139144897,
0.0300540924072,
0.0307371616364,
0.0258269309998,
0.0266239643097,
0.0365839004517,
0.0372409820557,
0.0287709236145,
0.0291109085083,
0.032114982605,
0.033066034317,
0.0327730178833,
0.0338928699493,
0.0367379188538,
0.00165390968323,
0.0247578620911,
0.0255138874054,
0.0242969989777,
0.0256638526917,
0.0270898342133,
0.0278379917145,
0.0299432277679,
0.0309760570526,
0.0236630439758,
0.0245079994202,
0.0304069519043,
0.0317800045013,
0.0287189483643,
0.0296969413757,
0.0305140018463,
0.0328660011292,
0.0384941101074,
0.0063750743866,
0.0403668880463,
0.0407299995422,
0.0532529354095,
0.0535619258881,
0.0503458976746,
0.0505468845367,
0.0303959846497,
0.0306358337402,
0.0320041179657,
0.0329070091248,
0.0382668972015,
0.00516295433044,
0.0447709560394,
0.045126914978,
0.0258638858795,
0.0267028808594,
0.0294950008392,
0.0298449993134,
0.0436859130859,
0.0439009666443,
0.0693850517273,
0.0700080394745,
0.0339088439941,
0.0341858863831,
0.027535200119,
0.0279140472412,
0.0353670120239,
0.0355989933014,
0.0846040248871,
0.0853481292725,
0.0294458866119,
0.0297000408173,
0.0518109798431,
0.0527720451355,
0.0328669548035,
0.0339131355286,
0.0290849208832,
0.0295038223267,
0.0262269973755,
0.0269479751587,
0.0344851016998,
0.0349881649017,
0.0486640930176,
0.0490350723267,
0.0243101119995,
0.0253579616547,
0.0183889865875,
0.0476310253143,
0.0396399497986,
0.0398418903351,
0.0333189964294,
0.0336170196533,
0.0360569953918,
0.0362598896027,
0.0309917926788,
0.0313858985901,
0.0380129814148,
0.0384237766266,
0.0794999599457,
0.0800459384918,
0.0686709880829,
0.0689799785614,
0.0631411075592,
0.0634500980377,
0.0611009597778,
0.061450958252,
0.0681118965149,
0.0303959846497,
0.0640079975128,
0.0254838466644,
0.0608057975769,
0.0613379478455,
0.0475590229034,
0.0124740600586,
0.0572030544281,
0.00811004638672,
0.0435450077057,
0.00405883789062,
0.0447599887848,
0.0453028678894,
0.0238990783691,
0.0246479511261,
0.0233821868896,
0.0241332054138,
0.0198409557343,
0.0208609104156,
0.030590057373,
0.0311260223389,
0.0146119594574,
0.0150539875031,
0.0325720310211,
0.0328190326691,
0.0425372123718,
0.0429000854492,
0.0245230197906,
0.0248510837555,
0.0416929721832,
0.0047562122345,
0.0424392223358,
0.0431780815125,
0.026358127594,
0.0273711681366,
0.0382101535797,
0.0384151935577,
0.0322370529175,
0.0325150489807,
0.0351898670197,
0.00181818008423,
0.049782037735,
0.00144410133362,
0.02552318573,
0.0262730121613,
0.0173599720001,
0.017560005188,
0.0237829685211,
0.0243051052094,
0.0234789848328,
0.0243299007416,
0.0333340167999,
0.0341999530792,
0.0240108966827,
0.0248398780823,
0.0298118591309,
0.030809879303,
0.0295150279999,
0.0304198265076,
0.0283710956573,
0.0291841030121,
0.0219640731812,
0.022922039032,
0.0296800136566,
0.0301759243011,
0.0244801044464,
0.0251650810242,
0.0293939113617,
0.0303831100464,
0.0246398448944,
0.0255229473114,
0.0211699008942,
0.0221228599548,
0.0238289833069,
0.0247340202332,
0.0255129337311,
0.0264639854431,
0.0365419387817,
0.00383901596069,
0.0233750343323,
0.00422096252441,
0.0334830284119,
0.0343251228333,
0.0259561538696,
0.0265460014343,
0.0248229503632,
0.0258820056915,
0.027636051178,
0.0289759635925,
0.0301110744476,
0.0310499668121,
0.0372200012207,
0.0380918979645,
0.0236389636993,
0.0242400169373,
0.0253930091858,
0.0262351036072,
0.0254311561584,
0.0263149738312,
0.0279469490051,
0.0288949012756,
0.0234019756317,
0.0243101119995,
0.0312960147858,
0.0323309898376,
0.0239429473877,
0.0248169898987,
0.0228981971741,
0.0237061977386,
0.026428937912,
0.0273380279541,
0.0278470516205,
0.0286471843719,
0.0238988399506,
0.0248229503632,
0.031445980072,
0.0325269699097,
0.0273101329803,
0.0283191204071,
0.0267200469971,
0.0272300243378,
0.0236320495605,
0.0245280265808,
0.0446488857269,
0.00275683403015,
0.0327258110046,
0.0336678028107,
0.0352790355682,
0.00179386138916,
0.0385558605194,
0.0388548374176,
0.0242390632629,
0.0250070095062,
0.0204908847809,
0.0213098526001,
0.0271670818329,
0.0274949073792,
0.0212070941925,
0.0215229988098,
0.025475025177,
0.0263569355011,
0.0244598388672,
0.0247519016266,
0.0311629772186,
0.0316300392151,
0.0238840579987,
0.0245680809021,
0.0255579948425,
0.0263071060181,
0.0306630134583,
0.0319378376007,
0.0268929004669,
0.0277378559113,
0.0338110923767,
0.0345320701599,
0.0124621391296,
0.0251829624176,
0.026193857193,
0.0268869400024,
0.023509979248,
0.0241279602051,
0.0242741107941,
0.0250520706177,
0.0307040214539,
0.0312869548798,
0.0285420417786,
0.0292830467224,
0.0326249599457,
0.0335469245911,
0.0257329940796,
0.0264499187469,
0.0322690010071,
0.0329689979553,
0.0301609039307,
0.0316858291626,
0.0274939537048,
0.0283980369568,
0.0359220504761,
0.0364151000977,
0.0323369503021,
0.0329220294952,
0.0339550971985,
0.0376040935516,
0.0272679328918,
0.0278129577637,
0.0277009010315,
0.028529882431,
0.0364058017731,
0.00251412391663,
0.0338799953461,
0.0352740287781,
0.0344030857086,
0.00307011604309,
0.029531955719,
0.0308139324188,
0.0366530418396,
0.00317001342773,
0.0393440723419,
0.00543689727783,
0.0366969108582,
0.00211000442505,
0.0323929786682,
0.0332407951355,
0.0374131202698,
0.000756025314331,
0.0242481231689,
0.027960062027,
0.0371630191803,
0.040050983429,
0.0390100479126,
0.000900030136108,
0.0169410705566,
0.0284039974213,
0.0261919498444,
0.0269320011139,
0.0278339385986,
0.0287959575653,
0.0342421531677,
0.0345840454102,
0.0258979797363,
0.0278470516205,
0.0253119468689,
0.0262389183044,
0.0265498161316,
0.0277760028839,
0.0316581726074,
0.0332250595093,
0.013906955719,
0.0140709877014,
0.0268378257751,
0.0279150009155,
0.0171489715576,
0.0349609851837,
0.0290901660919,
0.0297350883484,
0.024178981781,
0.0246369838715,
0.0314531326294,
0.0329141616821,
0.0372579097748,
0.037575006485,
0.0282390117645,
0.0288000106812,
0.0333180427551,
0.0336809158325,
0.0452568531036,
0.0455648899078,
0.0240619182587,
0.0242829322815,
0.0321729183197,
0.0335009098053,
0.0242688655853,
0.024512052536,
0.0254509449005,
0.0257518291473,
0.0220420360565,
0.0228250026703,
0.0216391086578,
0.0218842029572,
0.0235521793365,
0.0238320827484,
0.0211720466614,
0.0214219093323,
0.0256371498108,
0.0261549949646,
0.0272538661957,
0.0278289318085,
0.0292382240295,
0.0316481590271,
0.0363550186157,
0.03671002388,
0.0362110137939,
0.00195693969727,
0.0341649055481,
0.0346748828888,
0.0362510681152,
0.00248193740845,
0.0397398471832,
0.0401329994202,
0.023656129837,
0.00165796279907,
0.0338909626007,
0.0342378616333,
0.0332050323486,
0.0334341526031,
0.0227370262146,
0.0231628417969,
0.0277659893036,
0.0284237861633,
0.0297601222992,
0.0303370952606,
0.0336351394653,
0.0344140529633,
0.0245139598846,
0.0247278213501,
0.0309009552002,
0.0315399169922,
0.0345401763916,
0.0380711555481,
0.0346190929413,
0.0350120067596,
0.0333878993988,
0.0337588787079,
0.0299479961395,
0.0309600830078,
0.0287258625031,
0.0289759635925,
0.0336101055145,
0.0344440937042,
0.0346040725708,
0.035215139389,
0.0371041297913,
0.00102376937866,
0.0233519077301,
0.023815870285,
0.0312368869781,
0.0317969322205,
0.0360350608826,
0.0366170406342,
0.0371699333191,
0.00284600257874,
0.0341839790344,
0.03826379776,
0.0306029319763,
0.0313899517059,
0.0289988517761,
0.0299489498138,
0.0400359630585,
0.00674486160278,
0.0295808315277,
0.0306899547577,
0.0312659740448,
0.0315899848938,
0.0311841964722,
0.0320901870728,
0.0285849571228,
0.0320608615875,
0.0280139446259,
0.028783082962,
0.0336661338806,
0.0346071720123,
0.0231690406799,
0.02374792099,
0.0384938716888,
0.00269198417664,
0.0361278057098,
0.00448203086853,
0.0284030437469,
0.0291380882263,
0.0295040607452,
0.030149936676,
0.031231880188,
0.0316288471222,
0.0368850231171,
0.00353813171387,
0.0376892089844,
0.0038378238678,
0.03560090065,
0.0361149311066,
0.0367438793182,
0.00171208381653,
0.0325081348419,
0.0336420536041,
0.0218081474304,
0.0228850841522,
0.0323371887207,
0.0337011814117,
0.024829864502,
0.0259189605713,
0.0320689678192,
0.0323870182037,
0.0278489589691,
0.0280508995056,
0.0280871391296,
0.0282900333405,
0.0287251472473,
0.0290729999542,
0.0303258895874,
0.0311648845673,
0.0131199359894,
0.0262930393219,
0.0283629894257,
0.0291368961334,
0.0361850261688,
0.036721944809,
0.0256597995758,
0.0272068977356,
0.0462558269501,
0.00187611579895,
0.0361740589142,
0.00216698646545,
0.0376398563385,
0.0017077922821,
0.0313999652863,
0.0318958759308,
0.0355479717255,
0.00209093093872,
0.0433940887451,
0.00182509422302,
0.0252711772919,
0.0262041091919,
0.0375928878784,
0.0380549430847,
0.0279381275177,
0.0285880565643,
0.0252969264984,
0.0259058475494,
0.022451877594,
0.0236158370972,
0.0276851654053,
0.0282101631165,
0.0218260288239,
0.0220930576324,
0.0360240936279,
0.003741979599,
0.0301909446716,
0.0312700271606,
0.0262699127197,
0.027153968811,
0.0229361057281,
0.0236821174622,
0.0330410003662,
0.0334229469299,
0.0254271030426,
0.0258932113647,
0.0236229896545,
0.0241920948029,
0.0324048995972,
0.0335619449615,
0.0257720947266,
0.0266129970551,
0.0275180339813,
0.0282070636749,
0.0345330238342,
0.000159978866577,
0.02645611763,
0.0272610187531,
0.0195388793945,
0.0200850963593,
0.0291128158569,
0.0298888683319,
0.0255081653595,
0.0266211032867,
0.0312190055847,
0.0318171977997,
0.0227990150452,
0.0235121250153,
0.0266790390015,
0.0277619361877,
0.0244131088257,
0.0288400650024,
0.0374569892883,
0.0383639335632,
0.0251219272614,
0.0256009101868,
0.0258560180664,
0.0264830589294,
0.0266599655151,
0.0273358821869,
0.0238790512085,
0.0244090557098,
0.0265588760376,
0.0272510051727,
0.0315070152283,
0.032928943634,
0.0340600013733,
7.79628753662e-05,
0.0300278663635,
0.0315589904785,
0.0358431339264,
0.0361070632935,
0.0335907936096,
0.0339279174805,
0.0224089622498,
0.0228159427643,
0.0320210456848,
0.0327651500702,
0.0312039852142,
0.0318701267242,
0.0304298400879,
0.0312628746033,
0.0348808765411,
0.0355079174042,
0.0275340080261,
0.0286538600922,
0.032054901123,
0.0333709716797,
0.0387759208679,
0.040699005127,
0.0296850204468,
0.0309958457947,
0.0286910533905,
0.0295939445496,
0.0331468582153,
0.0342910289764,
0.0287630558014,
0.0295469760895,
0.0295548439026,
0.0304989814758,
0.0299010276794,
0.0302741527557,
0.0345959663391,
0.0348069667816,
0.0277140140533,
0.0280590057373,
0.0288178920746,
0.0300710201263,
0.030394077301,
0.0306990146637,
0.0275268554688,
0.0285179615021,
0.031898021698,
0.0330109596252,
0.0326061248779,
0.0336191654205,
0.0290172100067,
0.0296220779419,
0.0302271842957,
0.0311000347137,
0.0420870780945,
0.043417930603,
0.0343949794769,
0.0353178977966,
0.0312170982361,
0.0323951244354,
0.0274271965027,
0.0280530452728,
0.0286710262299,
0.0296761989594,
0.0331370830536,
0.0338129997253,
0.0384950637817,
0.0395081043243,
0.0379781723022,
0.0387010574341,
0.0272591114044,
0.028037071228,
0.0240821838379,
0.0248401165009,
0.0287780761719,
0.0296111106873,
0.0279400348663,
0.0289719104767,
0.0455389022827,
0.0467779636383,
0.0650460720062,
0.0658559799194,
0.070699930191,
0.0719530582428,
0.0703971385956,
0.0710241794586,
0.0969400405884,
0.0978209972382,
0.0891239643097,
0.0898158550262,
0.0931758880615,
0.093850851059,
0.087201833725,
0.0495340824127,
0.0804970264435,
0.0342440605164,
0.0686659812927,
0.0365929603577,
0.0720779895782,
0.0723700523376,
0.0644879341125,
0.0303118228912,
0.0614609718323,
0.0273640155792,
0.0641860961914,
0.0645971298218,
0.053671836853,
0.0539779663086,
0.0417420864105,
0.0421619415283,
0.0242018699646,
0.0245070457458,
0.0234980583191,
0.0238380432129,
0.0234458446503,
0.0237739086151,
0.0234317779541,
0.0237019062042,
0.0274128913879,
0.0277349948883,
0.0265238285065,
0.0268378257751,
0.0232050418854,
0.0235838890076,
0.0263359546661,
0.0272278785706,
0.0313360691071,
0.0320389270782,
0.0281221866608,
0.0285501480103,
0.0295851230621,
0.0304841995239,
0.0295281410217,
0.0309221744537,
0.0372769832611,
0.00312519073486,
0.0390839576721,
0.00224804878235,
0.0334620475769,
0.034215927124,
0.0129578113556,
0.0261018276215,
0.0401759147644,
0.00272488594055,
0.0355019569397,
0.00199413299561,
0.0339159965515,
0.0347111225128,
0.029895067215,
0.0308179855347,
0.0316209793091,
0.0323050022125,
0.0265440940857,
0.0278470516205,
0.045921087265,
0.00231909751892,
0.0293550491333,
0.030207157135,
0.0267851352692,
0.0276279449463,
0.0261099338531,
0.0265369415283,
0.0329329967499,
0.0339260101318,
0.0270419120789,
0.0280549526215,
0.0379920005798,
0.0383720397949,
0.0332651138306,
0.0339510440826,
0.0310988426208,
0.031947851181,
0.0326089859009,
0.0333049297333,
0.0326800346375,
0.033488035202,
0.0310380458832,
0.0316791534424,
0.0260469913483,
0.0267159938812,
0.02645611763,
0.026978969574,
0.0307071208954,
0.03160405159,
0.0358700752258,
0.0366849899292,
0.0282361507416,
0.0286891460419,
0.0251848697662,
0.0281829833984,
0.0304820537567,
0.0311391353607,
0.02290391922,
0.0237901210785,
0.0324850082397,
0.0334620475769,
0.0416069030762,
0.0419659614563,
0.0265791416168,
0.0275721549988,
0.0322840213776,
0.03297996521,
0.0293378829956,
0.0304729938507,
0.0266969203949,
0.0304908752441,
0.0235769748688,
0.0249319076538,
0.0264809131622,
0.027685880661,
0.0372688770294,
0.00416111946106,
0.0364520549774,
0.0369439125061,
0.024719953537,
0.025652885437,
0.0237011909485,
0.0246641635895,
0.0287940502167,
0.0292539596558,
0.0300681591034,
0.0314621925354,
0.022500038147,
0.0229351520538,
0.0367200374603,
0.0373330116272,
0.0259079933167,
0.0262260437012,
0.0232269763947,
0.0239541530609,
0.0273070335388,
0.0284078121185,
0.0320720672607,
0.0333330631256,
0.0212261676788,
0.0222020149231,
0.0284271240234,
0.0295059680939,
0.0245568752289,
0.0252070426941,
0.0293431282043,
0.0306761264801,
0.0254669189453,
0.0262339115143,
0.0300309658051,
0.0309870243073,
0.0347969532013,
0.0357229709625,
0.0349071025848,
0.00326108932495,
0.0360429286957,
0.0366668701172,
0.0321772098541,
0.0331561565399,
0.0324380397797,
0.0340299606323,
0.0284519195557,
0.0293769836426,
0.0251619815826,
0.0262360572815,
0.0298209190369,
0.0304079055786,
0.0273370742798,
0.0275859832764,
0.0235090255737,
0.0249350070953,
0.0286889076233,
0.0296120643616,
0.0250709056854,
0.0258848667145,
0.0244631767273,
0.0253291130066,
0.0245938301086,
0.0256719589233,
0.0285921096802,
0.0294811725616,
0.025722026825,
0.0269849300385,
0.0373139381409,
0.0381960868835,
0.0304269790649,
0.0307240486145,
0.0417349338531,
0.042191028595,
0.0694410800934,
0.069785118103,
0.0841379165649,
0.0843558311462,
0.0723531246185,
0.0725750923157,
0.0805718898773,
0.081130027771,
0.153670072556,
0.155215024948,
0.14830994606,
0.148964881897,
0.102679014206,
0.1037940979,
0.173428058624,
0.173737049103,
0.209903001785,
0.0967471599579,
0.127623081207,
0.0536639690399,
0.090224981308,
0.0559589862823,
0.0808570384979,
0.0812449455261,
0.101856946945,
0.0600049495697,
0.102010011673,
0.0482270717621,
0.0850579738617,
0.0854520797729,
0.0659048557281,
0.0301899909973,
0.0579860210419,
0.0220739841461,
0.0737760066986,
0.0741581916809,
0.0850598812103,
0.0854189395905,
0.0841109752655,
0.0847301483154,
0.0680019855499,
0.068596124649,
0.0552351474762,
0.0231869220734,
0.0511009693146,
0.0513978004456,
0.0313489437103,
0.0323729515076,
0.0202529430389,
0.0208320617676,
0.0260639190674,
0.027489900589,
0.0186700820923,
0.0274679660797,
0.0255320072174,
0.0263509750366,
0.0635979175568,
0.0643229484558,
0.0442810058594,
0.04483294487,
0.0272748470306,
0.027893781662,
0.0279312133789,
0.0286791324615,
0.0243141651154,
0.0257260799408,
0.020229101181,
0.0205991268158,
0.0213119983673,
0.022027015686,
0.0262870788574,
0.0273649692535,
0.0374310016632,
0.00185799598694,
0.0410981178284,
0.00301098823547,
0.0407929420471,
0.00231790542603,
0.0318138599396,
0.0334107875824,
0.027822971344,
0.0285449028015,
0.0357899665833,
0.0361318588257,
0.0292801856995,
0.0303289890289,
0.0248098373413,
0.0258300304413,
0.0295081138611,
0.0302340984344,
0.0302248001099,
0.0311849117279,
0.0319879055023,
0.0330140590668,
0.0346610546112,
0.0360379219055,
0.0329658985138,
0.0348479747772,
0.0202069282532,
0.000569820404053,
0.0334639549255,
0.0344989299774,
0.0385828018188,
0.0393478870392,
0.0283768177032,
0.0318369865417,
0.0269930362701,
0.0281751155853,
0.0262889862061,
0.0268979072571,
0.0292499065399,
0.0301659107208,
0.0302140712738,
0.0306570529938,
0.0220401287079,
0.0227379798889,
0.0126569271088,
0.0221509933472,
0.0236849784851,
0.0243408679962,
0.033833026886,
0.03595495224,
0.0339860916138,
0.0351030826569,
0.0433762073517,
0.00348210334778,
0.0395650863647,
0.00612807273865,
0.0375220775604,
0.0039598941803,
0.0356788635254,
0.00213479995728,
0.0375189781189,
0.00141501426697,
0.0274319648743,
0.028116941452,
0.0226669311523,
0.0233261585236,
0.0290360450745,
0.0304069519043,
0.0341589450836,
0.0347828865051,
0.0360379219055,
0.00354099273682,
0.0344338417053,
0.0354299545288,
0.0328390598297,
0.0339450836182,
0.0309820175171,
0.0321969985962,
0.0364980697632,
0.00259518623352,
0.0381231307983,
0.00543189048767,
0.0360698699951,
0.0363340377808,
0.0290739536285,
0.030256986618,
0.0372161865234,
0.0374751091003,
0.0371339321136,
0.00359511375427,
0.035651922226,
0.0018208026886,
0.0337908267975,
0.03431391716,
0.0229239463806,
0.0232908725739,
0.0297780036926,
0.0305881500244,
0.0271849632263,
0.0281410217285,
0.0243639945984,
0.0247321128845,
0.0287570953369,
0.0289990901947,
0.0286240577698,
0.0294501781464,
0.0305509567261,
0.0313630104065,
0.0455009937286,
0.0035240650177,
0.0604441165924,
0.060732126236,
0.0378620624542,
0.00737881660461,
0.028018951416,
0.0283679962158,
0.0234310626984,
0.0238509178162,
0.0408298969269,
0.041277885437,
0.0898571014404,
0.0900540351868,
0.0527257919312,
0.0532360076904,
0.0290830135345,
0.0292890071869,
0.0605018138885,
0.0608758926392,
0.057569026947,
0.0580170154572,
0.0416641235352,
0.0422101020813,
0.0361931324005,
0.0364151000977,
0.0305099487305,
0.030711889267,
0.0388331413269,
0.0391020774841,
0.0331609249115,
0.0334899425507,
0.0345849990845,
0.0349650382996,
0.0407469272614,
0.0414578914642,
0.029776096344,
0.0299479961395,
0.050094127655,
0.0504720211029,
0.0523490905762,
0.0526330471039,
0.0475060939789,
0.048091173172,
0.0356647968292,
0.0363898277283,
0.0242748260498,
0.0256578922272,
0.0241408348083,
0.0245039463043,
0.0324380397797,
0.0334661006927,
0.0284540653229,
0.0298318862915,
0.0320489406586,
0.0322749614716,
0.0286550521851,
0.0299849510193,
0.0547080039978,
0.0551970005035,
0.0785329341888,
0.0787150859833,
0.0473959445953,
0.047956943512,
0.0435719490051,
0.0440549850464,
0.0400249958038,
0.0402269363403,
0.0351169109344,
0.0355169773102,
0.02960896492,
0.0300750732422,
0.060131072998,
0.0608479976654,
0.0294289588928,
0.0298810005188,
0.100126028061,
0.100553035736,
0.0738451480865,
0.0742101669312,
0.108175992966,
0.0565648078918,
0.121469020844,
0.0768210887909,
0.166836977005,
0.167158126831,
0.138010025024,
0.138209819794,
0.140664815903,
0.141176939011,
0.185804843903,
0.186128854752,
0.185219049454,
0.134067058563,
0.171255111694,
0.0976028442383,
0.13623380661,
0.136425018311,
0.202803134918,
0.156636953354,
0.184071063995,
0.142226934433,
0.169294118881,
0.0848550796509,
0.122624158859,
0.123001098633,
0.120666980743,
0.0814487934113,
0.113114833832,
0.113862991333,
0.110734939575,
0.0721130371094,
0.110405921936,
0.110970020294,
0.114670991898,
0.115005970001,
0.101734876633,
0.102069854736,
0.0882349014282,
0.0885498523712,
0.0798199176788,
0.0801320075989,
0.0563859939575,
0.0566051006317,
0.0450370311737,
0.0454058647156,
0.0234129428864,
0.0236868858337,
0.0207450389862,
0.0210580825806,
0.0248639583588,
0.025887966156,
0.0379211902618,
0.0384101867676,
0.0319991111755,
0.0326361656189,
0.0296890735626,
0.0301880836487,
0.0236139297485,
0.0239050388336,
0.033518075943,
0.0341429710388,
0.0322759151459,
0.0328588485718,
0.0285449028015,
0.0294120311737,
0.024249792099,
0.0249309539795,
0.0206298828125,
0.0213057994843,
0.0398428440094,
0.040030002594,
0.0905630588531,
0.0908980369568,
0.0566771030426,
0.057058095932,
0.0516228675842,
0.0519659519196,
0.0415380001068,
0.00440192222595,
0.0431289672852,
0.00512194633484,
0.050971031189,
0.00253295898438,
0.0372018814087,
0.00431990623474,
0.0456848144531,
0.0463559627533,
0.0724110603333,
0.0727660655975,
0.0931367874146,
0.0933198928833,
0.0911381244659,
0.0545032024384,
0.0992650985718,
0.0996742248535,
0.16073179245,
0.161120891571,
0.139820098877,
0.140267133713,
0.1001060009,
0.0661430358887,
0.0954201221466,
0.0540809631348,
0.10275387764,
0.0690770149231,
0.0822730064392,
0.0619668960571,
0.0894401073456,
0.0518469810486,
0.0707850456238,
0.027999162674,
0.065071105957,
0.0663530826569,
0.0785639286041,
0.0472412109375,
0.0937280654907,
0.0530788898468,
0.0860500335693,
0.0383038520813,
0.0707969665527,
0.0713579654694,
0.0575881004333,
0.0238919258118,
0.0507581233978,
0.0515179634094,
0.0428681373596,
0.0435030460358,
0.0282101631165,
0.0290479660034,
0.0253357887268,
0.0262877941132,
0.030168056488,
0.0310840606689,
0.0325360298157,
0.033509016037,
0.03586602211,
0.0365359783173,
0.0276072025299,
0.0285329818726,
0.0247011184692,
0.0258340835571,
0.0319180488586,
0.0322349071503,
0.0436198711395,
0.0438339710236,
0.101727962494,
0.102160930634,
0.0630249977112,
0.024603843689,
0.0553388595581,
0.0555839538574,
0.0704820156097,
0.0707929134369,
0.0910060405731,
0.091187953949,
0.0908601284027,
0.0912590026855,
0.089987039566,
0.0904760360718,
0.124200105667,
0.124575138092,
0.112518787384,
0.112709999084,
0.0873639583588,
0.0879700183868,
0.0773100852966,
0.0318751335144,
0.0700509548187,
0.0388622283936,
0.0658860206604,
0.0324029922485,
0.0593540668488,
0.0267062187195,
0.0582292079926,
0.0261788368225,
0.0589919090271,
0.0598568916321,
0.0481369495392,
0.049017906189,
0.0383620262146,
0.007169008255,
0.031219959259,
0.031543970108,
0.0329570770264,
0.0336730480194,
0.025062084198,
0.0257649421692,
0.0243530273438,
0.0252151489258,
0.0314698219299,
0.0324227809906,
0.0233390331268,
0.0241599082947,
0.0246329307556,
0.0253620147705,
0.0239341259003,
0.0247740745544,
0.0287599563599,
0.0298089981079,
0.0263497829437,
0.0271039009094,
0.0247621536255,
0.0255930423737,
0.0253059864044,
0.0263211727142,
0.0245428085327,
0.028028011322,
0.0205228328705,
0.0207998752594,
0.0334579944611,
0.0338170528412,
0.0252909660339,
0.0254819393158,
0.0350060462952,
0.0352728366852,
0.0317640304565,
0.0320529937744,
0.0376319885254,
0.0378358364105,
0.0268731117249,
0.0277931690216,
0.0327332019806,
0.0332181453705,
0.0249400138855,
0.0254039764404,
0.0239410400391,
0.0242190361023,
0.0355269908905,
0.0358350276947,
0.0204689502716,
0.0218279361725,
0.0431091785431,
0.0041868686676,
0.0413999557495,
0.0425329208374,
0.0275311470032,
0.0282871723175,
0.02365899086,
0.0246698856354,
0.0233068466187,
0.0240008831024,
0.0161149501801,
0.0282309055328,
0.0270669460297,
0.0278348922729,
0.0285360813141,
0.0292220115662,
0.0237579345703,
0.0245218276978,
0.0283310413361,
0.0292160511017,
0.0285589694977,
0.0295729637146,
0.031506061554,
0.0322420597076,
0.0301849842072,
0.0313420295715,
0.0384402275085,
0.0021550655365,
0.0323569774628,
0.0329089164734,
0.0450601577759,
0.00314092636108,
0.0358219146729,
0.00187802314758,
0.0404620170593,
0.00211095809937,
0.0310459136963,
0.0318329334259,
0.0318491458893,
0.033313035965,
0.0323348045349,
0.032744884491,
0.0117349624634,
0.0128769874573,
0.0253751277924,
0.0256741046906,
0.0225827693939,
0.0233378410339,
0.0251779556274,
0.0256969928741,
0.032723903656,
0.0333368778229,
0.0364000797272,
0.00234818458557,
0.0334491729736,
0.0341851711273,
0.0185601711273,
0.0195510387421,
0.0242259502411,
0.0250449180603,
0.0345590114594,
0.0348110198975,
0.0271239280701,
0.0279049873352,
0.0318970680237,
0.0324840545654,
0.040296792984,
0.04065990448,
0.0262129306793,
0.0264930725098,
0.0219871997833,
0.0227401256561,
0.0223917961121,
0.0233628749847,
0.0222759246826,
0.0229578018188,
0.0247180461884,
0.0255060195923,
0.0316650867462,
0.0319881439209,
0.023777961731,
0.0241219997406,
0.0284309387207,
0.0287590026855,
0.0214607715607,
0.0217349529266,
0.0213551521301,
0.0216372013092,
0.0213329792023,
0.0216131210327,
0.0250430107117,
0.0253419876099,
0.024701833725,
0.0256259441376,
0.0245430469513,
0.0255079269409,
0.0247099399567,
0.0254898071289,
0.0312509536743,
0.0315339565277,
0.0235149860382,
0.0237879753113,
0.0236830711365,
0.0240890979767,
0.0237579345703,
0.0240828990936,
0.0233480930328,
0.0235900878906,
0.0234479904175,
0.0237419605255,
0.0265169143677,
0.0267939567566,
0.0274651050568,
0.0277700424194,
0.0273089408875,
0.0275938510895,
0.0236070156097,
0.0240762233734,
0.0285930633545,
0.0295271873474,
0.0205428600311,
0.0207948684692,
0.0220220088959,
0.022693157196,
0.0278890132904,
0.0290400981903,
0.0253310203552,
0.0256259441376,
0.0214598178864,
0.0218279361725,
0.0213940143585,
0.0217061042786,
0.0216200351715,
0.0220038890839,
0.0226619243622,
0.0229289531708,
0.0246810913086,
0.0249891281128,
0.0214500427246,
0.0217730998993,
0.0214250087738,
0.0217249393463,
0.0241661071777,
0.0244960784912,
0.0246350765228,
0.0248670578003,
0.0215060710907,
0.0218138694763,
0.0245299339294,
0.0247528553009,
0.0222029685974,
0.0224270820618,
0.0247130393982,
0.0249381065369,
0.0291130542755,
0.0294260978699,
0.0213799476624,
0.0216178894043,
0.0222110748291,
0.0224559307098,
0.0246019363403,
0.0249631404877,
0.0212678909302,
0.021509885788,
0.0218579769135,
0.0227389335632,
0.0263922214508,
0.0270450115204,
0.0138130187988,
0.0234649181366,
0.0231838226318,
0.023864030838,
0.0233509540558,
0.0235869884491,
0.0214219093323,
0.021714925766,
0.0212759971619,
0.0215489864349,
0.0214350223541,
0.0217320919037,
0.0281620025635,
0.0284609794617,
0.0248110294342,
0.0250959396362,
0.0212230682373,
0.0214650630951,
0.0269401073456,
0.0273530483246,
0.0248250961304,
0.0251400470734,
0.0268039703369,
0.0271880626678,
0.022716999054,
0.0229930877686,
0.0234870910645,
0.0237710475922,
0.0272359848022,
0.0275020599365,
0.0236229896545,
0.0248708724976,
0.0252461433411,
0.0255279541016,
0.0338900089264,
0.0343279838562,
0.0268740653992,
0.0275959968567,
0.0288119316101,
0.032546043396,
0.0290591716766,
0.030088186264,
0.0531060695648,
0.0177049636841,
0.0435371398926,
0.0439670085907,
0.0328321456909,
0.000800132751465,
0.0286610126495,
0.0289030075073,
0.0279800891876,
0.0282351970673,
0.023414850235,
0.0236787796021,
0.0323910713196,
0.0333700180054,
0.0377109050751,
0.00205898284912,
0.0321779251099,
0.0324039459229,
0.028972864151,
0.0295329093933,
0.0294518470764,
0.0297698974609,
0.0327038764954,
0.0330438613892,
0.0334849357605,
0.0339550971985,
0.0304141044617,
0.0306499004364,
0.0352830886841,
0.0356221199036,
0.0280199050903,
0.0282227993011,
0.0329930782318,
0.0333120822906,
0.0377719402313,
0.0380330085754,
0.0232198238373,
0.0235388278961,
0.0312008857727,
0.0314679145813,
0.0559639930725,
0.00425601005554,
0.0483930110931,
0.0486559867859,
0.0364661216736,
0.0367720127106,
0.0372700691223,
0.0376460552216,
0.111634969711,
0.0490789413452,
0.0835430622101,
0.0423920154572,
0.0698599815369,
0.0704200267792,
0.0527679920197,
0.0535848140717,
0.046000957489,
0.0466010570526,
0.0241320133209,
0.0249309539795,
0.0151188373566,
0.0270988941193,
0.0865161418915,
0.110667943954,
0.179915904999,
0.180202960968,
0.180158853531,
0.180658817291,
0.171996116638,
0.172476053238,
0.165633916855,
0.16607093811,
0.169163942337,
0.169747829437,
0.244642019272,
0.245085000992,
0.259557008743,
0.260065078735,
0.273859024048,
0.274125099182,
0.289703130722,
0.290040969849,
0.255170106888,
0.255527973175,
0.259484052658,
0.259763002396,
0.249361038208,
0.249664068222,
0.239866018295,
0.240194797516,
0.225696086884,
0.226101160049,
0.210227012634,
0.165529966354,
0.18879199028,
0.151380062103,
0.17876791954,
0.132444858551,
0.181484937668,
0.181782007217,
0.175702810287,
0.175967931747,
0.171100854874,
0.171525001526,
0.160667896271,
0.161405086517,
0.152915000916,
0.118880987167,
0.14689707756,
0.147406101227,
0.138376951218,
0.103066921234,
0.141131877899,
0.10395693779,
0.138253927231,
0.138666152954,
0.149082899094,
0.149303913116,
0.15421295166,
0.154869794846,
0.147743940353,
0.114887952805,
0.158402919769,
0.158762931824,
0.149219989777,
0.105786800385,
0.136253833771,
0.13721203804,
0.121382951736,
0.121981859207,
0.114513158798,
0.115685939789,
0.104772090912,
0.105730056763,
0.095340013504,
0.0963001251221,
0.0879800319672,
0.0886080265045,
0.0819139480591,
0.0492570400238,
0.0852320194244,
0.0429928302765,
0.0768048763275,
0.0783448219299,
0.0698509216309,
0.0365269184113,
0.0759599208832,
0.076248884201,
0.0732750892639,
0.0358350276947,
0.0656571388245,
0.0333437919617,
0.0662758350372,
0.0331161022186,
0.0593230724335,
0.022360086441,
0.054053068161,
0.0188059806824,
0.0426640510559,
0.0429489612579,
0.0313491821289,
0.0324521064758,
0.0358548164368,
0.0362238883972,
0.021183013916,
0.021656036377,
0.0155310630798,
0.0280249118805,
0.0248529911041,
0.025918006897,
0.034765958786,
0.0353670120239,
0.0245790481567,
0.0256559848785,
0.0387020111084,
0.00598120689392,
0.0302820205688,
0.0309882164001,
0.0371069908142,
0.0373849868774,
0.0326309204102,
0.0335369110107,
0.0357420444489,
0.0360119342804,
0.0420258045197,
0.0423557758331,
0.0317289829254,
0.0321860313416,
0.032506942749,
0.0335428714752,
0.0331859588623,
0.0344948768616,
0.0361001491547,
0.00206613540649,
0.0564711093903,
0.0571970939636,
0.047210931778,
0.00376796722412,
0.0315890312195,
0.0329341888428,
0.0369791984558,
0.00334596633911,
0.100405931473,
0.100677967072,
0.0510561466217,
0.0514421463013,
0.0710608959198,
0.0237901210785,
0.0614840984344,
0.0617649555206,
0.0846269130707,
0.0849359035492,
0.0777690410614,
0.0346539020538,
0.061497926712,
0.0308809280396,
0.0532119274139,
0.0227341651917,
0.0599150657654,
0.0263979434967,
0.0592570304871,
0.026211977005,
0.0562160015106,
0.0226969718933,
0.0486769676208,
0.0491819381714,
0.0290498733521,
0.0293779373169,
0.0123522281647,
0.0260891914368,
0.0275177955627,
0.0288248062134,
0.030886888504,
0.0319809913635,
0.0301079750061,
0.0314857959747,
0.0291628837585,
0.0301480293274,
0.0290238857269,
0.0304570198059,
0.0273590087891,
0.0290789604187,
0.01460313797,
0.0297181606293,
0.0347149372101,
0.000750064849854,
0.0383291244507,
0.00390005111694,
0.0377249717712,
0.0382590293884,
0.0244901180267,
0.0252079963684,
0.0257358551025,
0.0267269611359,
0.036318063736,
0.00469183921814,
0.0361280441284,
0.00201988220215,
0.0334918498993,
0.0344038009644,
0.0289471149445,
0.0299961566925,
0.0361959934235,
0.00312209129333,
0.0344560146332,
0.0351610183716,
0.0349318981171,
0.000820159912109,
0.0362269878387,
0.00152492523193,
0.0327818393707,
0.0333640575409,
0.0296339988708,
0.0299870967865,
0.030088186264,
0.0305621623993,
0.0268340110779,
0.0274469852448,
0.0313820838928,
0.0319950580597,
0.0286550521851,
0.0293431282043,
0.0313560962677,
0.0318191051483,
0.0322659015656,
0.0329151153564,
0.0290820598602,
0.0297129154205,
0.036495923996,
0.0369999408722,
0.0330939292908,
6.60419464111e-05,
0.0286221504211,
0.0294351577759,
0.0305798053741,
0.030827999115,
0.0457561016083,
0.0459930896759,
0.0597488880157,
0.0600719451904,
0.0284099578857,
0.0286030769348,
0.0391719341278,
0.0393660068512,
0.0442910194397,
0.0445320606232,
0.0450251102448,
0.0457060337067,
0.0467398166656,
0.0475459098816,
0.0232827663422,
0.0241158008575,
0.0485990047455,
0.0504448413849,
0.0351910591125,
0.0361158847809,
0.0361988544464,
0.00113296508789,
0.0148668289185,
0.03648686409,
0.0314080715179,
0.0320069789886,
0.0322730541229,
0.0330410003662,
0.0299110412598,
0.0307040214539,
0.0554599761963,
0.0558528900146,
0.0475850105286,
0.0483450889587,
0.0281789302826,
0.0289239883423,
0.0299189090729,
0.0307719707489,
0.0337738990784,
0.0343680381775,
0.0302350521088,
0.0311419963837,
0.0435981750488,
0.0449712276459,
0.0406160354614,
0.0412569046021,
0.0336968898773,
0.0340437889099,
0.035413980484,
0.035768032074,
0.0339980125427,
0.0365478992462,
0.0220940113068,
0.0225119590759,
0.0170180797577,
0.034460067749,
0.0305979251862,
0.0312750339508,
0.0315229892731,
0.0317931175232,
0.0294289588928,
0.0301959514618,
0.033252954483,
0.0342359542847,
0.0335791110992,
0.033951997757,
0.0330908298492,
0.0338449478149,
0.0247678756714,
0.0253179073334,
0.0364699363708,
0.00164198875427,
0.0261099338531,
0.0264868736267,
0.0160520076752,
0.0164728164673,
0.0157940387726,
0.015969991684,
0.0156691074371,
0.0158760547638,
0.0170431137085,
0.0173470973969,
0.0215678215027,
0.0221879482269,
0.0343890190125,
0.0355010032654,
0.0173859596252,
0.0177569389343,
0.0366489887238,
0.00419306755066,
0.036110162735,
0.00283408164978,
0.0373220443726,
0.00180006027222,
0.0369498729706,
0.00197005271912,
0.0375900268555,
0.0379939079285,
0.0147550106049,
0.0152809619904,
0.0304870605469,
0.0347559452057,
0.03209400177,
0.0329389572144,
0.029513835907,
0.0303108692169,
0.0377368927002,
0.00344109535217,
0.0256750583649,
0.0262570381165,
0.0315868854523,
0.0321369171143,
0.0184500217438,
0.0236349105835,
0.0277771949768,
0.0306401252747,
0.0364010334015,
0.00294303894043,
0.0291519165039,
0.0299010276794,
0.0248630046844,
0.0256590843201,
0.0227670669556,
0.0230569839478,
0.0255379676819,
0.0262980461121,
0.0298988819122,
0.0304758548737,
0.0346121788025,
0.0355591773987,
0.0371689796448,
0.00406002998352,
0.0357191562653,
0.00153684616089,
0.0355639457703,
0.0360729694366,
0.0235660076141,
0.0244269371033,
0.0299389362335,
0.0302109718323,
0.0237100124359,
0.0246779918671,
0.0161280632019,
0.0268051624298,
0.0251109600067,
0.0258209705353,
0.0339469909668,
0.0350520610809,
0.0302529335022,
0.0316119194031,
0.021479845047,
0.0219039916992,
0.0346729755402,
0.000262975692749,
0.0363750457764,
0.0370869636536,
0.0365860462189,
0.00232291221619,
0.0292789936066,
0.0301790237427,
0.0422749519348,
0.0430798530579,
0.0364470481873,
0.0368318557739,
0.0225310325623,
0.0236129760742,
0.0232689380646,
0.0238938331604,
0.023784160614,
0.0244641304016,
0.0357570648193,
0.0361359119415,
0.0286650657654,
0.0289640426636,
0.0273990631104,
0.0276761054993,
0.0264339447021,
0.0266771316528,
0.0241420269012,
0.0247628688812,
0.0276119709015,
0.0279438495636,
0.0243330001831,
0.0248317718506,
0.0250380039215,
0.0255451202393,
0.0221989154816,
0.0229120254517,
0.0367729663849,
0.0375669002533,
0.0344619750977,
0.0348000526428,
0.022962808609,
0.0232448577881,
0.0283360481262,
0.0296461582184,
0.0288650989532,
0.0319049358368,
0.0311918258667,
0.0323097705841,
0.0315110683441,
0.0323419570923,
0.0410721302032,
0.00488805770874,
0.0294589996338,
0.0305380821228,
0.0314218997955,
0.031965970993,
0.0138521194458,
0.0238962173462,
0.025780916214,
0.0267908573151,
0.0279710292816,
0.0288920402527,
0.0319938659668,
0.034500837326,
0.0231311321259,
0.00135707855225,
0.0305268764496,
0.0313949584961,
0.0301148891449,
0.0309269428253,
0.0271530151367,
0.0281310081482,
0.0284850597382,
0.0291519165039,
0.0342681407928,
0.000785112380981,
0.0352690219879,
0.000855922698975,
0.0281028747559,
0.0289149284363,
0.0387358665466,
0.0391159057617,
0.0248200893402,
0.0250089168549,
0.0299940109253,
0.030308008194,
0.0268788337708,
0.0272588729858,
0.0235569477081,
0.0239109992981,
0.0324120521545,
0.03293800354,
0.0291590690613,
0.02956199646,
0.0300450325012,
0.0303568840027,
0.0309760570526,
0.0314390659332,
0.0282781124115,
0.0295140743256,
0.0225858688354,
0.0240428447723,
0.0311532020569,
0.0320961475372,
0.0267999172211,
0.0281448364258,
0.0231721401215,
0.0240759849548,
0.0374929904938,
0.00238513946533,
0.046373128891,
0.0470721721649,
0.0383009910583,
0.00150203704834,
0.024111032486,
0.0263979434967,
0.0364508628845,
0.00542593002319,
0.0457770824432,
0.0461580753326,
0.0271279811859,
0.0306861400604,
0.0399959087372,
0.0053551197052,
0.0449612140656,
0.0454502105713,
0.0459909439087,
0.00134706497192,
0.0401830673218,
0.00118398666382,
0.0306851863861,
0.031476020813,
0.0427160263062,
0.00303196907043,
0.039402961731,
0.000471830368042,
0.0295820236206,
0.0300569534302,
0.0235080718994,
0.0241160392761,
0.0309109687805,
0.0317239761353,
0.0412402153015,
0.000818967819214,
0.0331349372864,
0.0338289737701,
0.0246341228485,
0.0259521007538,
0.0390648841858,
0.0392699241638,
0.0333430767059,
0.0335800647736,
0.0243790149689,
0.0246410369873,
0.0214829444885,
0.0217719078064,
0.0272560119629,
0.0283489227295,
0.0279231071472,
0.028596162796,
0.0371339321136,
0.0380148887634,
0.0311210155487,
0.0313189029694,
0.0283770561218,
0.0299301147461,
0.0577900409698,
0.00275993347168,
0.0693488121033,
0.00246500968933,
0.0189130306244,
0.0360441207886,
0.0361981391907,
0.0365951061249,
0.0388331413269,
0.00145196914673,
0.026340007782,
0.0270290374756,
0.0663709640503,
0.0254740715027,
0.0650401115417,
0.065288066864,
0.050420999527,
0.0513520240784,
0.04430103302,
0.0449199676514,
0.0273580551147,
0.0275840759277,
0.0359721183777,
0.0362839698792,
0.0401527881622,
0.0408978462219,
0.0523691177368,
0.0527200698853,
0.0489029884338,
0.0491969585419,
0.0396420955658,
0.0401282310486,
0.0347130298615,
0.00188207626343,
0.034196138382,
0.0351920127869,
0.0275590419769,
0.0280060768127,
0.0291388034821,
0.0295128822327,
0.0460360050201,
0.00362992286682,
0.0406761169434,
0.00221395492554,
0.037535905838,
0.000946044921875,
0.0421769618988,
0.0424439907074,
0.0381739139557,
0.0385029315948,
0.0976281166077,
0.0979812145233,
0.065190076828,
0.0655970573425,
0.0564789772034,
0.0566780567169,
0.0410380363464,
0.0412480831146,
0.0289900302887,
0.029275894165,
0.0330729484558,
0.0334260463715,
0.0297870635986,
0.0302691459656,
0.0315318107605,
0.0321078300476,
0.0362620353699,
0.0365059375763,
0.0295388698578,
0.0298209190369,
0.0405418872833,
0.0409250259399,
0.0793709754944,
0.0795569419861,
0.0521838665009,
0.0526058673859,
0.0503599643707,
0.0506420135498,
0.1011698246,
0.0288178920746,
0.0672788619995,
0.0682120323181,
0.0696938037872,
0.0313608646393,
0.0640180110931,
0.0648369789124,
0.0730321407318,
0.0734961032867,
0.111042022705,
0.111275911331,
0.09512591362,
0.0954070091248,
0.07555103302,
0.0760538578033,
0.062175989151,
0.062518119812,
0.0503978729248,
0.0507628917694,
0.0382649898529,
0.0386619567871,
0.0238189697266,
0.0259919166565,
0.0329580307007,
0.0350158214569,
0.0349681377411,
0.00102305412292,
0.0395750999451,
0.0406379699707,
0.0403320789337,
0.0407409667969,
0.0326170921326,
0.033331155777,
0.0323910713196,
0.0327219963074,
0.0262229442596,
0.0264840126038,
0.0262339115143,
0.0267908573151,
0.032249212265,
0.0330040454865,
0.0327091217041,
0.0335919857025,
0.031965970993,
0.0323297977448,
0.0289218425751,
0.0294618606567,
0.0256338119507,
0.0259099006653,
0.0302069187164,
0.0304999351501,
0.0273258686066,
0.0276210308075,
0.0311388969421,
0.0313649177551,
0.0360870361328,
0.0363440513611,
0.0275330543518,
0.0277490615845,
0.032576084137,
0.0329301357269,
0.033539056778,
0.0338621139526,
0.0293979644775,
0.0296330451965,
0.0283210277557,
0.028578042984,
0.0292899608612,
0.0295350551605,
0.0329160690308,
0.033224105835,
0.0344550609589,
0.0347950458527,
0.0311298370361,
0.0322508811951,
0.027822971344,
0.0290598869324,
0.032604932785,
0.032958984375,
0.0378410816193,
0.0386290550232,
0.0307309627533,
0.031131029129,
0.0342228412628,
0.0345969200134,
0.0277819633484,
0.0283889770508,
0.02414894104,
0.0244119167328,
0.0333869457245,
0.0345890522003,
0.0246231555939,
0.0248260498047,
0.0497291088104,
0.0504031181335,
0.0374279022217,
0.0378680229187,
0.037122964859,
0.037780046463,
0.0505740642548,
0.0509898662567,
0.0430579185486,
0.0433690547943,
0.0285341739655,
0.0287961959839,
0.0365948677063,
0.00238490104675,
0.0370230674744,
0.00667595863342,
0.0401020050049,
0.0404160022736,
0.0291271209717,
0.0294389724731,
0.0308830738068,
0.0311930179596,
0.0272679328918,
0.0286951065063,
0.0384938716888,
0.00363802909851,
0.0365550518036,
0.00242400169373,
0.0243539810181,
0.0246329307556,
0.0449409484863,
0.0453178882599,
0.0341060161591,
0.0347099304199,
0.0828800201416,
0.0838599205017,
0.0600140094757,
0.0623359680176,
0.0821928977966,
0.0825560092926,
0.0703799724579,
0.0374689102173,
0.0703959465027,
0.0705819129944,
0.0889689922333,
0.0543029308319,
0.0889489650726,
0.038743019104,
0.07834815979,
0.0438568592072,
0.0842528343201,
0.0846519470215,
0.100574970245,
0.0556740760803,
0.0786008834839,
0.0788879394531,
0.0653510093689,
0.0661518573761,
0.0642528533936,
0.0650069713593,
0.0548760890961,
0.0556139945984,
0.0498580932617,
0.0508530139923,
0.038712978363,
0.0395619869232,
0.0229301452637,
0.0242249965668,
0.0429968833923,
0.043242931366,
0.0185070037842,
0.0187768936157,
0.0189478397369,
0.0191638469696,
0.0369441509247,
0.0372190475464,
0.0364558696747,
0.0367648601532,
0.0291500091553,
0.0300350189209,
0.030543088913,
0.0311179161072,
0.0252869129181,
0.0259819030762,
0.0218288898468,
0.0225179195404,
0.0395920276642,
0.0400521755219,
0.0317339897156,
0.0323679447174,
0.02410197258,
0.0244657993317,
0.0290780067444,
0.0296838283539,
0.0312960147858,
0.0316169261932,
0.027538061142,
0.0283391475677,
0.039302110672,
0.00232696533203,
0.0530700683594,
0.00486207008362,
0.0323951244354,
0.0329520702362,
0.0292081832886,
0.030081987381,
0.0361080169678,
0.00283908843994,
0.0365419387817,
0.0369758605957,
0.0396451950073,
0.00207495689392,
0.0385799407959,
0.0392220020294,
0.0361361503601,
0.00180196762085,
0.0433797836304,
0.00484299659729,
0.0395829677582,
0.040333032608,
0.044205904007,
0.0451228618622,
0.0360698699951,
0.00316286087036,
0.0350298881531,
0.035717010498,
0.0283558368683,
0.0307548046112,
0.0371599197388,
0.00144100189209,
0.032527923584,
0.0329079627991,
0.0467550754547,
0.00231695175171,
0.0184240341187,
0.0193841457367,
0.0283858776093,
0.0294380187988,
0.0314390659332,
0.0569400787354,
0.0332379341125,
0.0339159965515,
0.0333549976349,
0.0341348648071,
0.0386209487915,
0.000362873077393,
0.0296499729156,
0.0310530662537,
0.0262658596039,
0.0269930362701,
0.038094997406,
0.0055558681488,
0.0343527793884,
0.0351638793945,
0.044075012207,
0.0444619655609,
0.0616879463196,
0.00119280815125,
0.0285179615021,
0.0295538902283,
0.0333180427551,
0.0342690944672,
0.0172610282898,
0.0177919864655,
0.0243430137634,
0.0246269702911,
0.0310890674591,
0.0320830345154,
0.0360460281372,
0.0365958213806,
0.035628080368,
0.0361249446869,
0.0338451862335,
0.034353017807,
0.0235180854797,
0.0238120555878,
0.0827667713165,
0.0830409526825,
0.055477142334,
0.0560779571533,
0.050586938858,
0.0511839389801,
0.0291578769684,
0.0295369625092,
0.0318238735199,
0.0320799350739,
0.0962891578674,
0.0182762145996,
0.0563731193542,
0.0567622184753,
0.0243048667908,
0.025016784668,
0.0450468063354,
0.00579309463501,
0.0514500141144,
0.00759100914001,
0.0407650470734,
0.0411241054535,
0.0338850021362,
0.0344059467316,
0.0338478088379,
0.0347809791565,
0.0371570587158,
0.00412178039551,
0.0508558750153,
0.0512208938599,
0.0187649726868,
0.0356028079987,
0.0400488376617,
0.0402958393097,
0.0336549282074,
0.0350248813629,
0.0505640506744,
0.00853514671326,
0.051707983017,
0.0520009994507,
0.0273010730743,
0.0279581546783,
0.0196089744568,
0.020213842392,
0.0305519104004,
0.0321729183197,
0.024749994278,
0.0255029201508,
0.0298161506653,
0.0304021835327,
0.0296590328217,
0.0325200557709,
0.0380342006683,
0.00681614875793,
0.0330560207367,
0.0338840484619,
0.0283229351044,
0.0290729999542,
0.0282409191132,
0.0287330150604,
0.0318131446838,
0.0322759151459,
0.0357251167297,
0.0366010665894,
0.023589849472,
0.0243599414825,
0.0279908180237,
0.0289578437805,
0.0237588882446,
0.0247128009796,
0.0237460136414,
0.0245530605316,
0.0277268886566,
0.0287208557129,
0.0348618030548,
0.0351769924164,
0.0892090797424,
0.0144610404968,
0.0426399707794,
0.0429639816284,
0.0284819602966,
0.0287189483643,
0.044447183609,
0.04514503479,
0.0186059474945,
0.0351979732513,
0.0355808734894,
0.035787820816,
0.0505809783936,
0.0508041381836,
0.0304610729218,
0.0307600498199,
0.035392999649,
0.0356729030609,
0.034784078598,
0.035108089447,
0.032331943512,
0.0332570075989,
0.074716091156,
0.0750260353088,
0.0552318096161,
0.0554678440094,
0.080356836319,
0.0805938243866,
0.112683057785,
0.112880945206,
0.0404510498047,
0.0162279605865,
0.0399169921875,
0.0405669212341,
0.0289630889893,
0.0293200016022,
0.0273671150208,
0.0277631282806,
0.0228140354156,
0.0235159397125,
0.0282661914825,
0.0290420055389,
0.0256869792938,
0.0267388820648,
0.0245530605316,
0.0255010128021,
0.0242941379547,
0.0254981517792,
0.0241670608521,
0.0254261493683,
0.0276980400085,
0.0284671783447,
0.0279488563538,
0.0285019874573,
0.028153181076,
0.0283842086792,
0.0212209224701,
0.0218849182129,
0.0410890579224,
0.00271511077881,
0.0249490737915,
0.0258660316467,
0.0261490345001,
0.0270500183105,
0.0306210517883,
0.0312340259552,
0.0389339923859,
0.00278615951538,
0.0358920097351,
0.00196099281311,
0.0291388034821,
0.0298979282379,
0.0298960208893,
0.030396938324,
0.032781124115,
0.033497095108,
0.0300059318542,
0.0323770046234,
0.0233039855957,
0.023903131485,
0.0232059955597,
0.0237929821014,
0.0274050235748,
0.0277190208435,
0.0230910778046,
0.0237331390381,
0.0301129817963,
0.0311880111694,
0.0278120040894,
0.0281939506531,
0.025288105011,
0.025778055191,
0.0281269550323,
0.0289549827576,
0.0304348468781,
0.0314788818359,
0.0289208889008,
0.0295748710632,
0.0243310928345,
0.0246040821075,
0.0316231250763,
0.0327939987183,
0.0334520339966,
0.0340859889984,
0.0232288837433,
0.0244247913361,
0.0308270454407,
0.0316560268402,
0.0253171920776,
0.0255801677704,
0.0268959999084,
0.0276389122009,
0.0716259479523,
0.0723178386688,
0.0341188907623,
0.0343668460846,
0.0347459316254,
0.00106406211853,
0.0487289428711,
0.0494780540466,
0.0601260662079,
0.0603308677673,
0.0571529865265,
0.057599067688,
0.0491030216217,
0.0493171215057,
0.055065870285,
0.055319070816,
0.0964019298553,
0.0135021209717,
0.0370559692383,
0.0374600887299,
0.0370907783508,
0.0378057956696,
0.0282621383667,
0.029363155365,
0.0240640640259,
0.0247490406036,
0.0228340625763,
0.0236210823059,
0.0220060348511,
0.0227019786835,
0.0220830440521,
0.0229790210724,
0.017595052