0.029345035553
0.0297651290894
0.030189037323
0.0304119586945
0.0306060314178
0.0296080112457
0.0322420597076
0.0326111316681
0.0328171253204
0.032998085022
0.0348529815674
0.0352718830109
0.0360279083252
0.0366148948669
0.0369668006897
0.0403599739075
0.0416390895844
0.042778968811
0.0433051586151
0.0437970161438
0.0337009429932
0.0339689254761
0.0341730117798
0.0343689918518
0.0345818996429
0.0323119163513
0.0328848361969
0.0340068340302
0.034548997879
0.0350329875946
0.0267858505249
0.0278270244598
0.0293028354645
0.0303540229797
0.0317409038544
0.0287141799927
0.0297341346741
0.0305230617523
0.0316271781921
0.0330030918121
0.0356011390686
0.0364441871643
0.0373120307922
0.0381121635437
0.0388350486755
0.0304560661316
0.03169298172
0.0324330329895
0.0338890552521
0.0351519584656
0.0417449474335
0.0420200824738
0.0423130989075
0.0426299571991
0.043242931366
0.0320069789886
0.0325539112091
0.033224105835
0.0341839790344
0.0355429649353
0.0314221382141
0.0315971374512
0.0321900844574
0.0328340530396
0.033539056778
0.0265469551086
0.0273189544678
0.0278599262238
0.0290048122406
0.0297348499298
0.0297548770905
0.0300090312958
0.0302360057831
0.0304670333862
0.0306749343872
0.0241730213165
0.025298833847
0.0280330181122
0.0284399986267
0.0288059711456
0.0286600589752
0.0294880867004
0.0303230285645
0.0310070514679
0.0318379402161
0.0319318771362
0.0329058170319
0.0338478088379
0.0351588726044
0.0359649658203
0.0302600860596
0.0308630466461
0.0315930843353
0.0322530269623
0.0328118801117
0.0436902046204
0.0448980331421
0.0460350513458
0.0473639965057
0.0484170913696
0.0328421592712
0.0342090129852
0.0358409881592
0.0369770526886
0.038300037384
0.0389468669891
0.0400588512421
0.0410149097443
0.0417809486389
0.0425200462341
0.0377857685089
0.038626909256
0.039458990097
0.0402038097382
0.0409998893738
0.0348620414734
0.0363419055939
0.0371639728546
0.0380640029907
0.0388090610504
0.0398218631744
0.0410709381104
0.0425109863281
0.0436198711395
0.0534567832947
0.0310001373291
0.0326731204987
0.0339300632477
0.0409481525421
0.0419011116028
0.0413379669189
0.0424470901489
0.0435740947723
0.0449681282043
0.0461971759796
0.0318319797516
0.0330700874329
0.0340101718903
0.0348851680756
0.0359251499176
0.0456709861755
0.047149181366
0.0480489730835
0.0491571426392
0.0499861240387
0.0340509414673
0.0357091426849
0.037171125412
0.0385551452637
0.0401020050049
0.0290360450745
0.0301229953766
0.0309820175171
0.03671002388
0.0376310348511
0.0244059562683
0.0254790782928
0.0266199111938
0.032320022583
0.0332629680634
0.0302560329437
0.0304899215698
0.0307528972626
0.0314500331879
0.0318648815155
0.043398141861
0.0445101261139
0.045480966568
0.0464611053467
0.0474269390106
0.0302081108093
0.0317621231079
0.0324740409851
0.0334899425507
0.0344219207764
0.037360906601
0.038153886795
0.0423798561096
0.0439119338989
0.0451278686523
0.0292088985443
0.0304028987885
0.0313448905945
0.0323219299316
0.0338580608368
0.0361318588257
0.0378439426422
0.0395588874817
0.0407538414001
0.0479228496552
0.0324549674988
0.0332040786743
0.0334961414337
0.0337359905243
0.0339431762695
0.0451600551605
0.0457530021667
0.0461161136627
0.0464570522308
0.0467810630798
0.0348210334778
0.0353848934174
0.035737991333
0.0360898971558
0.0364120006561
0.0448458194733
0.0458447933197
0.0466358661652
0.0473639965057
0.0479609966278
0.0262908935547
0.027037858963
0.027685880661
0.0283868312836
0.0290818214417
0.0289440155029
0.0294189453125
0.0299401283264
0.0303549766541
0.0305960178375
0.0282819271088
0.0288908481598
0.0291199684143
0.0293099880219
0.0295147895813
0.0304369926453
0.0314309597015
0.0322909355164
0.0329539775848
0.0407538414001
0.026878118515
0.0277559757233
0.0285360813141
0.0322871208191
0.0404031276703
0.0303862094879
0.0305860042572
0.0307800769806
0.0309391021729
0.0310971736908
0.0195848941803
0.0349769592285
0.0353028774261
0.0356290340424
0.0359480381012
0.0321078300476
0.0323758125305
0.0326509475708
0.0328469276428
0.0331628322601
0.0244948863983
0.025153875351
0.0257680416107
0.0263340473175
0.0268728733063
0.0224540233612
0.0231821537018
0.023885011673
0.0245649814606
0.0251920223236
0.022479057312
0.0237810611725
0.0245940685272
0.0255100727081
0.0264530181885
0.052915096283
0.0535571575165
0.0542199611664
0.0548400878906
0.0555319786072
0.0286490917206
0.0294709205627
0.0303061008453
0.0313379764557
0.0323340892792
0.0271730422974
0.0311779975891
0.0333390235901
0.0348799228668
0.0361769199371
0.0346920490265
0.0358121395111
0.0366749763489
0.037670135498
0.0389840602875
0.0385229587555
0.0424308776855
0.0437738895416
0.0451259613037
0.0463268756866
0.0370290279388
0.0375010967255
0.0378131866455
0.038143157959
0.0384821891785
0.0393979549408
0.0396931171417
0.039901971817
0.0402331352234
0.040687084198
0.0291509628296
0.0300831794739
0.0309131145477
0.0323851108551
0.0332939624786
0.0273749828339
0.0293290615082
0.0301320552826
0.0310189723969
0.0321841239929
0.0250749588013
0.0267939567566
0.0276780128479
0.0287699699402
0.0298030376434
0.0340259075165
0.0351860523224
0.0363481044769
0.0377540588379
0.0389840602875
0.0254440307617
0.0261571407318
0.0270800590515
0.0277709960938
0.0285739898682
0.0333781242371
0.0344099998474
0.0353920459747
0.0363111495972
0.0372431278229
0.0367610454559
0.0383100509644
0.0395059585571
0.0407021045685
0.0417201519012
0.0423908233643
0.0434608459473
0.0442497730255
0.0452728271484
0.0460419654846
0.0352890491486
0.0364129543304
0.0376420021057
0.0386481285095
0.0397539138794
0.0373179912567
0.0382940769196
0.0391721725464
0.0402209758759
0.0412971973419
0.0334689617157
0.0348250865936
0.0360109806061
0.0371270179749
0.038761138916
0.0291590690613
0.0300900936127
0.0310299396515
0.0317590236664
0.0331220626831
0.0265128612518
0.0278279781342
0.0294167995453
0.0303628444672
0.0372638702393
0.0364601612091
0.0374729633331
0.038449048996
0.0395450592041
0.040708065033
0.038605928421
0.0396199226379
0.0405209064484
0.0413029193878
0.0420978069305
0.0304989814758
0.0308768749237
0.0312280654907
0.0315408706665
0.0318429470062
0.0259590148926
0.0267372131348
0.0275301933289
0.0284900665283
0.0287711620331
0.0369081497192
0.0374851226807
0.0384910106659
0.0389630794525
0.0394291877747
0.0357010364532
0.0360021591187
0.0362520217896
0.0366611480713
0.0368800163269
0.0189039707184
0.0192000865936
0.0195469856262
0.0323529243469
0.0333878993988
0.0246150493622
0.0254671573639
0.0261070728302
0.026524066925
0.0272030830383
0.0467708110809
0.0470969676971
0.0483808517456
0.0494678020477
0.0503628253937
0.0228598117828
0.0240747928619
0.0249710083008
0.0260138511658
0.0270819664001
0.030280828476
0.0311799049377
0.0323369503021
0.0333068370819
0.0338928699493
0.0361709594727
0.0375649929047
0.0383810997009
0.0391800403595
0.0398750305176
0.0227859020233
0.0231649875641
0.0234711170197
0.0238189697266
0.0241720676422
0.0501620769501
0.0504100322723
0.0505981445312
0.0507810115814
0.051155090332
0.0229110717773
0.0231320858002
0.0235638618469
0.0238680839539
0.0243399143219
0.0300240516663
0.0308480262756
0.03156208992
0.0322651863098
0.0332210063934
0.0283980369568
0.0290701389313
0.0296850204468
0.0302340984344
0.0307650566101
0.0229210853577
0.0237700939178
0.0244710445404
0.0250809192657
0.0257351398468
0.0323708057404
0.032812833786
0.0330109596252
0.033185005188
0.0334038734436
0.0343260765076
0.0345900058746
0.0347921848297
0.0349760055542
0.0354759693146
0.0440919399261
0.0447239875793
0.0449981689453
0.0453169345856
0.0458149909973
0.0260579586029
0.0262470245361
0.0264060497284
0.0265560150146
0.0267090797424
0.0303440093994
0.0306761264801
0.030965089798
0.0312540531158
0.0315411090851
0.0297999382019
0.0302069187164
0.0305559635162
0.0308859348297
0.0329790115356
0.0408310890198
0.0412919521332
0.041708946228
0.0421271324158
0.0425400733948
0.03040599823
0.0306980609894
0.0309541225433
0.0313549041748
0.0316679477692
0.0242300033569
0.02459192276
0.024927854538
0.0252408981323
0.0255680084229
0.0348439216614
0.035227060318
0.0355479717255
0.0357449054718
0.0359239578247
0.0400710105896
0.0403699874878
0.0405638217926
0.0407719612122
0.0439779758453
0.0330560207367
0.033322095871
0.0335700511932
0.0338129997253
0.0340440273285
0.0267150402069
0.0277800559998
0.0286610126495
0.0293700695038
0.0300931930542
0.0304198265076
0.0308508872986
0.0312578678131
0.0316019058228
0.0319259166718
0.0340149402618
0.0346529483795
0.0349869728088
0.0352559089661
0.035521030426
0.0364611148834
0.0366950035095
0.0369689464569
0.0371780395508
0.037397146225
0.0354659557343
0.0366539955139
0.0377979278564
0.0389339923859
0.0400500297546
0.0308182239532
0.0318450927734
0.0380780696869
0.0395791530609
0.0408461093903
0.0304310321808
0.0315392017365
0.0328540802002
0.0344750881195
0.0358760356903
0.0343751907349
0.0354039669037
0.0362281799316
0.0373260974884
0.0382571220398
0.0404379367828
0.0449569225311
0.0459461212158
0.0468130111694
0.0477089881897
0.0289180278778
0.0302140712738
0.0311260223389
0.0320239067078
0.0328779220581
0.0241000652313
0.0258309841156
0.0269911289215
0.0281629562378
0.0301399230957
0.0342228412628
0.0358309745789
0.0370469093323
0.0379807949066
0.0389668941498
0.0327570438385
0.0400190353394
0.0412340164185
0.0423951148987
0.0436460971832
0.0295429229736
0.0305650234222
0.0320310592651
0.0332551002502
0.040540933609
0.0287239551544
0.0300750732422
0.0308129787445
0.0320658683777
0.0328729152679
0.0366559028625
0.0378079414368
0.0387499332428
0.0399260520935
0.0459530353546
0.023589849472
0.0243859291077
0.025111913681
0.0259737968445
0.0269198417664
0.0342900753021
0.0351610183716
0.0357899665833
0.0364079475403
0.0372290611267
0.0382521152496
0.038458108902
0.0386412143707
0.0388231277466
0.0390210151672
0.0303709506989
0.0305860042572
0.0307910442352
0.0309908390045
0.0311930179596
0.0262699127197
0.026652097702
0.0271940231323
0.0278289318085
0.0287089347839
0.0272660255432
0.0282289981842
0.0290019512177
0.0297770500183
0.0342988967896
0.0327699184418
0.0331249237061
0.0334370136261
0.0337760448456
0.034451007843
0.0313148498535
0.0319678783417
0.0330798625946
0.0339779853821
0.0348858833313
0.0401639938354
0.0411758422852
0.0422039031982
0.0429549217224
0.044291973114
0.0187230110168
0.0289421081543
0.0303370952606
0.0313460826874
0.0321750640869
0.0242891311646
0.0282599925995
0.0291349887848
0.0302278995514
0.0310060977936
0.0404980182648
0.0408728122711
0.0414109230042
0.0426969528198
0.0447709560394
0.0335509777069
0.0344769954681
0.0352849960327
0.0413179397583
0.0425040721893
0.0287339687347
0.0290830135345
0.0292940139771
0.0296001434326
0.0298430919647
0.0401329994202
0.0405180454254
0.0408370494843
0.0411350727081
0.0415170192719
0.0377089977264
0.037957906723
0.0381669998169
0.0383429527283
0.03861784935
0.0246849060059
0.0249669551849
0.0251259803772
0.0252809524536
0.0254399776459
0.0324950218201
0.0329871177673
0.0339021682739
0.0356631278992
0.0373342037201
0.024080991745
0.0243949890137
0.0247850418091
0.0251159667969
0.0255968570709
0.0278160572052
0.0280230045319
0.0282011032104
0.0283720493317
0.0285520553589
0.0263040065765
0.0265390872955
0.0268540382385
0.027163028717
0.0274021625519
0.0287220478058
0.0289449691772
0.0291359424591
0.0293300151825
0.0295169353485
0.0295951366425
0.0303921699524
0.0313701629639
0.0322000980377
0.0329949855804
0.0279431343079
0.0282270908356
0.0285770893097
0.0288200378418
0.0290770530701
0.0311808586121
0.0315308570862
0.031919002533
0.0322659015656
0.0328390598297
0.0252788066864
0.0257778167725
0.0262677669525
0.0265789031982
0.0269877910614
0.0252349376678
0.0254619121552
0.0256719589233
0.0258688926697
0.0260717868805
0.0317490100861
0.0320460796356
0.0322439670563
0.03244805336
0.0330340862274
0.0277581214905
0.0283491611481
0.0286250114441
0.0288290977478
0.0291910171509
0.0242190361023
0.0244090557098
0.0246520042419
0.0248689651489
0.0250670909882
0.0278511047363
0.0281031131744
0.0284171104431
0.0287301540375
0.0290250778198
0.0309700965881
0.0318410396576
0.0322558879852
0.0328059196472
0.0331449508667
0.04576420784
0.0460162162781
0.0462510585785
0.0464560985565
0.0467050075531
0.0361280441284
0.0363998413086
0.0366089344025
0.0368020534515
0.0370769500732
0.0311307907104
0.0314958095551
0.0317888259888
0.0321638584137
0.0325169563293
0.034197807312
0.0347898006439
0.0354390144348
0.0363488197327
0.037003993988
0.0241651535034
0.0245070457458
0.025041103363
0.0263710021973
0.0272359848022
0.0285449028015
0.0292279720306
0.0299270153046
0.0347418785095
0.0359148979187
0.0408110618591
0.0411112308502
0.0413951873779
0.04168009758
0.0419580936432
0.0312139987946
0.032054901123
0.032958984375
0.0336449146271
0.0342619419098
0.0409209728241
0.0413019657135
0.0421009063721
0.0426688194275
0.0429649353027
0.0324749946594
0.0327320098877
0.0329329967499
0.0331180095673
0.0333428382874
0.0246689319611
0.0255019664764
0.0257499217987
0.0263688564301
0.0266759395599
0.0334899425507
0.03475689888
0.0360989570618
0.0373380184174
0.0383920669556
0.0323810577393
0.0334310531616
0.0346789360046
0.036022901535
0.0371840000153
0.0357429981232
0.035943031311
0.0361111164093
0.0362689495087
0.0364961624146
0.0286900997162
0.0289611816406
0.0292282104492
0.0295011997223
0.0297260284424
0.0238621234894
0.0241742134094
0.0247070789337
0.0253582000732
0.0261950492859
0.0295588970184
0.030189037323
0.0309600830078
0.0315411090851
0.0324809551239
0.0305721759796
0.0313580036163
0.0320830345154
0.0331490039825
0.0338521003723
0.0283620357513
0.0292038917542
0.0295588970184
0.0297448635101
0.0300290584564
0.026820898056
0.0278329849243
0.0289149284363
0.0297989845276
0.0311958789825
0.0333840847015
0.034695148468
0.0358860492706
0.0369181632996
0.0380730628967
0.0274798870087
0.0286610126495
0.0295610427856
0.0326919555664
0.0341999530792
0.0288238525391
0.0298988819122
0.0308170318604
0.0353088378906
0.0366189479828
0.030189037323
0.0308399200439
0.031457901001
0.0320990085602
0.0327548980713
0.0296568870544
0.0305488109589
0.03125
0.0322458744049
0.0330188274384
0.0265798568726
0.0268638134003
0.0272078514099
0.0274119377136
0.02760887146
0.0296130180359
0.0305252075195
0.0311830043793
0.0319151878357
0.0325059890747
0.0495510101318
0.0508608818054
0.0521080493927
0.0531520843506
0.0541739463806
0.0327360630035
0.033586025238
0.0345211029053
0.0353739261627
0.0363371372223
0.0401139259338
0.0402870178223
0.0404479503632
0.0406038761139
0.0407698154449
0.0270810127258
0.0280809402466
0.0288639068604
0.0294408798218
0.0303130149841
0.0295641422272
0.0300290584564
0.0307521820068
0.0313999652863
0.0321271419525
0.030168056488
0.0308151245117
0.0313951969147
0.0319380760193
0.0325191020966
0.0294768810272
0.0303308963776
0.0313448905945
0.0320129394531
0.0330650806427
0.0318868160248
0.0326209068298
0.0333149433136
0.0340099334717
0.0350329875946
0.0233290195465
0.0244948863983
0.0252459049225
0.0259120464325
0.0304820537567
0.034087896347
0.0353169441223
0.0362150669098
0.0377810001373
0.0390338897705
0.0325779914856
0.0334918498993
0.0342228412628
0.0349500179291
0.0356268882751
0.0555410385132
0.0565152168274
0.0572710037231
0.0581760406494
0.0591430664062
0.0647389888763
0.0652458667755
0.0657098293304
0.0661389827728
0.0668940544128
0.048819065094
0.0494329929352
0.0499150753021
0.0510568618774
0.0520370006561
0.0374519824982
0.0377960205078
0.0380480289459
0.0383098125458
0.038614988327
0.0259699821472
0.0262551307678
0.0264780521393
0.0268819332123
0.0274350643158
0.0266950130463
0.0268969535828
0.0273330211639
0.0281870365143
0.029070854187
0.0375199317932
0.0384659767151
0.0393900871277
0.0401530265808
0.041356086731
0.0292720794678
0.0294361114502
0.0295901298523
0.0300681591034
0.0302231311798
0.0284881591797
0.0288259983063
0.0290122032166
0.0291831493378
0.0293681621552
0.0391261577606
0.039361000061
0.0395350456238
0.0397200584412
0.0399119853973
0.0313420295715
0.0319900512695
0.0323560237885
0.032595872879
0.0330340862274
0.0354459285736
0.0357999801636
0.0360720157623
0.0362548828125
0.0366640090942
0.0512969493866
0.0522558689117
0.0534760951996
0.0542778968811
0.0549850463867
0.0445201396942
0.0451900959015
0.0457451343536
0.0465540885925
0.0475931167603
0.0571269989014
0.0583879947662
0.0595409870148
0.060231924057
0.0609419345856
0.0309970378876
0.0314981937408
0.0317010879517
0.0318851470947
0.0321161746979
0.0396521091461
0.0453050136566
0.0466890335083
0.0478720664978
0.0487990379333
0.0321037769318
0.0323798656464
0.0330319404602
0.0338678359985
0.0346388816833
0.0318479537964
0.0362148284912
0.0376310348511
0.0386278629303
0.0397570133209
0.0358710289001
0.0361170768738
0.0363259315491
0.0365960597992
0.0368649959564
0.0268280506134
0.0270571708679
0.0272531509399
0.027449131012
0.0276250839233
0.0287280082703
0.0290541648865
0.0293490886688
0.0296092033386
0.0299091339111
0.0319998264313
0.0328319072723
0.0336349010468
0.0343859195709
0.0351688861847
0.0308768749237
0.0312309265137
0.0317449569702
0.0326318740845
0.0336239337921
0.0274300575256
0.0277559757233
0.0280809402466
0.0284359455109
0.0289239883423
0.0285420417786
0.0288479328156
0.0291569232941
0.0294559001923
0.0297698974609
0.0283219814301
0.028529882431
0.0287439823151
0.0289359092712
0.0291128158569
0.0261437892914
0.0263698101044
0.0265679359436
0.0268697738647
0.0273258686066
0.0329780578613
0.0332000255585
0.0334219932556
0.0336151123047
0.0337989330292
0.0260038375854
0.0263998508453
0.0267839431763
0.0271489620209
0.0274848937988
0.028648853302
0.0290219783783
0.0293519496918
0.0298759937286
0.0302510261536
0.0222129821777
0.022392988205
0.0225510597229
0.0227110385895
0.0229370594025
0.0327260494232
0.0329899787903
0.0332591533661
0.0335431098938
0.0337829589844
0.0253579616547
0.0257480144501
0.0261800289154
0.0265231132507
0.0269560813904
0.0743060112
0.0748629570007
0.0756368637085
0.0761868953705
0.0767970085144
0.0509278774261
0.0519568920135
0.0526080131531
0.0532140731812
0.0538148880005
0.0404961109161
0.0407249927521
0.0409550666809
0.0411369800568
0.0413191318512
0.0260238647461
0.0263550281525
0.0267400741577
0.0270328521729
0.0273299217224
0.0253460407257
0.0256960391998
0.0260679721832
0.0264568328857
0.0266878604889
0.0262370109558
0.026487827301
0.0267088413239
0.0269148349762
0.0272178649902
0.0272150039673
0.0273911952972
0.0275681018829
0.0278379917145
0.0280120372772
0.0257501602173
0.0259740352631
0.0261781215668
0.0263741016388
0.0265681743622
0.0445849895477
0.0449681282043
0.0454630851746
0.0459640026093
0.0465240478516
0.0402390956879
0.0405030250549
0.0406970977783
0.0408821105957
0.0413999557495
0.0262379646301
0.0267281532288
0.0269370079041
0.0274431705475
0.0278031826019
0.0458779335022
0.0469341278076
0.0477681159973
0.049378156662
0.0497441291809
0.0382599830627
0.0385489463806
0.0388050079346
0.0394489765167
0.0400500297546
0.0396411418915
0.0398831367493
0.040069103241
0.0620050430298
0.0630710124969
0.0327739715576
0.0339820384979
0.0347800254822
0.0369648933411
0.039598941803
0.0343539714813
0.0348720550537
0.0356819629669
0.0360989570618
0.0365860462189
0.0268559455872
0.0276041030884
0.0285840034485
0.0295159816742
0.0310339927673
0.0368590354919
0.0371429920197
0.0374100208282
0.037614107132
0.0378189086914
0.0271580219269
0.0273759365082
0.0275609493256
0.0277309417725
0.0281369686127
0.0300278663635
0.0304169654846
0.0306799411774
0.0312688350677
0.0320010185242
0.0351910591125
0.0357508659363
0.0363459587097
0.0376999378204
0.0394420623779
0.0320780277252
0.0323550701141
0.0328419208527
0.0333530902863
0.0337688922882
0.0440399646759
0.044585943222
0.0455329418182
0.0471918582916
0.0489239692688
0.0337021350861
0.0346322059631
0.0352931022644
0.0355870723724
0.0358221530914
0.0404758453369
0.04132604599
0.0422470569611
0.0431008338928
0.0453429222107
0.0327248573303
0.0330829620361
0.03338098526
0.0340588092804
0.0351369380951
0.0349180698395
0.0362830162048
0.0375080108643
0.0384910106659
0.0461421012878
0.031229019165
0.0317649841309
0.0320038795471
0.0324018001556
0.0337889194489
0.0424289703369
0.0428850650787
0.0432589054108
0.0437099933624
0.0441069602966
0.0300199985504
0.0307228565216
0.03133893013
0.0316848754883
0.0322358608246
0.0295298099518
0.0299108028412
0.0302248001099
0.0306878089905
0.0308899879456
0.0428669452667
0.0431189537048
0.0433719158173
0.0435528755188
0.0437488555908
0.0277409553528
0.0279231071472
0.0280950069427
0.0282979011536
0.0284650325775
0.0368580818176
0.0371909141541
0.0374910831451
0.0377171039581
0.0382421016693
0.0280609130859
0.0283470153809
0.028685092926
0.0289800167084
0.0293381214142
0.0295629501343
0.0307419300079
0.0315809249878
0.0324568748474
0.03630900383
0.0322458744049
0.032527923584
0.0327348709106
0.0329358577728
0.0331358909607
0.0396931171417
0.0399820804596
0.0408210754395
0.041121006012
0.0415740013123
0.0330939292908
0.0340049266815
0.0349118709564
0.0357868671417
0.0367197990417
0.0392920970917
0.0402369499207
0.0415349006653
0.042848110199
0.0464398860931
0.0300748348236
0.0310039520264
0.0317618846893
0.0325198173523
0.0332419872284
0.0737550258636
0.074657201767
0.0753011703491
0.0759260654449
0.0765330791473
0.0388650894165
0.0394201278687
0.0399439334869
0.0433809757233
0.0441801548004
0.0394279956818
0.0405921936035
0.0414571762085
0.0423181056976
0.0431411266327
0.0301079750061
0.0303270816803
0.0305120944977
0.0313210487366
0.0323371887207
0.0340781211853
0.034322977066
0.0344860553741
0.0346591472626
0.0348100662231
0.0364592075348
0.0367391109467
0.0369160175323
0.0371191501617
0.037328004837
0.0300629138947
0.0303919315338
0.0305941104889
0.0308389663696
0.032301902771
0.0297200679779
0.0299530029297
0.0302128791809
0.0304470062256
0.0306169986725
0.0268330574036
0.0270750522614
0.0272748470306
0.0274698734283
0.0276818275452
0.0230979919434
0.0234398841858
0.0237500667572
0.0239911079407
0.0241680145264
0.0249760150909
0.0252640247345
0.025493144989
0.0257050991058
0.0259671211243
0.03297996521
0.033350944519
0.0340669155121
0.0349669456482
0.0358858108521
0.0313470363617
0.0322539806366
0.0330729484558
0.0337820053101
0.0344948768616
0.0298039913177
0.0300199985504
0.0302739143372
0.03049492836
0.0306949615479
0.0274670124054
0.0281682014465
0.0289080142975
0.0296921730042
0.0303480625153
0.0308709144592
0.0317249298096
0.0323281288147
0.0329129695892
0.0393469333649
0.0232839584351
0.0246458053589
0.0275340080261
0.0308368206024
0.039922952652
0.029345035553
0.0296490192413
0.02996301651
0.030158996582
0.0303981304169
0.0252110958099
0.02623295784
0.0275800228119
0.0284380912781
0.0293290615082
0.0386888980865
0.0390379428864
0.0393710136414
0.0396890640259
0.0400218963623
0.0272400379181
0.0275230407715
0.0277400016785
0.0279240608215
0.0281538963318
0.0284419059753
0.0288419723511
0.0290338993073
0.0292658805847
0.0294787883759
0.030492067337
0.0307250022888
0.0309181213379
0.0310950279236
0.031259059906
0.0345849990845
0.0350410938263
0.0353009700775
0.0355780124664
0.0359349250793
0.0226089954376
0.0228638648987
0.0231118202209
0.0232999324799
0.0234789848328
0.0322079658508
0.0324590206146
0.0326969623566
0.0331990718842
0.0337190628052
0.034022808075
0.0342619419098
0.034441947937
0.0346357822418
0.0348179340363
0.0305659770966
0.0312221050262
0.0318570137024
0.0324800014496
0.0331308841705
0.038379907608
0.0385849475861
0.0388150215149
0.0390479564667
0.0392370223999
0.0351641178131
0.0358390808105
0.0363681316376
0.0369791984558
0.0376451015472
0.0298991203308
0.030650138855
0.0313560962677
0.0320529937744
0.0327501296997
0.0472228527069
0.0480699539185
0.0488319396973
0.0495698451996
0.0505230426788
0.031888961792
0.0323979854584
0.0326969623566
0.0332770347595
0.0337789058685
0.0383141040802
0.0393030643463
0.0400850772858
0.0407869815826
0.0414879322052
0.0326972007751
0.0332159996033
0.0337181091309
0.0340261459351
0.0346760749817
0.0296499729156
0.0299689769745
0.0302209854126
0.0304210186005
0.0306711196899
0.0367920398712
0.0371310710907
0.0374701023102
0.0380799770355
0.0388219356537
0.0413899421692
0.0416820049286
0.0419239997864
0.0425019264221
0.043123960495
0.0410809516907
0.0419888496399
0.0427079200745
0.0434839725494
0.0442259311676
0.0279951095581
0.0289120674133
0.0299000740051
0.0308170318604
0.0319390296936
0.0304939746857
0.0308599472046
0.0311250686646
0.032772064209
0.0330669879913
0.0273320674896
0.0286250114441
0.0295209884644
0.0306880474091
0.0371251106262
0.0321431159973
0.0330669879913
0.0337669849396
0.0346870422363
0.0355589389801
0.0457611083984
0.0465669631958
0.0478739738464
0.0492539405823
0.0504150390625
0.0393350124359
0.0407299995422
0.0414471626282
0.0423271656036
0.0432591438293
0.0311210155487
0.0317900180817
0.0329351425171
0.0337719917297
0.0350019931793
0.0262498855591
0.0267069339752
0.0274720191956
0.0280468463898
0.0288648605347
0.0374870300293
0.0386748313904
0.0398678779602
0.0409409999847
0.0485470294952
0.045508146286
0.0466020107269
0.0474760532379
0.0483381748199
0.0494129657745
0.0283229351044
0.0294940471649
0.0302059650421
0.031445980072
0.0325040817261
0.0391299724579
0.0397799015045
0.0403728485107
0.040894985199
0.0414578914642
0.0335218906403
0.0348479747772
0.0360350608826
0.0371949672699
0.0448520183563
0.0273361206055
0.0278420448303
0.0283191204071
0.0287411212921
0.0294449329376
0.0364589691162
0.0366759300232
0.0368559360504
0.0370519161224
0.0372219085693
0.03107213974
0.0316741466522
0.0323321819305
0.0329580307007
0.0338110923767
0.0286180973053
0.0298640727997
0.0306401252747
0.0317590236664
0.0396010875702
0.0293889045715
0.0301549434662
0.0343790054321
0.0353980064392
0.0362250804901
0.0337359905243
0.0344491004944
0.0350079536438
0.0356459617615
0.0409159660339
0.0359079837799
0.0363390445709
0.037055015564
0.03746509552
0.0379920005798
0.0264890193939
0.0267388820648
0.0269999504089
0.027636051178
0.0281648635864
0.0347800254822
0.0352740287781
0.0357539653778
0.0364661216736
0.0371289253235
0.0376501083374
0.0381689071655
0.0390210151672
0.0398900508881
0.04079413414
0.0287189483643
0.0297038555145
0.0307488441467
0.0349559783936
0.036171913147
0.0331618785858
0.0337610244751
0.0343279838562
0.0347809791565
0.0352659225464
0.040237903595
0.0405678749084
0.0408499240875
0.0411419868469
0.0414578914642
0.0325281620026
0.0327711105347
0.0330350399017
0.0333211421967
0.033518075943
0.0289130210876
0.0290901660919
0.0292530059814
0.029422044754
0.0295860767365
0.0304529666901
0.0317630767822
0.0328691005707
0.0338959693909
0.0351071357727
0.0273668766022
0.0285229682922
0.0293209552765
0.0303399562836
0.0310640335083
0.0331411361694
0.0344099998474
0.0355970859528
0.0367941856384
0.0380311012268
0.0387308597565
0.040011882782
0.04106092453
0.0421659946442
0.0431199073792
0.0268750190735
0.0276119709015
0.02827501297
0.0290489196777
0.0379989147186
0.0316879749298
0.0321099758148
0.0325458049774
0.0332968235016
0.0336229801178
0.0293138027191
0.0303947925568
0.0313007831573
0.0341429710388
0.035582780838
0.0252039432526
0.0264058113098
0.0274748802185
0.0287058353424
0.0298290252686
0.0365710258484
0.0368649959564
0.037083864212
0.0372948646545
0.0375039577484
0.0280451774597
0.0283679962158
0.02867603302
0.0289890766144
0.0292930603027
0.0260419845581
0.0262799263
0.0264618396759
0.0266308784485
0.0270419120789
0.0279059410095
0.0280849933624
0.0282418727875
0.0283899307251
0.0285420417786
0.026340007782
0.0266170501709
0.0268249511719
0.0270299911499
0.0272250175476
0.0306811332703
0.0318582057953
0.0326590538025
0.033497095108
0.0345251560211
0.0273349285126
0.0275478363037
0.0277450084686
0.027932882309
0.0281150341034
0.0221991539001
0.0226581096649
0.0230350494385
0.0232801437378
0.0235111713409
0.0280132293701
0.0282471179962
0.0284490585327
0.0286281108856
0.0288071632385
0.0265591144562
0.0269961357117
0.0276901721954
0.0284950733185
0.0292251110077
0.0227410793304
0.022961139679
0.0231380462646
0.0233430862427
0.0235531330109
0.0282199382782
0.0284321308136
0.0286140441895
0.0287821292877
0.0289499759674
0.0229258537292
0.0231909751892
0.0234479904175
0.0236439704895
0.0238599777222
0.0264430046082
0.0267090797424
0.0271902084351
0.027663230896
0.0278520584106
0.0293118953705
0.0306940078735
0.0320279598236
0.0352718830109
0.0365428924561
0.0303628444672
0.0305738449097
0.0307347774506
0.03089594841
0.0310678482056
0.0224089622498
0.0225729942322
0.0227289199829
0.0240738391876
0.0256278514862
0.0269680023193
0.027144908905
0.0273580551147
0.0275769233704
0.0277400016785
0.0353949069977
0.0366749763489
0.0378339290619
0.0391440391541
0.0402910709381
0.0327780246735
0.0338799953461
0.0348980426788
0.0356829166412
0.0363829135895
0.0424568653107
0.043251991272
0.043970823288
0.044842004776
0.0458228588104
0.0378839969635
0.0469341278076
0.0548629760742
0.0563859939575
0.0577139854431
0.032867193222
0.0334861278534
0.0339372158051
0.0344140529633
0.0353620052338
0.0412049293518
0.041806936264
0.0425288677216
0.0430648326874
0.0435497760773
0.049681186676
0.0507349967957
0.051726102829
0.0525870323181
0.0533351898193
0.0365550518036
0.0368340015411
0.037013053894
0.037348985672
0.03755402565
0.0263109207153
0.0265610218048
0.026820898056
0.027007818222
0.0272388458252
0.029424905777
0.0296468734741
0.0298490524292
0.0300438404083
0.0302200317383
0.0292859077454
0.0296659469604
0.0298998355865
0.030238866806
0.030553817749
0.02077293396
0.0211198329926
0.0213279724121
0.0215089321136
0.0217168331146
0.0262780189514
0.0264608860016
0.026624917984
0.0267870426178
0.0269770622253
0.0285129547119
0.0291359424591
0.0299279689789
0.0306420326233
0.0317471027374
0.0370562076569
0.037290096283
0.0374732017517
0.0376901626587
0.0378940105438
0.020525932312
0.0207619667053
0.0209729671478
0.033154964447
0.0336208343506
0.041846036911
0.0420570373535
0.0422329902649
0.0425381660461
0.0428111553192
0.0315501689911
0.0327110290527
0.0336391925812
0.0349290370941
0.0357351303101
0.0377860069275
0.0384900569916
0.0393769741058
0.0401840209961
0.0413401126862
0.0346059799194
0.0359477996826
0.0369989871979
0.038204908371
0.0393259525299
0.0289680957794
0.0298659801483
0.0307009220123
0.0315129756927
0.0383400917053
0.0377249717712
0.0388200283051
0.0397698879242
0.0411419868469
0.0418889522552
0.0588409900665
0.0600249767303
0.0611760616302
0.0623080730438
0.0636529922485
0.0271110534668
0.0280439853668
0.0287871360779
0.0296831130981
0.030524969101
0.0431089401245
0.0439670085907
0.0447909832001
0.0454480648041
0.0466110706329
0.0325911045074
0.0333690643311
0.0343511104584
0.0353391170502
0.0364201068878
0.0322999954224
0.0371921062469
0.0397651195526
0.041228055954
0.0426349639893
0.039834022522
0.0403990745544
0.0408551692963
0.0413019657135
0.0416831970215
0.0307741165161
0.0313191413879
0.0324730873108
0.0332131385803
0.0343911647797
0.0333650112152
0.0335969924927
0.0338089466095
0.0345370769501
0.0356628894806
0.0256459712982
0.0266690254211
0.0274140834808
0.0285680294037
0.0295450687408
0.0349779129028
0.0352790355682
0.0355730056763
0.0358390808105
0.0360970497131
0.0591681003571
0.0596470832825
0.060112953186
0.0606081485748
0.061115026474
0.026661157608
0.0275449752808
0.028361082077
0.029088973999
0.0297529697418
0.0358130931854
0.0366079807281
0.0374610424042
0.0382680892944
0.0390939712524
0.0282011032104
0.0289301872253
0.029571056366
0.0302150249481
0.0306780338287
0.0247051715851
0.0257430076599
0.0269889831543
0.0277471542358
0.0335021018982
0.0327670574188
0.0334429740906
0.0341079235077
0.0348751544952
0.0367660522461
0.0360310077667
0.0369920730591
0.0379641056061
0.0389921665192
0.0398881435394
0.0312860012054
0.032408952713
0.033350944519
0.0346109867096
0.0356140136719
0.0311031341553
0.0315990447998
0.0321171283722
0.0331001281738
0.033921957016
0.0264489650726
0.027487039566
0.0282640457153
0.0290420055389
0.0298988819122
0.0348780155182
0.0356709957123
0.0376749038696
0.0387179851532
0.039981842041
0.0282459259033
0.0293419361115
0.0307810306549
0.0316889286041
0.0326659679413
0.0335199832916
0.0346660614014
0.0357410907745
0.0370259284973
0.0385689735413
0.0282030105591
0.0292870998383
0.0301630496979
0.0312731266022
0.0324859619141
0.0334670543671
0.0366470813751
0.0375621318817
0.038290977478
0.0391681194305
0.0362219810486
0.0378029346466
0.0389368534088
0.0399858951569
0.0411689281464
0.032105922699
0.0342149734497
0.0352389812469
0.0365798473358
0.0376079082489
0.0374360084534
0.0376591682434
0.0378510951996
0.0380511283875
0.0395221710205
0.0300390720367
0.0302770137787
0.030522108078
0.0308740139008
0.0313050746918
0.0268590450287
0.0274059772491
0.0280940532684
0.0286099910736
0.0291750431061
0.0352988243103
0.036150932312
0.0374548435211
0.038801908493
0.0396678447723
0.0312559604645
0.0315461158752
0.0317749977112
0.0320279598236
0.0322160720825
0.0307550430298
0.0311379432678
0.0317499637604
0.0328500270844
0.0338230133057
0.0278069972992
0.0281429290771
0.0284678936005
0.028815984726
0.0291638374329
0.0242779254913
0.0245559215546
0.0248048305511
0.0250389575958
0.0252919197083
0.0264699459076
0.0267090797424
0.0274269580841
0.0279901027679
0.0292589664459
0.0240280628204
0.0248420238495
0.0253899097443
0.0300679206848
0.0314259529114
0.0377650260925
0.0382070541382
0.0384991168976
0.0388131141663
0.0391252040863
0.0303781032562
0.0307819843292
0.0311210155487
0.0317351818085
0.0322949886322
0.0272419452667
0.0274629592896
0.0279541015625
0.0284099578857
0.0288889408112
0.0288469791412
0.0294458866119
0.0297949314117
0.0302128791809
0.0306940078735
0.0205311775208
0.0209150314331
0.0562219619751
0.0565690994263
0.0568161010742
0.0316410064697
0.0318908691406
0.0320599079132
0.0322828292847
0.0329868793488
0.0280640125275
0.0282471179962
0.0284171104431
0.0287170410156
0.0289239883423
0.0257229804993
0.0260188579559
0.0262269973755
0.0267260074615
0.0270268917084
0.028501033783
0.028697013855
0.028881072998
0.0290498733521
0.0292210578918
0.0269811153412
0.0271909236908
0.0273640155792
0.0275690555573
0.0277440547943
0.0287439823151
0.0293569564819
0.0296540260315
0.0299570560455
0.030268907547
0.0319390296936
0.0326509475708
0.0335600376129
0.0343699455261
0.0354518890381
0.026547908783
0.0276279449463
0.0287840366364
0.0298190116882
0.031033039093
0.0271558761597
0.0282640457153
0.0292160511017
0.030149936676
0.0316400527954
0.0247929096222
0.0261549949646
0.0272500514984
0.0282778739929
0.0291750431061
0.0316879749298
0.0330200195312
0.0342309474945
0.0354151725769
0.0366790294647
0.0330951213837
0.034245967865
0.0354700088501
0.0374989509583
0.0385999679565
0.0336580276489
0.0338959693909
0.0342199802399
0.0344851016998
0.034698009491
0.0246238708496
0.0250308513641
0.0254089832306
0.0257978439331
0.026172876358
0.0231950283051
0.0236558914185
0.0240669250488
0.0244810581207
0.0248520374298
0.0267879962921
0.0271351337433
0.0274040699005
0.0277240276337
0.0280301570892
0.0266480445862
0.02689909935
0.0271489620209
0.0274600982666
0.027704000473
0.0286431312561
0.0289580821991
0.0293090343475
0.0295279026031
0.0297050476074
0.0274090766907
0.0282509326935
0.0290269851685
0.0297429561615
0.030345916748
0.0238020420074
0.0246109962463
0.0254380702972
0.0261771678925
0.0350270271301
0.0290789604187
0.0294649600983
0.0296590328217
0.0347309112549
0.0357849597931
0.0314559936523
0.0325999259949
0.0364010334015
0.037101984024
0.0378658771515
0.0380430221558
0.0382330417633
0.0384180545807
0.0385959148407
0.0390100479126
0.0208330154419
0.0216941833496
0.0226550102234
0.023411989212
0.0242521762848
0.0270540714264
0.0278940200806
0.0286810398102
0.0294671058655
0.0301661491394
0.0337359905243
0.0345430374146
0.0352349281311
0.035973072052
0.0366780757904
0.0237970352173
0.024111032486
0.0245749950409
0.0255281925201
0.0261800289154
0.033322095871
0.0335619449615
0.0337779521942
0.0339720249176
0.0341799259186
0.0238370895386
0.0241150856018
0.0244610309601
0.0247130393982
0.0249450206757
0.0366599559784
0.0370240211487
0.0373780727386
0.0377099514008
0.0380308628082
0.0274741649628
0.0279459953308
0.0282871723175
0.0287210941315
0.0290641784668
0.0312149524689
0.0315728187561
0.0318999290466
0.0322308540344
0.0325469970703
0.0286200046539
0.0289840698242
0.0298249721527
0.0312459468842
0.0324110984802
0.0272810459137
0.0283498764038
0.029412984848
0.0302109718323
0.0313980579376
0.0272250175476
0.0282242298126
0.029146194458
0.0299260616302
0.0309200286865
0.0296258926392
0.0306348800659
0.0317199230194
0.0324940681458
0.0344619750977
0.0285611152649
0.0297830104828
0.0307190418243
0.0341351032257
0.0352830886841
0.0210371017456
0.0217320919037
0.0224339962006
0.0232970714569
0.0239560604095
0.0275809764862
0.0284209251404
0.0294609069824
0.030483007431
0.0316369533539
0.0431458950043
0.0433440208435
0.0435299873352
0.0437259674072
0.0439298152924
0.0247111320496
0.0251309871674
0.0255191326141
0.0258719921112
0.0262091159821
0.0268590450287
0.0281620025635
0.0291080474854
0.0299899578094
0.034989118576
0.0320348739624
0.0323078632355
0.0324997901917
0.0326948165894
0.0328729152679
0.0236721038818
0.023980140686
0.0242121219635
0.0245170593262
0.0248069763184
0.0285589694977
0.0289330482483
0.0295250415802
0.0342929363251
0.0356230735779
0.0363399982452
0.0373141765594
0.0381519794464
0.039183139801
0.0403590202332
0.0539500713348
0.0550000667572
0.0558559894562
0.0575768947601
0.0585150718689
0.0405600070953
0.0419399738312
0.0429120063782
0.0442628860474
0.0453948974609
0.040155172348
0.041198015213
0.0421540737152
0.042927980423
0.0437271595001
0.0441570281982
0.0456249713898
0.0469741821289
0.0483551025391
0.0494420528412
0.0306639671326
0.0315549373627
0.032458782196
0.0407559871674
0.0435729026794
0.0410680770874
0.0419819355011
0.0427329540253
0.0433700084686
0.0441250801086
0.0323419570923
0.0335788726807
0.0343940258026
0.0351409912109
0.0411269664764
0.0281460285187
0.0291318893433
0.0300529003143
0.030925989151
0.0333678722382
0.0358979701996
0.0370998382568
0.0381610393524
0.0392849445343
0.0404968261719
0.0380861759186
0.0389091968536
0.0396630764008
0.0405189990997
0.0415031909943
0.0294749736786
0.0304610729218
0.0319831371307
0.0331981182098
0.0413031578064
0.0364410877228
0.0426750183105
0.0442311763763
0.045578956604
0.0470731258392
0.0293807983398
0.0295639038086
0.0297498703003
0.0299048423767
0.0303449630737
0.0414381027222
0.0417699813843
0.0419940948486
0.0424251556396
0.0426559448242
0.0417292118073
0.0428290367126
0.0439250469208
0.045291185379
0.0462651252747
0.0403158664703
0.0407528877258
0.0411059856415
0.041268825531
0.041491985321
0.0293459892273
0.0295851230621
0.0297729969025
0.0299489498138
0.0301830768585
0.0188939571381
0.0191469192505
0.01935505867
0.0195910930634
0.0272259712219
0.0315539836884
0.0319509506226
0.032684803009
0.0335109233856
0.0343599319458
0.028440952301
0.0289640426636
0.0296161174774
0.030415058136
0.0316860675812
0.0416100025177
0.0430018901825
0.0440230369568
0.0457508563995
0.0464420318604
0.029464006424
0.0306780338287
0.03160405159
0.0326561927795
0.0337731838226
0.0358681678772
0.0368371009827
0.0376000404358
0.0449180603027
0.04669713974
0.028412103653
0.0290989875793
0.0297160148621
0.030326128006
0.0371429920197
0.027202129364
0.0274891853333
0.0276811122894
0.0279030799866
0.0282821655273
0.0296430587769
0.0298490524292
0.0300269126892
0.0302059650421
0.0306479930878
0.0280520915985
0.0283401012421
0.0286500453949
0.0288691520691
0.0290651321411
0.0265860557556
0.0267889499664
0.0270071029663
0.027174949646
0.0273540019989
0.0338380336761
0.0342011451721
0.0344159603119
0.0346131324768
0.0348501205444
0.0335021018982
0.0339040756226
0.0341300964355
0.0343370437622
0.0345301628113
0.0235760211945
0.0248489379883
0.0259649753571
0.0268318653107
0.0276250839233
0.0327429771423
0.0334599018097
0.0343618392944
0.0353469848633
0.0361959934235
0.038106918335
0.0393128395081
0.0406439304352
0.0417239665985
0.0430779457092
0.0244810581207
0.025251865387
0.0258078575134
0.0263509750366
0.0270118713379
0.0437779426575
0.0442218780518
0.044410943985
0.0446109771729
0.0452480316162
0.0331678390503
0.0336120128632
0.0338199138641
0.034029006958
0.0342118740082
0.0314218997955
0.0323550701141
0.0333058834076
0.0337560176849
0.0344030857086
0.0345017910004
0.0347669124603
0.0350258350372
0.035276889801
0.0359628200531
0.0343759059906
0.0346009731293
0.0347929000854
0.034970998764
0.0351438522339
0.0358397960663
0.0370469093323
0.0384068489075
0.0396227836609
0.0407178401947
0.0511989593506
0.0525159835815
0.053542137146
0.054582118988
0.055703163147
0.0351219177246
0.0361738204956
0.0371069908142
0.0380709171295
0.0388948917389
0.0379040241241
0.0386848449707
0.0392990112305
0.0399668216705
0.0467228889465
0.037143945694
0.0379068851471
0.0385909080505
0.0392289161682
0.0468230247498
0.0222299098969
0.0230228900909
0.034646987915
0.0353729724884
0.0359108448029
0.0277020931244
0.0284380912781
0.0295779705048
0.0305700302124
0.0314600467682
0.0421259403229
0.0432500839233
0.0440800189972
0.0449769496918
0.0459380149841
0.0255970954895
0.0264329910278
0.027440071106
0.0285279750824
0.0295381546021
0.0262689590454
0.0265641212463
0.0268020629883
0.0272920131683
0.027792930603
0.0270822048187
0.0272691249847
0.0274620056152
0.0279221534729
0.029021024704
0.0265100002289
0.0308930873871
0.031867980957
0.0329720973969
0.0341169834137
0.0575699806213
0.0577809810638
0.0579478740692
0.0581188201904
0.0582749843597
0.0309579372406
0.0313620567322
0.0317060947418
0.0320551395416
0.0323910713196
0.0328488349915
0.0342998504639
0.0357899665833
0.0380258560181
0.0393559932709
0.0279378890991
0.0317249298096
0.0336158275604
0.034373998642
0.0347638130188
0.0333230495453
0.0337910652161
0.0347321033478
0.0361330509186
0.0371909141541
0.031229019165
0.0323948860168
0.0333049297333
0.0343310832977
0.0354988574982
0.0224480628967
0.0237741470337
0.0252711772919
0.0265560150146
0.0277490615845
0.0163478851318
0.0312559604645
0.031898021698
0.0329358577728
0.0334599018097
0.0296890735626
0.0300810337067
0.0304260253906
0.0308139324188
0.0310978889465
0.0246598720551
0.0260729789734
0.0273640155792
0.0285589694977
0.0296249389648
0.0257849693298
0.026918888092
0.0281980037689
0.0292830467224
0.0369758605957
0.0353419780731
0.0355660915375
0.0357301235199
0.0359039306641
0.036073923111
0.027529001236
0.0278310775757
0.0282280445099
0.0285520553589
0.0411710739136
0.0266301631927
0.0269901752472
0.0273010730743
0.027626991272
0.0279412269592
0.0241708755493
0.0244109630585
0.0246069431305
0.024787902832
0.0249769687653
0.0259370803833
0.0261988639832
0.026426076889
0.0266320705414
0.0268430709839
0.0301239490509
0.0305540561676
0.03107213974
0.0319890975952
0.0331070423126
0.0391919612885
0.0401821136475
0.0410821437836
0.0418810844421
0.0426700115204
0.0287070274353
0.0289719104767
0.0291700363159
0.0293378829956
0.0295219421387
0.0263929367065
0.0270390510559
0.0276620388031
0.0281400680542
0.028697013855
0.0299808979034
0.0301969051361
0.0304210186005
0.0306570529938
0.0308558940887
0.040745973587
0.0410079956055
0.0412249565125
0.0414879322052
0.0418999195099
0.0236439704895
0.024267911911
0.0249688625336
0.0257608890533
0.026535987854
0.0321221351624
0.0324940681458
0.0326859951019
0.0328731536865
0.0330440998077
0.0281240940094
0.0284249782562
0.0286931991577
0.0290839672089
0.031121969223
0.027083158493
0.0273590087891
0.0275890827179
0.0278260707855
0.0280201435089
0.022675037384
0.0229361057281
0.0231509208679
0.0233559608459
0.0235719680786
0.0288188457489
0.0293319225311
0.0296099185944
0.0298509597778
0.0341417789459
0.0309689044952
0.0313138961792
0.0315759181976
0.0317409038544
0.0318930149078
0.0286400318146
0.0288751125336
0.0290839672089
0.0292820930481
0.0295190811157
0.0231289863586
0.0233709812164
0.0236220359802
0.0238809585571
0.0241680145264
0.0239641666412
0.0241620540619
0.0243880748749
0.0246040821075
0.0247690677643
0.032655954361
0.0330889225006
0.033478975296
0.0338449478149
0.0341968536377
0.0229079723358
0.0231568813324
0.0233588218689
0.023589849472
0.0238020420074
0.0270137786865
0.0272607803345
0.0274558067322
0.0276579856873
0.0279309749603
0.0262517929077
0.026508808136
0.0267109870911
0.0270040035248
0.0271778106689
0.0285940170288
0.0289220809937
0.0292301177979
0.029541015625
0.0324590206146
0.0281989574432
0.0284190177917
0.0286259651184
0.028804063797
0.0290739536285
0.032301902771
0.032665014267
0.0329849720001
0.0333170890808
0.033607006073
0.026505947113
0.0277619361877
0.0291209220886
0.0300648212433
0.0309689044952
0.0287978649139
0.028972864151
0.0291378498077
0.029308795929
0.0296568870544
0.0281617641449
0.0285167694092
0.0288708209991
0.029412984848
0.0297348499298
0.0272340774536
0.0275030136108
0.0277321338654
0.0279610157013
0.0281682014465
0.0281939506531
0.0284359455109
0.0288619995117
0.0292999744415
0.02952003479
0.0266470909119
0.0270421504974
0.0273950099945
0.0277321338654
0.0280730724335
0.0253710746765
0.026200056076
0.0267610549927
0.0274670124054
0.0280091762543
0.0238010883331
0.0239970684052
0.0241739749908
0.0243730545044
0.0245480537415
0.0283238887787
0.0290248394012
0.0297210216522
0.0300359725952
0.0305888652802
0.0268950462341
0.0271902084351
0.0283591747284
0.0290310382843
0.0297720432281
0.0355970859528
0.0358209609985
0.0359981060028
0.0362141132355
0.0364091396332
0.0388340950012
0.0390849113464
0.0392949581146
0.0394859313965
0.0396718978882
0.0324211120605
0.0376479625702
0.0390899181366
0.0396349430084
0.0400850772858
0.0334100723267
0.0338940620422
0.0342421531677
0.0348570346832
0.0353691577911
0.0358798503876
0.0361409187317
0.0363597869873
0.0365607738495
0.0367558002472
0.0375368595123
0.0382690429688
0.0392570495605
0.0401639938354
0.0413620471954
0.0404829978943
0.0407431125641
0.0409321784973
0.0411381721497
0.0412971973419
0.0247490406036
0.0251269340515
0.025486946106
0.0258071422577
0.0260269641876
0.0254080295563
0.0274920463562
0.0284299850464
0.0294649600983
0.0297720432281
0.0383310317993
0.0385558605194
0.0392270088196
0.0424330234528
0.0436909198761
0.0314340591431
0.03200507164
0.0324330329895
0.0328440666199
0.0334060192108
0.0394220352173
0.0402491092682
0.0407490730286
0.0409948825836
0.0414800643921
0.0280950069427
0.0283122062683
0.028608083725
0.028822183609
0.0291721820831
0.0358748435974
0.036073923111
0.0362238883972
0.0364048480988
0.0366358757019
0.0246829986572
0.0249330997467
0.0251100063324
0.0253150463104
0.0255210399628
0.0225820541382
0.0227520465851
0.02290391922
0.0230770111084
0.0232269763947
0.0260980129242
0.0263059139252
0.0264890193939
0.0266609191895
0.0269129276276
0.0245189666748
0.0253818035126
0.0256958007812
0.0259749889374
0.0262877941132
0.0422439575195
0.0425751209259
0.0431401729584
0.0433959960938
0.0437700748444
0.0305678844452
0.031329870224
0.0315959453583
0.0318348407745
0.0322439670563
0.0388271808624
0.0392551422119
0.0394930839539
0.0396811962128
0.0399150848389
0.0286009311676
0.0288269519806
0.0290260314941
0.0294020175934
0.0296168327332
0.0287239551544
0.0290830135345
0.0293791294098
0.029708147049
0.0299339294434
0.0347940921783
0.0350592136383
0.0352900028229
0.0355041027069
0.0357081890106
0.0265128612518
0.0266869068146
0.0268499851227
0.0270040035248
0.0271608829498
0.0285830497742
0.0288491249084
0.0290760993958
0.0293231010437
0.0295350551605
0.0266380310059
0.026878118515
0.0270731449127
0.0272710323334
0.0274839401245
0.0311291217804
0.031574010849
0.0320291519165
0.0326631069183
0.0331900119781
0.0221099853516
0.0223231315613
0.0225441455841
0.0227570533752
0.0229189395905
0.0232479572296
0.0234780311584
0.0236828327179
0.0240769386292
0.0242869853973
0.0317139625549
0.032958984375
0.0337581634521
0.0345871448517
0.0354151725769
0.0264489650726
0.0271208286285
0.0275518894196
0.027822971344
0.0282039642334
0.0379109382629
0.038507938385
0.0390148162842
0.039235830307
0.0397608280182
0.0325720310211
0.0329809188843
0.0331718921661
0.0333819389343
0.0335559844971
0.0371849536896
0.038302898407
0.0394649505615
0.0400788784027
0.0406498908997
0.0294828414917
0.0301299095154
0.0307948589325
0.0314249992371
0.0320568084717
0.0353109836578
0.0366449356079
0.037871837616
0.0389440059662
0.0400588512421
0.0284509658813
0.0286929607391
0.0289018154144
0.0291438102722
0.0293879508972
0.040198802948
0.0410568714142
0.0418198108673
0.042662858963
0.0434420108795
0.0420739650726
0.0428078174591
0.0434908866882
0.04416680336
0.0448839664459
0.0372931957245
0.038027048111
0.0386581420898
0.0393152236938
0.0399360656738
0.0571000576019
0.0575771331787
0.0578560829163
0.0580720901489
0.0582931041718
0.0571439266205
0.0576450824738
0.0578279495239
0.0579950809479
0.0581700801849
0.0230870246887
0.0239329338074
0.0247619152069
0.0255010128021
0.0262849330902
0.0260579586029
0.0268929004669
0.0275850296021
0.0282099246979
0.0289940834045
0.0282878875732
0.0294229984283
0.0304439067841
0.0315618515015
0.0344188213348
0.0355770587921
0.0366411209106
0.037782907486
0.0389308929443
0.073175907135
0.0286779403687
0.0302658081055
0.0314149856567
0.032408952713
0.0333127975464
0.0234229564667
0.0242590904236
0.0249841213226
0.0257830619812
0.026967048645
0.0336258411407
0.0350518226624
0.0364668369293
0.0375339984894
0.0386688709259
0.0289268493652
0.0299668312073
0.0308799743652
0.0318720340729
0.0340328216553
0.0408689975739
0.0413739681244
0.0416519641876
0.0438718795776
0.0442569255829
0.024582862854
0.0249059200287
0.0253009796143
0.0256838798523
0.0259900093079
0.0355150699615
0.0360040664673
0.0361959934235
0.0363569259644
0.0365200042725
0.0319669246674
0.0322170257568
0.0324380397797
0.0326950550079
0.0329439640045
0.0345540046692
0.0347578525543
0.0349488258362
0.0351219177246
0.0352838039398
0.0227339267731
0.0229549407959
0.0231280326843
0.0232920646667
0.0234899520874
0.025239944458
0.025484085083
0.0257620811462
0.0260961055756
0.0264089107513
0.020712852478
0.0209500789642
0.021183013916
0.0214519500732
0.0216958522797
0.0257189273834
0.0260560512543
0.0263938903809
0.0267150402069
0.0270259380341
0.0261509418488
0.0266051292419
0.0269949436188
0.0277500152588
0.0280590057373
0.0290908813477
0.0304350852966
0.0311360359192
0.0316669940948
0.0324358940125
0.0235409736633
0.0237281322479
0.0239059925079
0.0240819454193
0.0242600440979
0.0334601402283
0.0338070392609
0.0341410636902
0.034392118454
0.0346260070801
0.0289921760559
0.02947306633
0.0298759937286
0.0302720069885
0.030650138855
0.0267899036407
0.0270168781281
0.0272059440613
0.027382850647
0.0275709629059
0.0286500453949
0.0288491249084
0.0290400981903
0.0292119979858
0.0295560359955
0.0238890647888
0.0241370201111
0.0243380069733
0.0246629714966
0.0250380039215
0.0247201919556
0.0250999927521
0.0254361629486
0.0257501602173
0.0260410308838
0.024267911911
0.0246379375458
0.024927854538
0.0252070426941
0.0257439613342
0.0291590690613
0.0296869277954
0.030394077301
0.031133890152
0.0323889255524
0.0268239974976
0.0270030498505
0.0271601676941
0.0273139476776
0.0275011062622
0.024777173996
0.0250310897827
0.0252449512482
0.0257210731506
0.0266830921173
0.0309929847717
0.0326249599457
0.0334680080414
0.0348110198975
0.0361869335175
0.0317430496216
0.0324580669403
0.033399105072
0.0339951515198
0.0347571372986
0.0342519283295
0.035120010376
0.0360209941864
0.0378429889679
0.0391089916229
0.03630900383
0.0382328033447
0.0397598743439
0.0410799980164
0.0423979759216
0.0351338386536
0.0363290309906
0.0370638370514
0.0379478931427
0.0387418270111
0.0298919677734
0.0312509536743
0.0320611000061
0.0329849720001
0.0339229106903
0.0349831581116
0.0363721847534
0.0377180576324
0.0388121604919
0.0399811267853
0.0319819450378
0.0329630374908
0.033763885498
0.0347650051117
0.0358400344849
0.0346732139587
0.0359740257263
0.0371479988098
0.0384020805359
0.0394279956818
0.0267579555511
0.0276668071747
0.0313248634338
0.0320899486542
0.0325589179993
0.0377321243286
0.0385291576385
0.0395500659943
0.0403270721436
0.0467011928558
0.0337419509888
0.0352408885956
0.0364770889282
0.0423898696899
0.0435678958893
0.0340399742126
0.0349969863892
0.0361909866333
0.0371060371399
0.04390001297
0.0340139865875
0.0343759059906
0.0345849990845
0.0348207950592
0.0353438854218
0.0334179401398
0.033607006073
0.033775806427
0.0339398384094
0.034099817276
0.0230038166046
0.0233058929443
0.0240688323975
0.0249338150024
0.0258238315582
0.0285029411316
0.0291149616241
0.0338749885559
0.035101890564
0.0370950698853
0.0362040996552
0.0370850563049
0.0378031730652
0.0388181209564
0.040235042572
0.0320661067963
0.0329880714417
0.0336971282959
0.0344021320343
0.0401339530945
0.0337018966675
0.0344669818878
0.0350668430328
0.035707950592
0.0364909172058
0.0268139839172
0.0276279449463
0.0285868644714
0.0293338298798
0.0299639701843
0.0266051292419
0.0276999473572
0.0287110805511
0.0295879840851
0.0308809280396
0.0276539325714
0.0280430316925
0.0283808708191
0.028746843338
0.0292398929596
0.0273680686951
0.0276050567627
0.0277888774872
0.0280339717865
0.0282020568848
0.030189037323
0.0304300785065
0.0307221412659
0.0310089588165
0.0312550067902
0.0248460769653
0.0251679420471
0.0254690647125
0.025946855545
0.0261499881744
0.0290141105652
0.0294301509857
0.0297341346741
0.0301101207733
0.0309309959412
0.0326550006866
0.0335829257965
0.0347261428833
0.0356109142303
0.0366470813751
0.0394730567932
0.0401818752289
0.0408070087433
0.0413720607758
0.0419068336487
0.0370271205902
0.0378229618073
0.038654088974
0.0404300689697
0.0420529842377
0.0274679660797
0.0285189151764
0.0297698974609
0.0312941074371
0.0325829982758
0.029266834259
0.030081987381
0.0308268070221
0.0315518379211
0.032331943512
0.024512052536
0.0257329940796
0.0266590118408
0.0276448726654
0.0350859165192
0.0327048301697
0.033882856369
0.03511095047
0.036435842514
0.0377969741821
0.040463924408
0.0406730175018
0.0408599376678
0.0410568714142
0.041218996048
0.0307729244232
0.0309920310974
0.0312118530273
0.0314319133759
0.0316650867462
0.0247299671173
0.0252408981323
0.0257308483124
0.0261268615723
0.0265460014343
0.0274758338928
0.0287349224091
0.0300569534302
0.0309588909149
0.0325679779053
0.0267560482025
0.0270521640778
0.027351140976
0.0276420116425
0.0279321670532
0.0213749408722
0.0228230953217
0.0240800380707
0.0252909660339
0.0264229774475
0.0227270126343
0.0243740081787
0.0254371166229
0.0264620780945
0.0328719615936
0.0681149959564
0.0691058635712
0.0699670314789
0.0708179473877
0.0716760158539
0.0306000709534
0.0314469337463
0.0321390628815
0.0329790115356
0.0350580215454
0.0291311740875
0.0293741226196
0.029746055603
0.0399761199951
0.0404090881348
0.0281271934509
0.0288550853729
0.0293002128601
0.0297319889069
0.0301790237427
0.040176153183
0.0404510498047
0.040666103363
0.0408780574799
0.0414161682129
0.0369551181793
0.0377061367035
0.0384161472321
0.0390541553497
0.0397050380707
0.0317471027374
0.0319421291351
0.0321431159973
0.0323140621185
0.0324759483337
0.0308401584625
0.0310702323914
0.0312950611115
0.031750202179
0.0319931507111
0.0448410511017
0.0450911521912
0.0452899932861
0.0455181598663
0.0457091331482
0.0238769054413
0.0241119861603
0.0243270397186
0.0245559215546
0.0247640609741
0.0270309448242
0.0272870063782
0.0275149345398
0.0277459621429
0.0282390117645
0.0340690612793
0.034478187561
0.0347061157227
0.0349409580231
0.0353260040283
0.0280141830444
0.0282211303711
0.0285241603851
0.0289340019226
0.0291831493378
0.0267560482025
0.0275800228119
0.0290679931641
0.0299119949341
0.0310418605804
0.028354883194
0.0286798477173
0.0290198326111
0.0317490100861
0.0321798324585
0.028076171875
0.0283250808716
0.0285820960999
0.0288422107697
0.0293262004852
0.0228810310364
0.0231759548187
0.0239410400391
0.0244410037994
0.0249631404877
0.0289731025696
0.0299661159515
0.0308949947357
0.0314600467682
0.03302693367
0.0246539115906
0.0251607894897
0.0254597663879
0.026359796524
0.0275847911835
0.0281810760498
0.0284879207611
0.0288898944855
0.0291318893433
0.0295879840851
0.0490758419037
0.0501198768616
0.0507349967957
0.0514919757843
0.0521359443665
0.0349991321564
0.0360560417175
0.0370891094208
0.0374460220337
0.0380871295929
0.0400121212006
0.0407030582428
0.04123711586
0.0418081283569
0.0422821044922
0.0302839279175
0.0313880443573
0.0322690010071
0.0332858562469
0.0342538356781
0.0370211601257
0.0381000041962
0.0553419589996
0.0557789802551
0.0563149452209
0.0474820137024
0.0485298633575
0.0498869419098
0.0507509708405
0.0521237850189
0.0305361747742
0.0318841934204
0.0371379852295
0.0386760234833
0.0394661426544
0.0306611061096
0.0319380760193
0.0362200737
0.03679895401
0.0375819206238
0.0378398895264
0.0391819477081
0.0399148464203
0.041218996048
0.0427708625793
0.0363790988922
0.0374619960785
0.0384089946747
0.0395381450653
0.040864944458
0.0464520454407
0.0468220710754
0.0471081733704
0.0473461151123
0.0476591587067
0.033383846283
0.0337529182434
0.0340139865875
0.034206867218
0.0345439910889
0.0327789783478
0.0330698490143
0.033374786377
0.0337538719177
0.0340578556061
0.0297100543976
0.0299210548401
0.0301051139832
0.0302991867065
0.0304751396179
0.02876496315
0.0290310382843
0.029324054718
0.0295221805573
0.0296959877014
0.0328919887543
0.0332591533661
0.03360414505
0.0339200496674
0.0342381000519
0.0281307697296
0.0284078121185
0.0286409854889
0.0288667678833
0.0291068553925
0.0273358821869
0.0276329517365
0.0279550552368
0.0283100605011
0.028599023819
0.0424468517303
0.0426888465881
0.0429079532623
0.0430929660797
0.043310880661
0.0282289981842
0.0284140110016
0.0286319255829
0.0288689136505
0.0294668674469
0.0291080474854
0.0295310020447
0.0301270484924
0.0306370258331
0.0312759876251
0.0273661613464
0.0281841754913
0.0285441875458
0.0288410186768
0.0291440486908
0.0337660312653
0.0344829559326
0.035120010376
0.0359439849854
0.0365369319916
0.0311710834503
0.0324101448059
0.0334000587463
0.0343539714813
0.0407681465149
0.0300300121307
0.0309791564941
0.0317230224609
0.0329151153564
0.0346710681915
0.0288670063019
0.0322251319885
0.032947063446
0.0341780185699
0.0352351665497
0.0282349586487
0.0292100906372
0.0302269458771
0.0310389995575
0.0316910743713
0.0329599380493
0.0339939594269
0.0351438522339
0.0360939502716
0.0425298213959
0.0343749523163
0.0346529483795
0.0349628925323
0.0355770587921
0.0395801067352
0.0502610206604
0.0511491298676
0.0520939826965
0.0532369613647
0.0538580417633
0.0400538444519
0.0410578250885
0.0460338592529
0.046660900116
0.0472629070282
0.0338671207428
0.0381569862366
0.0390701293945
0.0403189659119
0.0411419868469
0.0409979820251
0.0413630008698
0.0417339801788
0.0420660972595
0.0423998832703
0.0421478748322
0.0423738956451
0.0425708293915
0.0427780151367
0.0430200099945
0.0226318836212
0.0228400230408
0.0230240821838
0.023225069046
0.0234150886536
0.0430209636688
0.0437569618225
0.0443499088287
0.0449919700623
0.0456008911133
0.026242017746
0.026447057724
0.0267000198364
0.0269429683685
0.0271561145782
0.0229430198669
0.0233459472656
0.0236349105835
0.0238659381866
0.0240869522095
0.0346419811249
0.0348310470581
0.035010099411
0.0351819992065
0.0353941917419
0.0336501598358
0.0340270996094
0.0343520641327
0.0346751213074
0.0349900722504
0.0328538417816
0.0330719947815
0.0332629680634
0.0334990024567
0.0337579250336
0.0325009822845
0.0327389240265
0.032940864563
0.0331928730011
0.0344078540802
0.0339388847351
0.034362077713
0.0348100662231
0.0351819992065
0.0355789661407
0.0288279056549
0.0290238857269
0.0291998386383
0.029364824295
0.0295460224152
0.028088092804
0.0283219814301
0.0285210609436
0.028736114502
0.028913974762
0.0254731178284
0.025671005249
0.0258429050446
0.0260219573975
0.0262169837952
0.0267717838287
0.026969909668
0.027204990387
0.0274739265442
0.0276999473572
0.0260651111603
0.0262811183929
0.0265159606934
0.0267100334167
0.0268881320953
0.0321998596191
0.0325858592987
0.0333228111267
0.0348749160767
0.0359950065613
0.0316681861877
0.032525062561
0.0333909988403
0.034154176712
0.041718006134
0.0282988548279
0.0289008617401
0.0294950008392
0.0301098823547
0.0308439731598
0.0311090946198
0.031818151474
0.0320510864258
0.0322751998901
0.0324671268463
0.0274028778076
0.0276670455933
0.0278940200806
0.0281369686127
0.0286478996277
0.0267558097839
0.0278589725494
0.0288088321686
0.0297069549561
0.0308480262756
0.0160920619965
0.0163190364838
0.0165841579437
0.0167810916901
0.0392551422119
0.0249428749084
0.026015996933
0.0268387794495
0.0271279811859
0.0273489952087
0.040225982666
0.0405840873718
0.0408129692078
0.0410439968109
0.0413501262665
0.0377519130707
0.0382890701294
0.0400149822235
0.0413770675659
0.0417518615723
0.0305440425873
0.0307621955872
0.0309450626373
0.0311121940613
0.0313231945038
0.0218210220337
0.022057056427
0.0222890377045
0.0225389003754
0.0227470397949
0.0316529273987
0.0319731235504
0.0323300361633
0.0326590538025
0.032968044281
0.0319058895111
0.0321519374847
0.0323898792267
0.0325798988342
0.0329308509827
0.0324170589447
0.0328750610352
0.0335230827332
0.0347440242767
0.0359020233154
0.0283708572388
0.0287270545959
0.0290939807892
0.0325410366058
0.033460855484
0.0284650325775
0.0287318229675
0.0289759635925
0.0291969776154
0.0299608707428
0.0476169586182
0.0478110313416
0.0480310916901
0.0482041835785
0.048700094223
0.0423171520233
0.0428040027618
0.0430881977081
0.0432879924774
0.0438530445099
0.0292899608612
0.0301139354706
0.0306959152222
0.0345888137817
0.0350208282471
0.0369198322296
0.0376079082489
0.0385940074921
0.0393359661102
0.0402069091797
0.030916929245
0.031919002533
0.0331609249115
0.033951997757
0.034686088562
0.034588098526
0.0354480743408
0.036777973175
0.0376329421997
0.038990020752
0.0266590118408
0.0274248123169
0.0283689498901
0.0291659832001
0.0297799110413
0.0437819957733
0.0449080467224
0.0458018779755
0.0468580722809
0.0476498603821
0.0304350852966
0.0315539836884
0.0326340198517
0.033812046051
0.0406720638275
0.038547039032
0.0392770767212
0.0399191379547
0.0406031608582
0.0477690696716
0.0293581485748
0.0304880142212
0.0314350128174
0.0322380065918
0.0330860614777
0.0311629772186
0.0320661067963
0.0330061912537
0.0340390205383
0.0349721908569
0.026426076889
0.0276210308075
0.0287549495697
0.0303049087524
0.0313060283661
0.0388197898865
0.0401539802551
0.0413818359375
0.0486178398132
0.0496327877045
0.0376348495483
0.0379178524017
0.0383689403534
0.0388939380646
0.0392019748688
0.033459186554
0.0341579914093
0.0343852043152
0.0351049900055
0.0355660915375
0.0293769836426
0.0295979976654
0.0299410820007
0.0305800437927
0.0308339595795
0.0477809906006
0.0492560863495
0.0506088733673
0.0526778697968
0.0544440746307
0.0624058246613
0.0625808238983
0.0627698898315
0.0629458427429
0.0631070137024
0.0507209300995
0.0509049892426
0.0510740280151
0.0512549877167
0.0514090061188
0.0440940856934
0.0453729629517
0.0464169979095
0.0477330684662
0.0490560531616
0.0324039459229
0.0337941646576
0.0348720550537
0.0363130569458
0.0373229980469
0.0374310016632
0.0384969711304
0.0397098064423
0.044842004776
0.0465798377991
0.0657930374146
0.0674040317535
0.0687580108643
0.0697140693665
0.070620059967
0.027713060379
0.0279381275177
0.0281400680542
0.0285351276398
0.0290250778198
0.0266449451447
0.0287909507751
0.0294628143311
0.0301029682159
0.0304119586945
0.0271661281586
0.0277709960938
0.0285232067108
0.0291590690613
0.0294229984283
0.0292870998383
0.0298669338226
0.0303881168365
0.0308439731598
0.0313470363617
0.0250511169434
0.0255661010742
0.0264110565186
0.0269830226898
0.0272119045258
0.0151290893555
0.0159361362457
0.0298640727997
0.030189037323
0.0304620265961
0.027281999588
0.0280120372772
0.028666973114
0.0293550491333
0.0299899578094
0.0294480323792
0.0297360420227
0.0299689769745
0.030219078064
0.0304410457611
0.0299069881439
0.0310089588165
0.0318179130554
0.0327839851379
0.0337278842926
0.0338778495789
0.0341529846191
0.0343389511108
0.0345079898834
0.0349459648132
0.026111125946
0.0267760753632
0.0270512104034
0.027529001236
0.0279769897461
0.0257930755615
0.0263180732727
0.0269129276276
0.0276789665222
0.0283679962158
0.0285930633545
0.0288128852844
0.0289828777313
0.0291929244995
0.0304138660431
0.0362949371338
0.0367629528046
0.0372071266174
0.0376901626587
0.038113117218
0.029876947403
0.0304639339447
0.0311269760132
0.0314700603485
0.0316879749298
0.0293231010437
0.0303280353546
0.0312511920929
0.0321869850159
0.0358920097351
0.0395359992981
0.0398089885712
0.0400199890137
0.0401899814606
0.0403439998627
0.0271289348602
0.0273759365082
0.027578830719
0.0277769565582
0.0279438495636
0.0278179645538
0.0280618667603
0.0283808708191
0.0286870002747
0.0289330482483
0.0265169143677
0.0267300605774
0.0269200801849
0.0270979404449
0.0272920131683
0.0229549407959
0.0231800079346
0.0234930515289
0.0238239765167
0.0241000652313
0.0309338569641
0.0312509536743
0.0315818786621
0.0318169593811
0.0326189994812
0.0369181632996
0.0377721786499
0.0384430885315
0.0391361713409
0.0396070480347
0.0269119739532
0.0276641845703
0.0325891971588
0.03329205513
0.0341789722443
0.0367500782013
0.0371110439301
0.0373630523682
0.0375399589539
0.0377368927002
0.0231568813324
0.0233669281006
0.0235729217529
0.0237879753113
0.0239899158478
0.0440499782562
0.0443251132965
0.0445530414581
0.0447790622711
0.0449860095978
0.028119802475
0.0286338329315
0.0291659832001
0.0296378135681
0.0298697948456
0.0278759002686
0.0281610488892
0.0286898612976
0.0295679569244
0.0303330421448
0.0305910110474
0.0311758518219
0.0317158699036
0.0329580307007
0.0335988998413
0.0296280384064
0.0305318832397
0.0313649177551
0.032203912735
0.0328719615936
0.0338318347931
0.0345828533173
0.0355298519135
0.0361950397491
0.0370218753815
0.0365481376648
0.037299156189
0.0378420352936
0.038419008255
0.0390391349792
0.0276939868927
0.0286819934845
0.0294649600983
0.030415058136
0.0316569805145
0.0408840179443
0.0412998199463
0.0415298938751
0.0422828197479
0.0434398651123
0.0340249538422
0.0350790023804
0.036073923111
0.0373840332031
0.0382640361786
0.0326390266418
0.0354151725769
0.0363459587097
0.0372581481934
0.0389020442963
0.0327248573303
0.0339000225067
0.0349099636078
0.0361289978027
0.0369050502777
0.0326409339905
0.0341019630432
0.0354650020599
0.0366449356079
0.0378580093384
0.0330400466919
0.0342350006104
0.0352389812469
0.040060043335
0.0409741401672
0.0355100631714
0.0368909835815
0.0381000041962
0.0393931865692
0.0405340194702
0.0362122058868
0.0380990505219
0.0391590595245
0.0399150848389
0.0406770706177
0.0223729610443
0.0237588882446
0.0247430801392
0.026046037674
0.0277259349823
0.0316920280457
0.0330491065979
0.0341711044312
0.0359280109406
0.0372710227966
0.0326108932495
0.033695936203
0.0345568656921
0.0357129573822
0.037132024765
0.037456035614
0.0385949611664
0.0397529602051
0.0407531261444
0.0418431758881
0.0301120281219
0.0312280654907
0.0320580005646
0.0327119827271
0.0337369441986
0.0369479656219
0.0377888679504
0.038715839386
0.0397598743439
0.040531873703
0.0279679298401
0.0288760662079
0.0295391082764
0.0306990146637
0.0317339897156
0.0319499969482
0.0333709716797
0.0342330932617
0.0352289676666
0.0363640785217
0.0421411991119
0.0460450649261
0.0469841957092
0.0479860305786
0.0491361618042
0.0382940769196
0.0391430854797
0.039687871933
0.0405750274658
0.0416178703308
0.0335612297058
0.0342860221863
0.0350871086121
0.0358490943909
0.0365591049194
0.0305721759796
0.0307421684265
0.0309071540833
0.0310661792755
0.0312211513519
0.0273361206055
0.0277540683746
0.0281059741974
0.0283851623535
0.0286521911621
0.02952003479
0.0299129486084
0.0301768779755
0.0303659439087
0.0305509567261
0.033252954483
0.0334870815277
0.0340390205383
0.0347650051117
0.0355350971222
0.0282940864563
0.0285341739655
0.0287771224976
0.0290520191193
0.0293271541595
0.0340809822083
0.0353047847748
0.0363399982452
0.0374808311462
0.0385768413544
0.0314350128174
0.0321040153503
0.0328879356384
0.0336580276489
0.0344169139862
0.0428400039673
0.0441889762878
0.0453319549561
0.0464310646057
0.0474898815155
0.0447518825531
0.0457699298859
0.0464539527893
0.0470290184021
0.0475850105286
0.0233099460602
0.0241990089417
0.0251650810242
0.0257880687714
0.0264339447021
0.0270500183105
0.0283260345459
0.0296030044556
0.0311629772186
0.0323860645294
0.0296468734741
0.0304579734802
0.0313060283661
0.0323028564453
0.0331709384918
0.0270259380341
0.0272040367126
0.0273749828339
0.0275599956512
0.027724981308
0.0276181697845
0.0282959938049
0.0290989875793
0.0299110412598
0.0301790237427
0.0278689861298
0.0282559394836
0.0285329818726
0.0287580490112
0.0290069580078
0.03688788414
0.037260055542
0.0376088619232
0.0379440784454
0.0382778644562
0.0330150127411
0.0333111286163
0.0336050987244
0.033821105957
0.0340230464935
0.0239329338074
0.0242450237274
0.0244760513306
0.0247020721436
0.0248911380768
0.0248720645905
0.0251479148865
0.0254609584808
0.0256879329681
0.025906085968
0.0228881835938
0.0231871604919
0.0234320163727
0.0236799716949
0.0238909721375
0.0287208557129
0.0290877819061
0.0294699668884
0.0339028835297
0.0343408584595
0.0276408195496
0.0279538631439
0.0282490253448
0.0285449028015
0.0288288593292
0.0349109172821
0.035089969635
0.0352499485016
0.0354011058807
0.0355770587921
0.0266270637512
0.0270440578461
0.0274109840393
0.0277450084686
0.0280799865723
0.0309109687805
0.0311720371246
0.0313940048218
0.0315978527069
0.0317828655243
0.0218260288239
0.0232131481171
0.0238630771637
0.0245840549469
0.0255019664764
0.0230529308319
0.0232818126678
0.0234880447388
0.023689031601
0.0241098403931
0.0353448390961
0.0355968475342
0.0357739925385
0.0359439849854
0.0361039638519
0.0309090614319
0.0312008857727
0.0314710140228
0.0316948890686
0.0318899154663
0.0334129333496
0.0343279838562
0.0346508026123
0.0352199077606
0.0364558696747
0.026132106781
0.0276899337769
0.0286250114441
0.0295829772949
0.0309629440308
0.0302810668945
0.0318241119385
0.0333421230316
0.0346200466156
0.0358622074127
0.0240919589996
0.0252499580383
0.0265970230103
0.0276489257812
0.0287539958954
0.0330829620361
0.0342900753021
0.0350480079651
0.0364279747009
0.0379960536957
0.0339758396149
0.034982919693
0.0361700057983
0.0371949672699
0.0378890037537
0.0271780490875
0.0277881622314
0.0283670425415
0.0289120674133
0.029482126236
0.0388238430023
0.0390338897705
0.039205789566
0.0393769741058
0.0400598049164
0.0434820652008
0.0437231063843
0.043986082077
0.044173002243
0.0443260669708
0.0328779220581
0.0331869125366
0.0334579944611
0.0338110923767
0.0341238975525
0.0263359546661
0.0267739295959
0.0270149707794
0.0272150039673
0.0273990631104
0.0470099449158
0.0473461151123
0.0475780963898
0.0478730201721
0.0481100082397
0.0321271419525
0.0324220657349
0.0326061248779
0.0327889919281
0.0331571102142
0.0240399837494
0.0244419574738
0.0248031616211
0.025297164917
0.025691986084
0.0305550098419
0.0313720703125
0.0320451259613
0.0327060222626
0.0334010124207
0.025808095932
0.02605509758
0.0263111591339
0.0265390872955
0.0267372131348
0.0211629867554
0.0213479995728
0.0215079784393
0.0216689109802
0.0218439102173
0.0227150917053
0.0228900909424
0.0231699943542
0.0234861373901
0.0244851112366
0.0275850296021
0.0280659198761
0.0285279750824
0.0287978649139
0.0292220115662
0.0377781391144
0.0380620956421
0.0383331775665
0.0385301113129
0.0387580394745
0.0254979133606
0.02570104599
0.0258979797363
0.0260920524597
0.0262880325317
0.0324749946594
0.0328891277313
0.0332000255585
0.0335001945496
0.0340549945831
0.0325767993927
0.0332889556885
0.0338418483734
0.0344359874725
0.0349419116974
0.0253880023956
0.0255630016327
0.0257360935211
0.0259048938751
0.0260739326477
0.0249769687653
0.0252101421356
0.0254249572754
0.0256290435791
0.0259640216827
0.0551860332489
0.0555250644684
0.0558459758759
0.0561640262604
0.0564870834351
0.0487310886383
0.0489649772644
0.0492050647736
0.0494148731232
0.0496079921722
0.0331289768219
0.0333437919617
0.0335299968719
0.0338869094849
0.0340578556061
0.0354809761047
0.0357708930969
0.0361130237579
0.0363810062408
0.0366649627686
0.0303640365601
0.0307660102844
0.0311360359192
0.031436920166
0.0316638946533
0.0270857810974
0.0273218154907
0.0275349617004
0.0277237892151
0.027893781662
0.0343651771545
0.03466796875
0.0349819660187
0.0352861881256
0.0355889797211
0.0266351699829
0.02721118927
0.0277011394501
0.0284011363983
0.0290460586548
0.0241889953613
0.0245499610901
0.0248529911041
0.0250720977783
0.0252571105957
0.0350730419159
0.0354340076447
0.0356869697571
0.0359120368958
0.0361371040344
0.0289280414581
0.0291569232941
0.0293478965759
0.0295929908752
0.0297870635986
0.027734041214
0.0288591384888
0.02956199646
0.0300109386444
0.0310339927673
0.0321869850159
0.033185005188
0.0339939594269
0.0349848270416
0.0361309051514
0.0342791080475
0.0366389751434
0.038104057312
0.039332151413
0.0407271385193
0.0389280319214
0.0391249656677
0.0393071174622
0.0394999980927
0.0396931171417
0.0312080383301
0.03142786026
0.0316228866577
0.0318250656128
0.03200507164
0.0381770133972
0.0385730266571
0.0389518737793
0.0393469333649
0.0397200584412
0.0314137935638
0.0318348407745
0.0321938991547
0.0325198173523
0.0328259468079
0.0343289375305
0.03484582901
0.0355529785156
0.0362169742584
0.0371470451355
0.0460028648376
0.0462188720703
0.0464129447937
0.0465989112854
0.0469398498535
0.0345890522003
0.0353229045868
0.0361318588257
0.0369250774384
0.0377449989319
0.0273201465607
0.0285811424255
0.0296831130981
0.0309870243073
0.0318601131439
0.0364530086517
0.0373430252075
0.0382280349731
0.0453050136566
0.0472228527069
0.0348358154297
0.0358209609985
0.0365040302277
0.0373368263245
0.0384259223938
0.0435228347778
0.0448048114777
0.046089887619
0.0475919246674
0.0490939617157
0.0405378341675
0.04185795784
0.0433330535889
0.044891834259
0.0459589958191
0.0323538780212
0.0338699817657
0.0354709625244
0.0366418361664
0.0433158874512
0.03262591362
0.0328540802002
0.0330350399017
0.0332388877869
0.0334219932556
0.0354859828949
0.0358040332794
0.0361468791962
0.0364379882812
0.0367209911346
0.0307040214539
0.0311470031738
0.0315499305725
0.0319261550903
0.032310962677
0.0321800708771
0.0326662063599
0.0330390930176
0.0334010124207
0.0337691307068
0.0276038646698
0.0285549163818
0.0291888713837
0.0297708511353
0.0305199623108
0.0265331268311
0.0276250839233
0.0281991958618
0.0287780761719
0.0293490886688
0.0313160419464
0.0322380065918
0.0330948829651
0.0339720249176
0.0347590446472
0.0287179946899
0.0297529697418
0.030622959137
0.036071062088
0.0374779701233
0.0424430370331
0.0433700084686
0.0441799163818
0.0449628829956
0.0460069179535
0.0363919734955
0.0367519855499
0.0373470783234
0.0381660461426
0.0387699604034
0.0352940559387
0.0359809398651
0.0366339683533
0.0374300479889
0.038017988205
0.032525062561
0.0353939533234
0.0363931655884
0.0376541614532
0.0385940074921
0.0375919342041
0.0382511615753
0.0388050079346
0.0393440723419
0.0400409698486
0.0313007831573
0.0321350097656
0.0328829288483
0.0336349010468
0.0344967842102
0.0251767635345
0.0260758399963
0.0268008708954
0.0275559425354
0.0282919406891
0.0272159576416
0.0279169082642
0.0285089015961
0.0290608406067
0.0297589302063
0.0292320251465
0.030012845993
0.0308828353882
0.0315799713135
0.0322649478912
0.0286140441895
0.0293672084808
0.0300691127777
0.0307350158691
0.0374391078949
0.0463240146637
0.0477709770203
0.0489718914032
0.0510709285736
0.0519568920135
0.0327661037445
0.0339229106903
0.035129070282
0.0364170074463
0.0376949310303
0.0283219814301
0.0288150310516
0.0290281772614
0.0292401313782
0.0294251441956
0.0271928310394
0.027843952179
0.0284049510956
0.0290670394897
0.0294699668884
0.0298011302948
0.0305581092834
0.0312252044678
0.0318691730499
0.0330440998077
0.031965970993
0.0323619842529
0.0325660705566
0.0327479839325
0.0331931114197
0.0368940830231
0.0377879142761
0.0388538837433
0.0398409366608
0.0410618782043
0.0245890617371
0.0257668495178
0.0268619060516
0.0279638767242
0.0288920402527
0.0328149795532
0.0338890552521
0.0348780155182
0.0358500480652
0.0367829799652
0.0431711673737
0.0445799827576
0.0457119941711
0.0466849803925
0.0476880073547
0.0327959060669
0.0339818000793
0.0352878570557
0.036153793335
0.037074804306
0.0392010211945
0.0393919944763
0.0395629405975
0.0397238731384
0.0398890972137
0.0265939235687
0.0269508361816
0.0272958278656
0.0276198387146
0.0279519557953
0.026664018631
0.0269088745117
0.0273849964142
0.0277409553528
0.027988910675
0.0257911682129
0.0268921852112
0.0278990268707
0.0297291278839
0.0304250717163
0.0271179676056
0.0284459590912
0.030503988266
0.0314240455627
0.0323169231415
0.0302391052246
0.0309031009674
0.0315899848938
0.0322089195251
0.032821893692
0.034059047699
0.0354619026184
0.0362539291382
0.037752866745
0.0388040542603
0.02481508255
0.0258440971375
0.0269660949707
0.0280170440674
0.0292940139771
0.0290579795837
0.0302739143372
0.0313107967377
0.032292842865
0.0407378673553
0.0433020591736
0.0440771579742
0.0449991226196
0.0457360744476
0.0465312004089
0.0292370319366
0.0299990177155
0.030620098114
0.0312161445618
0.0317950248718
0.0300631523132
0.0310680866241
0.0319511890411
0.0328521728516
0.0337669849396
0.0285091400146
0.0287730693817
0.029000043869
0.0292031764984
0.0293819904327
0.029098033905
0.0294330120087
0.029659986496
0.0301220417023
0.0305669307709
0.0241968631744
0.02494597435
0.0256078243256
0.0262107849121
0.0267739295959
0.0398740768433
0.0400960445404
0.0402789115906
0.0404460430145
0.0406160354614
0.0255620479584
0.0258660316467
0.0262069702148
0.0265369415283
0.0268878936768
0.0229620933533
0.0232670307159
0.0236489772797
0.0239601135254
0.0242400169373
0.0270562171936
0.0274209976196
0.0280442237854
0.0288460254669
0.0295081138611
0.0234580039978
0.0246019363403
0.0255138874054
0.0262780189514
0.0269448757172
0.0323779582977
0.0330221652985
0.0336470603943
0.0344641208649
0.0355970859528
0.0325040817261
0.0332090854645
0.033814907074
0.0343639850616
0.034893989563
0.0346531867981
0.0353810787201
0.0359880924225
0.0366041660309
0.037337064743
0.0242640972137
0.0249061584473
0.0259690284729
0.0268120765686
0.0277991294861
0.0389080047607
0.0397410392761
0.0409250259399
0.0476970672607
0.0498549938202
0.0260009765625
0.0262851715088
0.0265460014343
0.0268089771271
0.0270690917969
0.0421869754791
0.0431528091431
0.0435259342194
0.0439968109131
0.0447909832001
0.0