0.0270519256592,
0.0277280807495,
0.0262529850006,
0.0268549919128,
0.0329880714417,
0.0336439609528,
0.0292348861694,
0.0301508903503,
0.0233840942383,
0.0241651535034,
0.0242481231689,
0.0250751972198,
0.0288989543915,
0.0297019481659,
0.0292608737946,
0.0298080444336,
0.025337934494,
0.0260329246521,
0.0281128883362,
0.0283849239349,
0.0360798835754,
0.0369770526886,
0.0329909324646,
0.0336289405823,
0.0247828960419,
0.0250918865204,
0.039813041687,
0.0408048629761,
0.0371198654175,
0.0377719402313,
0.0396060943604,
0.0411159992218,
0.0302619934082,
0.030720949173,
0.0308589935303,
0.0314650535583,
0.0344278812408,
0.0346820354462,
0.0892038345337,
0.0894589424133,
0.0684862136841,
0.0688350200653,
0.11777305603,
0.118541002274,
0.050036907196,
0.050696849823,
0.0248169898987,
0.0252630710602,
0.0458660125732,
0.00158500671387,
0.0378339290619,
0.0388669967651,
0.0258538722992,
0.0264339447021,
0.0394079685211,
0.0403418540955,
0.0484750270844,
0.0488500595093,
0.0179350376129,
0.0182161331177,
0.0257949829102,
0.0260789394379,
0.0362980365753,
0.0365769863129,
0.0337629318237,
0.0341749191284,
0.0219149589539,
0.022351026535,
0.0350518226624,
0.0356838703156,
0.0441119670868,
0.0445621013641,
0.0504500865936,
0.0508720874786,
0.0986728668213,
0.0991969108582,
0.0686678886414,
0.00144195556641,
0.0259668827057,
0.0280759334564,
0.0446999073029,
0.045952796936,
0.093456029892,
0.0940101146698,
0.045891046524,
0.0465760231018,
0.0268580913544,
0.0275619029999,
0.0262310504913,
0.0265281200409,
0.0292029380798,
0.029482126236,
0.0276739597321,
0.0289340019226,
0.0300660133362,
0.030690908432,
0.0394229888916,
0.0403258800507,
0.0255270004272,
0.0262589454651,
0.0332350730896,
0.0335319042206,
0.0298910140991,
0.0302710533142,
0.0259900093079,
0.0270879268646,
0.0209259986877,
0.0216958522797,
0.0249469280243,
0.0257449150085,
0.0283241271973,
0.0291061401367,
0.0282678604126,
0.0289299488068,
0.0244200229645,
0.0251259803772,
0.0251710414886,
0.0264921188354,
0.0287067890167,
0.0297288894653,
0.0253520011902,
0.0260889530182,
0.0242872238159,
0.0250370502472,
0.0249841213226,
0.0260009765625,
0.0282700061798,
0.0290379524231,
0.0209600925446,
0.0219390392303,
0.0237240791321,
0.0242171287537,
0.0637910366058,
0.0644900798798,
0.0238621234894,
0.0241801738739,
0.0234410762787,
0.0236752033234,
0.0284979343414,
0.0291299819946,
0.21321105957,
0.213484048843,
0.0804870128632,
0.0293459892273,
0.0564560890198,
0.0569078922272,
0.123623132706,
0.124607086182,
0.0581037998199,
0.0583667755127,
0.144215106964,
0.144498109818,
0.0933749675751,
0.0369589328766,
0.0837659835815,
0.0337460041046,
0.1207280159,
0.121794939041,
0.0937850475311,
0.0940790176392,
0.111211061478,
0.111716985703,
0.102640151978,
0.0504519939423,
0.166862010956,
0.167072057724,
0.13672709465,
0.137030124664,
0.0737760066986,
0.0294930934906,
0.064866065979,
0.016508102417,
0.0550119876862,
0.0556712150574,
0.0351099967957,
0.0355529785156,
0.0367870330811,
0.0382890701294,
0.0439898967743,
0.0442888736725,
0.0838468074799,
0.0844638347626,
0.0389471054077,
0.0395150184631,
0.0305178165436,
0.0313518047333,
0.101300954819,
0.102541923523,
0.0790281295776,
0.0326399803162,
0.0613830089569,
0.0617170333862,
0.0227789878845,
0.023138999939,
0.0284209251404,
0.029394865036,
0.0295000076294,
0.0300879478455,
0.0251798629761,
0.0260698795319,
0.0288860797882,
0.0291571617126,
0.0220758914948,
0.0223429203033,
0.0239169597626,
0.0241727828979,
0.0207068920135,
0.0210340023041,
0.022558927536,
0.0228400230408,
0.0319681167603,
0.0322160720825,
0.0264520645142,
0.026878118515,
0.0284931659698,
0.0287370681763,
0.0251181125641,
0.0254290103912,
0.0275280475616,
0.0277650356293,
0.0237572193146,
0.0240092277527,
0.0286500453949,
0.0291829109192,
0.0254969596863,
0.0257568359375,
0.0235970020294,
0.0239410400391,
0.0219948291779,
0.0229108333588,
0.027596950531,
0.0288739204407,
0.0244219303131,
0.0255470275879,
0.0237259864807,
0.0246419906616,
0.0235910415649,
0.0242509841919,
0.0235359668732,
0.0245089530945,
0.0236790180206,
0.0246548652649,
0.024505853653,
0.0265159606934,
0.0243678092957,
0.0253329277039,
0.0215890407562,
0.0223848819733,
0.0256741046906,
0.0267241001129,
0.0240969657898,
0.0244400501251,
0.0258390903473,
0.026468038559,
0.0236411094666,
0.0244989395142,
0.0218620300293,
0.0229671001434,
0.0228760242462,
0.024178981781,
0.0239460468292,
0.0242121219635,
0.0246071815491,
0.0248122215271,
0.0211629867554,
0.0214579105377,
0.0266840457916,
0.0269780158997,
0.0246438980103,
0.0249319076538,
0.0232348442078,
0.0234360694885,
0.0214281082153,
0.0227661132812,
0.0232319831848,
0.0234880447388,
0.024894952774,
0.0251588821411,
0.0209128856659,
0.0211019515991,
0.0240471363068,
0.0247950553894,
0.0261068344116,
0.026340007782,
0.0295610427856,
0.0301849842072,
0.0480020046234,
0.0486328601837,
0.0240800380707,
0.0248379707336,
0.0300080776215,
0.0309090614319,
0.024493932724,
0.0255470275879,
0.0232648849487,
0.0240228176117,
0.0247168540955,
0.0257999897003,
0.0241799354553,
0.0249300003052,
0.0219209194183,
0.0221519470215,
0.0222940444946,
0.0225758552551,
0.0243220329285,
0.0246012210846,
0.0259490013123,
0.0262320041656,
0.0276758670807,
0.0279309749603,
0.0243449211121,
0.0246148109436,
0.0250060558319,
0.025249004364,
0.0214781761169,
0.0217640399933,
0.0291430950165,
0.0293900966644,
0.0276870727539,
0.0280110836029,
0.0246820449829,
0.0261070728302,
0.0478191375732,
0.049427986145,
0.0410659313202,
0.0418200492859,
0.0286610126495,
0.0307509899139,
0.0239350795746,
0.0247650146484,
0.0463020801544,
0.0470280647278,
0.0324919223785,
0.0334060192108,
0.0469670295715,
0.0479421615601,
0.0293829441071,
0.0312750339508,
0.032947063446,
0.0336999893188,
0.0281760692596,
0.029000043869,
0.0319681167603,
0.0329031944275,
0.0316288471222,
0.0324358940125,
0.0450301170349,
0.0458619594574,
0.0259308815002,
0.026927947998,
0.0433487892151,
0.0438997745514,
0.0445261001587,
0.0451710224152,
0.0252950191498,
0.0255529880524,
0.0311479568481,
0.0321719646454,
0.0291140079498,
0.0300087928772,
0.063756942749,
0.0240609645844,
0.0509331226349,
0.0514559745789,
0.0284628868103,
0.0291969776154,
0.0301558971405,
0.0310850143433,
0.0352909564972,
0.035924911499,
0.027095079422,
0.0280780792236,
0.0346989631653,
0.0349590778351,
0.0733790397644,
0.023866891861,
0.076770067215,
0.0253329277039,
0.0906929969788,
0.0163860321045,
0.0429408550262,
0.0439238548279,
0.0294740200043,
0.030189037323,
0.0218501091003,
0.0226020812988,
0.0277628898621,
0.0286550521851,
0.0311989784241,
0.0318810939789,
0.011932849884,
0.0222198963165,
0.0311620235443,
0.0318019390106,
0.0218098163605,
0.0224049091339,
0.0288419723511,
0.0291881561279,
0.0358090400696,
0.0372500419617,
0.0378770828247,
0.0385510921478,
0.0264730453491,
0.0274760723114,
0.0284759998322,
0.0292880535126,
0.0214879512787,
0.0222630500793,
0.031594991684,
0.0327320098877,
0.0125849246979,
0.0130150318146,
0.0387740135193,
0.0392060279846,
0.0329308509827,
0.033684015274,
0.024838924408,
0.0251529216766,
0.030158996582,
0.0308089256287,
0.070552110672,
0.015191078186,
0.0478711128235,
0.0481770038605,
0.0303239822388,
0.030611038208,
0.0408480167389,
0.04234790802,
0.0248708724976,
0.0256938934326,
0.0246539115906,
0.0253729820251,
0.0251250267029,
0.0254399776459,
0.0252768993378,
0.0261259078979,
0.0329320430756,
0.0339319705963,
0.032525062561,
0.033066034317,
0.0261869430542,
0.0267949104309,
0.0365550518036,
0.0377941131592,
0.0264489650726,
0.0272488594055,
0.027459859848,
0.0282208919525,
0.0391321182251,
0.039971113205,
0.0485501289368,
0.0492479801178,
0.0285270214081,
0.0288939476013,
0.0427331924438,
0.0434391498566,
0.0328788757324,
0.0335569381714,
0.0266289710999,
0.0271790027618,
0.0281779766083,
0.0287930965424,
0.0800149440765,
0.0804750919342,
0.047089099884,
0.047345161438,
0.0613939762115,
0.00435018539429,
0.0481362342834,
0.0486822128296,
0.105045795441,
0.105842828751,
0.142426967621,
0.143358945847,
0.0709400177002,
0.071249961853,
0.0518209934235,
0.052011013031,
0.119939088821,
0.121047973633,
0.112592935562,
0.113699913025,
0.0994920730591,
0.10120511055,
0.123364925385,
0.123950958252,
0.14782500267,
0.148418188095,
0.23049902916,
0.231235980988,
0.220364809036,
0.220934867859,
0.18913602829,
0.190164089203,
0.158916950226,
0.170825958252,
0.154099941254,
0.154341936111,
0.267161846161,
0.26774597168,
0.242784023285,
0.243594884872,
0.218859910965,
0.220017910004,
0.196280002594,
0.196991920471,
0.179960012436,
0.181437969208,
0.116192817688,
0.116727828979,
0.100867986679,
0.101777076721,
0.120684146881,
0.121435165405,
0.0823299884796,
0.0831129550934,
0.0654759407043,
0.0668280124664,
0.0508849620819,
0.0520420074463,
0.0298960208893,
0.0302538871765,
0.0132529735565,
0.0134592056274,
0.0315661430359,
0.0320641994476,
0.0129640102386,
0.0131969451904,
0.0134792327881,
0.0136852264404,
0.0129079818726,
0.0131380558014,
0.0171840190887,
0.0176358222961,
0.0159947872162,
0.0162270069122,
0.0165359973907,
0.0170021057129,
0.0155148506165,
0.0157558917999,
0.0158271789551,
0.0160710811615,
0.0127758979797,
0.013002872467,
0.0133678913116,
0.0135848522186,
0.0163660049438,
0.0166170597076,
0.0170068740845,
0.0172748565674,
0.0249478816986,
0.025162935257,
0.0224380493164,
0.0226471424103,
0.0263540744781,
0.0266001224518,
0.0247302055359,
0.0257380008698,
0.0267291069031,
0.0276219844818,
0.0284540653229,
0.0295679569244,
0.0303602218628,
0.0316460132599,
0.0255641937256,
0.0265910625458,
0.0317139625549,
0.0318720340729,
0.0241169929504,
0.0243430137634,
0.0267398357391,
0.02725481987,
0.0232360363007,
0.0238621234894,
0.0270290374756,
0.0280051231384,
0.0239307880402,
0.0251560211182,
0.0238208770752,
0.0249259471893,
0.0244081020355,
0.0252261161804,
0.0252168178558,
0.0263459682465,
0.0287210941315,
0.0304350852966,
0.013386964798,
0.0303590297699,
0.0242018699646,
0.0244588851929,
0.024246931076,
0.0244691371918,
0.0299909114838,
0.0304508209229,
0.0284719467163,
0.0301840305328,
0.0284299850464,
0.0286531448364,
0.0227689743042,
0.0235800743103,
0.0282778739929,
0.0289559364319,
0.0264101028442,
0.0273900032043,
0.0280590057373,
0.0289359092712,
0.0339019298553,
0.0350348949432,
0.0316960811615,
0.0324020385742,
0.0324468612671,
0.0335929393768,
0.0301010608673,
0.0312900543213,
0.0275769233704,
0.0282220840454,
0.0297091007233,
0.0305740833282,
0.0314538478851,
0.0322370529175,
0.0292699337006,
0.0302438735962,
0.0268909931183,
0.0275430679321,
0.0289449691772,
0.0298299789429,
0.0267488956451,
0.0275158882141,
0.0327301025391,
0.0336039066315,
0.0262401103973,
0.0269441604614,
0.0242078304291,
0.0249938964844,
0.0284700393677,
0.0302181243896,
0.0273468494415,
0.028795003891,
0.0278499126434,
0.0281040668488,
0.0315899848938,
0.0323851108551,
0.0282771587372,
0.0305440425873,
0.0345709323883,
0.0348770618439,
0.0343790054321,
0.034989118576,
0.0348191261292,
0.0351991653442,
0.0309121608734,
0.0312349796295,
0.0305969715118,
0.0312120914459,
0.0256588459015,
0.0261750221252,
0.0285978317261,
0.029021024704,
0.0347409248352,
0.0350410938263,
0.0431559085846,
0.0436220169067,
0.0291001796722,
0.0293600559235,
0.0303518772125,
0.0306370258331,
0.0383050441742,
0.0395088195801,
0.032881975174,
0.0331959724426,
0.0377759933472,
0.0387318134308,
0.0242991447449,
0.024854183197,
0.034698009491,
0.0360219478607,
0.0215489864349,
0.0375370979309,
0.0377039909363,
0.0386090278625,
0.0468528270721,
0.0480229854584,
0.036670923233,
0.037318944931,
0.0238299369812,
0.0246639251709,
0.0322999954224,
0.0331017971039,
0.0123128890991,
0.0269567966461,
0.0265688896179,
0.0272450447083,
0.0389750003815,
0.0398631095886,
0.0357618331909,
0.0368568897247,
0.0280311107635,
0.0286231040955,
0.0285279750824,
0.0300199985504,
0.0248608589172,
0.0259249210358,
0.0352640151978,
0.0361130237579,
0.0280458927155,
0.0288879871368,
0.0160458087921,
0.029602766037,
0.0191168785095,
0.0333030223846,
0.0412130355835,
0.0420179367065,
0.0219879150391,
0.0340340137482,
0.0314829349518,
0.0323488712311,
0.0214269161224,
0.0219559669495,
0.0219860076904,
0.0224509239197,
0.0361919403076,
0.0367529392242,
0.0402879714966,
0.0415070056915,
0.0339479446411,
0.0354270935059,
0.0434868335724,
0.0437819957733,
0.0153291225433,
0.0155911445618,
0.0152339935303,
0.0154819488525,
0.0143821239471,
0.0147030353546,
0.015145778656,
0.0288047790527,
0.0262169837952,
0.0264558792114,
0.0180060863495,
0.0185420513153,
0.0226988792419,
0.0239429473877,
0.0340180397034,
0.0345470905304,
0.0336699485779,
0.0351939201355,
0.0293550491333,
0.0302150249481,
0.0271420478821,
0.028293132782,
0.0167191028595,
0.0283441543579,
0.0173749923706,
0.0310139656067,
0.0319209098816,
0.0333490371704,
0.0325059890747,
0.0334339141846,
0.0342280864716,
0.0349838733673,
0.0293090343475,
0.0301530361176,
0.0302550792694,
0.0309541225433,
0.0401239395142,
0.0405819416046,
0.0487740039825,
0.0490458011627,
0.0318038463593,
0.0321500301361,
0.0344700813293,
0.0350821018219,
0.055871963501,
0.0565829277039,
0.0913500785828,
0.018089056015,
0.0423250198364,
0.0430979728699,
0.0308890342712,
0.0315589904785,
0.0317010879517,
0.0323941707611,
0.0308711528778,
0.0317499637604,
0.0304470062256,
0.0308909416199,
0.0244750976562,
0.0252141952515,
0.0280208587646,
0.0289959907532,
0.0241680145264,
0.0251150131226,
0.0402069091797,
0.0404651165009,
0.022421836853,
0.0232169628143,
0.0221750736237,
0.0229790210724,
0.0222568511963,
0.0225059986115,
0.0246000289917,
0.0249071121216,
0.0254900455475,
0.025808095932,
0.02135181427,
0.0234568119049,
0.022274017334,
0.0225520133972,
0.0269439220428,
0.0272090435028,
0.025995016098,
0.0262520313263,
0.0285129547119,
0.0287518501282,
0.0249769687653,
0.0252809524536,
0.0263440608978,
0.0265679359436,
0.0267679691315,
0.0276579856873,
0.0300569534302,
0.0304298400879,
0.0275390148163,
0.0284881591797,
0.0249891281128,
0.0428900718689,
0.0272381305695,
0.00139212608337,
0.0463161468506,
0.0471031665802,
0.0221149921417,
0.0231199264526,
0.0740261077881,
0.0761449337006,
0.0503170490265,
0.0506370067596,
0.0275318622589,
0.0278098583221,
0.0235199928284,
0.0238239765167,
0.0255920886993,
0.0258860588074,
0.0297908782959,
0.0300199985504,
0.0220561027527,
0.0223381519318,
0.0210030078888,
0.0212378501892,
0.0263941287994,
0.0266840457916,
0.0261468887329,
0.0264630317688,
0.0245311260223,
0.024749994278,
0.0245192050934,
0.0247900485992,
0.0301580429077,
0.0304388999939,
0.0291430950165,
0.0294580459595,
0.0265040397644,
0.0268151760101,
0.0285880565643,
0.0291121006012,
0.0257320404053,
0.0259480476379,
0.0281250476837,
0.0283579826355,
0.0282740592957,
0.0287230014801,
0.024111032486,
0.0243399143219,
0.025918006897,
0.0262041091919,
0.0326421260834,
0.0328459739685,
0.0224859714508,
0.0227119922638,
0.0252778530121,
0.0255107879639,
0.0275321006775,
0.0277800559998,
0.0235149860382,
0.0237529277802,
0.0238120555878,
0.0240519046783,
0.0290350914001,
0.0292530059814,
0.0259220600128,
0.0261659622192,
0.0281929969788,
0.0284729003906,
0.0213871002197,
0.0215990543365,
0.0244970321655,
0.0247359275818,
0.0243258476257,
0.0245759487152,
0.0285279750824,
0.0287199020386,
0.0300059318542,
0.0302560329437,
0.0425720214844,
0.0427889823914,
0.0281410217285,
0.0284578800201,
0.0241761207581,
0.0246450901031,
0.0239000320435,
0.024337053299,
0.0298249721527,
0.0301029682159,
0.0275959968567,
0.0278840065002,
0.0277998447418,
0.0280268192291,
0.0241060256958,
0.0243530273438,
0.0259141921997,
0.026141166687,
0.0227048397064,
0.0229508876801,
0.0304820537567,
0.0316870212555,
0.0268850326538,
0.0271849632263,
0.0389649868011,
0.0394670963287,
0.0484039783478,
0.0489571094513,
0.0551400184631,
0.0553300380707,
0.0399460792542,
0.0404169559479,
0.0907061100006,
0.0237510204315,
0.07199883461,
0.0729129314423,
0.0537579059601,
0.0541288852692,
0.0278191566467,
0.0285060405731,
0.0321412086487,
0.0326821804047,
0.0310728549957,
0.0318918228149,
0.0294830799103,
0.0302469730377,
0.0332338809967,
0.0334630012512,
0.0227138996124,
0.0230000019073,
0.0279591083527,
0.0282130241394,
0.0258951187134,
0.0262091159821,
0.0324251651764,
0.032674074173,
0.0257048606873,
0.0260100364685,
0.0274679660797,
0.0277750492096,
0.033579826355,
0.0339648723602,
0.0329658985138,
0.0338709354401,
0.0389847755432,
0.0395798683167,
0.0510110855103,
0.0513670444489,
0.0313680171967,
0.0327131748199,
0.0768239498138,
0.078861951828,
0.0345470905304,
0.0356359481812,
0.0241258144379,
0.0255749225616,
0.0280499458313,
0.0292220115662,
0.031730890274,
0.0335240364075,
0.0250859260559,
0.0259809494019,
0.0358579158783,
0.0360839366913,
0.0229520797729,
0.0232291221619,
0.0231721401215,
0.0234661102295,
0.0243980884552,
0.0247299671173,
0.0249600410461,
0.0253028869629,
0.0235509872437,
0.0238168239594,
0.0247659683228,
0.0250041484833,
0.021712064743,
0.0219578742981,
0.0230939388275,
0.0233161449432,
0.033224105835,
0.0336909294128,
0.0262219905853,
0.0265159606934,
0.0225450992584,
0.0233850479126,
0.0283410549164,
0.029186964035,
0.0320830345154,
0.0333981513977,
0.0846121311188,
0.0315129756927,
0.0582420825958,
0.0585989952087,
0.041622877121,
0.0418179035187,
0.084300994873,
0.0846560001373,
0.0646748542786,
0.0658137798309,
0.0843119621277,
0.0845470428467,
0.051589012146,
0.0517978668213,
0.0272490978241,
0.0277380943298,
0.0248868465424,
0.0251898765564,
0.030797958374,
0.0310950279236,
0.0325539112091,
0.0327970981598,
0.0344948768616,
0.0347418785095,
0.0241060256958,
0.0243420600891,
0.025936126709,
0.0261199474335,
0.0318210124969,
0.0320670604706,
0.0332460403442,
0.0335140228271,
0.0229671001434,
0.0232720375061,
0.0321249961853,
0.0333738327026,
0.0330691337585,
0.0333421230316,
0.0268859863281,
0.0271430015564,
0.037761926651,
0.0395169258118,
0.0232019424438,
0.023530960083,
0.0224990844727,
0.023225069046,
0.0224151611328,
0.0227220058441,
0.0242760181427,
0.025218963623,
0.0222828388214,
0.0228660106659,
0.0262680053711,
0.0266509056091,
0.0242929458618,
0.0249810218811,
0.0255119800568,
0.0262320041656,
0.0221238136292,
0.0228879451752,
0.0293030738831,
0.0295810699463,
0.0225620269775,
0.0229649543762,
0.0266270637512,
0.0275480747223,
0.0265951156616,
0.0271708965302,
0.0245478153229,
0.0250878334045,
0.0258069038391,
0.0266320705414,
0.024209022522,
0.0250339508057,
0.0227179527283,
0.0229821205139,
0.0385279655457,
0.0394020080566,
0.0319159030914,
0.0330860614777,
0.0319678783417,
0.0322968959808,
0.0225188732147,
0.0230040550232,
0.0144610404968,
0.0254240036011,
0.012167930603,
0.0125510692596,
0.0704019069672,
0.0204751491547,
0.0508069992065,
0.051794052124,
0.0241549015045,
0.0252480506897,
0.0340430736542,
0.0353300571442,
0.0219538211823,
0.0221748352051,
0.0202250480652,
0.0207469463348,
0.0435421466827,
0.0438759326935,
0.0284321308136,
0.030168056488,
0.0257461071014,
0.0273571014404,
0.0221679210663,
0.0236899852753,
0.0282418727875,
0.0289409160614,
0.0325410366058,
0.033576965332,
0.0280539989471,
0.0293400287628,
0.0298810005188,
0.0309679508209,
0.0155470371246,
0.0162320137024,
0.0243740081787,
0.025484085083,
0.0213069915771,
0.0217649936676,
0.0600619316101,
0.00251507759094,
0.0257911682129,
0.0435070991516,
0.0164749622345,
0.0170450210571,
0.0278191566467,
0.0281920433044,
0.0381999015808,
0.144098997116,
0.0484430789948,
0.049446105957,
0.0547819137573,
0.0555279254913,
0.0359890460968,
0.0369222164154,
0.0271010398865,
0.0278270244598,
0.024885892868,
0.0255899429321,
0.0334560871124,
0.0337760448456,
0.0159478187561,
0.0300137996674,
0.0231690406799,
0.0234811306,
0.0662059783936,
0.0664219856262,
0.0574889183044,
0.00261497497559,
0.0271699428558,
0.0278770923615,
0.0243079662323,
0.0245230197906,
0.0300731658936,
0.0303339958191,
0.0284569263458,
0.0287699699402,
0.0287389755249,
0.0291090011597,
0.0288519859314,
0.0291450023651,
0.0227611064911,
0.0235409736633,
0.0297381877899,
0.0306801795959,
0.0384690761566,
0.0389750003815,
0.0311257839203,
0.0313439369202,
0.077910900116,
0.017138004303,
0.0443739891052,
0.0450229644775,
0.0439939498901,
0.0452868938446,
0.0385148525238,
0.0392198562622,
0.0222859382629,
0.0226328372955,
0.026340007782,
0.0270519256592,
0.0348451137543,
0.0359990596771,
0.0421380996704,
0.0426690578461,
0.0331239700317,
0.0337829589844,
0.0320999622345,
0.0329430103302,
0.0460519790649,
0.046863079071,
0.0236828327179,
0.0245139598846,
0.0256969928741,
0.0271258354187,
0.0457229614258,
0.0463099479675,
0.0251410007477,
0.0260210037231,
0.0353419780731,
0.035532951355,
0.0238471031189,
0.0241191387177,
0.0246629714966,
0.0249288082123,
0.0159418582916,
0.0250818729401,
0.0280320644379,
0.0284051895142,
0.0371069908142,
0.0376720428467,
0.0240228176117,
0.0248420238495,
0.0241589546204,
0.0247399806976,
0.0138430595398,
0.0148911476135,
0.0286149978638,
0.0301160812378,
0.0253300666809,
0.0257761478424,
0.0252239704132,
0.025486946106,
0.0217719078064,
0.0220019817352,
0.0244269371033,
0.024650812149,
0.0229711532593,
0.0237390995026,
0.0313091278076,
0.0316240787506,
0.025032043457,
0.026172876358,
0.0237100124359,
0.0245640277863,
0.0256900787354,
0.0264689922333,
0.0252101421356,
0.0257821083069,
0.0228228569031,
0.0235340595245,
0.0343220233917,
0.0346760749817,
0.023952960968,
0.0241868495941,
0.0218210220337,
0.0221121311188,
0.0293159484863,
0.0296580791473,
0.0224659442902,
0.0227439403534,
0.0226929187775,
0.0229499340057,
0.0244951248169,
0.0247759819031,
0.0246829986572,
0.0249738693237,
0.0253150463104,
0.0255398750305,
0.0226449966431,
0.0228800773621,
0.0286028385162,
0.0288710594177,
0.0252158641815,
0.0254619121552,
0.0225620269775,
0.0227990150452,
0.0230159759521,
0.0232391357422,
0.0260858535767,
0.0268108844757,
0.0267310142517,
0.0273830890656,
0.0263049602509,
0.0266118049622,
0.0245308876038,
0.0251128673553,
0.0253050327301,
0.0263159275055,
0.0234019756317,
0.023973941803,
0.0292308330536,
0.0295028686523,
0.0207829475403,
0.0209999084473,
0.0229909420013,
0.0232169628143,
0.0231118202209,
0.0240437984467,
0.0266768932343,
0.027195930481,
0.0270011425018,
0.0277371406555,
0.0238280296326,
0.0245549678802,
0.0232770442963,
0.0241231918335,
0.0320410728455,
0.0322949886322,
0.0296139717102,
0.0298547744751,
0.0218160152435,
0.0222718715668,
0.0271978378296,
0.0273759365082,
0.0292890071869,
0.0295472145081,
0.0269150733948,
0.0271520614624,
0.0314998626709,
0.0320239067078,
0.0247511863708,
0.0250101089478,
0.0343289375305,
0.0347638130188,
0.0260391235352,
0.0262520313263,
0.0238091945648,
0.0239870548248,
0.0291368961334,
0.0293719768524,
0.0268409252167,
0.0270168781281,
0.0366067886353,
0.0370349884033,
0.0222179889679,
0.0223979949951,
0.0277438163757,
0.0279159545898,
0.0337071418762,
0.0339720249176,
0.0234959125519,
0.0290110111237,
0.0327968597412,
0.0334119796753,
0.0297029018402,
0.0308299064636,
0.0394780635834,
0.0403490066528,
0.0229969024658,
0.0243029594421,
0.0379331111908,
0.0381140708923,
0.0478539466858,
0.0481190681458,
0.0594098567963,
0.0600008964539,
0.0349271297455,
0.0359539985657,
0.08744597435,
0.088390827179,
0.0852379798889,
0.0862698554993,
0.0847239494324,
0.0849850177765,
0.0677909851074,
0.00660800933838,
0.0457799434662,
0.0464198589325,
0.0362150669098,
0.0364379882812,
0.0451810359955,
0.0456590652466,
0.0310120582581,
0.0313541889191,
0.0500409603119,
0.0502429008484,
0.0338759422302,
0.0341789722443,
0.0734279155731,
0.0738718509674,
0.0682339668274,
0.0685389041901,
0.0790350437164,
0.0224130153656,
0.0671799182892,
0.0676209926605,
0.0784161090851,
0.078654050827,
0.051372051239,
0.00214385986328,
0.116513967514,
0.117388963699,
0.0281059741974,
0.0284430980682,
0.0221729278564,
0.0230360031128,
0.0384929180145,
0.0398709774017,
0.0511419773102,
0.00301313400269,
0.0275869369507,
0.0277740955353,
0.0839619636536,
0.084459066391,
0.0399560928345,
0.0407309532166,
0.0340240001678,
0.0345628261566,
0.0462169647217,
0.0465898513794,
0.0676391124725,
0.0679321289062,
0.0695040225983,
0.0698988437653,
0.0431280136108,
0.0435431003571,
0.032114982605,
0.0324068069458,
0.0554149150848,
0.0557868480682,
0.0397520065308,
0.0399868488312,
0.0896661281586,
0.0898969173431,
0.0693590641022,
0.00224280357361,
0.035915851593,
0.0362169742584,
0.0395410060883,
0.0399551391602,
0.0466301441193,
0.0504989624023,
0.0647878646851,
0.0651128292084,
0.0636339187622,
0.064131975174,
0.0468249320984,
0.047171831131,
0.0431399345398,
0.0434429645538,
0.0399670600891,
0.0403060913086,
0.0886080265045,
0.0889320373535,
0.0651240348816,
0.0655059814453,
0.0402798652649,
0.0406799316406,
0.0392620563507,
0.039489030838,
0.0278449058533,
0.0283830165863,
0.0293641090393,
0.0301029682159,
0.0382571220398,
0.0387051105499,
0.029335975647,
0.0300929546356,
0.0300400257111,
0.030613899231,
0.031571149826,
0.0320980548859,
0.0544381141663,
0.00336885452271,
0.0386388301849,
0.0390830039978,
0.0380420684814,
0.0386180877686,
0.117177009583,
0.117342948914,
0.0887229442596,
0.0889461040497,
0.0839791297913,
0.0841970443726,
0.0604300498962,
0.060672044754,
0.0294041633606,
0.0303781032562,
0.0299818515778,
0.0305609703064,
0.0288870334625,
0.0294618606567,
0.0701899528503,
0.00214314460754,
0.0380499362946,
0.0392329692841,
0.0286469459534,
0.0291569232941,
0.0282890796661,
0.0292201042175,
0.0262620449066,
0.0274250507355,
0.0389721393585,
0.0393810272217,
0.0285148620605,
0.0286920070648,
0.144367933273,
0.144582033157,
0.0671780109406,
0.0675070285797,
0.0495290756226,
0.0500061511993,
0.034453868866,
0.0348858833313,
0.0212938785553,
0.0219259262085,
0.0248391628265,
0.0255031585693,
0.0262310504913,
0.0270600318909,
0.022402048111,
0.0233199596405,
0.0254831314087,
0.0262479782104,
0.0247280597687,
0.0250430107117,
0.0223770141602,
0.0229668617249,
0.0396680831909,
0.0398590564728,
0.0715959072113,
0.071849822998,
0.0460650920868,
0.0463531017303,
0.0424299240112,
0.0426998138428,
0.161553859711,
0.161817789078,
0.1216340065,
0.121843099594,
0.108650922775,
0.108839988708,
0.0795209407806,
0.0797860622406,
0.0576438903809,
0.00186800956726,
0.111750125885,
0.00219011306763,
0.0400540828705,
0.0408110618591,
0.0468289852142,
0.0470838546753,
0.0231509208679,
0.0234868526459,
0.0293200016022,
0.0298459529877,
0.0265181064606,
0.0272090435028,
0.035089969635,
0.0354511737823,
0.0681030750275,
0.0685150623322,
0.0552318096161,
0.0554869174957,
0.0394430160522,
0.0397078990936,
0.0311439037323,
0.0313930511475,
0.0331339836121,
0.0338850021362,
0.0237050056458,
0.0248970985413,
0.0246031284332,
0.0251030921936,
0.0186381340027,
0.0191509723663,
0.0346550941467,
0.0356199741364,
0.0302238464355,
0.0308678150177,
0.0370481014252,
0.0376160144806,
0.0331761837006,
0.0341520309448,
0.0744490623474,
0.0749669075012,
0.0432739257812,
0.044065952301,
0.0315310955048,
0.0317180156708,
0.0215859413147,
0.0218558311462,
0.0454950332642,
0.0471529960632,
0.101437091827,
0.0458319187164,
0.0926520824432,
0.04532289505,
0.140758037567,
0.141032934189,
0.0755250453949,
0.0759680271149,
0.075147151947,
0.0753891468048,
0.123471021652,
0.123774051666,
0.12424492836,
0.0410408973694,
0.0786879062653,
0.0789420604706,
0.100439071655,
0.100647211075,
0.115969896317,
0.116302967072,
0.110577106476,
0.110926151276,
0.16700387001,
0.16734290123,
0.149666070938,
0.150089025497,
0.117322206497,
0.117516040802,
0.100676059723,
0.10117816925,
0.11336183548,
0.114009857178,
0.0780107975006,
0.0794198513031,
0.0396530628204,
0.0404591560364,
0.0296351909637,
0.03040599823,
0.0312209129333,
0.0323059558868,
0.0368340015411,
0.0373220443726,
0.0246238708496,
0.0260248184204,
0.0709569454193,
0.0711481571198,
0.0420689582825,
0.0429770946503,
0.0241827964783,
0.0251548290253,
0.0327990055084,
0.0330481529236,
0.0307109355927,
0.0309360027313,
0.0296468734741,
0.0307688713074,
0.0382928848267,
0.0407729148865,
0.056636095047,
0.0571939945221,
0.0774648189545,
0.0777750015259,
0.0516068935394,
0.00341296195984,
0.0370419025421,
0.0372169017792,
0.024542093277,
0.0247750282288,
0.0448429584503,
0.0458879470825,
0.0945839881897,
0.0952339172363,
0.0718100070953,
0.0720272064209,
0.0616600513458,
0.0621280670166,
0.0892510414124,
0.0894660949707,
0.0537219047546,
0.0539479255676,
0.099818944931,
0.100056171417,
0.0766630172729,
0.0768349170685,
0.0591700077057,
0.00368404388428,
0.0374710559845,
0.0377280712128,
0.0650050640106,
0.0653860569,
0.0862379074097,
0.0864539146423,
0.0591421127319,
0.00331711769104,
0.0405421257019,
0.0409820079803,
0.0700719356537,
0.0703098773956,
0.0496070384979,
0.0500481128693,
0.0286099910736,
0.0289130210876,
0.0769670009613,
0.0259799957275,
0.0771780014038,
0.00622510910034,
0.0507290363312,
0.0510671138763,
0.0801110267639,
0.0803830623627,
0.115168094635,
0.115559101105,
0.112854003906,
0.11356306076,
0.0581350326538,
0.0584781169891,
0.0277779102325,
0.0284698009491,
0.0330250263214,
0.0336818695068,
0.0279359817505,
0.0290729999542,
0.0264549255371,
0.0273239612579,
0.0271031856537,
0.02814412117,
0.0289721488953,
0.0297870635986,
0.0270180702209,
0.0278091430664,
0.05113697052,
0.0522379875183,
0.0233170986176,
0.0239760875702,
0.0223250389099,
0.0229470729828,
0.0282340049744,
0.0290288925171,
0.0230870246887,
0.0237438678741,
0.0350170135498,
0.0360431671143,
0.0272440910339,
0.0281450748444,
0.0244519710541,
0.0252780914307,
0.0243530273438,
0.0250930786133,
0.026380777359,
0.0266408920288,
0.0267760753632,
0.0274710655212,
0.0218200683594,
0.0225870609283,
0.0451228618622,
0.0454120635986,
0.0497119426727,
0.0501248836517,
0.0234129428864,
0.024286031723,
0.0229918956757,
0.0238468647003,
0.0240740776062,
0.0248329639435,
0.0329430103302,
0.0345251560211,
0.0246109962463,
0.0249149799347,
0.0251879692078,
0.0255568027496,
0.0269157886505,
0.0277419090271,
0.022481918335,
0.0229630470276,
0.0245769023895,
0.0248310565948,
0.0259010791779,
0.0267000198364,
0.0249500274658,
0.0253109931946,
0.0288259983063,
0.0293970108032,
0.0259099006653,
0.0269429683685,
0.0227489471436,
0.0230560302734,
0.0264830589294,
0.0285081863403,
0.0292420387268,
0.0298519134521,
0.0242099761963,
0.0251090526581,
0.0260000228882,
0.0262448787689,
0.0234870910645,
0.0240201950073,
0.0403039455414,
0.0405659675598,
0.040500164032,
0.0408170223236,
0.0899329185486,
0.0903508663177,
0.122081041336,
0.122442007065,
0.0608868598938,
0.0614659786224,
0.0438480377197,
0.0441858768463,
0.0443871021271,
0.0447340011597,
0.0705010890961,
0.0708899497986,
0.059947013855,
0.0603380203247,
0.114458084106,
0.115216016769,
0.0478358268738,
0.0482878684998,
0.0739109516144,
0.0748081207275,
0.0253081321716,
0.0263290405273,
0.0452680587769,
0.0454530715942,
0.0654680728912,
0.0659890174866,
0.0396308898926,
0.0398979187012,
0.0294120311737,
0.029639005661,
0.112691879272,
0.113070011139,
0.0306420326233,
0.031329870224,
0.0802690982819,
0.0808501243591,
0.0430750846863,
0.0439381599426,
0.0240080356598,
0.0248138904572,
0.0242590904236,
0.025139093399,
0.0209591388702,
0.0217521190643,
0.0238919258118,
0.0242381095886,
0.0311298370361,
0.0320048332214,
0.0289640426636,
0.0295829772949,
0.0260739326477,
0.0262849330902,
0.0237951278687,
0.0240550041199,
0.029659986496,
0.0298528671265,
0.023444890976,
0.025444984436,
0.0428688526154,
0.0431659221649,
0.0525538921356,
0.00371694564819,
0.0401799678802,
0.0422790050507,
0.0392010211945,
0.0425360202789,
0.0761811733246,
0.0191898345947,
0.0567100048065,
0.0570030212402,
0.10077881813,
0.0193600654602,
0.0477740764618,
0.0480940341949,
0.0385639667511,
0.0389800071716,
0.0303401947021,
0.0305240154266,
0.0396699905396,
0.0406088829041,
0.0901799201965,
0.0909149646759,
0.0725300312042,
0.0732898712158,
0.0686810016632,
0.0699279308319,
0.0385150909424,
0.0392451286316,
0.0661377906799,
0.0667808055878,
0.0455288887024,
0.0461728572845,
0.125178098679,
0.125936985016,
0.0917370319366,
0.0922198295593,
0.0884740352631,
0.0893030166626,
0.0468871593475,
0.0475630760193,
0.062283039093,
0.0628061294556,
0.0287790298462,
0.0293228626251,
0.104532003403,
0.105621099472,
0.173590898514,
0.174329042435,
0.167955160141,
0.168126106262,
0.139681816101,
0.140180826187,
0.235551834106,
0.235914945602,
0.230758905411,
0.11585187912,
0.158967971802,
0.0904929637909,
0.133543968201,
0.134016990662,
0.163348913193,
0.163732051849,
0.179901838303,
0.180721998215,
0.192828893661,
0.194255828857,
0.209640979767,
0.20988202095,
0.246915817261,
0.247836828232,
0.252758979797,
0.253721952438,
0.169657945633,
0.170863866806,
0.1087911129,
0.109750986099,
0.243574142456,
0.244122982025,
0.183259010315,
0.183833837509,
0.165918111801,
0.16687297821,
0.136374950409,
0.137251853943,
0.172404050827,
0.173055887222,
0.16049695015,
0.161109924316,
0.123096942902,
0.123907804489,
0.101765155792,
0.0457220077515,
0.0683569908142,
0.0689098834991,
0.0358650684357,
0.0019679069519,
0.038223028183,
0.0385730266571,
0.0804750919342,
0.0807619094849,
0.146514892578,
0.1468770504,
0.0867691040039,
0.0876271724701,
0.0689830780029,
0.0214998722076,
0.0463509559631,
0.0474979877472,
0.0242459774017,
0.0252010822296,
0.0409920215607,
0.0418078899384,
0.0394399166107,
0.0396130084991,
0.0651202201843,
0.0654611587524,
0.0548579692841,
0.0557789802551,
0.0461277961731,
0.0469479560852,
0.0435070991516,
0.0441300868988,
0.0446920394897,
0.0452890396118,
0.0395848751068,
0.0404119491577,
0.0635550022125,
0.0644161701202,
0.120181083679,
0.120449066162,
0.183966159821,
0.19414806366,
0.175935029984,
0.103931903839,
0.136194944382,
0.13637804985,
0.110384941101,
0.110840797424,
0.0964651107788,
0.0972111225128,
0.0651741027832,
0.00284290313721,
0.0389218330383,
0.0391569137573,
0.0289270877838,
0.0292210578918,
0.025132894516,
0.025328874588,
0.02281498909,
0.0231411457062,
0.0242829322815,
0.0247349739075,
0.0285079479218,
0.0286929607391,
0.0255370140076,
0.0258569717407,
0.025456905365,
0.0256998538971,
0.0222489833832,
0.0224668979645,
0.0284149646759,
0.028636932373,
0.0240960121155,
0.0248391628265,
0.0232410430908,
0.0242521762848,
0.0254321098328,
0.0256500244141,
0.0307738780975,
0.0318880081177,
0.0122990608215,
0.0126008987427,
0.0223431587219,
0.0227320194244,
0.0279679298401,
0.0282070636749,
0.0216829776764,
0.022716999054,
0.0225191116333,
0.0234429836273,
0.0240869522095,
0.0246350765228,
0.0414938926697,
0.041788816452,
0.0221650600433,
0.0224511623383,
0.0231440067291,
0.0237472057343,
0.0428822040558,
0.0452120304108,
0.0393941402435,
0.040155172348,
0.0386519432068,
0.0392251014709,
0.0306701660156,
0.0316891670227,
0.0373201370239,
0.037985086441,
0.0353269577026,
0.0362479686737,
0.0355610847473,
0.0366530418396,
0.0480840206146,
0.048810005188,
0.0224380493164,
0.0232510566711,
0.0319769382477,
0.0326030254364,
0.0386419296265,
0.0390479564667,
0.0158741474152,
0.033539056778,
0.0398681163788,
0.040500164032,
0.0247061252594,
0.0258681774139,
0.0336771011353,
0.0342819690704,
0.0415010452271,
0.043515920639,
0.0338480472565,
0.0351331233978,
0.0366590023041,
0.0376720428467,
0.0318140983582,
0.0324990749359,
0.0300259590149,
0.0306079387665,
0.026997089386,
0.0272920131683,
0.116096973419,
0.11788892746,
0.0584790706635,
0.0596251487732,
0.0470149517059,
0.0472660064697,
0.0970768928528,
0.0263431072235,
0.0908269882202,
0.038635969162,
0.0749790668488,
0.0282821655273,
0.0458490848541,
0.0466229915619,
0.116729974747,
0.118319988251,
0.0747921466827,
0.0201649665833,
0.0574939250946,
0.00700116157532,
0.035138130188,
0.0359201431274,
0.0266289710999,
0.0272309780121,
0.0219759941101,
0.0226440429688,
0.0148260593414,
0.0160920619965,
0.0156290531158,
0.0158231258392,
0.0137209892273,
0.01398396492,
0.0146181583405,
0.0148520469666,
0.0154721736908,
0.0158400535583,
0.0177009105682,
0.00131487846375,
0.0431158542633,
0.0439310073853,
0.0422399044037,
0.0426099300385,
0.03852891922,
0.0389149188995,
0.045804977417,
0.0465481281281,
0.0264649391174,
0.0272500514984,
0.0436251163483,
0.0439469814301,
0.0754330158234,
0.0303561687469,
0.0449020862579,
0.058972120285,
0.024475812912,
0.0247390270233,
0.0236129760742,
0.0250649452209,
0.0247299671173,
0.0260529518127,
0.0216889381409,
0.0219309329987,
0.0219559669495,
0.0221970081329,
0.0235872268677,
0.0239901542664,
0.0332009792328,
0.0334959030151,
0.0255229473114,
0.0260419845581,
0.0247228145599,
0.0251979827881,
0.0223319530487,
0.022588968277,
0.0301611423492,
0.030473947525,
0.023411989212,
0.0248811244965,
0.0248980522156,
0.0262172222137,
0.022558927536,
0.0239639282227,
0.0239360332489,
0.0251049995422,
0.0299150943756,
0.0312881469727,
0.0232400894165,
0.0239169597626,
0.0294229984283,
0.0297148227692,
0.0284509658813,
0.0286870002747,
0.031229019165,
0.0314109325409,
0.0279369354248,
0.0283930301666,
0.0258760452271,
0.0260469913483,
0.0280339717865,
0.0295839309692,
0.0335059165955,
0.0339829921722,
0.0259189605713,
0.0269479751587,
0.0254549980164,
0.0262479782104,
0.0251898765564,
0.0262448787689,
0.02543592453,
0.0283219814301,
0.0394468307495,
0.0428109169006,
0.0317919254303,
0.0320088863373,
0.0254590511322,
0.0257160663605,
0.0336730480194,
0.0338830947876,
0.0329561233521,
0.0334401130676,
0.0302331447601,
0.0304110050201,
0.0256290435791,
0.0268421173096,
0.033056974411,
0.0355310440063,
0.0254068374634,
0.0266978740692,
0.0280020236969,
0.0291719436646,
0.0270230770111,
0.0272691249847,
0.0240621566772,
0.0242750644684,
0.0223081111908,
0.0226809978485,
0.0234930515289,
0.0237381458282,
0.0251231193542,
0.0254571437836,
0.025267124176,
0.0255620479584,
0.0223960876465,
0.0226640701294,
0.024927854538,
0.0251910686493,
0.0251400470734,
0.0255990028381,
0.0213160514832,
0.0216360092163,
0.0237808227539,
0.0240139961243,
0.0255720615387,
0.02587890625,
0.0250589847565,
0.0253200531006,
0.0333740711212,
0.0336899757385,
0.0322690010071,
0.0325539112091,
0.025622844696,
0.0259249210358,
0.0253970623016,
0.0256941318512,
0.025239944458,
0.0255708694458,
0.0226559638977,
0.0238559246063,
0.0231499671936,
0.0234320163727,
0.0244560241699,
0.0247418880463,
0.0221848487854,
0.0225529670715,
0.0269961357117,
0.0272459983826,
0.0245690345764,
0.0248260498047,
0.0252220630646,
0.025505065918,
0.0310039520264,
0.0313391685486,
0.0283169746399,
0.0285649299622,
0.0264549255371,
0.0276958942413,
0.0319199562073,
0.0336129665375,
0.0260500907898,
0.0273630619049,
0.0365009307861,
0.0376949310303,
0.0567171573639,
0.0579061508179,
0.0400149822235,
0.0407798290253,
0.0299370288849,
0.0316469669342,
0.0325989723206,
0.0339679718018,
0.0232520103455,
0.0242519378662,
0.0322608947754,
0.0330879688263,
0.0445160865784,
0.045291185379,
0.0224070549011,
0.0234751701355,
0.0393378734589,
0.039834022522,
0.0234360694885,
0.0239431858063,
0.0284819602966,
0.0287599563599,
0.0262639522552,
0.0271689891815,
0.0221312046051,
0.0226380825043,
0.0260651111603,
0.0271670818329,
0.0273928642273,
0.0284848213196,
0.0270140171051,
0.0281310081482,
0.0291929244995,
0.0295238494873,
0.0242629051208,
0.024552822113,
0.0284538269043,
0.0287399291992,
0.0228719711304,
0.023992061615,
0.0234100818634,
0.0237061977386,
0.0321800708771,
0.0336830615997,
0.039981842041,
0.0409798622131,
0.0389709472656,
0.0397810935974,
0.0362830162048,
0.0372860431671,
0.0239231586456,
0.0247659683228,
0.0317921638489,
0.0324730873108,
0.0253479480743,
0.0260879993439,
0.0626490116119,
0.0633690357208,
0.0402939319611,
0.040874004364,
0.030336856842,
0.0308899879456,
0.0456540584564,
0.0460388660431,
0.0406892299652,
0.0414612293243,
0.0388870239258,
0.0392549037933,
0.0898270606995,
0.0908250808716,
0.0844869613647,
0.0853550434113,
0.0809779167175,
0.0820269584656,
0.146049976349,
0.146518945694,
0.0857458114624,
0.0860300064087,
0.0603430271149,
0.0606031417847,
0.0280690193176,
0.0283589363098,
0.0225920677185,
0.0228321552277,
0.0225489139557,
0.0228300094604,
0.0260968208313,
0.0264208316803,
0.0233149528503,
0.0236279964447,
0.0244269371033,
0.0247149467468,
0.0247459411621,
0.0251858234406,
0.0277819633484,
0.0280919075012,
0.0277540683746,
0.0280199050903,
0.0233330726624,
0.0235998630524,
0.0216391086578,
0.0220019817352,
0.0213859081268,
0.0216388702393,
0.0300209522247,
0.0305769443512,
0.025826215744,
0.0262920856476,
0.0239760875702,
0.024453163147,
0.0237879753113,
0.0242280960083,
0.0212500095367,
0.0215058326721,
0.0243680477142,
0.0246689319611,
0.0283529758453,
0.0287129878998,
0.0278589725494,
0.0285520553589,
0.0290858745575,
0.0292580127716,
0.0264768600464,
0.0267598628998,
0.0239770412445,
0.0242559909821,
0.022628068924,
0.023010969162,
0.0288589000702,
0.0291900634766,
0.025111913681,
0.0254080295563,
0.0256140232086,
0.0259010791779,
0.0259258747101,
0.0262379646301,
0.0280909538269,
0.0292909145355,
0.0258550643921,
0.0266931056976,
0.024759054184,
0.0250260829926,
0.0234429836273,
0.0237181186676,
0.0298981666565,
0.0307421684265,
0.0224211215973,
0.0226891040802,
0.027193069458,
0.0274090766907,
0.0231029987335,
0.0234010219574,
0.024964094162,
0.0261979103088,
0.0253801345825,
0.0269410610199,
0.0257709026337,
0.0269148349762,
0.0281188488007,
0.0295588970184,
0.0396599769592,
0.0399730205536,
0.0223441123962,
0.0226111412048,
0.0268321037292,
0.0271620750427,
0.024313211441,
0.0246231555939,
0.0289731025696,
0.0300261974335,
0.0214879512787,
0.0217609405518,
0.0254130363464,
0.0260899066925,
0.0255880355835,
0.0258581638336,
0.022469997406,
0.0227789878845,
0.0236260890961,
0.0242340564728,
0.0267610549927,
0.0271549224854,
0.0241129398346,
0.0250289440155,
0.0257589817047,
0.0267579555511,
0.0342478752136,
0.034640789032,
0.0213441848755,
0.0216071605682,
0.0263321399689,
0.0266120433807,
0.0219779014587,
0.0222499370575,
0.0302259922028,
0.0307891368866,
0.0266439914703,
0.0269520282745,
0.0225219726562,
0.0227799415588,
0.0228610038757,
0.0231552124023,
0.0253200531006,
0.0255889892578,
0.0245959758759,
0.0248429775238,
0.0270080566406,
0.0272700786591,
0.0225369930267,
0.0227618217468,
0.0238008499146,
0.0240788459778,
0.0269927978516,
0.0273048877716,
0.0217580795288,
0.0220201015472,
0.0238211154938,
0.0240879058838,
0.0258440971375,
0.0262680053711,
0.0228130817413,
0.023129940033,
0.0224478244781,
0.0228428840637,
0.0248129367828,
0.0252978801727,
0.0240240097046,
0.0242259502411,
0.0367851257324,
0.0372109413147,
0.027811050415,
0.0280871391296,
0.0270760059357,
0.0275061130524,
0.0855441093445,
0.0246980190277,
0.0492389202118,
0.0499470233917,
0.0313210487366,
0.0323810577393,
0.0822491645813,
0.0825800895691,
0.0859639644623,
0.0171179771423,
0.0514779090881,
0.0517919063568,
0.0400907993317,
0.0405418872833,
0.0945978164673,
0.00524711608887,
0.0492060184479,
0.0515658855438,
0.0255270004272,
0.026524066925,
0.0212922096252,
0.0216062068939,
0.0215840339661,
0.0218319892883,
0.0229330062866,
0.0231909751892,
0.0225360393524,
0.0227770805359,
0.0322849750519,
0.0332560539246,
0.0361630916595,
0.0365960597992,
0.0268170833588,
0.0276300907135,
0.0594940185547,
0.0605409145355,
0.0780930519104,
0.0243139266968,
0.0679700374603,
0.0683128833771,
0.0312888622284,
0.0316369533539,
0.0893800258636,
0.0231580734253,
0.0543580055237,
0.0551700592041,
0.0488438606262,
0.0498340129852,
0.0300328731537,
0.0307269096375,
0.0595200061798,
0.0607440471649,
0.0420029163361,
0.0426120758057,
0.136729955673,
0.138507843018,
0.106962919235,
0.107481002808,
0.0546028614044,
0.0552690029144,
0.0402770042419,
0.0414960384369,
0.108201026917,
0.108777999878,
0.0836389064789,
0.0842838287354,
0.0637431144714,
0.0646870136261,
0.130155086517,
0.0699038505554,
0.0947098731995,
0.0954899787903,
0.0697569847107,
0.0215549468994,
0.0479159355164,
0.048506975174,
0.0309188365936,
0.0322158336639,
0.029510974884,
0.0301828384399,
0.0330300331116,
0.0337991714478,
0.0203440189362,
0.0211310386658,
0.0414118766785,
0.0418128967285,
0.0302951335907,
0.0309009552002,
0.023097038269,
0.0233950614929,
0.0312330722809,
0.0322461128235,
0.0317192077637,
0.0320661067963,
0.039635181427,
0.0408470630646,
0.0215590000153,
0.0217959880829,
0.0320210456848,
0.0330259799957,
0.0288109779358,
0.0296487808228,
0.0284740924835,
0.0290310382843,
0.0239880084991,
0.0247828960419,
0.032998085022,
0.0338461399078,
0.0242791175842,
0.0251479148865,
0.0265510082245,
0.0274338722229,
0.0310719013214,
0.0319149494171,
0.0292961597443,
0.0299971103668,
0.0359919071198,
0.0373299121857,
0.0384519100189,
0.0391530990601,
0.0330018997192,
0.0345108509064,
0.0306868553162,
0.0319919586182,
0.0391499996185,
0.0401120185852,
0.0427439212799,
0.0436930656433,
0.0250360965729,
0.0259799957275,
0.0254189968109,
0.026517868042,
0.0235512256622,
0.0243301391602,
0.0222880840302,
0.0229380130768,
0.0237789154053,
0.0247220993042,
0.0231850147247,
0.0241000652313,
0.031809091568,
0.0322320461273,
0.0280508995056,
0.0284810066223,
0.0472049713135,
0.0486240386963,
0.0163059234619,
0.0165839195251,
0.0441579818726,
0.0460097789764,
0.024316072464,
0.0254409313202,
0.0228271484375,
0.0230729579926,
0.0275831222534,
0.0279860496521,
0.0292630195618,
0.0301821231842,
0.0240988731384,
0.024650812149,
0.0314681529999,
0.032341003418,
0.0377199649811,
0.0384271144867,
0.0247240066528,
0.0249781608582,
0.0425260066986,
0.0429840087891,
0.0445430278778,
0.044997215271,
0.0331039428711,
0.0344710350037,
0.0274469852448,
0.0287821292877,
0.0423099994659,
0.0446119308472,
0.03635597229,
0.0372757911682,
0.0246970653534,
0.0257360935211,
0.0266451835632,
0.0275402069092,
0.0772919654846,
0.0297000408173,
0.0536251068115,
0.00382709503174,
0.035206079483,
0.0363531112671,
0.0215470790863,
0.0227839946747,
0.0253658294678,
0.0264618396759,
0.0354979038239,
0.0357840061188,
0.0247049331665,
0.0251519680023,
0.0234811306,
0.0238041877747,
0.021418094635,
0.0216929912567,
0.0224590301514,
0.0228979587555,
0.0232739448547,
0.0241260528564,
0.0234069824219,
0.0244498252869,
0.0268590450287,
0.0281779766083,
0.0308949947357,
0.0324070453644,
0.0275228023529,
0.0277459621429,
0.0224740505219,
0.0227539539337,
0.0243330001831,
0.0245840549469,
0.0303518772125,
0.0308349132538,
0.042839050293,
0.0436811447144,
0.0256578922272,
0.0273590087891,
0.0148839950562,
0.0250911712646,
0.0249271392822,
0.0257570743561,
0.0260241031647,
0.0266361236572,
0.0222549438477,
0.0229179859161,
0.0344150066376,
0.0349490642548,
0.0342180728912,
0.0350098609924,
0.0244121551514,
0.0249271392822,
0.0301320552826,
0.0309760570526,
0.0284190177917,
0.0293049812317,
0.0346660614014,
0.0352790355682,
0.0145080089569,
0.0267219543457,
0.0242910385132,
0.0250101089478,
0.0351660251617,
0.0362968444824,
0.0253098011017,
0.0262289047241,
0.0297021865845,
0.0306611061096,
0.00948905944824,
0.00970315933228,
0.0216751098633,
0.0220279693604,
0.0275070667267,
0.0284018516541,
0.0230369567871,
0.0238299369812,
0.0246388912201,
0.0257589817047,
0.0253281593323,
0.0258140563965,
0.0271549224854,
0.02783203125,
0.0322620868683,
0.0329620838165,
0.0294859409332,
0.0302081108093,
0.0387229919434,
0.0391480922699,
0.0342381000519,
0.0367751121521,
0.0182781219482,
0.0387010574341,
0.0334091186523,
0.0346169471741,
0.060802936554,
0.0610508918762,
0.0312099456787,
0.031476020813,
0.0329542160034,
0.0339601039886,
0.0266149044037,
0.0269019603729,
0.0339839458466,
0.0343420505524,
0.0383429527283,
0.0386919975281,
0.0257449150085,
0.026850938797,
0.0459549427032,
0.0461890697479,
0.0378739833832,
0.0381319522858,
0.0341930389404,
0.034548997879,
0.0374989509583,
0.0381460189819,
0.0455842018127,
0.0459790229797,
0.0510849952698,
0.0512869358063,
0.0399661064148,
0.0403809547424,
0.0492899417877,
0.0499510765076,
0.0325658321381,
0.0335528850555,
0.0759558677673,
0.076308965683,
0.140274047852,
0.00861001014709,
0.061087846756,
0.0619208812714,
0.0466921329498,
0.047534942627,
0.0366961956024,
0.0375900268555,
0.0338900089264,
0.0350019931793,
0.0226509571075,
0.0389358997345,
0.0296440124512,
0.0299279689789,
0.0261199474335,
0.0266659259796,
0.0726900100708,
0.0730199813843,
0.0510120391846,
0.00199890136719,
0.0306580066681,
0.0308380126953,
0.0384161472321,
0.0395660400391,
0.0940148830414,
0.0349509716034,
0.0605530738831,
0.00193285942078,
0.0293378829956,
0.0301249027252,
0.0263781547546,
0.0271000862122,
0.02410197258,
0.0249199867249,
0.0351369380951,
0.0357511043549,
0.0191400051117,
0.0052490234375,
0.0388700962067,
0.0398709774017,
0.0237572193146,
0.0245079994202,
0.030200958252,
0.0309269428253,
0.028538942337,
0.028804063797,
0.0241131782532,
0.0244140625,
0.0322239398956,
0.03289103508,
0.0475270748138,
0.04847407341,
0.0437610149384,
0.0443589687347,
0.025575876236,
0.0267558097839,
0.0321359634399,
0.0334458351135,
0.0458438396454,
0.0465748310089,
0.0190379619598,
0.0199160575867,
0.0287997722626,
0.0301008224487,
0.0150370597839,
0.0155310630798,
0.0216109752655,
0.0223259925842,
0.0238699913025,
0.0246639251709,
0.0457909107208,
0.0461828708649,
0.0284700393677,
0.0287911891937,
0.0177621841431,
0.0180180072784,
0.0525100231171,
0.052906036377,
0.0244219303131,
0.0248129367828,
0.0277228355408,
0.0286509990692,
0.0231108665466,
0.0239219665527,
0.0235500335693,
0.0243549346924,
0.022716999054,
0.0230638980865,
0.0245900154114,
0.0258009433746,
0.022096157074,
0.0227210521698,
0.0236070156097,
0.0240030288696,
0.0253539085388,
0.0260639190674,
0.0216641426086,
0.0219299793243,
0.0503737926483,
0.0506927967072,
0.0