0.0278649330139
0.0281319618225
0.028354883194
0.0285758972168
0.0287981033325
0.0462648868561
0.0469319820404
0.0472099781036
0.0497319698334
0.0501689910889
0.0281481742859
0.0290701389313
0.0299229621887
0.0305650234222
0.0315310955048
0.0330989360809
0.0338449478149
0.0343050956726
0.0349409580231
0.035532951355
0.0375928878784
0.0390498638153
0.0404329299927
0.0420529842377
0.0435039997101
0.0454869270325
0.0461769104004
0.0468578338623
0.0478210449219
0.0488529205322
0.0259480476379
0.0261120796204
0.026270866394
0.0264248847961
0.0265798568726
0.0271289348602
0.0281400680542
0.0290701389313
0.0298600196838
0.0307281017303
0.0286328792572
0.0291168689728
0.0295879840851
0.0298409461975
0.0300378799438
0.026535987854
0.0271561145782
0.0277280807495
0.0282871723175
0.0288331508636
0.0385332107544
0.0388431549072
0.0391809940338
0.0394752025604
0.0397779941559
0.0278661251068
0.0282070636749
0.0286810398102
0.0290081501007
0.0297269821167
0.0316159725189
0.0319259166718
0.0321898460388
0.0324528217316
0.0327138900757
0.0400729179382
0.0402448177338
0.0403969287872
0.0405509471893
0.0407009124756
0.0271549224854
0.0273270606995
0.0274748802185
0.0276219844818
0.0277829170227
0.0289669036865
0.0292179584503
0.0294117927551
0.0295929908752
0.029777765274
0.0238099098206
0.0242249965668
0.0244510173798
0.0246410369873
0.0254340171814
0.0349640846252
0.0357868671417
0.0363759994507
0.0368978977203
0.0373849868774
0.0247600078583
0.0252590179443
0.0265698432922
0.0270810127258
0.0279250144958
0.0333700180054
0.0344159603119
0.0352520942688
0.0359179973602
0.0365059375763
0.0398590564728
0.0400779247284
0.0403318405151
0.0405359268188
0.040953874588
0.0271511077881
0.0273430347443
0.0274941921234
0.0276350975037
0.0277810096741
0.0270211696625
0.0272240638733
0.0273940563202
0.0275681018829
0.0277590751648
0.0358979701996
0.0360779762268
0.0362358093262
0.0363948345184
0.036554813385
0.0460770130157
0.046352148056
0.0466930866241
0.0469651222229
0.0472409725189
0.033224105835
0.0334861278534
0.0337371826172
0.0339770317078
0.0342221260071
0.0315320491791
0.0318388938904
0.032222032547
0.0326480865479
0.0330610275269
0.0269989967346
0.027321100235
0.0275099277496
0.0281190872192
0.0307319164276
0.0363149642944
0.0365390777588
0.0367469787598
0.0371539592743
0.037633895874
0.0328090190887
0.0330541133881
0.0335030555725
0.0342481136322
0.0350410938263
0.0259869098663
0.0278730392456
0.0290858745575
0.0300979614258
0.03071808815
0.0279369354248
0.0286169052124
0.0293118953705
0.0299708843231
0.0307409763336
0.0370419025421
0.0372259616852
0.0375940799713
0.0381870269775
0.0385529994965
0.0559868812561
0.0571129322052
0.0581698417664
0.0592029094696
0.0605199337006
0.0444490909576
0.0447599887848
0.0450279712677
0.0453209877014
0.0455939769745
0.0188210010529
0.0190098285675
0.0191948413849
0.0193769931793
0.0195529460907
0.0320138931274
0.0330989360809
0.0338909626007
0.0347099304199
0.0356349945068
0.0262889862061
0.0270199775696
0.0276439189911
0.0282809734344
0.0290060043335
0.0218908786774
0.0248668193817
0.0257489681244
0.0266828536987
0.0275299549103
0.0295639038086
0.0301370620728
0.0306849479675
0.031259059906
0.0317990779877
0.030158996582
0.0306911468506
0.0312221050262
0.0317361354828
0.0322461128235
0.0332090854645
0.0345160961151
0.0355169773102
0.0364429950714
0.0374031066895
0.0338170528412
0.0349581241608
0.0359590053558
0.0370631217957
0.0384230613708
0.0254249572754
0.0263531208038
0.0272090435028
0.028058052063
0.029002904892
0.0317258834839
0.0326199531555
0.0334029197693
0.0343239307404
0.0356109142303
0.0229399204254
0.0231750011444
0.0236110687256
0.024472951889
0.025514125824
0.0324308872223
0.0334548950195
0.0344219207764
0.0353240966797
0.0360069274902
0.028795003891
0.0294418334961
0.030091047287
0.0306880474091
0.0312278270721
0.0360279083252
0.0363259315491
0.0365810394287
0.0368390083313
0.0371119976044
0.0264859199524
0.0268490314484
0.027312040329
0.0278520584106
0.0282518863678
0.0259637832642
0.0266177654266
0.0273377895355
0.0281128883362
0.028883934021
0.0337181091309
0.0350439548492
0.0360720157623
0.0369861125946
0.0381920337677
0.0288970470428
0.0291011333466
0.0292811393738
0.029461145401
0.0296499729156
0.035756111145
0.035961151123
0.0361301898956
0.0363070964813
0.0367481708527
0.0230338573456
0.023236989975
0.0234270095825
0.0238649845123
0.0246729850769
0.0230898857117
0.0233008861542
0.0244529247284
0.0253179073334
0.026095867157
0.0276880264282
0.0281631946564
0.0285930633545
0.0290131568909
0.0294160842896
0.0410859584808
0.0418081283569
0.0425040721893
0.0432109832764
0.0440900325775
0.0336399078369
0.0348010063171
0.035502910614
0.0361709594727
0.0368618965149
0.0325620174408
0.0338129997253
0.0348918437958
0.035943031311
0.0369148254395
0.026134967804
0.0280618667603
0.0288329124451
0.0295197963715
0.0316689014435
0.02756690979
0.0285758972168
0.02952003479
0.0304970741272
0.0332870483398
0.0442028045654
0.0449979305267
0.0461189746857
0.0468058586121
0.0478658676147
0.0285830497742
0.0299210548401
0.0311620235443
0.0326039791107
0.0341439247131
0.0395958423615
0.0403888225555
0.0411508083344
0.0419108867645
0.042674779892
0.0233299732208
0.023558139801
0.0237610340118
0.0242331027985
0.025083065033
0.0197548866272
0.0205118656158
0.0215439796448
0.0225079059601
0.0234470367432
0.0254669189453
0.0256860256195
0.0258870124817
0.0260899066925
0.0262858867645
0.0283718109131
0.0292778015137
0.0305128097534
0.0314378738403
0.0325028896332
0.0264279842377
0.0272569656372
0.0280210971832
0.0287079811096
0.0295369625092
0.0269927978516
0.0277948379517
0.0285568237305
0.0293309688568
0.0304529666901
0.0240561962128
0.0242421627045
0.024405002594
0.0245621204376
0.0247211456299
0.0261380672455
0.0263559818268
0.0265421867371
0.0267200469971
0.02689909935
0.0215308666229
0.0217318534851
0.0219128131866
0.0220959186554
0.0224289894104
0.0250020027161
0.0252649784088
0.0256838798523
0.0259668827057
0.026214838028
0.0248961448669
0.0251581668854
0.0254352092743
0.0262610912323
0.026741027832
0.0314610004425
0.0316390991211
0.0318009853363
0.0321071147919
0.0322561264038
0.0269680023193
0.0272159576416
0.0279970169067
0.0292479991913
0.029550075531
0.0178549289703
0.0180549621582
0.0182359218597
0.0184259414673
0.0186078548431
0.032753944397
0.0329310894012
0.0330920219421
0.0332450866699
0.0334041118622
0.0247449874878
0.0257170200348
0.0266969203949
0.0277230739594
0.0288119316101
0.0290751457214
0.0294029712677
0.0299999713898
0.0307199954987
0.0315091609955
0.0282831192017
0.0288801193237
0.0292840003967
0.0297529697418
0.0303840637207
0.0278298854828
0.0284249782562
0.0289430618286
0.0292999744415
0.0297219753265
0.026486158371
0.0267241001129
0.0269160270691
0.0271050930023
0.0272951126099
0.0239200592041
0.0245199203491
0.0250871181488
0.0256550312042
0.0262191295624
0.0284860134125
0.0290558338165
0.0296058654785
0.0300509929657
0.0307238101959
0.0242428779602
0.0244238376617
0.0245888233185
0.0247478485107
0.0249078273773
0.0322117805481
0.0329329967499
0.0334329605103
0.0339548587799
0.0344789028168
0.0273160934448
0.0274910926819
0.0276460647583
0.0278038978577
0.0279779434204
0.0223100185394
0.0225129127502
0.0227000713348
0.0229148864746
0.0231029987335
0.0214331150055
0.021674156189
0.0221750736237
0.023059129715
0.0239000320435
0.0218908786774
0.0220987796783
0.022293806076
0.0227677822113
0.0235209465027
0.0179200172424
0.018816947937
0.0200369358063
0.0212090015411
0.0223679542542
0.0275990962982
0.0279021263123
0.028440952301
0.0288109779358
0.0292799472809
0.0299088954926
0.0301699638367
0.0304679870605
0.0308530330658
0.0310850143433
0.01735496521
0.0175628662109
0.0177597999573
0.0179588794708
0.0190119743347
0.0285520553589
0.0294771194458
0.0303809642792
0.0312690734863
0.0319919586182
0.0264151096344
0.0265960693359
0.0267510414124
0.0269091129303
0.027074098587
0.0280981063843
0.0283181667328
0.0287101268768
0.0292100906372
0.0294780731201
0.0265531539917
0.0267970561981
0.0270030498505
0.0272271633148
0.027440071106
0.0260789394379
0.0263130664825
0.0265278816223
0.0267338752747
0.0269548892975
0.0247960090637
0.0250298976898
0.0252468585968
0.0254738330841
0.0256938934326
0.0400018692017
0.040186882019
0.0403339862823
0.0404748916626
0.0406420230865
0.0225789546967
0.0228118896484
0.0230140686035
0.0232269763947
0.0236299037933
0.0257580280304
0.0259389877319
0.0261030197144
0.0262579917908
0.026417016983
0.0334489345551
0.0337669849396
0.0341598987579
0.0346579551697
0.0351469516754
0.0332791805267
0.0334529876709
0.0336101055145
0.0337710380554
0.0339300632477
0.0260620117188
0.0262439250946
0.0264019966125
0.0265588760376
0.0267078876495
0.0326509475708
0.0329608917236
0.0332498550415
0.0337769985199
0.0340259075165
0.0262479782104
0.0264799594879
0.0266890525818
0.0269210338593
0.0271549224854
0.0234680175781
0.0239372253418
0.024432182312
0.0248122215271
0.025074005127
0.0245921611786
0.0252230167389
0.025496006012
0.0257740020752
0.0260171890259
0.0332798957825
0.0338168144226
0.034600019455
0.0354228019714
0.0369307994843
0.0330159664154
0.0338518619537
0.0345940589905
0.0355539321899
0.036453962326
0.0329508781433
0.0340778827667
0.0350549221039
0.0364348888397
0.0372309684753
0.0285968780518
0.029088973999
0.0294060707092
0.0297319889069
0.0302419662476
0.0269157886505
0.0276827812195
0.0284259319305
0.0291738510132
0.0300920009613
0.0264070034027
0.0274260044098
0.0285539627075
0.0297238826752
0.0307378768921
0.0220630168915
0.0223410129547
0.022577047348
0.0228550434113
0.0232670307159
0.0256309509277
0.0264611244202
0.0273680686951
0.0279750823975
0.0284581184387
0.0294899940491
0.0302069187164
0.0308649539948
0.0313279628754
0.0318379402161
0.0247750282288
0.0253620147705
0.0256760120392
0.0261578559875
0.0265610218048
0.0265891551971
0.02698802948
0.0273749828339
0.0278761386871
0.0282101631165
0.0243129730225
0.0248460769653
0.0255320072174
0.0262269973755
0.0267150402069
0.0285861492157
0.0291261672974
0.0300190448761
0.0308170318604
0.0317890644073
0.0273129940033
0.0282399654388
0.0291061401367
0.0299551486969
0.031023979187
0.0218830108643
0.022087097168
0.0222840309143
0.0224771499634
0.0226759910583
0.0255990028381
0.025808095932
0.0260000228882
0.0264139175415
0.0273439884186
0.0260350704193
0.0262351036072
0.0264070034027
0.0265820026398
0.026759147644
0.0260710716248
0.0268251895905
0.0273571014404
0.0278520584106
0.0283532142639
0.0256028175354
0.0265209674835
0.0272719860077
0.0282919406891
0.0292029380798
0.0276479721069
0.0283951759338
0.0291211605072
0.0299320220947
0.0306510925293
0.0211489200592
0.0218498706818
0.0225028991699
0.023099899292
0.02365899086
0.0288369655609
0.0299379825592
0.0318830013275
0.0352919101715
0.0359578132629
0.0277941226959
0.0285241603851
0.0294330120087
0.0301470756531
0.0309209823608
0.0262320041656
0.0264089107513
0.0265800952911
0.0269470214844
0.0277609825134
0.0233719348907
0.0243668556213
0.0253658294678
0.0264558792114
0.0272929668427
0.029942035675
0.031261920929
0.0325019359589
0.0335040092468
0.034245967865
0.028156042099
0.0289189815521
0.0294878482819
0.0300309658051
0.030809879303
0.0328431129456
0.0344099998474
0.0355792045593
0.0366101264954
0.03773021698
0.0180780887604
0.0182778835297
0.0184710025787
0.0186619758606
0.0188579559326
0.0251460075378
0.0253729820251
0.0255808830261
0.0257790088654
0.0259790420532
0.028501033783
0.0287621021271
0.0289981365204
0.0292360782623
0.0294680595398
0.0285661220551
0.0291111469269
0.0296151638031
0.0301480293274
0.0306921005249
0.0283319950104
0.0292129516602
0.0298800468445
0.0304660797119
0.0310499668121
0.0265920162201
0.0271511077881
0.0277121067047
0.0282461643219
0.0287170410156
0.0268561840057
0.02765417099
0.0284180641174
0.0291919708252
0.0299451351166
0.0258660316467
0.0266869068146
0.0274820327759
0.0282621383667
0.0290520191193
0.0301640033722
0.0304000377655
0.0306000709534
0.031093120575
0.0320010185242
0.0216879844666
0.0220289230347
0.0222489833832
0.0228788852692
0.0236859321594
0.027284860611
0.0283658504486
0.0292768478394
0.0302929878235
0.0310869216919
0.0212030410767
0.0220279693604
0.0226230621338
0.0234079360962
0.0244119167328
0.0288469791412
0.0294198989868
0.0300939083099
0.0309879779816
0.0318529605865
0.0273079872131
0.0278689861298
0.0284550189972
0.0287239551544
0.029205083847
0.0311229228973
0.031553030014
0.0320010185242
0.0324370861053
0.0329101085663
0.0391221046448
0.0393950939178
0.0398881435394
0.040519952774
0.040892124176
0.0294609069824
0.0303509235382
0.0311770439148
0.031986951828
0.0328278541565
0.0291919708252
0.0302231311798
0.0312321186066
0.0321660041809
0.0331580638885
0.026153087616
0.0268330574036
0.0274591445923
0.0281031131744
0.028834104538
0.0370149612427
0.0372338294983
0.0374338626862
0.037654876709
0.0378968715668
0.0306830406189
0.0308749675751
0.0310459136963
0.0312159061432
0.0313799381256
0.0280389785767
0.0282490253448
0.028443813324
0.028636932373
0.0288219451904
0.0248081684113
0.0250470638275
0.0252540111542
0.0254549980164
0.0256612300873
0.0227270126343
0.0229499340057
0.0231449604034
0.0234348773956
0.0241470336914
0.0219309329987
0.0221331119537
0.0223340988159
0.0227601528168
0.0235569477081
0.0223219394684
0.022528886795
0.0227179527283
0.0229098796844
0.023099899292
0.032723903656
0.0329329967499
0.0331161022186
0.0333020687103
0.0336089134216
0.0299050807953
0.030669927597
0.0314509868622
0.0326008796692
0.0333120822906
0.0217640399933
0.0230460166931
0.0237939357758
0.0244109630585
0.0249719619751
0.0339391231537
0.0348320007324
0.035717010498
0.0365791320801
0.0378530025482
0.0268929004669
0.0274310112
0.0279488563538
0.0284428596497
0.028904914856
0.0284609794617
0.0289769172668
0.0294749736786
0.0302629470825
0.0308289527893
0.0247809886932
0.0256299972534
0.0263590812683
0.0269000530243
0.027272939682
0.0301721096039
0.0309870243073
0.0314540863037
0.0317859649658
0.0324831008911
0.0289349555969
0.0295441150665
0.0301480293274
0.0307331085205
0.0313181877136
0.0248899459839
0.0257451534271
0.0264480113983
0.027202129364
0.0280699729919
0.0318548679352
0.0324718952179
0.0330770015717
0.0336589813232
0.0342428684235
0.0274648666382
0.02845287323
0.0293428897858
0.0304169654846
0.0314159393311
0.0225491523743
0.0232880115509
0.0239300727844
0.0246851444244
0.0254740715027
0.0279710292816
0.0294890403748
0.0309171676636
0.0319590568542
0.0331511497498
0.0349960327148
0.0360569953918
0.0372340679169
0.0383350849152
0.0392229557037
0.0358228683472
0.036052942276
0.0362498760223
0.0367348194122
0.0376617908478
0.0320868492126
0.0327959060669
0.0335109233856
0.0342059135437
0.0347950458527
0.0219469070435
0.0226709842682
0.0234088897705
0.0241069793701
0.0248310565948
0.0244238376617
0.0253398418427
0.0261468887329
0.0268919467926
0.0277140140533
0.0284352302551
0.0286931991577
0.0289390087128
0.0291841030121
0.0294370651245
0.0258150100708
0.0261509418488
0.0265901088715
0.0270969867706
0.0278170108795
0.033567905426
0.0343329906464
0.0349171161652
0.0352969169617
0.0357930660248
0.030063867569
0.0302839279175
0.0304939746857
0.0306990146637
0.0308990478516
0.0256612300873
0.0258672237396
0.0260610580444
0.0262501239777
0.026437997818
0.024512052536
0.0247759819031
0.0249979496002
0.0252089500427
0.0254230499268
0.0324189662933
0.0332729816437
0.0340940952301
0.0349159240723
0.0357699394226
0.0275650024414
0.0280199050903
0.0284550189972
0.0286889076233
0.0288758277893
0.0265409946442
0.0267918109894
0.0270259380341
0.0272560119629
0.0274908542633
0.0297920703888
0.0300149917603
0.0302081108093
0.0306470394135
0.0316250324249
0.0273079872131
0.0282499790192
0.02894282341
0.0296468734741
0.0305650234222
0.0317471027374
0.0334730148315
0.0348870754242
0.0359380245209
0.0370719432831
0.0293719768524
0.0323979854584
0.0331258773804
0.0339338779449
0.034786939621
0.0242910385132
0.0252690315247
0.0261690616608
0.0272269248962
0.0288290977478
0.0313551425934
0.0321371555328
0.0331110954285
0.0339131355286
0.0346901416779
0.0179898738861
0.0338180065155
0.0346398353577
0.0355408191681
0.0363919734955
0.0252871513367
0.028214931488
0.0283739566803
0.0285229682922
0.0286700725555
0.0239539146423
0.0241508483887
0.0243320465088
0.0245099067688
0.02468085289
0.0275900363922
0.0278699398041
0.0281219482422
0.0283679962158
0.0286231040955
0.0327048301697
0.0339069366455
0.0350308418274
0.036248922348
0.0373258590698
0.0316441059113
0.0328121185303
0.0339460372925
0.0348150730133
0.0359389781952
0.0286090373993
0.028776884079
0.0289359092712
0.0290968418121
0.0292809009552
0.0282380580902
0.0284340381622
0.0286049842834
0.0287680625916
0.0289359092712
0.0301439762115
0.0308039188385
0.0315699577332
0.0322580337524
0.0329039096832
0.027715921402
0.028571844101
0.0293159484863
0.0299398899078
0.0306508541107
0.0368149280548
0.0377700328827
0.0386559963226
0.0395610332489
0.0406579971313
0.0276191234589
0.0277991294861
0.0280401706696
0.0282850265503
0.0285031795502
0.0210490226746
0.0212478637695
0.0214340686798
0.021614074707
0.0217890739441
0.0244221687317
0.0247349739075
0.0253491401672
0.0256521701813
0.0258271694183
0.0297019481659
0.0298879146576
0.0300478935242
0.0302178859711
0.0305998325348
0.0267069339752
0.0272018909454
0.0277090072632
0.028520822525
0.0293779373169
0.0275988578796
0.0283958911896
0.029275894165
0.0300278663635
0.030818939209
0.0343070030212
0.0349090099335
0.0355939865112
0.0363159179688
0.0369958877563
0.023618221283
0.0242321491241
0.0248761177063
0.0255060195923
0.0263960361481
0.0322489738464
0.0325179100037
0.0327708721161
0.0330090522766
0.0332629680634
0.0264971256256
0.0267629623413
0.0269820690155
0.0272171497345
0.0275540351868
0.0353820323944
0.036180973053
0.0365898609161
0.0372669696808
0.0379328727722
0.0281658172607
0.0283589363098
0.0285289287567
0.0286889076233
0.02885389328
0.0280849933624
0.0282680988312
0.0284249782562
0.0285849571228
0.0287511348724
0.0225710868835
0.0227901935577
0.0229730606079
0.0234150886536
0.0241930484772
0.0336620807648
0.0342500209808
0.0348770618439
0.0354430675507
0.0359981060028
0.0286779403687
0.0294389724731
0.0302629470825
0.0312919616699
0.0324609279633
0.0319390296936
0.0324828624725
0.0330219268799
0.0335328578949
0.0340368747711
0.0368158817291
0.0370168685913
0.0371918678284
0.0373659133911
0.0375380516052
0.0276370048523
0.0279200077057
0.0281698703766
0.0284149646759
0.0286679267883
0.0344479084015
0.0346739292145
0.0348749160767
0.0350699424744
0.0352630615234
0.0309720039368
0.0316681861877
0.0320670604706
0.0323970317841
0.0330600738525
0.0262448787689
0.0265598297119
0.026839017868
0.0273468494415
0.0279569625854
0.0254499912262
0.0257449150085
0.0259740352631
0.0262169837952
0.0265309810638
0.0295538902283
0.0302639007568
0.0311059951782
0.0316870212555
0.0323660373688
0.028048992157
0.0282189846039
0.0283710956573
0.0285310745239
0.0443360805511
0.0233759880066
0.0242040157318
0.0250709056854
0.0259499549866
0.0268399715424
0.0284662246704
0.0292541980743
0.0300760269165
0.0308260917664
0.0314161777496
0.0275220870972
0.0285670757294
0.0295701026917
0.0304980278015
0.0313601493835
0.0281250476837
0.0290369987488
0.0298960208893
0.0306401252747
0.0315799713135
0.0375020503998
0.0381760597229
0.0387370586395
0.0393171310425
0.0399131774902
0.0251688957214
0.025839805603
0.026428937912
0.027037858963
0.0275988578796
0.0283451080322
0.0293200016022
0.0312900543213
0.0320160388947
0.0328450202942
0.0242869853973
0.0251631736755
0.0261101722717
0.0270140171051
0.0279350280762
0.0339398384094
0.0346689224243
0.0353739261627
0.0367529392242
0.0377519130707
0.0313231945038
0.0324461460114
0.03355717659
0.0350110530853
0.0360131263733
0.0362160205841
0.0370311737061
0.0376491546631
0.0382010936737
0.0387570858002
0.0235021114349
0.0243179798126
0.0251080989838
0.0257921218872
0.026444196701
0.0290548801422
0.0297129154205
0.0303030014038
0.0309460163116
0.0315139293671
0.0309178829193
0.0318050384521
0.0329160690308
0.0339019298553
0.0348999500275
0.0304269790649
0.0306971073151
0.0309400558472
0.0311901569366
0.0314869880676
0.0216708183289
0.0219089984894
0.022118806839
0.0223288536072
0.0225470066071
0.0248429775238
0.0259637832642
0.0266239643097
0.02725481987
0.0280449390411
0.0325839519501
0.0336349010468
0.0344400405884
0.0353560447693
0.0361540317535
0.0227110385895
0.0229370594025
0.0231471061707
0.0233569145203
0.0235669612885
0.0219650268555
0.0221860408783
0.0223832130432
0.022577047348
0.0229530334473
0.0279819965363
0.0281600952148
0.0283169746399
0.0284729003906
0.0286290645599
0.0265848636627
0.0267639160156
0.0269260406494
0.0270838737488
0.0272390842438
0.0289850234985
0.0291631221771
0.029333114624
0.0296671390533
0.0298302173615
0.0298569202423
0.0300669670105
0.0302300453186
0.0303840637207
0.0305609703064
0.0357940196991
0.0369601249695
0.0380859375
0.0388951301575
0.0398910045624
0.0283479690552
0.0289180278778
0.02920794487
0.0296680927277
0.0299620628357
0.0396039485931
0.0404889583588
0.0413210391998
0.042151927948
0.043023109436
0.030749797821
0.0314009189606
0.0320539474487
0.032684803009
0.0333209037781
0.0302340984344
0.0310640335083
0.0317969322205
0.0324809551239
0.0334639549255
0.0295150279999
0.0306282043457
0.0318150520325
0.0329971313477
0.0342950820923
0.0319759845734
0.0329060554504
0.0338201522827
0.0347290039062
0.0357251167297
0.0269501209259
0.0278329849243
0.0285539627075
0.0292179584503
0.0299139022827
0.0302438735962
0.03040599823
0.0305559635162
0.0307040214539
0.0308508872986
0.0343949794769
0.0348761081696
0.0352189540863
0.0354859828949
0.0356769561768
0.0303618907928
0.0305509567261
0.0307128429413
0.0308709144592
0.0310258865356
0.0330889225006
0.0332977771759
0.0334899425507
0.0336818695068
0.0338628292084
0.0278899669647
0.0281090736389
0.0283041000366
0.0284900665283
0.0286800861359
0.0242121219635
0.0244460105896
0.0246520042419
0.024845123291
0.025043964386
0.0300099849701
0.0302209854126
0.0303981304169
0.0305960178375
0.0307831764221
0.0285329818726
0.0287239551544
0.0288920402527
0.0290629863739
0.0294380187988
0.0240938663483
0.0243330001831
0.0245540142059
0.0247688293457
0.0249829292297
0.0240740776062
0.0243248939514
0.0245549678802
0.0247838497162
0.0250060558319
0.0366170406342
0.0369839668274
0.0372669696808
0.0375790596008
0.0382239818573
0.0244579315186
0.0252020359039
0.0257668495178
0.0264029502869
0.0271008014679
0.0285129547119
0.0288760662079
0.0290749073029
0.0292520523071
0.0295729637146
0.0330858230591
0.0337388515472
0.0344409942627
0.0349957942963
0.0353519916534
0.0327079296112
0.033903837204
0.0348680019379
0.0362088680267
0.041836977005
0.0290498733521
0.0300948619843
0.0324258804321
0.0336039066315
0.0347468852997
0.0266230106354
0.027685880661
0.0284330844879
0.0290448665619
0.0297069549561
0.0385639667511
0.0387449264526
0.0388898849487
0.0390448570251
0.0392179489136
0.0326540470123
0.0331480503082
0.033401966095
0.0337710380554
0.034031867981
0.0280210971832
0.0284700393677
0.028911113739
0.0291950702667
0.0295531749725
0.0318179130554
0.0325529575348
0.0331828594208
0.0338709354401
0.0345230102539
0.0237910747528
0.0246641635895
0.0253431797028
0.0259339809418
0.027036190033
0.022833108902
0.0236721038818
0.0246040821075
0.0253760814667
0.0266931056976
0.0256409645081
0.0259990692139
0.026566028595
0.0274131298065
0.0283000469208
0.0307500362396
0.0314660072327
0.0322070121765
0.0335988998413
0.034255027771
0.026211977005
0.0269708633423
0.0274469852448
0.0279450416565
0.0286328792572
0.0221838951111
0.0228178501129
0.0234398841858
0.0240659713745
0.0246729850769
0.0285830497742
0.0291299819946
0.0296530723572
0.0301640033722
0.0308220386505
0.0321321487427
0.0330021381378
0.0336890220642
0.0343670845032
0.0350351333618
0.0305640697479
0.03160405159
0.0324900150299
0.0334889888763
0.0345170497894
0.0298550128937
0.030816078186
0.0316071510315
0.0324900150299
0.0335650444031
0.0277578830719
0.0291368961334
0.029942035675
0.0309200286865
0.0318939685822
0.0303699970245
0.0314960479736
0.0324490070343
0.0334320068359
0.0343160629272
0.0346789360046
0.0352900028229
0.0359220504761
0.036495923996
0.0371398925781
0.0300960540771
0.0309159755707
0.0317339897156
0.0323970317841
0.0332231521606
0.0326070785522
0.0335140228271
0.0341241359711
0.0348320007324
0.0355191230774
0.0347452163696
0.0353901386261
0.0361831188202
0.0369021892548
0.0376341342926
0.0406210422516
0.0408980846405
0.0411810874939
0.0418050289154
0.0428590774536
0.0199658870697
0.0202820301056
0.0207848548889
0.0210959911346
0.0213658809662
0.0272698402405
0.0274868011475
0.0276799201965
0.0278668403625
0.0280518531799
0.0226271152496
0.0228600502014
0.0231170654297
0.0235550403595
0.0241620540619
0.0368690490723
0.0374820232391
0.0380861759186
0.0387032032013
0.0393660068512
0.0245900154114
0.0252301692963
0.0258760452271
0.0264801979065
0.0270881652832
0.0360779762268
0.036780834198
0.0375289916992
0.0382549762726
0.0389258861542
0.0522689819336
0.0528650283813
0.0535061359406
0.0542089939117
0.0547881126404
0.0254418849945
0.0256190299988
0.0257768630981
0.0261380672455
0.0268530845642
0.0239038467407
0.0246648788452
0.0254039764404
0.0262379646301
0.0268368721008
0.0244278907776
0.0246419906616
0.0248379707336
0.0250339508057
0.0254340171814
0.024423122406
0.024631023407
0.0248410701752
0.025032043457
0.0252270698547
0.0308899879456
0.0311250686646
0.0313420295715
0.0315489768982
0.0317630767822
0.0220820903778
0.0223219394684
0.0225369930267
0.0227460861206
0.0231289863586
0.0213441848755
0.0216381549835
0.0218880176544
0.0220341682434
0.0221691131592
0.0367650985718
0.0370471477509
0.0372879505157
0.0375299453735
0.0378749370575
0.0332350730896
0.0333919525146
0.0336790084839
0.0338389873505
0.0339908599854
0.0238659381866
0.0241811275482
0.0244269371033
0.0246679782867
0.0251700878143
0.0274269580841
0.0276789665222
0.0281028747559
0.0283639431
0.0287477970123
0.0226678848267
0.0228590965271
0.0230190753937
0.0233860015869
0.0241229534149
0.030914068222
0.0316431522369
0.0322380065918
0.0328140258789
0.0334410667419
0.0261180400848
0.026792049408
0.0274610519409
0.028126001358
0.0287821292877
0.0251879692078
0.0253889560699
0.0255861282349
0.025787115097
0.0259749889374
0.0303018093109
0.0304918289185
0.0306558609009
0.03102684021
0.0317599773407
0.025505065918
0.0258421897888
0.0261151790619
0.0263700485229
0.026661157608
0.0325009822845
0.0328130722046
0.0333759784698
0.0339090824127
0.0344278812408
0.0280668735504
0.0284259319305
0.0289959907532
0.0295269489288
0.0300328731537
0.0256540775299
0.0265710353851
0.0277450084686
0.0289058685303
0.0299379825592
0.0405819416046
0.0415930747986
0.0425820350647
0.0436699390411
0.0442960262299
0.029755115509
0.0307939052582
0.0317640304565
0.0328269004822
0.033940076828
0.03093791008
0.0316848754883
0.0325050354004
0.0331389904022
0.0338881015778
0.0328421592712
0.0336010456085
0.0344140529633
0.0352320671082
0.0360050201416
0.0220441818237
0.0223581790924
0.022625207901
0.0228841304779
0.0231301784515
0.0219130516052
0.0221309661865
0.0223388671875
0.0225419998169
0.0236170291901
0.0252089500427
0.025398015976
0.0255749225616
0.0257420539856
0.0262250900269
0.0295670032501
0.0303640365601
0.0310699939728
0.0318269729614
0.0325300693512
0.02681183815
0.0270519256592
0.0272059440613
0.027361869812
0.0275299549103
0.0259389877319
0.0266919136047
0.0273759365082
0.0281500816345
0.0288000106812
0.0329949855804
0.0331721305847
0.0333449840546
0.0335409641266
0.0337340831757
0.0223350524902
0.0230631828308
0.0236542224884
0.024286031723
0.0249421596527
0.029983997345
0.0307869911194
0.0315430164337
0.0322480201721
0.0332059860229
0.0250148773193
0.0260148048401
0.0266168117523
0.0273208618164
0.0278749465942
0.0358629226685
0.0361440181732
0.0363190174103
0.0365180969238
0.0371460914612
0.0383191108704
0.0390989780426
0.0398600101471
0.0406150817871
0.0413820743561
0.0360550880432
0.0364000797272
0.0368301868439
0.0371341705322
0.0376191139221
0.0288779735565
0.0292279720306
0.029844045639
0.0305478572845
0.0312428474426
0.0174069404602
0.0176839828491
0.0179359912872
0.0181820392609
0.0186700820923
0.0221629142761
0.0223999023438
0.0226171016693
0.0228250026703
0.0230360031128
0.0296928882599
0.0299789905548
0.0302219390869
0.0304679870605
0.0307338237762
0.0253121852875
0.0255320072174
0.0257279872894
0.02592420578
0.0261800289154
0.0325229167938
0.0336329936981
0.0346648693085
0.035630941391
0.0368659496307
0.0210690498352
0.0220429897308
0.023041009903
0.023983001709
0.0248920917511
0.0411820411682
0.042228937149
0.043154001236
0.0441009998322
0.0449531078339
0.0317568778992
0.0323090553284
0.03302693367
0.0336999893188
0.0345170497894
0.0284080505371
0.0293788909912
0.0304918289185
0.0315809249878
0.0325548648834
0.033490896225
0.0347208976746
0.0356857776642
0.036691904068
0.037752866745
0.0316588878632
0.0326218605042
0.0333609580994
0.0342669487
0.0351059436798
0.0271110534668
0.0282320976257
0.02911901474
0.0302171707153
0.0312740802765
0.0322918891907
0.0334050655365
0.0344300270081
0.0354368686676
0.0363049507141
0.0367050170898
0.0368962287903
0.0370790958405
0.0372560024261
0.0374372005463
0.0264348983765
0.0266709327698
0.026871919632
0.0270628929138
0.027498960495
0.0252728462219
0.0261509418488
0.0263869762421
0.0267698764801
0.027193069458
0.0247459411621
0.0257461071014
0.0268979072571
0.0278720855713
0.0288610458374
0.0284948348999
0.0296468734741
0.0307278633118
0.0317659378052
0.0326368808746
0.0393288135529
0.0400588512421
0.0408198833466
0.0415070056915
0.0421109199524
0.0322480201721
0.0334129333496
0.0344710350037
0.0356500148773
0.0369250774384
0.0281789302826
0.0284550189972
0.0287089347839
0.0289778709412
0.0292580127716
0.025130033493
0.0258159637451
0.026762008667
0.0275411605835
0.0288770198822
0.0343627929688
0.0346298217773
0.0348699092865
0.0351150035858
0.0354177951813
0.0310988426208
0.0313189029694
0.0315129756927
0.0316979885101
0.0318830013275
0.0227961540222
0.023509979248
0.0242371559143
0.0254120826721
0.0264439582825
0.0274708271027
0.0281848907471
0.0287389755249
0.0293619632721
0.029956817627
0.0219428539276
0.0226550102234
0.0233697891235
0.0240299701691
0.0249378681183
0.0313971042633
0.0321640968323
0.0329880714417
0.0340740680695
0.0349881649017
0.0336630344391
0.0344750881195
0.0351269245148
0.0358119010925
0.0364871025085
0.0246460437775
0.0258281230927
0.0265331268311
0.0272409915924
0.0280001163483
0.028030872345
0.0289740562439
0.0298080444336
0.0305168628693
0.0314140319824
0.0293078422546
0.0298528671265
0.0304718017578
0.0310688018799
0.0317327976227
0.0187578201294
0.0196268558502
0.0209729671478
0.0218148231506
0.0225279331207
0.03125
0.0321440696716
0.032790184021
0.0334050655365
0.0342581272125
0.0305209159851
0.0314309597015
0.0324249267578
0.0334219932556
0.0345058441162
0.0287380218506
0.0294799804688
0.030289888382
0.0309689044952
0.0316069126129
0.0343148708344
0.0349850654602
0.0356249809265
0.0362448692322
0.0368680953979
0.0294511318207
0.0303390026093
0.0310020446777
0.0317649841309
0.0326950550079
0.0297701358795
0.0309851169586
0.0321950912476
0.0330770015717
0.0338311195374
0.0239288806915
0.0243220329285
0.0247240066528
0.025153875351
0.0253880023956
0.0312430858612
0.0314309597015
0.0316050052643
0.0317759513855
0.0319421291351
0.0266051292419
0.0267841815948
0.0269501209259
0.0271170139313
0.0273160934448
0.0382990837097
0.0388031005859
0.0392680168152
0.0397419929504
0.0402030944824
0.0220460891724
0.0231380462646
0.0243079662323
0.0252661705017
0.0262131690979
0.0291900634766
0.029482126236
0.0297892093658
0.0300869941711
0.0305349826813
0.0284910202026
0.028843164444
0.0291860103607
0.0295491218567
0.0299639701843
0.0242688655853
0.0255010128021
0.0264048576355
0.0274329185486
0.0283470153809
0.0326759815216
0.0336780548096
0.034677028656
0.0361251831055
0.0376119613647
0.0311908721924
0.0322818756104
0.0334248542786
0.0344388484955
0.0354869365692
0.0223767757416
0.0231177806854
0.0238928794861
0.0246798992157
0.0253889560699
0.0195119380951
0.0342810153961
0.0349299907684
0.035472869873
0.0357999801636
0.024906873703
0.0255780220032
0.0265789031982
0.0270938873291
0.0273950099945
0.0330250263214
0.0339841842651
0.0347321033478
0.0356240272522
0.0362820625305
0.0374610424042
0.0376651287079
0.0378561019897
0.0382950305939
0.0392420291901
0.0382628440857
0.0385208129883
0.0387649536133
0.0391979217529
0.0395288467407
0.0258569717407
0.0262751579285
0.0267629623413
0.027291059494
0.0279130935669
0.0244200229645
0.0246820449829
0.0249080657959
0.0251278877258
0.0253479480743
0.0335659980774
0.0341730117798
0.0347092151642
0.0352821350098
0.0358130931854
0.0294210910797
0.0303170681
0.0310690402985
0.0318560600281
0.0328810214996
0.0293569564819
0.0299799442291
0.0305769443512
0.0311639308929
0.0317568778992
0.0266759395599
0.0274569988251
0.0281960964203
0.0289199352264
0.0297410488129
0.0287089347839
0.0302629470825
0.0315339565277
0.0324699878693
0.0334658622742
0.0185220241547
0.0187590122223
0.018965959549
0.0191740989685
0.0193779468536
0.0207571983337
0.0211930274963
0.0221171379089
0.033625125885
0.0339140892029
0.0236840248108
0.023873090744
0.0240499973297
0.0242261886597
0.0245652198792
0.0273149013519
0.027489900589
0.0276529788971
0.027811050415
0.0279738903046
0.0234730243683
0.023796081543
0.0241339206696
0.024435043335
0.024738073349
0.0180878639221
0.0182950496674
0.0184750556946
0.0186538696289
0.0190398693085
0.0276319980621
0.027804851532
0.0279598236084
0.028119802475
0.0282769203186
0.0272431373596
0.028116941452
0.0288879871368
0.0294671058655
0.0300619602203
0.02485704422
0.0250589847565
0.0252468585968
0.0254259109497
0.0256090164185
0.0285711288452
0.0288200378418
0.0290379524231
0.0292780399323
0.0294930934906
0.0320601463318
0.0323219299316
0.0325539112091
0.03284907341
0.0331001281738
0.0238440036774
0.0250251293182
0.025808095932
0.0264661312103
0.027223110199
0.0297441482544
0.0303010940552
0.0317490100861
0.033655166626
0.0349371433258
0.0320110321045
0.0331330299377
0.0340869426727
0.0349938869476
0.0366039276123
0.0216920375824
0.0219159126282
0.0221269130707
0.0223309993744
0.022537946701
0.0208849906921
0.0211639404297
0.0214250087738
0.0216729640961
0.021919965744
0.0528228282928
0.0533399581909
0.0535669326782
0.0538458824158
0.0542919635773
0.03005194664
0.0306549072266
0.0311710834503
0.0317640304565
0.0322921276093
0.0308840274811
0.0312860012054
0.0319540500641
0.0326290130615
0.0332109928131
0.0216479301453
0.0218420028687
0.0220239162445
0.0222070217133
0.0223808288574
0.0250580310822
0.0258691310883
0.026927947998
0.0279529094696
0.0286071300507
0.0236611366272
0.0243391990662
0.0250151157379
0.026025056839
0.0266799926758
0.0319788455963
0.0325210094452
0.0330469608307
0.0335638523102
0.0342059135437
0.0218570232391
0.0224549770355
0.0230660438538
0.023647069931
0.0242309570312
0.0294439792633
0.0302948951721
0.0309748649597
0.031653881073
0.0323250293732
0.0281870365143
0.0283629894257
0.0285260677338
0.0286829471588
0.0289978981018
0.0311410427094
0.0464990139008
0.0471019744873
0.0474710464478
0.0483729839325
0.0222489833832
0.0228369235992
0.0237240791321
0.0245099067688
0.0253660678864
0.0178389549255
0.0193309783936
0.0200369358063
0.0207319259644
0.0214068889618
0.0250148773193
0.0258359909058
0.0265350341797
0.0275719165802
0.0282678604126
0.0291299819946
0.0298140048981
0.0304419994354
0.031051158905
0.031662940979
0.0262649059296
0.0264868736267
0.0266809463501
0.0268778800964
0.0270709991455
0.0257940292358
0.0259668827057
0.0261299610138
0.0264959335327
0.0272178649902
0.0297009944916
0.0309381484985
0.0319449901581
0.0329179763794
0.0338699817657
0.031721830368
0.0319268703461
0.0321278572083
0.0323178768158
0.0325109958649
0.0307610034943
0.0314989089966
0.0321660041809
0.0325319766998
0.0332980155945
0.0233881473541
0.0239081382751
0.0241351127625
0.0244791507721
0.024934053421
0.0239570140839
0.0241510868073
0.0243339538574
0.024523973465
0.0247001647949
0.0205318927765
0.0207669734955
0.0209898948669
0.0212090015411
0.0214269161224
0.0324819087982
0.0326988697052
0.0329170227051
0.0331089496613
0.0332908630371
0.0277829170227
0.0279710292816
0.0281360149384
0.0283460617065
0.028510093689
0.0394349098206
0.0397198200226
0.0399699211121
0.0402200222015
0.0404679775238
0.0276181697845
0.0282561779022
0.0288000106812
0.0293521881104
0.0298371315002
0.0347809791565
0.0350489616394
0.0353019237518
0.0355379581451
0.0357830524445
0.030121088028
0.0304520130157
0.031140089035
0.0318531990051
0.0326390266418
0.0330610275269
0.034353017807
0.0351231098175
0.0359270572662
0.0369861125946
0.0241799354553
0.0249450206757
0.0256810188293
0.0263929367065
0.0270700454712
0.027596950531
0.0287110805511
0.0297629833221
0.0309040546417
0.0318310260773
0.0292899608612
0.0303628444672
0.0313317775726
0.0325207710266
0.0336418151855
0.0283780097961
0.0290360450745
0.0297288894653
0.0301179885864
0.0304889678955
0.0220110416412
0.0224690437317
0.0231430530548
0.0235421657562
0.0241320133209
0.0262980461121
0.0265519618988
0.02672290802
0.0274348258972
0.0281128883362
0.032595872879
0.0327908992767
0.0329630374908
0.0331389904022
0.0333089828491
0.0283770561218
0.0285980701447
0.028795003891
0.0289919376373
0.0291850566864
0.023294210434
0.0234701633453
0.0236492156982
0.0238130092621
0.0239729881287
0.0228478908539
0.0231249332428
0.0233769416809
0.0236189365387
0.0239078998566
0.0301158428192
0.0303168296814
0.0304977893829
0.0306708812714
0.0309569835663
0.0218060016632
0.0219871997833
0.0221440792084
0.0223021507263
0.0224561691284
0.0237908363342
0.0240550041199
0.0242478847504
0.0244379043579
0.0248358249664
0.0305230617523
0.0307791233063
0.0310099124908
0.031378030777
0.0315721035004
0.0349569320679
0.035542011261
0.0359380245209
0.0363779067993
0.0367579460144
0.0237939357758
0.0244488716125
0.0249879360199
0.025582075119
0.0262539386749
0.0309908390045
0.0312929153442
0.0316429138184
0.0328059196472
0.033243894577
0.0290319919586
0.0294539928436
0.0299079418182
0.0303299427032
0.0307559967041
0.0318949222565
0.0320699214935
0.0322270393372
0.0323810577393
0.0325310230255
0.0243310928345
0.0249931812286
0.0255260467529
0.0261001586914
0.0266070365906
0.026046037674
0.0262269973755
0.026389837265
0.0265529155731
0.0267119407654
0.021763086319
0.0221118927002
0.0223269462585
0.0225389003754
0.0227520465851
0.0287780761719
0.029011964798
0.0291891098022
0.0293850898743
0.0295588970184
0.0270938873291
0.0281419754028
0.0290520191193
0.0297949314117
0.030571937561
0.0298690795898
0.0301260948181
0.0303690433502
0.030620098114
0.0308520793915
0.0330369472504
0.0332410335541
0.0334188938141
0.0335919857025
0.0337619781494
0.0314290523529
0.03165102005
0.0318460464478
0.0320339202881
0.0322270393372
0.0282120704651
0.0284440517426
0.0286500453949
0.0288500785828
0.0290532112122
0.0326659679413
0.0328431129456
0.0329999923706
0.0331611633301
0.0333201885223
0.027722120285
0.0279018878937
0.0280699729919
0.028235912323
0.0283989906311
0.0273661613464
0.0278141498566
0.0282020568848
0.0284340381622
0.0288410186768
0.0310759544373
0.0317809581757
0.0325129032135
0.0330290794373
0.0338518619537
0.0230548381805
0.0239329338074
0.0247049331665
0.0253620147705
0.026261806488
0.0446660518646
0.0459191799164
0.0471351146698
0.0481250286102
0.0492901802063
0.0289061069489
0.0297629833221
0.0303699970245
0.0309960842133
0.0316390991211
0.0347011089325
0.0356111526489
0.0363020896912
0.0370590686798
0.0378830432892
0.0277950763702
0.0285658836365
0.0291590690613
0.0298910140991
0.0305490493774
0.0351278781891
0.0357580184937
0.0362708568573
0.0367469787598
0.0372228622437
0.026487827301
0.0272898674011
0.0279369354248
0.0285539627075
0.0295519828796
0.028993844986
0.0302739143372
0.0313429832458
0.0323729515076
0.0335710048676
0.0257050991058
0.0268270969391
0.028028011322
0.0290439128876
0.029983997345
0.0264799594879
0.027195930481
0.0279188156128
0.0286219120026
0.0294280052185
0.0292720794678
0.0302300453186
0.0312211513519
0.0320670604706
0.0335121154785
0.0342111587524
0.0348210334778
0.0354120731354
0.0360720157623
0.0366570949554
0.0273439884186
0.0281908512115
0.0287928581238
0.0294938087463
0.0300509929657
0.0305931568146
0.0308599472046
0.0311090946198
0.0313749313354
0.0316071510315
0.0289340019226
0.0291609764099
0.0293569564819
0.0295560359955
0.0297498703003
0.0252749919891
0.0255031585693
0.025710105896
0.025908946991
0.0263011455536
0.0287210941315
0.0290260314941
0.0292959213257
0.0295519828796
0.0298199653625
0.0298109054565
0.0302760601044
0.0307250022888
0.0309510231018
0.0311799049377
0.0235571861267
0.0237860679626
0.0240061283112
0.0242121219635
0.0254940986633
0.026181936264
0.026389837265
0.026566028595
0.0267448425293
0.026927947998
0.0309419631958
0.0313830375671
0.0318050384521
0.0322070121765
0.032438993454
0.0267848968506
0.0273168087006
0.0278329849243
0.0284729003906
0.0290570259094
0.0337221622467
0.0344741344452
0.0350561141968
0.0356321334839
0.0359630584717
0.0290410518646
0.0297770500183
0.0304310321808
0.0312240123749
0.0321881771088
0.0248680114746
0.0280499458313
0.0289731025696
0.029648065567
0.0302269458771
0.0331830978394
0.0342061519623
0.0350999832153
0.0358891487122
0.036721944809
0.0169279575348
0.0178730487823
0.0188190937042
0.0196440219879
0.0205271244049
0.0145311355591
0.0152451992035
0.015928030014
0.0165390968323
0.0171082019806
0.0223479270935
0.0230920314789
0.0237920284271
0.0244519710541
0.0257079601288
0.0378279685974
0.0389568805695
0.0402348041534
0.0414638519287
0.0424897670746
0.0364308357239
0.03671002388
0.0369560718536
0.037202835083
0.037449836731
0.0197579860687
0.0199820995331
0.0201871395111
0.0203950405121
0.0205991268158
0.0314590930939
0.0316970348358
0.0319039821625
0.0324101448059
0.0333659648895
0.0230610370636
0.0238151550293
0.0246741771698
0.0254981517792
0.0264151096344
0.0232198238373
0.0240709781647
0.0248370170593
0.0258738994598
0.0269160270691
0.0257520675659
0.0267469882965
0.0277020931244
0.0286741256714
0.0299379825592
0.026104927063
0.0270750522614
0.0279779434204
0.02903008461
0.0301411151886
0.027195930481
0.0281839370728
0.0290129184723
0.0298399925232
0.0306208133698
0.023341178894
0.0240361690521
0.0247161388397
0.0253820419312
0.0309810638428
0.0289301872253
0.0297381877899
0.0302841663361
0.0308749675751
0.0314161777496
0.0275549888611
0.0277309417725
0.0278940200806
0.0280539989471
0.0282080173492
0.0353059768677
0.035973072052
0.0368480682373
0.0375308990479
0.0381979942322
0.029324054718
0.02960896492
0.0298678874969
0.0300998687744
0.0303719043732
0.0318698883057
0.0321490764618
0.0323929786682
0.0326390266418
0.0329098701477
0.0232529640198
0.0235419273376
0.0237939357758
0.024090051651
0.0243580341339
0.0348510742188
0.0351130962372
0.0353569984436
0.0355949401855
0.035854101181
0.0221319198608
0.0223500728607
0.0225419998169
0.0229840278625
0.0237619876862
0.0293290615082
0.0301761627197
0.030885219574
0.0316331386566
0.0326371192932
0.0261600017548
0.0264191627502
0.0265901088715
0.0267610549927
0.0269281864166
0.0285270214081
0.0287790298462
0.0290019512177
0.0292479991913
0.0296330451965
0.0243208408356
0.0249519348145
0.0259938240051
0.02698802948
0.0277028083801
0.0271551609039
0.0274891853333
0.0280251502991
0.0284790992737
0.0288572311401
0.0224709510803
0.0227720737457
0.0231051445007
0.0233900547028
0.0236780643463
0.0247027873993
0.0250868797302
0.0254728794098
0.0258369445801
0.0261969566345
0.0278630256653
0.028235912323
0.0289618968964
0.0307040214539
0.0320379734039
0.0297920703888
0.0307471752167
0.0321190357208
0.0330500602722
0.034656047821
0.0398178100586
0.0401158332825
0.0404360294342
0.0407638549805
0.0411658287048
0.027930021286
0.0283830165863
0.0288188457489
0.0292248725891
0.0295050144196
0.0305159091949
0.0308039188385
0.0311059951782
0.0313749313354
0.031790971756
0.0266568660736
0.0269930362701
0.0273280143738
0.0276570320129
0.0280039310455
0.0327479839325
0.0335659980774
0.0342679023743
0.0349688529968
0.0356669425964
0.0279080867767
0.0284070968628
0.0289599895477
0.0296580791473
0.0303480625153
0.0345139503479
0.0351810455322
0.0360050201416
0.0367939472198
0.037486076355
0.0270681381226
0.0282571315765
0.0293130874634
0.030335187912
0.0315251350403
0.0306379795074
0.0308451652527
0.0310280323029
0.0312080383301
0.0314180850983
0.0247669219971
0.0253410339355
0.0259940624237
0.0264320373535
0.0269470214844
0.0268130302429
0.0270659923553
0.0272898674011
0.0275049209595
0.0277299880981
0.0268609523773
0.0274720191956
0.0280508995056
0.0286738872528
0.029345035553
0.0249559879303
0.0256340503693
0.0259580612183
0.026447057724
0.0267679691315
0.0279479026794
0.0282979011536
0.0285818576813
0.0288269519806
0.0290548801422
0.0369961261749
0.0373160839081
0.0375881195068
0.0378911495209
0.0382280349731
0.0281021595001
0.0284371376038
0.0287661552429
0.0290861129761
0.0294210910797
0.0224368572235
0.0226359367371
0.0228178501129
0.0229959487915
0.0231699943542
0.0206849575043
0.0208938121796
0.0210897922516
0.0212788581848
0.0214879512787
0.0274419784546
0.0276229381561
0.0277848243713
0.0279428958893
0.02809882164
0.0291340351105
0.0293569564819
0.029550075531
0.0297651290894
0.0301401615143
0.0258300304413
0.0260169506073
0.026172876358
0.0263319015503
0.0264899730682
0.0282390117645
0.0284130573273
0.0285758972168
0.0287358760834
0.0288908481598
0.0264070034027
0.0266098976135
0.0267848968506
0.0269598960876
0.0272989273071
0.0237529277802
0.023983001709
0.0241839885712
0.0243728160858
0.0245668888092
0.0229351520538
0.0231511592865
0.0233500003815
0.0235431194305
0.0237619876862
0.0263979434967
0.026615858078
0.0268108844757
0.0270009040833
0.0271937847137
0.0301809310913
0.0303621292114
0.0305199623108
0.0306811332703
0.0308530330658
0.0271100997925
0.0273480415344
0.0275499820709
0.0277462005615
0.0279641151428
0.0243101119995
0.024521112442
0.0247030258179
0.0248870849609
0.025062084198
0.0254831314087
0.0257511138916
0.0260031223297
0.0262479782104
0.0264859199524
0.0244989395142
0.0247209072113
0.0249240398407
0.0251231193542
0.0253200531006
0.0302670001984
0.0305390357971
0.0307810306549
0.0310080051422
0.0312509536743
0.0264251232147
0.0270371437073
0.0275540351868
0.0280520915985
0.0285539627075
0.0268578529358
0.0270600318909
0.0272369384766
0.0274169445038
0.0275959968567
0.0247728824615
0.0249619483948
0.0251250267029
0.0252869129181
0.025444984436
0.0296080112457
0.0297918319702
0.029965877533
0.0301458835602
0.0303158760071
0.0239639282227
0.0241990089417
0.0244078636169
0.0246109962463
0.0248248577118
0.0347092151642
0.0355010032654
0.0363721847534
0.0371792316437
0.0379030704498
0.0265390872955
0.0275959968567
0.0284230709076
0.0295009613037
0.030622959137
0.0324330329895
0.0333168506622
0.0344269275665
0.0355188846588
0.0367789268494
0.0320770740509
0.0330219268799
0.0338230133057
0.0346810817719
0.035432100296
0.0146219730377
0.014897108078
0.0151419639587
0.0315330028534
0.0324048995972
0.0248889923096
0.0256550312042
0.0263910293579
0.0271189212799
0.0280900001526
0.0280079841614
0.0282900333405
0.0285558700562
0.028795003891
0.0290429592133
0.022125005722
0.0223729610443
0.022586107254
0.0227980613708
0.0230181217194
0.0213561058044
0.0215480327606
0.0217671394348
0.0219480991364
0.022115945816
0.0324351787567
0.0327119827271
0.0329651832581
0.0332090854645
0.0334780216217
0.0317170619965
0.0318949222565
0.0320639610291
0.0322239398956
0.0323860645294
0.0326929092407
0.0328798294067
0.0330398082733
0.0331919193268
0.0333478450775
0.0301699638367
0.0303740501404
0.0305469036102
0.0307159423828
0.0308859348297
0.0281429290771
0.0283260345459
0.0284841060638
0.0286600589752
0.0288360118866
0.0264871120453
0.0266649723053
0.0268211364746
0.0269780158997
0.0271289348602
0.0259099006653
0.0263030529022
0.026594877243
0.0271189212799
0.0276210308075
0.0286588668823
0.029492855072
0.0304198265076
0.0310978889465
0.0318357944489
0.0294761657715
0.0297150611877
0.0299170017242
0.0301361083984
0.0303511619568
0.0143029689789
0.0144760608673
0.0146369934082
0.0147969722748
0.0149519443512
0.0201420783997
0.0203211307526
0.0204820632935
0.0206360816956
0.0208020210266
0.0276770591736
0.0278809070587
0.0280618667603
0.0282340049744
0.0284109115601
0.0363461971283
0.0365650653839
0.0367550849915
0.0369400978088
0.0371220111847
0.0245869159698
0.0248718261719
0.0251398086548
0.0254108905792
0.026223897934
0.0263369083405
0.0265610218048
0.026771068573
0.0269730091095
0.0271739959717
0.0313289165497
0.0315070152283
0.0316708087921
0.0318319797516
0.031989812851
0.0322370529175
0.0324151515961
0.0325779914856
0.0327320098877
0.0330801010132
0.0293381214142
0.0296759605408
0.0298490524292
0.0302691459656
0.0309181213379
0.0217640399933
0.0226700305939
0.0237369537354
0.0245878696442
0.0255138874054
0.0316359996796
0.0398640632629
0.0413751602173
0.0446870326996
0.0474870204926
0.0280590057373
0.0295488834381
0.0302548408508
0.0308709144592
0.0314378738403
0.0315251350403
0.0317251682281
0.0318901538849
0.0320479869843
0.0322120189667
0.0467188358307
0.0469138622284
0.0470759868622
0.0474858283997
0.0482649803162
0.0254280567169
0.0262260437012
0.0272538661957
0.0279839038849
0.0287549495697
0.0244660377502
0.0247361660004
0.0249910354614
0.0252430438995
0.0258400440216
0.0203070640564
0.0210800170898
0.0216908454895
0.0223350524902
0.0229349136353
0.0335519313812
0.0344128608704
0.035101890564
0.0360658168793
0.0365788936615
0.028844833374
0.0293638706207
0.0295879840851
0.0301439762115
0.0310328006744
0.0403070449829
0.0408890247345
0.0417709350586
0.0428330898285
0.0438098907471
0.0284872055054
0.0286641120911
0.028822183609
0.0289781093597
0.0291512012482
0.0222301483154
0.0224540233612
0.0226631164551
0.0228679180145
0.0230741500854
0.0251951217651
0.0257520675659
0.0262410640717
0.0267491340637
0.0272190570831
0.0287580490112
0.0292501449585
0.0297629833221
0.0300350189209
0.0302941799164
0.028126001358
0.0287220478058
0.0294020175934
0.0302150249481
0.0308430194855
0.0246419906616
0.0252180099487
0.0260300636292
0.0267550945282
0.0272381305695
0.030590057373
0.0308079719543
0.0310060977936
0.0314650535583
0.0323040485382
0.0324070453644
0.0332138538361
0.0339829921722
0.0348980426788
0.0355620384216
0.0325901508331
0.03280210495
0.0332181453705
0.0342810153961
0.035392999649
0.0335059165955
0.0348150730133
0.0360929965973
0.0372400283813
0.0385150909424
0.0340700149536
0.0345640182495
0.0350370407104
0.0355169773102
0.0359909534454
0.0332758426666
0.0338180065155
0.0343008041382
0.0348038673401
0.0352749824524
0.0286250114441
0.0293431282043
0.0300669670105
0.0309638977051
0.0318961143494
0.027027130127
0.0272960662842
0.0275452136993
0.0278141498566
0.0280241966248
0.0288760662079
0.0290629863739
0.029226064682
0.0293879508972
0.0295441150665
0.0240659713745
0.0242569446564
0.0244219303131
0.0247240066528
0.0248918533325
0.0305178165436
0.0307359695435
0.0309247970581
0.0311160087585
0.031299829483
0.0222721099854
0.0225200653076
0.0227379798889
0.0232439041138
0.0245459079742
0.0212321281433
0.021742105484
0.0224561691284
0.023549079895
0.0242841243744
0.0369648933411
0.0375678539276
0.0383009910583
0.0391509532928
0.0398850440979
0.0323259830475
0.0330379009247
0.0337359905243
0.0342059135437
0.0351150035858
0.0285551548004
0.0293431282043
0.0299961566925
0.0306630134583
0.0313360691071
0.0245490074158
0.0253319740295
0.0261809825897
0.0271229743958
0.0278861522675
0.0319840908051
0.0330281257629
0.0339369773865
0.0350971221924
0.0358049869537
0.0286140441895
0.0293049812317
0.0303010940552
0.031378030777
0.0322649478912
0.0257549285889
0.0262298583984
0.0269148349762
0.0274269580841
0.0278120040894
0.0262749195099
0.0269360542297
0.0279178619385
0.0287759304047
0.029513835907
0.0294790267944
0.0300121307373
0.0306091308594
0.0311789512634
0.0315971374512
0.0273549556732
0.0275690555573
0.0277509689331
0.0279350280762
0.0281338691711
0.0289719104767
0.029189825058
0.0293848514557
0.0295498371124
0.029709815979
0.0299789905548
0.0301611423492
0.0303249359131
0.0304839611053
0.030641078949
0.0236451625824
0.0238749980927
0.0240890979767
0.0245859622955
0.0253250598907
0.0272679328918
0.0277318954468
0.0283050537109
0.0288779735565
0.0296368598938
0.025661945343
0.0258431434631
0.0260150432587
0.0261809825897
0.0263540744781
0.0281617641449
0.0283448696136
0.0285038948059
0.0286629199982
0.0288238525391
0.0356330871582
0.0359199047089
0.036169052124
0.036416053772
0.0368928909302
0.0219550132751
0.0221638679504
0.022481918335
0.0226819515228
0.0228650569916
0.0291428565979
0.0293920040131
0.0298938751221
0.030503988266
0.0310230255127
0.0177910327911
0.017993927002
0.0181858539581
0.0183699131012
0.0185580253601
0.0281159877777
0.0283379554749
0.0285279750824
0.0287089347839
0.0288939476013
0.022656917572
0.0228838920593
0.0230858325958
0.0232908725739
0.0234940052032
0.0228259563446
0.0230829715729
0.0232989788055
0.0235178470612
0.0237329006195
0.0264179706573
0.0266408920288
0.0268490314484
0.027067899704
0.0272738933563
0.0334100723267
0.03373503685
0.0340371131897
0.0346369743347
0.0353760719299
0.0153419971466
0.0159749984741
0.0165829658508
0.0171689987183
0.0177600383759
0.0274109840393
0.0279738903046
0.0285148620605
0.0290579795837
0.029611825943
0.0258538722992
0.0260558128357
0.0262138843536
0.0263719558716
0.0265448093414
0.0290729999542
0.0307078361511
0.0323009490967
0.0335600376129
0.0347168445587
0.0220711231232
0.0228860378265
0.0235340595245
0.0241620540619
0.0247960090637
0.0291531085968
0.0298080444336
0.0304710865021
0.0311081409454
0.0317361354828
0.0224430561066
0.0226559638977
0.022842168808
0.0230159759521
0.0231971740723
0.0289199352264
0.0292329788208
0.029501914978
0.029748916626
0.0300180912018
0.0306940078735
0.0309998989105
0.0313048362732
0.031555891037
0.0318288803101
0.0247220993042
0.0249540805817
0.0251569747925
0.0253591537476
0.0255579948425
0.024640083313
0.0253820419312
0.0260870456696
0.0267930030823
0.027489900589
0.0279109477997
0.0286099910736
0.0294349193573
0.0302259922028
0.0312149524689
0.0259940624237
0.0262041091919
0.0264000892639
0.0265939235687
0.0267810821533
0.0294830799103
0.0299611091614
0.0308520793915
0.0317142009735
0.0326862335205
0.0239069461823
0.0251171588898
0.0261340141296
0.027006149292
0.0278069972992
0.0367860794067
0.0369410514832
0.0370819568634
0.0372450351715
0.0374150276184
0.026664018631
0.0268621444702
0.0270230770111
0.0271790027618
0.0273399353027
0.0259442329407
0.0261471271515
0.0263311862946
0.0265090465546
0.0266861915588
0.0243599414825
0.0245690345764
0.024749994278
0.024924993515
0.0250978469849
0.0278000831604
0.0279910564423
0.0281569957733
0.0283179283142
0.0284841060638
0.0223531723022
0.0226030349731
0.022821187973
0.0230581760406
0.0232830047607
0.0334630012512
0.0336430072784
0.0338110923767
0.0342190265656
0.0344960689545
0.0267019271851
0.0268869400024
0.0270509719849
0.0272219181061
0.0274238586426
0.0190041065216
0.0194981098175
0.0199489593506
0.020369052887
0.020770072937
0.0214929580688
0.0220820903778
0.0225989818573
0.0228979587555
0.0231690406799
0.0170240402222
0.0179631710052
0.0189440250397
0.0197579860687
0.020327091217
0.0162601470947
0.01713514328
0.0179841518402
0.0189051628113
0.0197072029114
0.0268249511719
0.028137922287
0.0293979644775
0.0304460525513
0.0315089225769
0.0275709629059
0.0286967754364
0.0297908782959
0.0309128761292
0.0320098400116
0.0296099185944
0.0303399562836
0.0310719013214
0.0318620204926
0.0327730178833
0.0258820056915
0.026654958725
0.0273718833923
0.0280680656433
0.0289011001587
0.0286610126495
0.0297040939331
0.0307879447937
0.0318169593811
0.0330059528351
0.0365748405457
0.0375189781189
0.0383689403534
0.0391800403595
0.0399839878082
0.0314419269562
0.0326828956604
0.033725976944
0.0347979068756
0.0358798503876
0.0234360694885
0.0245771408081
0.0253031253815
0.0262200832367
0.0271320343018
0.0365169048309
0.0367488861084
0.0369639396667
0.037496805191
0.0383098125458
0.0321259498596
0.0328619480133
0.0334780216217
0.0341680049896
0.0348739624023
0.0211498737335
0.0222120285034
0.0230119228363
0.0238718986511
0.0246469974518
0.0234661102295
0.0245501995087
0.0252690315247
0.0259120464325
0.0265340805054
0.0270941257477
0.0282950401306
0.0293030738831
0.0302081108093
0.031121969223
0.0300290584564
0.0307788848877
0.0318200588226
0.0329399108887
0.0338580608368
0.032114982605
0.0324509143829
0.0328118801117
0.0337400436401
0.0344669818878
0.0277540683746
0.0279760360718
0.0281791687012
0.0283780097961
0.0285751819611
0.0233180522919
0.0235080718994
0.0236690044403
0.0238211154938
0.0239810943604
0.0343699455261
0.0345530509949
0.0347139835358
0.0350549221039
0.0358090400696
0.0262651443481
0.0264551639557
0.0266180038452
0.0269870758057
0.0276601314545
0.0215859413147
0.021800994873
0.0219960212708
0.0221920013428
0.022381067276
0.0367422103882
0.0369322299957
0.0371091365814
0.0372822284698
0.0374491214752
0.0330898761749
0.0338070392609
0.0345289707184
0.0349719524384
0.0356040000916
0.0242300033569
0.0244369506836
0.0246229171753
0.0248000621796
0.0249838829041
0.0231950283051
0.0234081745148
0.0236001014709
0.0240371227264
0.0248551368713
0.029853105545
0.0307509899139
0.0314090251923
0.0320870876312
0.0335519313812
0.0272510051727
0.0280010700226
0.0286729335785
0.0293428897858
0.0299820899963
0.0304799079895
0.0306639671326
0.0308358669281
0.0312240123749
0.031977891922
0.0299849510193
0.0310521125793
0.0322859287262
0.0334749221802
0.0348179340363
0.0390689373016
0.0399880409241
0.0410859584808
0.0421450138092
0.0432629585266
0.0380671024323
0.0397889614105
0.041393995285
0.0430278778076
0.0448200702667
0.0245230197906
0.0256979465485
0.0271530151367
0.0284798145294
0.0296859741211
0.0315101146698
0.0322999954224
0.0330331325531
0.033753156662
0.0344769954681
0.0261731147766
0.0264620780945
0.0267441272736
0.0269491672516
0.0273661613464
0.0269248485565
0.0276029109955
0.0281360149384
0.02845287323
0.0289158821106
0.0275111198425
0.0280790328979
0.0286769866943
0.0293400287628
0.0300722122192
0.0296738147736
0.0303189754486
0.0309689044952
0.0315818786621
0.0323128700256
0.0300269126892
0.0304849147797
0.0308318138123
0.0310339927673
0.0314478874207
0.0302410125732
0.0312008857727
0.0320568084717
0.0333199501038
0.0345299243927
0.0327961444855
0.0333390235901
0.0338780879974
0.0343661308289
0.0348360538483
0.0327808856964
0.033401966095
0.0341138839722
0.0348520278931
0.0355849266052
0.0225970745087
0.0229020118713
0.0231170654297
0.0233149528503
0.0235118865967
0.0304329395294
0.0306088924408
0.0307550430298
0.0309000015259
0.0312368869781
0.020003080368
0.0201900005341
0.0220341682434
0.0222201347351
0.022402048111
0.0290520191193
0.029237985611
0.0294120311737
0.0295820236206
0.0297439098358
0.0282008647919
0.0284328460693
0.0286529064178
0.0288648605347
0.0292580127716
0.0266418457031
0.0268869400024
0.0271039009094
0.0273129940033
0.0275259017944
0.0276670455933
0.0278580188751
0.0280230045319
0.0281829833984
0.0283420085907
0.0364718437195
0.0367698669434
0.0369489192963
0.0371658802032
0.0374929904938
0.0265791416168
0.0268659591675
0.0271389484406
0.027529001236
0.0279200077057
0.0194220542908
0.0228428840637
0.0230300426483
0.0231928825378
0.0234379768372
0.0235319137573
0.0237169265747
0.0238769054413
0.0240409374237
0.0241968631744
0.030002117157
0.0302140712738
0.03040599823
0.0305881500244
0.0307722091675
0.0211899280548
0.0214369297028
0.0216538906097
0.0218648910522
0.022068977356
0.0380010604858
0.0389201641083
0.0397250652313
0.0403680801392
0.041079044342
0.0241429805756
0.0247409343719
0.0253260135651
0.0258989334106
0.0264699459076
0.0366449356079
0.037929058075
0.0391619205475
0.0402109622955
0.0409350395203
0.0229289531708
0.0235290527344
0.0240421295166
0.0243179798126
0.0245270729065
0.0384178161621
0.0388629436493
0.0393300056458
0.0395708084106
0.039764881134
0.0292630195618
0.0298261642456
0.0301191806793
0.0303280353546
0.0315639972687
0.0241589546204
0.0244028568268
0.0246179103851
0.0248680114746
0.0253138542175
0.0297391414642
0.0300600528717
0.0304520130157
0.0307259559631
0.0311350822449
0.0364580154419
0.037045955658
0.0373640060425
0.0379450321198
0.0385539531708
0.0345690250397
0.0351021289825
0.0356020927429
0.0360469818115
0.0362939834595
0.0268380641937
0.0272250175476
0.027722120285
0.0282690525055
0.028687953949
0.0267159938812
0.0269510746002
0.0272290706635
0.0277030467987
0.027932882309
0.0278210639954
0.0282800197601
0.0285589694977
0.028785943985
0.0290250778198
0.0346238613129
0.0350708961487
0.0354969501495
0.0357229709625
0.0362119674683
0.028177022934
0.0283601284027
0.0285220146179
0.0286810398102
0.0288369655609
0.0209338665009
0.0211720466614
0.0213758945465
0.0215818881989
0.0217938423157
0.0275130271912
0.0277659893036
0.0279920101166
0.0282189846039
0.0284471511841
0.0361969470978
0.0377171039581
0.0385119915009
0.0392000675201
0.0399370193481
0.0303461551666
0.0307621955872
0.0311260223389
0.0314021110535
0.0319690704346
0.0247099399567
0.0250220298767
0.0252060890198
0.0254058837891
0.0256419181824
0.0296959877014
0.0299890041351
0.0303678512573
0.030779838562
0.0311679840088
0.0276758670807
0.0278718471527
0.0280768871307
0.0282728672028
0.0287089347839
0.0279970169067
0.0283091068268
0.0287289619446
0.0289509296417
0.0291619300842
0.0272941589355
0.0278911590576
0.0285701751709
0.0288851261139
0.0294461250305
0.0305449962616
0.0310258865356
0.0314159393311
0.0318689346313
0.0322918891907
0.0272138118744
0.027715921402
0.028128862381
0.0284888744354
0.0286779403687
0.028312921524
0.0291838645935
0.0299549102783
0.031308889389
0.0323338508606
0.0290968418121
0.0300028324127
0.030925989151
0.0318818092346
0.03302693367
0.0343618392944
0.0346868038177
0.035276889801
0.0359358787537
0.0365879535675
0.0428819656372
0.0433969497681
0.0440700054169
0.0447149276733
0.0454769134521
0.0249218940735
0.0254199504852
0.0262699127197
0.0271439552307
0.027941942215
0.0239298343658
0.0250279903412
0.026035785675
0.0270519256592
0.0279989242554
0.0244801044464
0.0257530212402
0.0272731781006
0.0284421443939
0.0296440124512
0.0337901115417
0.0351691246033
0.036502122879
0.0377731323242
0.0390470027924
0.0350389480591
0.036257982254
0.0373759269714
0.0384929180145
0.0395109653473
0.0293908119202
0.0306468009949
0.0317108631134
0.0327708721161
0.0339930057526
0.0309500694275
0.0316798686981
0.0322968959808
0.0331048965454
0.0340158939362
0.033271074295
0.0342609882355
0.0351581573486
0.0360560417175
0.0368320941925
0.0273449420929
0.0281250476837
0.0289888381958
0.02973985672
0.0305318832397
0.0267908573151
0.0372569561005
0.0377628803253
0.0383110046387
0.0388638973236
0.0325939655304
0.0332260131836
0.033802986145
0.034393787384
0.0350449085236
0.0323748588562
0.032989025116
0.0334939956665
0.0340240001678
0.0345828533173
0.0291512012482
0.0295341014862
0.0299670696259
0.0305180549622
0.031102180481
0.0268428325653
0.027706861496
0.0284399986267
0.0292367935181
0.0300939083099
0.0294468402863
0.0305018424988
0.0314869880676
0.0324330329895
0.0332670211792
0.0399370193481
0.0401589870453
0.0403439998627
0.0405309200287
0.0407500267029
0.0229859352112
0.0235857963562
0.0240869522095
0.0244688987732
0.0249300003052
0.0218300819397
0.0225260257721
0.0231549739838
0.0237839221954
0.0244119167328
0.0264060497284
0.0267081260681
0.0268850326538
0.0272281169891
0.0278861522675
0.0304400920868
0.031672000885
0.0325691699982
0.0333380699158
0.0341780185699
0.0283799171448
0.0289149284363
0.0297849178314
0.030702829361
0.0317409038544
0.0317480564117
0.0329580307007
0.0340070724487
0.0351469516754
0.0361111164093
0.0235781669617
0.0244159698486
0.0250241756439
0.0256900787354
0.0263121128082
0.0395729541779
0.0398509502411
0.0401029586792
0.04039311409
0.0408630371094
0.036495923996
0.036670923233
0.0368270874023
0.0369870662689
0.0371429920197
0.0243198871613
0.0245699882507
0.0248019695282
0.0250289440155
0.025249004364
0.0263929367065
0.0272238254547
0.0278778076172
0.0286929607391
0.0294318199158
0.0320379734039
0.0332040786743
0.0338110923767
0.0344569683075
0.0350410938263
0.0287611484528
0.0295879840851
0.0301761627197
0.0307631492615
0.031347990036
0.0357329845428
0.0358989238739
0.0360610485077
0.0362179279327
0.0363829135895
0.0274770259857
0.0276658535004
0.0278289318085
0.0279810428619
0.0283908843994
0.0250079631805
0.0255439281464
0.0259609222412
0.0266728401184
0.0271458625793
0.0324840545654
0.0329549312592
0.033234834671
0.0334839820862
0.0338900089264
0.0342531204224
0.0344910621643
0.0346941947937
0.0348992347717
0.0351040363312
0.0225231647491
0.0229840278625
0.0234141349792
0.0238270759583
0.0242071151733
0.025750875473
0.0260059833527
0.0261769294739
0.0265419483185
0.0271940231323
0.0222818851471
0.024808883667
0.0254600048065
0.0261280536652
0.026820898056
0.0322639942169
0.0332450866699
0.0342319011688
0.0350909233093
0.0360419750214
0.0284759998322
0.0292220115662
0.0298480987549
0.0304799079895
0.031140089035
0.0268168449402
0.027361869812
0.0279178619385
0.0284478664398
0.0290079116821
0.0336170196533
0.0341589450836
0.0346639156342
0.0351369380951
0.0356040000916
0.0283319950104
0.028568983078
0.0287730693817
0.029265165329
0.0304939746857
0.0360109806061
0.0364730358124
0.0369970798492
0.0374410152435
0.0378000736237
0.0325481891632
0.0331950187683
0.033655166626
0.0341091156006
0.0344271659851
0.0270099639893
0.0275390148163
0.0279760360718
0.0283060073853
0.0287668704987
0.0299921035767
0.030168056488
0.0303299427032
0.0304870605469
0.0306398868561
0.021614074707
0.0218110084534
0.0220150947571
0.0221960544586
0.0223679542542
0.0331649780273
0.0334229469299
0.0336599349976
0.0342149734497
0.0352709293365
0.0257091522217
0.0264580249786
0.0272669792175
0.027909040451
0.0286569595337
0.029000043869
0.0299191474915
0.0307490825653
0.0316271781921
0.0325560569763
0.0323278903961
0.0331320762634
0.0338039398193
0.0343589782715
0.0350790023804
0.031699180603
0.0323450565338
0.0330860614777
0.0338830947876
0.0345561504364
0.0287790298462
0.02956199646
0.0302700996399
0.030953168869
0.0316951274872
0.0276789665222
0.0281248092651
0.0290048122406
0.0295159816742
0.0306479930878
0.0309109687805
0.0319609642029
0.0328559875488
0.0336809158325
0.0344569683075
0.0256190299988
0.0261631011963
0.0268030166626
0.0274260044098
0.0281081199646
0.032564163208
0.0334560871124
0.0341789722443
0.0350360870361
0.0358810424805
0.0340209007263
0.0349409580231
0.0358309745789
0.0365469455719
0.0372478961945
0.0219779014587
0.0221750736237
0.0223870277405
0.0226058959961
0.0228040218353
0.0293970108032
0.0296728610992
0.0299139022827
0.0301458835602
0.030385017395
0.0263319015503
0.026538848877
0.0267159938812
0.0268869400024
0.0270609855652
0.0227408409119
0.0230159759521
0.0232548713684
0.023509979248
0.023756980896
0.0313827991486
0.0320529937744
0.032607793808
0.0331518650055
0.0335648059845
0.0294489860535
0.0305771827698
0.0312080383301
0.0322949886322
0.0331871509552
0.0380749702454
0.0382280349731
0.0383720397949
0.0385320186615
0.0386829376221
0.0224850177765
0.0227100849152
0.0229210853577
0.0231220722198
0.0233290195465
0.0284628868103
0.0289928913116
0.0294289588928
0.0300838947296
0.0306859016418
0.0252528190613
0.0258009433746
0.0263459682465
0.0268409252167
0.0274097919464
0.0247178077698
0.0252809524536
0.0258369445801
0.0263857841492
0.0269467830658
0.0237379074097
0.0242810249329
0.0247800350189
0.0252919197083
0.0257940292358
0.0147869586945
0.0153751373291
0.0158960819244
0.0163760185242
0.0168571472168
0.0225141048431
0.0233869552612
0.0241630077362
0.0250430107117
0.0261709690094
0.0252299308777
0.0255959033966
0.0264279842377
0.0278959274292
0.0295560359955
0.0357050895691
0.0359609127045
0.0362439155579
0.0365200042725
0.0367739200592
0.0268290042877
0.027881860733
0.0287668704987
0.0295808315277
0.0306739807129
0.0321500301361
0.032438993454
0.0332129001617
0.0346670150757
0.036239862442
0.0260388851166
0.027058839798
0.0282518863678
0.0291719436646
0.030308008194
0.0294871330261
0.0309190750122
0.0321741104126
0.0336940288544
0.0340890884399
0.032655954361
0.0341129302979
0.0349209308624
0.0360169410706
0.0369539260864
0.0294721126556
0.0304741859436
0.0316112041473
0.0327281951904
0.0337781906128
0.0330328941345
0.0340099334717
0.0349140167236
0.0352170467377
0.0361609458923
0.0337619781494
0.0349280834198
0.0359890460968
0.0373470783234
0.0384380817413
0.0279829502106
0.0290379524231
0.0300760269165
0.0310020446777
0.0320119857788
0.0290899276733
0.0301358699799
0.0310430526733
0.0319728851318
0.0329618453979
0.0397701263428
0.0410611629486
0.0421710014343
0.0432960987091
0.0441510677338
0.0345230102539
0.0357358455658
0.0368349552155
0.037859916687
0.0390768051147
0.0255389213562
0.0262749195099
0.026909828186
0.0276138782501
0.0282130241394
0.0346508026123
0.0357189178467
0.0366380214691
0.0375308990479
0.0382277965546
0.0297219753265
0.0306260585785
0.0312869548798
0.0320229530334
0.0328099727631
0.0288679599762
0.0296790599823
0.0303370952606
0.0311300754547
0.0321071147919
0.0308799743652
0.0315699577332
0.0322599411011
0.0329539775848
0.0336308479309
0.0307569503784
0.0314500331879
0.0319759845734
0.0324759483337
0.0330600738525
0.0341989994049
0.0348379611969
0.035197019577
0.0357840061188
0.0366530418396
0.0349838733673
0.0352540016174
0.0354979038239
0.0357389450073
0.0359880924225
0.0278158187866
0.0280809402466
0.0282688140869
0.0284368991852
0.0286028385162
0.0267028808594
0.0269269943237
0.0271399021149
0.0273439884186
0.0275700092316
0.0298318862915
0.030033826828
0.0302529335022
0.0304169654846
0.030604839325
0.0333230495453
0.0338869094849
0.0344331264496
0.0349419116974
0.0354409217834
0.0181341171265
0.0183260440826
0.0184919834137
0.018660068512
0.0188300609589
0.0304250717163
0.0309190750122
0.0313761234283
0.0316939353943
0.0320100784302
0.0290279388428
0.0295469760895
0.029767036438
0.0299971103668
0.0304369926453
0.0282018184662
0.0288989543915
0.0295548439026
0.0302999019623
0.0311779975891
0.0281629562378
0.0293469429016
0.0305590629578
0.0316290855408
0.0328619480133
0.0298278331757
0.0307409763336
0.0315778255463
0.0323469638824
0.0331130027771
0.0339720249176
0.0344779491425
0.0351650714874
0.0360071659088
0.0368611812592
0.0288782119751
0.0290451049805
0.0292141437531
0.0293741226196
0.0295341014862
0.0324730873108
0.0327310562134
0.0329720973969
0.0332090854645
0.0334689617157
0.0226919651031
0.022971868515
0.0232338905334
0.0233910083771
0.0235497951508
0.0303230285645
0.0305149555206
0.0306770801544
0.030837059021
0.0309920310974
0.0304408073425
0.0306348800659
0.0308139324188
0.0309858322144
0.031327009201
0.0287981033325
0.0290291309357
0.0292301177979
0.0294251441956
0.0296239852905
0.0279910564423
0.0282080173492
0.0283930301666
0.0285761356354
0.0287652015686
0.0257959365845
0.0270898342133
0.0279140472412
0.0288898944855
0.0307319164276
0.0285699367523
0.0287880897522
0.0290009975433
0.0292439460754
0.0298130512238
0.0192859172821
0.0201809406281
0.0208628177643
0.0214369297028
0.0218698978424
0.0220220088959
0.0224409103394
0.0231659412384
0.0235950946808
0.024209022522
0.0183348655701
0.0195808410645
0.0204339027405
0.0213060379028
0.0222239494324
0.0299060344696
0.0311560630798
0.032289981842
0.033322095871
0.0341498851776
0.0268821716309
0.0276870727539
0.0283291339874
0.0289039611816
0.0296859741211
0.0299971103668
0.0307281017303
0.0314970016479
0.0322980880737
0.0331320762634
0.0304548740387
0.0312659740448
0.0321710109711
0.0329530239105
0.0336148738861
0.0366458892822
0.0385649204254
0.0398330688477
0.0407650470734
0.0416789054871
0.0328569412231
0.0337309837341
0.0344939231873
0.0359039306641
0.0369689464569
0.0330221652985
0.0337340831757
0.0343790054321
0.0349850654602
0.0355792045593
0.0279870033264
0.0287239551544
0.0294699668884
0.0301129817963
0.0309908390045
0.0320711135864
0.0330080986023
0.0338389873505
0.0346331596375
0.0355291366577
0.0317680835724
0.0322852134705
0.032790184021
0.0332891941071
0.0339272022247
0.0257048606873
0.0259308815002
0.0261409282684
0.0263569355011
0.0265648365021
0.0245251655579
0.0248110294342
0.0259709358215
0.0274169445038
0.0288310050964
0.035905122757
0.0361239910126
0.0363121032715
0.036511182785
0.0368680953979
0.0199320316315
0.0202610492706
0.0205030441284
0.021497964859
0.0218160152435
0.0227611064911
0.0229799747467
0.0231790542603
0.0233690738678
0.0235621929169
0.0183458328247
0.0185577869415
0.0190978050232
0.0193099975586
0.0196897983551
0.0216188430786
0.0218358039856
0.0220348834991
0.0222318172455
0.0224277973175
0.0292279720306
0.0294170379639
0.0295839309692
0.02996301651
0.0305490493774
0.0284039974213
0.0292811393738
0.0299561023712
0.0307669639587
0.0314481258392
0.0229511260986
0.0236790180206
0.0244801044464
0.0251331329346
0.0259301662445
0.0327789783478
0.0330510139465
0.0332880020142
0.0335259437561
0.0337629318237
0.0245270729065
0.0247659683228
0.0249900817871
0.0252110958099
0.0254249572754
0.0239458084106
0.0241467952728
0.0243318080902
0.0247368812561
0.0251729488373
0.0243380069733
0.0246031284332
0.024836063385
0.0250589847565
0.0252940654755
0.0268909931183
0.0271091461182
0.0273239612579
0.0276579856873
0.0279700756073
0.0304319858551
0.0310740470886
0.0318479537964
0.0328550338745
0.0339279174805
0.0302250385284
0.0312068462372
0.0319459438324
0.0328118801117
0.0338368415833
0.0409610271454
0.0413610935211
0.0417490005493
0.0421509742737
0.0425369739532
0.0283000469208
0.0285909175873
0.0288829803467
0.0291669368744
0.0294480323792
0.0162370204926
0.0184230804443
0.019583940506
0.0197970867157
0.027909040451
0.0231070518494
0.0233020782471
0.0234770774841
0.0236461162567
0.0238189697266
0.0273640155792
0.0284609794617
0.0296540260315
0.0309870243073
0.0320649147034
0.0189678668976
0.0197758674622
0.0205988883972
0.0215039253235
0.0223588943481
0.0271260738373
0.028156042099
0.0290551185608
0.0298869609833
0.0308861732483
0.0189321041107
0.0197319984436
0.0203721523285
0.0210089683533
0.0216159820557
0.0339629650116
0.0349469184875
0.0359129905701
0.0373020172119
0.0380890369415
0.0244989395142
0.0252330303192
0.025899887085
0.0266258716583
0.0272128582001
0.0195300579071
0.0204658508301
0.0210869312286
0.0217220783234
0.0223670005798
0.0246531963348
0.0248241424561
0.0249791145325
0.0251371860504
0.0252890586853
0.0139939785004
0.0141701698303
0.0144419670105
0.0146400928497
0.0148010253906
0.0215320587158
0.0217289924622
0.0219020843506
0.0220811367035
0.0222539901733
0.0305078029633
0.0310189723969
0.031436920166
0.0316879749298
0.0320489406586
0.0285580158234
0.0293328762054
0.0300378799438
0.0307018756866
0.0315330028534
0.0338008403778
0.0348908901215
0.0356369018555
0.0363538265228
0.0371069908142
0.0328979492188
0.0330789089203
0.033243894577
0.0334289073944
0.0336768627167
0.0318150520325
0.0320761203766
0.0324740409851
0.0327100753784
0.0329551696777
0.0227999687195
0.023041009903
0.0232479572296
0.0234618186951
0.0236699581146
0.0246660709381
0.0249049663544
0.0251040458679
0.0253069400787
0.0255091190338
0.0269269943237
0.0278189182281
0.0285320281982
0.0291578769684
0.0299210548401
0.0271928310394
0.0276808738708
0.0279760360718
0.0285568237305
0.0291428565979
0.0290679931641
0.0292448997498
0.029415845871
0.0295829772949
0.0297498703003
0.023973941803
0.0247621536255
0.0255510807037
0.0261430740356
0.0267190933228
0.0332071781158
0.0341260433197
0.034835100174
0.0357630252838
0.0364151000977
0.0324578285217
0.0333108901978
0.0340759754181
0.0352590084076
0.0362718105316
0.0322208404541
0.0338339805603
0.0352408885956
0.0367708206177
0.0384788513184
0.0267741680145
0.0275371074677
0.0283250808716
0.0289402008057
0.0297222137451
0.0365710258484
0.0373871326447
0.0380280017853
0.0388791561127
0.0395610332489
0.0315899848938
0.0324149131775
0.0332069396973
0.0340800285339
0.0349128246307
0.0317459106445
0.0326819419861
0.0335071086884
0.0344700813293
0.0354390144348
0.0331509113312
0.033903837204
0.0346419811249
0.035267829895
0.035826921463
0.0279548168182
0.0281758308411
0.0286109447479
0.0290768146515
0.0294589996338
0.030543088913
0.030739068985
0.030914068222
0.031093120575
0.0312781333923
0.0280261039734
0.0282690525055
0.0284910202026
0.0287179946899
0.0289390087128
0.0260169506073
0.0262050628662
0.0263669490814
0.0265209674835
0.0267009735107
0.0285079479218
0.0289130210876
0.029767036438
0.0307478904724
0.0318460464478
0.0234379768372
0.0236659049988
0.0238709449768
0.0240828990936
0.0243048667908
0.0345840454102
0.0347640514374
0.0349221229553
0.0350790023804
0.0352339744568
0.0177729129791
0.0179419517517
0.0181019306183
0.0182590484619
0.0184121131897
0.0360450744629
0.0374710559845
0.0394520759583
0.040776014328
0.0422689914703
0.0357220172882
0.0360000133514
0.0362529754639
0.036553144455
0.0368139743805
0.0288450717926
0.0295081138611
0.0299501419067
0.0303151607513
0.0307240486145
0.0362379550934
0.0367798805237
0.0371108055115
0.0373458862305
0.0375728607178
0.0333650112152
0.0337340831757
0.0339889526367
0.0342569351196
0.0347859859467
0.0233428478241
0.0236599445343
0.024050951004
0.0242857933044
0.0246479511261
0.0285058021545
0.0291509628296
0.0297977924347
0.0304598808289
0.0310180187225
0.0239968299866
0.0248658657074
0.0255708694458
0.0263519287109
0.0272238254547
0.0298700332642
0.0310971736908
0.0321810245514
0.0331292152405
0.0342500209808
0.0390589237213
0.039361000061
0.0396490097046
0.0399570465088
0.0402429103851
0.0195219516754
0.0197150707245
0.0198850631714
0.0200600624084
0.020231962204
0.0219829082489
0.0221939086914
0.0223748683929
0.0225808620453
0.0227749347687
0.0255749225616
0.0259020328522
0.0261960029602
0.0268290042877
0.0276110172272
0.0360331535339
0.0365350246429
0.0369250774384
0.0373010635376
0.0379650592804
0.0285589694977
0.0294518470764
0.0302710533142
0.0310900211334
0.0323050022125
0.0320258140564
0.0322029590607
0.0323598384857
0.0325219631195
0.0326678752899
0.0265140533447
0.0266900062561
0.0268468856812
0.0269999504089
0.027153968811
0.0284788608551
0.0286738872528
0.0288507938385
