0.0276620388031
0.0279738903046
0.0244879722595
0.0247659683228
0.029009103775
0.0293040275574
0.0267388820648
0.027510881424
0.0252778530121
0.0255959033966
0.0227608680725
0.0230479240417
0.0261619091034
0.0263500213623
0.0233747959137
0.0240449905396
0.0250239372253
0.0256669521332
0.0485768318176
0.0488798618317
0.0420179367065
0.0424418449402
0.0242278575897
0.0255680084229
0.0603799819946
0.00433897972107
0.0444450378418
0.0455229282379
0.0260050296783
0.026862859726
0.0344891548157
0.0361671447754
0.0359909534454
0.0390169620514
0.0332198143005
0.0342888832092
0.0214469432831
0.0219159126282
0.0225870609283
0.0230228900909
0.0256488323212
0.026850938797
0.0280859470367
0.0287270545959
0.0264427661896
0.0274178981781
0.0235109329224
0.02423787117
0.0273911952972
0.0276939868927
0.0261681079865
0.0264670848846
0.0239250659943
0.0244011878967
0.0221610069275
0.0225877761841
0.0250480175018
0.0255870819092
0.0215380191803
0.0219678878784
0.0325260162354
0.0331091880798
0.020929813385
0.0214548110962
0.0227851867676
0.0232381820679
0.0230820178986
0.0235621929169
0.0236940383911
0.0241820812225
0.0275139808655
0.0279030799866
0.0228741168976
0.0233390331268
0.0280430316925
0.0283420085907
0.0282878875732
0.0285999774933
0.0138378143311
0.0266668796539
0.0279061794281
0.0284471511841
0.0304889678955
0.0314300060272
0.0276570320129
0.0291130542755
0.040552854538
0.0412838459015
0.0387299060822
0.0394849777222
0.0243120193481
0.0255441665649
0.0291731357574
0.0296430587769
0.0280508995056
0.029373884201
0.0246939659119
0.0258851051331
0.0257649421692
0.0277760028839
0.0299160480499
0.0314719676971
0.0119228363037
0.0304470062256
0.0282430648804
0.0292530059814
0.0308909416199
0.0327200889587
0.0393431186676
0.0403320789337
0.0291512012482
0.0302340984344
0.0273509025574
0.028333902359
0.0286960601807
0.0298879146576
0.0303580760956
0.0313739776611
0.0273048877716
0.0280730724335
0.0333108901978
0.0340430736542
0.0310888290405
0.0318038463593
0.0360960960388
0.0372200012207
0.026134967804
0.0264430046082
0.0279500484467
0.0282311439514
0.0252630710602
0.0255501270294
0.0256969928741
0.0259878635406
0.0337660312653
0.03422498703
0.0257999897003
0.0266799926758
0.0233638286591
0.0237150192261
0.0243639945984
0.0252041816711
0.0326640605927
0.0330998897552
0.0233759880066
0.0238230228424
0.0243701934814
0.0246520042419
0.0263419151306
0.0266399383545
0.0248749256134
0.02570104599
0.0324280261993
0.0327060222626
0.0216619968414
0.0219330787659
0.0237951278687
0.0242881774902
0.0333771705627
0.034175157547
0.0282421112061
0.0287129878998
0.0315549373627
0.0323660373688
0.0308570861816
0.0317621231079
0.0326609611511
0.033497095108
0.0355660915375
0.0361800193787
0.039783000946
0.0406019687653
0.0392241477966
0.0399839878082
0.0328860282898
0.0339398384094
0.0348839759827
0.0358498096466
0.0296070575714
0.0299661159515
0.0241250991821
0.0249540805817
0.0229270458221
0.0231919288635
0.0287568569183
0.030259847641
0.0251648426056
0.025454044342
0.0226950645447
0.022961139679
0.0226171016693
0.0229060649872
0.0238349437714
0.0241289138794
0.0242929458618
0.0250949859619
0.0261099338531
0.0263998508453
0.0248889923096
0.0266709327698
0.0231430530548
0.0240159034729
0.0245258808136
0.0255348682404
0.0256249904633
0.0268290042877
0.0302610397339
0.0311288833618
0.0243220329285
0.0251040458679
0.0218589305878
0.022754907608
0.0241169929504
0.0249390602112
0.0306701660156
0.030935049057
0.0277011394501
0.029196023941
0.0254139900208
0.0257539749146
0.0231761932373
0.0234529972076
0.0252630710602
0.0255360603333
0.0231289863586
0.0240640640259
0.0241570472717
0.0251140594482
0.0218529701233
0.0225701332092
0.0230009555817
0.0237009525299
0.0249328613281
0.0257349014282
0.0245559215546
0.0253629684448
0.0267009735107
0.0275068283081
0.0238101482391
0.0247399806976
0.0259280204773
0.0266449451447
0.0234279632568
0.0246081352234
0.0255889892578
0.0267050266266
0.0300400257111
0.0303239822388
0.0263109207153
0.0265998840332
0.0246889591217
0.0256130695343
0.0249078273773
0.0256288051605
0.0221199989319
0.0224859714508
0.0283961296082
0.0294561386108
0.0280139446259
0.0292179584503
0.0381150245667
0.0391538143158
0.0327429771423
0.0340530872345
0.0348088741302
0.0358879566193
0.0292949676514
0.0305199623108
0.0267109870911
0.0276298522949
0.0316948890686
0.0329248905182
0.0340490341187
0.0354940891266
0.0359292030334
0.0372381210327
0.0295670032501
0.0308229923248
0.0313940048218
0.0325219631195
0.0410289764404
0.0422141551971
0.032543182373
0.033655166626
0.0333399772644
0.0345668792725
0.0380990505219
0.0391249656677
0.0342969894409
0.0354120731354
0.037703037262
0.0389320850372
0.0281000137329
0.0292801856995
0.037593126297
0.0387501716614
0.0366442203522
0.0379371643066
0.0376510620117
0.0389778614044
0.0391318798065
0.0403130054474
0.0383269786835
0.0395979881287
0.0267729759216
0.0276880264282
0.0325949192047
0.0340139865875
0.0312750339508
0.0325248241425
0.0241651535034
0.0252821445465
0.0261511802673
0.0274860858917
0.0278351306915
0.02903008461
0.0305998325348
0.0320899486542
0.0385849475861
0.0399188995361
0.0377080440521
0.0391321182251
0.0355257987976
0.037211894989
0.0317821502686
0.0334551334381
0.0390439033508
0.0425319671631
0.0248348712921
0.0255899429321
0.0290148258209
0.0297558307648
0.0240609645844
0.0247180461884
0.0285310745239
0.0288269519806
0.0277318954468
0.0287418365479
0.0252289772034
0.0255761146545
0.0242290496826
0.024915933609
0.0257940292358
0.0266070365906
0.0312690734863
0.0316350460052
0.0283899307251
0.0286920070648
0.0235741138458
0.0247991085052
0.0282869338989
0.0285139083862
0.0214660167694
0.02175116539
0.0227370262146
0.022999048233
0.0255300998688
0.0258040428162
0.0229468345642
0.0240190029144
0.025722026825
0.0268330574036
0.0251181125641
0.025897026062
0.0328388214111
0.0341668128967
0.02889585495
0.0291938781738
0.022451877594
0.0227289199829
0.0227379798889
0.0232179164886
0.0364701747894
0.0382981300354
0.0224640369415
0.0234200954437
0.0282580852509
0.0293869972229
0.0378220081329
0.0388400554657
0.0364739894867
0.0369029045105
0.0306859016418
0.0315730571747
0.0302090644836
0.0310051441193
0.0246708393097
0.0256588459015
0.0328280925751
0.0349531173706
0.0278251171112
0.0286600589752
0.0320858955383
0.0327990055084
0.0256819725037
0.0265550613403
0.0305781364441
0.0313651561737
0.0290629863739
0.0300068855286
0.030287027359
0.0308799743652
0.0351231098175
0.0365591049194
0.0270698070526
0.0279819965363
0.0247550010681
0.0257849693298
0.0409979820251
0.0419969558716
0.0341758728027
0.0358519554138
0.0301370620728
0.0317211151123
0.0326719284058
0.0339751243591
0.0351490974426
0.0362379550934
0.0288531780243
0.0301470756531
0.0394809246063
0.0424149036407
0.0310029983521
0.0317099094391
0.0267632007599
0.0282371044159
0.0393848419189
0.0405609607697
0.0361008644104
0.0364120006561
0.013701915741
0.0140209197998
0.0272948741913
0.0274748802185
0.0327639579773
0.0330240726471
0.0306899547577
0.0309679508209
0.0284969806671
0.0287668704987
0.0345070362091
0.0348019599915
0.0282008647919
0.0284419059753
0.0304970741272
0.0307619571686
0.0345900058746
0.0348899364471
0.0325608253479
0.0328438282013
0.033185005188
0.0346539020538
0.0276019573212
0.0302469730377
0.0283839702606
0.0292739868164
0.023157119751
0.0241129398346
0.0290560722351
0.0297901630402
0.0250389575958
0.0258359909058
0.023973941803
0.0242278575897
0.0289430618286
0.0297169685364
0.0310561656952
0.0318591594696
0.023017168045
0.0241620540619
0.0292730331421
0.0303339958191
0.036022901535
0.0372650623322
0.0347380638123
0.0356230735779
0.037141084671
0.0382239818573
0.0401298999786
0.0407409667969
0.0396509170532
0.0407769680023
0.0241329669952
0.0244839191437
0.0253911018372
0.0257930755615
0.017392873764
0.0272438526154
0.0340988636017
0.0350668430328
0.030876159668
0.0312609672546
0.0325839519501
0.0334219932556
0.0246949195862
0.0252959728241
0.030632019043
0.0311281681061
0.0282099246979
0.0288429260254
0.0299770832062
0.0309200286865
0.0407660007477
0.0417020320892
0.0306158065796
0.0328719615936
0.0264639854431
0.0278949737549
0.0435440540314
0.0447900295258
0.0338199138641
0.0350089073181
0.0349299907684
0.0355508327484
0.0278429985046
0.0284280776978
0.0305399894714
0.0308351516724
0.0258400440216
0.0263781547546
0.0231230258942
0.0237140655518
0.0242650508881
0.0249531269073
0.0251529216766
0.0257470607758
0.0306730270386
0.0314338207245
0.0183579921722
0.0359530448914
0.0129449367523
0.0266108512878
0.0179579257965
0.0345430374146
0.0319759845734
0.0325269699097
0.0258309841156
0.0263018608093
0.0248029232025
0.0257349014282
0.0300009250641
0.0309498310089
0.0349068641663
0.0359039306641
0.0258347988129
0.0270869731903
0.0305459499359
0.0308380126953
0.0243980884552
0.0246841907501
0.0262091159821
0.026486158371
0.0231139659882
0.0234050750732
0.0249218940735
0.0252168178558
0.0234639644623
0.0237379074097
0.0237700939178
0.0245399475098
0.0243480205536
0.0256161689758
0.0244328975677
0.0255100727081
0.0251820087433
0.0263459682465
0.0259690284729
0.0272631645203
0.0256090164185
0.0272409915924
0.0256950855255
0.027125120163
0.0288281440735
0.0298161506653
0.0253520011902
0.0263559818268
0.028589963913
0.0297300815582
0.0358788967133
0.0368368625641
0.0252599716187
0.0265140533447
0.0124268531799
0.0130710601807
0.040629863739
0.0408787727356
0.0252919197083
0.025584936142
0.0279791355133
0.028265953064
0.0244679450989
0.0247950553894
0.0248651504517
0.0251450538635
0.0258531570435
0.0271229743958
0.0252199172974
0.0265169143677
0.0254089832306
0.026850938797
0.0287008285522
0.028972864151
0.0241968631744
0.0244579315186
0.0248000621796
0.0250890254974
0.0236690044403
0.0239470005035
0.0246961116791
0.0249559879303
0.0231010913849
0.0233769416809
0.0222520828247
0.0225491523743
0.0222759246826
0.023521900177
0.0304780006409
0.0317270755768
0.0237112045288
0.0250999927521
0.0285971164703
0.0296721458435
0.0294818878174
0.0298268795013
0.0235238075256
0.0255739688873
0.0304110050201
0.0317258834839
0.0278549194336
0.0291140079498
0.0294108390808
0.030699968338
0.0327980518341
0.0343949794769
0.025151014328
0.0262730121613
0.0278820991516
0.0291681289673
0.0330522060394
0.0369250774384
0.0376780033112
0.0388960838318
0.0251920223236
0.0267691612244
0.0229690074921
0.024120092392
0.0373449325562
0.0390379428864
0.030825138092
0.0320580005646
0.0283460617065
0.0295629501343
0.0356810092926
0.0375399589539
0.032331943512
0.0329430103302
0.0336401462555
0.0345511436462
0.0244998931885
0.0253200531006
0.03014087677
0.0309588909149
0.0346338748932
0.0354800224304
0.0298359394073
0.0306820869446
0.0227298736572
0.0234680175781
0.0235397815704
0.0241987705231
0.030916929245
0.0318470001221
0.0256791114807
0.0266160964966
0.0245690345764
0.0252408981323
0.0297119617462
0.0301070213318
0.0245568752289
0.028431892395
0.0367848873138
0.038017988205
0.0324130058289
0.0336458683014
0.0376980304718
0.0380561351776
0.0273268222809
0.0299029350281
0.0305449962616
0.0319559574127
0.0361180305481
0.0364120006561
0.0303289890289
0.0319328308105
0.0323519706726
0.0335299968719
0.0370290279388
0.0373039245605
0.0355651378632
0.036828994751
0.0286581516266
0.028911113739
0.0270211696625
0.0277271270752
0.0284080505371
0.0286800861359
0.0272119045258
0.0282258987427
0.027715921402
0.0279710292816
0.0293848514557
0.0296649932861
0.0360028743744
0.0368499755859
0.0301280021667
0.031054019928
0.0286090373993
0.0299160480499
0.0298941135406
0.031317949295
0.0277271270752
0.029000043869
0.0337791442871
0.0351500511169
0.0276889801025
0.0289180278778
0.0286409854889
0.0299570560455
0.0305390357971
0.0318830013275
0.028468132019
0.0297141075134
0.0341219902039
0.0353109836578
0.0274980068207
0.0286319255829
0.0334510803223
0.0346751213074
0.0274407863617
0.0285489559174
0.0385580062866
0.0405430793762
0.0318601131439
0.0334119796753
0.0379199981689
0.0393970012665
0.0388340950012
0.0399661064148
0.0380051136017
0.0390920639038
0.0319409370422
0.0333428382874
0.034453868866
0.0361299514771
0.0355849266052
0.0374310016632
0.0361268520355
0.0372869968414
0.0232701301575
0.024514913559
0.0319218635559
0.0326659679413
0.0234551429749
0.0237941741943
0.0234050750732
0.0241250991821
0.023983001709
0.0242891311646
0.023246049881
0.0236749649048
0.0368959903717
0.0376648902893
0.0372891426086
0.0381910800934
0.0246660709381
0.025750875473
0.0447170734406
0.0460739135742
0.0478699207306
0.0482158660889
0.0481760501862
0.0485150814056
0.030562877655
0.0308439731598
0.0278868675232
0.0281779766083
0.0872910022736
0.0875868797302
0.0790030956268
0.0792751312256
0.108477115631
0.108662128448
0.0731978416443
0.0734050273895
0.0718610286713
0.0720431804657
0.0611529350281
0.0615210533142
0.0293569564819
0.0295791625977
0.0311019420624
0.0318338871002
0.0328650474548
0.0337541103363
0.0836999416351
0.084007024765
0.0592970848083
0.0595541000366
0.0530638694763
0.00752711296082
0.0423319339752
0.0431740283966
0.0252130031586
0.0265350341797
0.0368938446045
0.0374188423157
0.0319781303406
0.0325310230255
0.0397307872772
0.0408577919006
0.0642290115356
0.0035879611969
0.0345249176025
0.035651922226
0.0267441272736
0.0279731750488
0.0304870605469
0.0317831039429
0.028440952301
0.0295679569244
0.0263168811798
0.0274980068207
0.030473947525
0.0317440032959
0.0247800350189
0.0254650115967
0.0247988700867
0.026407957077
0.0259430408478
0.0270841121674
0.0404231548309
0.040952205658
0.0305287837982
0.03084897995
0.018620967865
0.0188930034637
0.0573530197144
0.0575749874115
0.0473489761353
0.0477039813995
0.0268359184265
0.0270829200745
0.0448489189148
0.0458290576935
0.0295498371124
0.0298779010773
0.026221036911
0.0267329216003
0.0846230983734
0.00228595733643
0.0318880081177
0.0327060222626
0.0287270545959
0.0295121669769
0.0304961204529
0.031574010849
0.0462679862976
0.0472030639648
0.0428500175476
0.0432300567627
0.0421569347382
0.0435860157013
0.0285820960999
0.0297930240631
0.026398897171
0.0266380310059
0.0283050537109
0.028589963913
0.0249519348145
0.0252339839935
0.0231950283051
0.0245540142059
0.0218231678009
0.0222871303558
0.0257408618927
0.0259878635406
0.0281128883362
0.0288789272308
0.0267119407654
0.0281579494476
0.0277099609375
0.0280349254608
0.0201821327209
0.0357611179352
0.0327229499817
0.0329909324646
0.0489940643311
0.0492990016937
0.0286190509796
0.0289440155029
0.0485451221466
0.0489809513092
0.0532519817352
0.0536370277405
0.0322940349579
0.0325291156769
0.0284249782562
0.028657913208
0.0430059432983
0.0432839393616
0.0633289813995
0.0638208389282
0.0329511165619
0.0332179069519
0.0380780696869
0.0383620262146
0.0371251106262
0.0374209880829
0.0280160903931
0.0285229682922
0.0370461940765
0.0375170707703
0.0370261669159
0.0379321575165
0.0514290332794
0.0519499778748
0.0385630130768
0.0388069152832
0.0383849143982
0.038624048233
0.0364148616791
0.0367789268494
0.0358378887177
0.0371339321136
0.0363328456879
0.0376508235931
0.040424823761
0.0415439605713
0.0533640384674
0.00423622131348
0.0333180427551
0.0342631340027
0.0323989391327
0.0326678752899
0.0303251743317
0.0306429862976
0.0421710014343
0.0423610210419
0.0517361164093
0.00240302085876
0.0385329723358
0.0388989448547
0.050989151001
0.0016028881073
0.0288369655609
0.0291469097137
0.0380160808563
0.038535118103
0.0238189697266
0.0241198539734
0.0377340316772
0.038024187088
0.0230541229248
0.0234100818634
0.0233030319214
0.0239820480347
0.0274820327759
0.0288491249084
0.0322008132935
0.0335140228271
0.0408751964569
0.0411581993103
0.0315780639648
0.031909942627
0.0494239330292
0.0499198436737
0.032791852951
0.0330448150635
0.0414681434631
0.0417900085449
0.0279037952423
0.0283799171448
0.0381739139557
0.0384659767151
0.0344967842102
0.035297870636
0.0182840824127
0.0188920497894
0.0261800289154
0.0269138813019
0.0281980037689
0.0290439128876
0.0263869762421
0.0270929336548
0.0250771045685
0.0261161327362
0.0253648757935
0.025890827179
0.0312261581421
0.0322811603546
0.0233550071716
0.0242030620575
0.0248899459839
0.0258190631866
0.0297389030457
0.0307550430298
0.0795729160309
0.0247240066528
0.0500290393829
0.001629114151
0.0279800891876
0.0284399986267
0.0329039096832
0.0336699485779
0.0402228832245
0.0416209697723
0.0335249900818
0.0342979431152
0.0428230762482
0.0436041355133
0.0325391292572
0.0479810237885
0.0380580425262
0.0389039516449
0.0275499820709
0.028303861618
0.0355651378632
0.0361640453339
0.024139881134
0.0252070426941
0.0382421016693
0.0458199977875
0.0372381210327
0.0391840934753
0.0315430164337
0.0318598747253
0.0302140712738
0.0311329364777
0.0269470214844
0.0281438827515
0.02432513237
0.0252270698547
0.0208721160889
0.0366649627686
0.0141751766205
0.0272510051727
0.0178830623627
0.036689043045
0.0242240428925
0.0249578952789
0.0249328613281
0.0258090496063
0.0252242088318
0.0261340141296
0.0305480957031
0.0308611392975
0.0322480201721
0.0332889556885
0.0223908424377
0.0231819152832
0.0543601512909
0.0549700260162
0.0234408378601
0.0239870548248
0.0327038764954
0.0335459709167
0.0292150974274
0.0299911499023
0.0233030319214
0.0239770412445
0.0270688533783
0.0287189483643
0.0273540019989
0.0285398960114
0.0273959636688
0.0280859470367
0.0256938934326
0.0265839099884
0.0304970741272
0.0314390659332
0.0335981845856
0.0347611904144
0.0257110595703
0.0270969867706
0.0242011547089
0.0254440307617
0.0394389629364
0.0397169589996
0.0238380432129
0.0241348743439
0.0281810760498
0.0291800498962
0.0281279087067
0.0293688774109
0.0253119468689
0.0266070365906
0.0240280628204
0.0253729820251
0.0308151245117
0.0321199893951
0.0220448970795
0.0229859352112
0.0249488353729
0.0263688564301
0.0295338630676
0.0310578346252
0.0205109119415
0.0209658145905
0.030336856842
0.0308108329773
0.0321390628815
0.0327370166779
0.0268800258636
0.0285761356354
0.0243480205536
0.0261018276215
0.0375699996948
0.0421810150146
0.0392920970917
0.0416190624237
0.0471179485321
0.0487630367279
0.0622079372406
0.00544285774231
0.0246419906616
0.0512418746948
0.101014852524
0.102098941803
0.0590329170227
0.0598840713501
0.0395328998566
0.040116071701
0.0430550575256
0.0444729328156
0.0298810005188
0.0307290554047
0.0329351425171
0.0350520610809
0.0265288352966
0.0275590419769
0.0351920127869
0.0366909503937
0.022500038147
0.023286819458
0.0480241775513
0.0510761737823
0.0378220081329
0.0396418571472
0.0244810581207
0.0254068374634
0.033408164978
0.035914182663
0.0336427688599
0.0347027778625
0.0300800800323
0.0311632156372
0.0393469333649
0.0405950546265
0.024099111557
0.0248980522156
0.0376389026642
0.0385789871216
0.0227520465851
0.0236351490021
0.0272629261017
0.0283780097961
0.0305459499359
0.0314409732819
0.0258870124817
0.0276091098785
0.0395560264587
0.040559053421
0.0352320671082
0.0362050533295
0.0311889648438
0.0319318771362
0.0410559177399
0.0420689582825
0.0368127822876
0.0378839969635
0.033618927002
0.0345869064331
0.0285658836365
0.0300359725952
0.0267441272736
0.0281300544739
0.0232968330383
0.0248229503632
0.0248827934265
0.0259528160095
0.0372960567474
0.0387001037598
0.0206470489502
0.0222210884094
0.0300750732422
0.0309691429138
0.0394558906555
0.0401899814606
0.0409650802612
0.0419950485229
0.0257480144501
0.0269601345062
0.0272839069366
0.0282409191132
0.0408430099487
0.0425951480865
0.037250995636
0.038202047348
0.0222070217133
0.0243170261383
0.032644033432
0.034255027771
0.030622959137
0.0324728488922
0.038106918335
0.038596868515
0.0250589847565
0.0271680355072
0.0264630317688
0.0273778438568
0.0603179931641
0.0608839988708
0.0142240524292
0.0146341323853
0.0439550876617
0.0451810359955
0.0327308177948
0.0346148014069
0.0240149497986
0.0243940353394
0.0248739719391
0.0251228809357
0.0243291854858
0.0245909690857
0.0281250476837
0.0283918380737
0.0224349498749
0.0226969718933
0.0231609344482
0.0235869884491
0.0290770530701
0.0294060707092
0.0368988513947
0.0381350517273
0.0364980697632
0.0374281406403
0.0285549163818
0.0295069217682
0.0261459350586
0.0264039039612
0.0390660762787
0.0400450229645
0.0238111019135
0.024120092392
0.0422239303589
0.0428569316864
0.0234470367432
0.0242869853973
0.011638879776
0.0122330188751
0.0347988605499
0.0358169078827
0.0299098491669
0.030455827713
0.0293531417847
0.029678106308
0.024111032486
0.025101184845
0.0259010791779
0.0269529819489
0.0237860679626
0.0249950885773
0.0254080295563
0.0265870094299
0.0292229652405
0.0304939746857
0.0266580581665
0.0273699760437
0.0286221504211
0.0289151668549
0.0244917869568
0.0253648757935
0.023549079895
0.0250492095947
0.0232520103455
0.0245220661163
0.0227680206299
0.0230729579926
0.024943113327
0.0322170257568
0.0260269641876
0.0262908935547
0.02716588974
0.0274348258972
0.0249290466309
0.0262269973755
0.0228710174561
0.024080991745
0.0282490253448
0.0295841693878
0.0227978229523
0.0240819454193
0.0228979587555
0.0240819454193
0.0258700847626
0.0271089076996
0.0239250659943
0.0251071453094
0.0266008377075
0.0279378890991
0.0295810699463
0.0298528671265
0.0226409435272
0.0229368209839
0.0224370956421
0.0227560997009
0.023185968399
0.0235118865967
0.0337579250336
0.0354418754578
0.0224659442902
0.0226540565491
0.0228509902954
0.0241770744324
0.0239560604095
0.0252480506897
0.0251619815826
0.0262470245361
0.0235328674316
0.0246248245239
0.0252890586853
0.026643037796
0.0259461402893
0.0271010398865
0.0370860099792
0.0384111404419
0.0233550071716
0.0246789455414
0.0262749195099
0.0275700092316
0.02689909935
0.0271799564362
0.0229239463806
0.0234289169312
0.024521112442
0.025199174881
0.0236539840698
0.0247039794922
0.0233380794525
0.0245840549469
0.0296368598938
0.0310549736023
0.0243549346924
0.0256209373474
0.0231699943542
0.0243968963623
0.0268459320068
0.0280358791351
0.0334539413452
0.0337319374084
0.0223779678345
0.0226550102234
0.025297164917
0.025740146637
0.0250108242035
0.0252909660339
0.022598028183
0.0228371620178
0.0238928794861
0.0241420269012
0.023787021637
0.0241169929504
0.0230059623718
0.023323059082
0.0253450870514
0.0257160663605
0.028501033783
0.0287780761719
0.0223379135132
0.0234830379486
0.0249509811401
0.0257279872894
0.0232508182526
0.0235199928284
0.02973985672
0.0310478210449
0.0241968631744
0.0245718955994
0.0244917869568
0.025171995163
0.0238089561462
0.0246951580048
0.0262289047241
0.0274679660797
0.0255599021912
0.027058839798
0.0229151248932
0.0241420269012
0.0306310653687
0.0309240818024
0.02645611763
0.0267810821533
0.0226581096649
0.022912979126
0.0282008647919
0.0284740924835
0.0247600078583
0.0250089168549
0.0221171379089
0.0224299430847
0.0236170291901
0.0239009857178
0.0249750614166
0.0252571105957
0.0222790241241
0.022567987442
0.0231449604034
0.0242900848389
0.02303814888
0.0238039493561
0.0230948925018
0.0235118865967
0.0246000289917
0.0250389575958
0.0220119953156
0.022481918335
0.0278451442719
0.0282990932465
0.0370738506317
0.037556886673
0.0303778648376
0.0309278964996
0.0350308418274
0.0354869365692
0.0359301567078
0.0365030765533
0.0356929302216
0.0360910892487
0.0295097827911
0.0300478935242
0.0785040855408
0.0165350437164
0.034961938858
0.00239706039429
0.0395469665527
0.0411760807037
0.0274660587311
0.0278689861298
0.0133302211761
0.0137259960175
0.0404970645905
0.0433809757233
0.0299608707428
0.0307309627533
0.0685091018677
0.0700211524963
0.114792108536
0.115530014038
0.104120016098
0.104882001877
0.0859229564667
0.0868909358978
0.0626759529114
0.001051902771
0.0244901180267
0.0252799987793
0.0263531208038
0.0273590087891
0.016804933548
0.0287358760834
0.0269381999969
0.0278770923615
0.0260000228882
0.0268750190735
0.0257802009583
0.026792049408
0.0304231643677
0.0315351486206
0.0146908760071
0.0315139293671
0.0224859714508
0.023512840271
0.0268609523773
0.0275468826294
0.0267629623413
0.02769780159
0.0133690834045
0.0276801586151
0.0359461307526
0.0376491546631
0.0233011245728
0.0248260498047
0.0150239467621
0.0309541225433
0.0311839580536
0.0324788093567
0.0318989753723
0.0331189632416
0.0226399898529
0.0240030288696
0.0317869186401
0.0321099758148
0.0234391689301
0.0247371196747
0.0294330120087
0.0305950641632
0.0252990722656
0.0255498886108
0.0227229595184
0.0229940414429
0.0221021175385
0.0225350856781
0.0220849514008
0.0228290557861
0.0248098373413
0.0258569717407
0.0238168239594
0.0249218940735
0.0240039825439
0.0248630046844
0.0260860919952
0.0267899036407
0.0305600166321
0.0315101146698
0.0225851535797
0.0239670276642
0.0271708965302
0.0280969142914
0.0242807865143
0.025563955307
0.0367121696472
0.0373251438141
0.0267839431763
0.0274510383606
0.0240199565887
0.0247271060944
0.0217890739441
0.0223660469055
0.0446419715881
0.0453810691833
0.0373558998108
0.0385000705719
0.0303120613098
0.0311281681061
0.0410289764404
0.0416040420532
0.0324559211731
0.0379800796509
0.0286250114441
0.0295081138611
0.0243260860443
0.0249772071838
0.0233709812164
0.0242779254913
0.0233459472656
0.0239870548248
0.0322639942169
0.0331380367279
0.0302741527557
0.0311830043793
0.0303170681
0.0310940742493
0.0303840637207
0.0312938690186
0.039067029953
0.0398681163788
0.0332391262054
0.0344679355621
0.0308399200439
0.0317690372467
0.0374670028687
0.038519859314
0.0332770347595
0.034087896347
0.02738904953
0.0285720825195
0.0389530658722
0.0398330688477
0.0306870937347
0.0316381454468
0.0381898880005
0.0395638942719
0.0158851146698
0.0161530971527
0.012748003006
0.0129179954529
0.0143549442291
0.014575958252
0.0202550888062
0.0205430984497
0.0162930488586
0.0165660381317
0.0138659477234
0.0140368938446
0.0209729671478
0.0212738513947
0.0136489868164
0.0160789489746
0.0140111446381
0.014456987381
0.012542963028
0.0128509998322
0.0186760425568
0.0191659927368
0.0269150733948
0.0282561779022
0.0215990543365
0.0225958824158
0.0271179676056
0.0280649662018
0.0322179794312
0.0335121154785
0.0125441551208
0.0130860805511
0.0273399353027
0.0287148952484
0.0274510383606
0.0278878211975
0.0293591022491
0.0308120250702
0.0243139266968
0.024827003479
0.0321679115295
0.0335450172424
0.0240390300751
0.0253291130066
0.0221409797668
0.0233960151672
0.0400218963623
0.0408070087433
0.03422498703
0.03577709198
0.029923915863
0.0302889347076
0.0631608963013
0.0638320446014
0.0325448513031
0.0330040454865
0.0324959754944
0.0335929393768
0.0362539291382
0.0370149612427
0.0229601860046
0.023766040802
0.0151190757751
0.0156290531158
0.0227861404419
0.0235481262207
0.0528728961945
0.0044481754303
0.0256810188293
0.0268499851227
0.0364470481873
0.0370669364929
0.0234179496765
0.0242569446564
0.0296919345856
0.0301330089569
0.0248839855194
0.0261380672455
0.0363709926605
0.0372381210327
0.0458970069885
0.0469689369202
0.0279369354248
0.0289688110352
0.0325770378113
0.03338098526
0.0377070903778
0.0381691455841
0.0283050537109
0.0292980670929
0.0388450622559
0.0392580032349
0.0252850055695
0.0261769294739
0.0327830314636
0.0337481498718
0.0369899272919
0.0374739170074
0.028804063797
0.0297479629517
0.0296149253845
0.0305888652802
0.0277202129364
0.0285921096802
0.0246920585632
0.0257620811462
0.0261030197144
0.0270071029663
0.0250329971313
0.025759935379
0.0305728912354
0.030867099762
0.026046037674
0.0267341136932
0.027694940567
0.0279870033264
0.0286359786987
0.0293781757355
0.0309450626373
0.0327861309052
0.0339021682739
0.0347731113434
0.034548997879
0.0352330207825
0.0284230709076
0.029244184494
0.0328159332275
0.0334358215332
0.0320889949799
0.0337200164795
0.0375561714172
0.0390000343323
0.0287489891052
0.0295889377594
0.0281629562378
0.0292899608612
0.0365738868713
0.0403687953949
0.0346360206604
0.0358338356018
0.0363779067993
0.0376069545746
0.0308690071106
0.0326700210571
0.0617220401764
0.00597095489502
0.0373928546906
0.0384058952332
0.0356080532074
0.036661863327
0.0347001552582
0.0360870361328
0.0275800228119
0.0288500785828
0.0403800010681
0.041512966156
0.0252408981323
0.0262289047241
0.0268368721008
0.0278880596161
0.031210899353
0.0322639942169
0.024484872818
0.0259380340576
0.0306379795074
0.0319011211395
0.0382270812988
0.039458990097
0.0330200195312
0.0340790748596
0.0304870605469
0.031506061554
0.0302169322968
0.0313899517059
0.0351250171661
0.0361330509186
0.0215590000153
0.022488117218
0.0255148410797
0.0265069007874
0.0288910865784
0.0297958850861
0.0300500392914
0.0307340621948
0.0275800228119
0.0278289318085
0.0353698730469
0.0364339351654
0.0523021221161
0.00323891639709
0.049252986908
0.0503919124603
0.0315179824829
0.0322530269623
0.0417029857635
0.0430400371552
0.0328068733215
0.0338020324707
0.0508511066437
0.0510799884796
0.0405759811401
0.0413579940796
0.0303730964661
0.0310080051422
0.0284991264343
0.0288031101227
0.0283257961273
0.0295097827911
0.0247528553009
0.0250170230865
0.0348460674286
0.0351581573486
0.0349299907684
0.0359318256378
0.0627090930939
0.0146009922028
0.0372979640961
0.0381281375885
0.0306968688965
0.0313730239868
0.0231461524963
0.0241529941559
0.0308110713959
0.0368640422821
0.03338098526
0.0344290733337
0.0241849422455
0.0248329639435
0.025269985199
0.0262200832367
0.0277149677277
0.0292949676514
0.0486948490143
0.0489599704742
0.025111913681
0.0259029865265
0.0262558460236
0.0273969173431
0.0252678394318
0.0258929729462
0.021735906601
0.0226988792419
0.0297470092773
0.0301661491394
0.0230638980865
0.0234699249268
0.0263168811798
0.027596950531
0.0258049964905
0.0274770259857
0.0324859619141
0.0339131355286
0.0266108512878
0.0281488895416
0.0240190029144
0.025013923645
0.0264849662781
0.0267810821533
0.0306420326233
0.030935049057
0.0466701984406
0.0507681369781
0.0272409915924
0.0286481380463
0.0385811328888
0.0401039123535
0.0184330940247
0.032378911972
0.0508379936218
0.00236392021179
0.0340759754181
0.0350930690765
0.0405042171478
0.0409841537476
0.0351390838623
0.0373201370239
0.041974067688
0.00233483314514
0.0172138214111
0.017657995224
0.0143191814423
0.0145990848541
0.0281901359558
0.028480052948
0.0253639221191
0.0256409645081
0.0219190120697
0.0221931934357
0.0221140384674
0.0223820209503
0.0249471664429
0.0252840518951
0.0251832008362
0.0255041122437
0.0383360385895
0.0391640663147
0.0339040756226
0.0354840755463
0.0211520195007
0.0382521152496
0.0306248664856
0.0315599441528
0.0251851081848
0.0264282226562
0.024405002594
0.025218963623
0.0290558338165
0.0300159454346
0.0313169956207
0.0323650836945
0.0474479198456
0.0484259128571
0.0285129547119
0.0292670726776
0.0389740467072
0.0397369861603
0.0328629016876
0.0338079929352
0.0269179344177
0.0282528400421
0.0254909992218
0.0265278816223
0.0245790481567
0.0256729125977
0.0317730903625
0.032702922821
0.0412838459015
0.0418179035187
0.0286040306091
0.0294771194458
0.0487668514252
0.0496289730072
0.0375530719757
0.0383570194244
0.0310971736908
0.0319840908051
0.0528140068054
0.00340390205383
0.0300240516663
0.0308799743652
0.0258719921112
0.0270838737488
0.0280728340149
0.029275894165
0.0296330451965
0.0310280323029
0.0332818031311
0.0335757732391
0.0262567996979
0.0265548229218
0.0244688987732
0.0255539417267
0.0250558853149
0.0264599323273
0.0287370681763
0.030198097229
0.0348470211029
0.035041809082
0.0363929271698
0.0376811027527
0.0258359909058
0.0266110897064
0.0291571617126
0.0306329727173
0.0222239494324
0.0240030288696
0.027853012085
0.0293140411377
0.0232529640198
0.0245368480682
0.0266900062561
0.0285410881042
0.0265429019928
0.0279660224915
0.0315701961517
0.0329902172089
0.0249309539795
0.02632188797
0.0294909477234
0.0309488773346
0.0307099819183
0.0309798717499
0.0281898975372
0.0284779071808
0.0243949890137
0.0254049301147
0.0280599594116
0.0282249450684
0.0296819210052
0.029972076416
0.0266048908234
0.0268950462341
0.024994134903
0.0260939598083
0.0302369594574
0.0306921005249
0.0253660678864
0.0262792110443
0.0256640911102
0.0263650417328
0.0219972133636
0.0226759910583
0.0249290466309
0.0258021354675
0.0286040306091
0.0296220779419
0.0294079780579
0.0304000377655
0.0222520828247
0.0231909751892
0.0239760875702
0.0249330997467
0.0229308605194
0.0237829685211
0.0284860134125
0.0294370651245
0.0247669219971
0.0256848335266
0.0424888134003
0.0427868366241
0.0306890010834
0.0309278964996
0.0308351516724
0.0311000347137
0.0593779087067
0.0595879554749
0.0781390666962
0.0788040161133
0.11981511116
0.0321371555328
0.0712711811066
0.0236120223999
0.0599029064178
0.0602760314941
0.0314481258392
0.0319440364838
0.0361008644104
0.0364370346069
0.0521039962769
0.00401592254639
0.0390830039978
0.0394320487976
0.0298750400543
0.0303430557251
0.0293471813202
0.030415058136
0.0298709869385
0.0301601886749
0.0291340351105
0.0300660133362
0.0271260738373
0.0275089740753
0.0233080387115
0.0244479179382
0.0225849151611
0.0234940052032
0.0247609615326
0.0257151126862
0.0265519618988
0.0277299880981
0.0438060760498
0.0446150302887
0.0311689376831
0.0317671298981
0.0228698253632
0.0237829685211
0.0289950370789
0.0299801826477
0.0253341197968
0.0262739658356
0.0297100543976
0.0308299064636
0.042338848114
0.0434629917145
0.0306489467621
0.0316300392151
0.0254240036011
0.0263369083405
0.0299491882324
0.0307061672211
0.023423910141
0.0238590240479
0.028137922287
0.0287489891052
0.025288105011
0.0261800289154
0.0243499279022
0.0250990390778
0.0248939990997
0.0257620811462
0.0242969989777
0.0252151489258
0.0283079147339
0.0292310714722
0.0275850296021
0.0284540653229
0.0315299034119
0.0326080322266
0.0251541137695
0.0261402130127
0.0224809646606
0.0234208106995
0.0270330905914
0.0286710262299
0.0166599750519
0.0353000164032
0.042172908783
0.0427308082581
0.0401289463043
0.0408790111542
0.0264270305634
0.0276739597321
0.0546090602875
0.00473499298096
0.0326189994812
0.033173084259
0.0243570804596
0.025043964386
0.0255618095398
0.0263378620148
0.0232648849487
0.0240468978882
0.0282649993896
0.0290701389313
0.0257539749146
0.0261940956116
0.0245108604431
0.0253348350525
0.0404469966888
0.040727853775
0.0326499938965
0.033488035202
0.013011932373
0.0134718418121
0.0316519737244
0.0320868492126
0.0314891338348
0.0317480564117
0.0265731811523
0.0277440547943
0.0272679328918
0.028844833374
0.0258650779724
0.0262961387634
0.0469980239868
0.0480411052704
0.0308821201324
0.0317831039429
0.0365250110626
0.0375919342041
0.0282790660858
0.0293591022491
0.0330410003662
0.0333480834961
0.0364990234375
0.0400660037994
0.0297269821167
0.030620098114
0.0408389568329
0.0417399406433
0.0455107688904
0.0468978881836
0.0346500873566
0.035187959671
0.0325789451599
0.0328230857849
0.031895160675
0.0326280593872
0.028578042984
0.0291619300842
0.024491071701
0.0252690315247
0.0219671726227
0.0228860378265
0.0148110389709
0.0150129795074
0.0415909290314
0.042858839035
0.0243318080902
0.0252339839935
0.0270991325378
0.0287311077118
0.0247249603271
0.0249269008636
0.0229020118713
0.0231709480286
0.0261919498444
0.0265018939972
0.0224530696869
0.0227670669556
0.0265598297119
0.0268588066101
0.02698802948
0.0279331207275
0.0260989665985
0.0274090766907
0.0214309692383
0.0227999687195
0.0268840789795
0.0279030799866
0.0321159362793
0.033087015152
0.0402729511261
0.0408129692078
0.0299608707428
0.0309739112854
0.0398991107941
0.0420482158661
0.0482251644135
0.0490591526031
0.0394971370697
0.0398950576782
0.0375161170959
0.0378160476685
0.0379309654236
0.0382881164551
0.0405831336975
0.0413591861725
0.0410499572754
0.041366815567
0.0290179252625
0.0326290130615
0.0284841060638
0.0295269489288
0.029265165329
0.0301780700684
0.0408840179443
0.0414040088654
0.0238039493561
0.0245079994202
0.023108959198
0.0241889953613
0.0225138664246
0.0238919258118
0.0285239219666
0.0294539928436
0.022796869278
0.0234098434448
0.0257921218872
0.0268239974976
0.027843952179
0.028774023056
0.0317480564117
0.0328440666199
0.0323121547699
0.0337111949921
0.0208089351654
0.0213038921356
0.025475025177
0.0268349647522
0.0230848789215
0.0240828990936
0.0290529727936
0.0297091007233
0.0268750190735
0.0275559425354
0.0378639698029
0.0394330024719
0.0430610179901
0.044114112854
0.0171320438385
0.0369260311127
0.0349860191345
0.0356709957123
0.0418438911438
0.0423250198364
0.0218191146851
0.0220980644226
0.0221588611603
0.0224788188934
0.0235161781311
0.0238080024719
0.0246059894562
0.0255150794983
0.0303430557251
0.0311760902405
0.0238740444183
0.0246980190277
0.0342271327972
0.0348579883575
0.0170910358429
0.0174381732941
0.0235459804535
0.0238389968872
0.028068780899
0.0283718109131
0.0255460739136
0.0258882045746
0.0242340564728
0.0248320102692
0.0263829231262
0.0273101329803
0.0251410007477
0.0260810852051
0.0269920825958
0.0276889801025
0.0242080688477
0.0247089862823
0.027626991272
0.0285449028015
0.0279569625854
0.0287790298462
0.0134320259094
0.0343289375305
0.0213220119476
0.022383928299
0.0238230228424
0.0248401165009
0.0300459861755
0.0310220718384
0.0331408977509
0.0345499515533
0.0380828380585
0.0395078659058
0.0286030769348
0.0297980308533
0.0297150611877
0.0308599472046
0.0269968509674
0.02760887146
0.0282309055328
0.0289099216461
0.0216789245605
0.0219688415527
0.0212309360504
0.0219349861145
0.038015127182
0.0396580696106
0.0231120586395
0.0238301753998
0.0272319316864
0.027489900589
0.0230419635773
0.023316860199
0.0255351066589
0.0259890556335
0.0242130756378
0.0245051383972
0.0225439071655
0.0268309116364
0.0375709533691
0.0383448600769
0.0212321281433
0.0215179920197
0.0259990692139
0.0262730121613
0.0212600231171
0.0215489864349
0.0229909420013
0.0232639312744
0.0242040157318
0.0245342254639
0.023875951767
0.0241529941559
0.0246770381927
0.0249609947205
0.0243639945984
0.0246589183807
0.0278961658478
0.0282111167908
0.0245890617371
0.0255441665649
0.0225298404694
0.0234689712524
0.0331871509552
0.0349819660187
0.0272271633148
0.0284440517426
0.0229301452637
0.0241990089417
0.0275042057037
0.0287530422211
0.0244631767273
0.0258991718292
0.0267701148987
0.0280048847198
0.0250589847565
0.0263710021973
0.0335719585419
0.0348041057587
0.0278520584106
0.0292689800262
0.0276639461517
0.0288870334625
0.0304849147797
0.0308258533478
0.0363638401031
0.0368309020996
0.0331120491028
0.0342721939087
0.0403919219971
0.0423929691315
0.0512928962708
0.0522429943085
0.031769990921
0.0328001976013
0.0295889377594
0.0307071208954
0.03329205513
0.0342221260071
0.0267179012299
0.0278809070587
0.0218410491943
0.0222301483154
0.0410029888153
0.0412938594818
0.0342948436737
0.0345749855042
0.024258852005
0.0244839191437
0.057540178299
0.00386214256287
0.0491499900818
0.0495290756226
0.0783479213715
0.0789339542389
0.0377769470215
0.0380129814148
0.0505578517914
0.0508718490601
0.0364310741425
0.0367960929871
0.0279521942139
0.0282371044159
0.0235209465027
0.0240769386292
0.0269348621368
0.0277810096741
0.0593371391296
0.00496006011963
0.0342071056366
0.0344681739807
0.0538640022278
0.0541939735413
0.05770611763
0.00374007225037
0.0406341552734
0.0408811569214
0.0314378738403
0.0327899456024
0.0516760349274
0.000888824462891
0.0238928794861
0.025111913681
0.0232391357422
0.0242981910706
0.026636838913
0.0268828868866
0.0369670391083
0.0372331142426
0.0456140041351
0.0460290908813
0.0313370227814
0.0315761566162
0.036957025528
0.0372018814087
0.0387790203094
0.0391099452972
0.0358979701996
0.0362370014191
0.0326199531555
0.0338449478149
0.0345759391785
0.0361139774323
0.0328509807587
0.0371470451355
0.0291829109192
0.0295569896698
0.0354030132294
0.0364570617676
0.0331499576569
0.0341050624847
0.0241429805756
0.0244278907776
0.0373780727386
0.0386259555817
0.0358948707581
0.0369539260864
0.0266480445862
0.0269181728363
0.0278079509735
0.0286948680878
0.0344910621643
0.0347690582275
0.0320658683777
0.0332069396973
0.0262949466705
0.0265719890594
0.0270910263062
0.0273621082306
0.0254149436951
0.0256290435791
0.026407957077
0.0267131328583
0.0239639282227
0.0242481231689
0.045914888382
0.0462849140167
0.0347330570221
0.0353081226349
0.0306060314178
0.0309040546417
0.0281920433044
0.0284721851349
0.0303959846497
0.0306899547577
0.0320098400116
0.0322849750519
0.028813123703
0.0291440486908
0.0404748916626
0.040755033493
0.0371570587158
0.037670135498
0.0307581424713
0.0310471057892
0.0349831581116
0.0358140468597
0.0246560573578
0.0255620479584
0.0381510257721
0.0394439697266
0.0326249599457
0.0337829589844
0.0323657989502
0.0337557792664
0.0314388275146
0.0320508480072
0.0285038948059
0.0288419723511
0.0382261276245
0.0384800434113
0.0244770050049
0.0247700214386
0.0250809192657
0.026554107666
0.0428879261017
0.0438120365143
0.0368769168854
0.0382249355316
0.0423438549042
0.0435628890991
0.0228900909424
0.0238080024719
0.0690491199493
0.0693891048431
0.0307240486145
0.0309491157532
0.0654768943787
0.0658988952637
0.0342879295349
0.0355539321899
0.0332319736481
0.033478975296
0.0337409973145
0.0350630283356
0.0383801460266
0.038731098175
0.0355889797211
0.035896062851
0.036071062088
0.0369439125061
0.0370528697968
0.0381178855896
0.0278179645538
0.0311300754547
0.0261280536652
0.0269210338593
0.035670042038
0.0362491607666
0.0374209880829
0.0381178855896
0.0371899604797
0.0382008552551
0.0382800102234
0.0391778945923
0.0355710983276
0.037239074707
0.0368928909302
0.0381801128387
0.0381200313568
0.0391910076141
0.0339870452881
0.0355451107025
0.0399560928345
0.0412361621857
0.0314319133759
0.032693862915
0.0243799686432
0.025041103363
0.0513079166412
0.0022120475769
0.0403089523315
0.0414168834686
0.0376532077789
0.0387971401215
0.0461511611938
0.04705119133
0.0239231586456
0.0251140594482
0.0376210212708
0.0381379127502
0.0329689979553
0.0341849327087
0.0274930000305
0.0284950733185
0.0200297832489
0.0366659164429
0.0230522155762
0.0242140293121
0.0357029438019
0.0366079807281
0.0348229408264
0.035945892334
0.0448911190033
0.0459339618683
0.0418989658356
0.0428359508514
0.0321981906891
0.0333712100983
0.043436050415
0.0438530445099
0.0227928161621
0.0240368843079
0.0303230285645
0.0305609703064
0.0368978977203
0.0371630191803
0.037446975708
0.0392069816589
0.040776014328
0.0410680770874
0.038311958313
0.0401818752289
0.0321450233459
0.0324099063873
0.0341517925262
0.0356578826904
0.0317268371582
0.0331559181213
0.0344889163971
0.0357148647308
0.0870981216431
0.030916929245
0.0646409988403
0.064887046814
0.0425000190735
0.0450530052185
0.0249738693237
0.025801897049
0.0494041442871
0.00234484672546
0.0660078525543
0.0662479400635
0.108765125275
0.109222173691
0.0326089859009
0.0330171585083
0.0278260707855
0.0280940532684
0.0491149425507
0.0494439601898
0.0581200122833
0.0583248138428
0.0283532142639
0.0291261672974
0.0401051044464
0.0407202243805
0.0937077999115
0.0944018363953
0.0633821487427
0.00285005569458
0.028412103653
0.02858710289
0.0244250297546
0.0248432159424
0.0258078575134
0.0264317989349
0.0281839370728
0.029018163681
0.0271461009979
0.0280840396881
0.0367851257324
0.0372331142426
0.0392761230469
0.039647102356
0.0253729820251
0.0261340141296
0.0231528282166
0.0234749317169
0.0214841365814
0.0221619606018
0.0315580368042
0.034658908844
0.0413148403168
0.0419039726257
0.014662027359
0.0149321556091
0.0295009613037
0.0297789573669
0.025927066803
0.026153087616
0.0408449172974
0.0411789417267
0.0265519618988
0.0269901752472
0.0222179889679
0.023136138916
0.0231020450592
0.0240859985352
0.024759054184
0.0257561206818
0.0242969989777
0.025218963623
0.0252737998962
0.0261628627777
0.0228860378265
0.0236461162567
0.0226418972015
0.0232920646667
0.024982213974
0.0258851051331
0.0233070850372
0.0243909358978
0.0224690437317
0.0233631134033
0.0270359516144
0.0279788970947
0.0242099761963
0.0251798629761
0.0241849422455
0.0251228809357
0.0259721279144
0.0271849632263
0.0265259742737
0.0275011062622
0.0284750461578
0.0294668674469
0.0221540927887
0.0229079723358
0.0221560001373
0.022411108017
0.026850938797
0.0279130935669
0.0233798027039
0.0238409042358
0.0374479293823
0.0385389328003
0.0236220359802
0.0247581005096
0.0346291065216
0.034884929657
0.0349979400635
0.0353739261627
0.0251471996307
0.026134967804
0.0244219303131
0.0255980491638
0.0240919589996
0.0243360996246
0.0358819961548
0.0365900993347
0.0258440971375
0.0262870788574
0.0278258323669
0.0285618305206
0.0258059501648
0.0269000530243
0.0246419906616
0.0253319740295
0.023020029068
0.0235550403595
0.0288999080658
0.0298180580139
0.0251469612122
0.026200056076
0.0289840698242
0.0299952030182
0.0222580432892
0.0231890678406
0.0294489860535
0.0304000377655
0.0245459079742
0.0255410671234
0.0253729820251
0.0263690948486
0.0208630561829
0.0216829776764
0.0230240821838
0.0238690376282
0.0246300697327
0.0254988670349
0.0239360332489
0.0249199867249
0.0249710083008
0.0258870124817
0.0216419696808
0.022451877594
0.0226039886475
0.0235509872437
0.0286118984222
0.0295729637146
0.0229060649872
0.0237588882446
0.0545818805695
0.05575299263
0.0231761932373
0.0238630771637
0.0233480930328
0.0239949226379
0.0327579975128
0.0339448451996
0.0218510627747
0.0221118927002
0.0314230918884
0.0318620204926
0.0501329898834
0.0505130290985
0.0302178859711
0.030632019043
0.025955915451
0.0262899398804
0.02286195755
0.0237879753113
0.0326399803162
0.0328710079193
0.0364072322845
0.0382161140442
0.0395579338074
0.0405797958374
0.0268309116364
0.0278599262238
0.0236160755157
0.0245368480682
0.0264730453491
0.0274200439453
0.0235159397125
0.0245099067688
0.0240330696106
0.0249881744385
0.0232751369476
0.024218082428
0.0284910202026
0.0294349193573
0.0230369567871
0.0239450931549
0.0249698162079
0.025985956192
0.021388053894
0.0222392082214
0.0221199989319
0.0230329036713
0.0242140293121
0.0251479148865
0.