0.0401320457458,
0.0408089160919,
0.0296890735626,
0.0303959846497,
0.0212609767914,
0.0214760303497,
0.0234899520874,
0.0237770080566,
0.0276310443878,
0.0279469490051,
0.0250191688538,
0.0255191326141,
0.0242519378662,
0.0244579315186,
0.0236639976501,
0.0239341259003,
0.0249130725861,
0.0252208709717,
0.0231220722198,
0.0234661102295,
0.0244309902191,
0.0246357917786,
0.0219068527222,
0.0221178531647,
0.0226709842682,
0.0229051113129,
0.0281829833984,
0.0284340381622,
0.0245850086212,
0.0248110294342,
0.0215640068054,
0.0220510959625,
0.0272860527039,
0.0278270244598,
0.0390529632568,
0.0402710437775,
0.0231640338898,
0.0241460800171,
0.0348098278046,
0.035640001297,
0.0237078666687,
0.0242898464203,
0.0825140476227,
0.0833010673523,
0.0476369857788,
0.0479969978333,
0.0306580066681,
0.031152009964,
0.0239391326904,
0.024384021759,
0.0364799499512,
0.0367319583893,
0.0230579376221,
0.0232670307159,
0.0316460132599,
0.0320720672607,
0.0243818759918,
0.0247869491577,
0.0244588851929,
0.0248219966888,
0.028657913208,
0.0302200317383,
0.0264909267426,
0.0275390148163,
0.0242269039154,
0.0245099067688,
0.0288240909576,
0.029139995575,
0.0276877880096,
0.0279388427734,
0.028039932251,
0.0282809734344,
0.0231399536133,
0.023421049118,
0.024307012558,
0.0245850086212,
0.0302350521088,
0.0315330028534,
0.0373909473419,
0.037614107132,
0.0741188526154,
0.0148839950562,
0.0479590892792,
0.0488750934601,
0.0238130092621,
0.02450299263,
0.0833568572998,
0.0215029716492,
0.0606970787048,
0.00162720680237,
0.0358769893646,
0.0364961624146,
0.0242269039154,
0.0249338150024,
0.0345120429993,
0.0353560447693,
0.0230929851532,
0.0240960121155,
0.041522026062,
0.042582988739,
0.0362389087677,
0.0369729995728,
0.0571641921997,
0.0579001903534,
0.0314610004425,
0.0321202278137,
0.0502409934998,
0.0508809089661,
0.0468120574951,
0.0477328300476,
0.038409948349,
0.0387117862701,
0.037938117981,
0.0381481647491,
0.03502202034,
0.0352389812469,
0.0259799957275,
0.0263991355896,
0.0582230091095,
0.058541059494,
0.0285451412201,
0.0295021533966,
0.025890827179,
0.0271999835968,
0.0235629081726,
0.0248980522156,
0.0221560001373,
0.0232660770416,
0.0238659381866,
0.024475812912,
0.0295400619507,
0.0303430557251,
0.070375919342,
0.0714399814606,
0.0378038883209,
0.0384907722473,
0.0944459438324,
0.0953059196472,
0.0944490432739,
0.0955028533936,
0.0689649581909,
0.0697939395905,
0.0611147880554,
0.0619838237762,
0.024206161499,
0.025689125061,
0.0246028900146,
0.0248908996582,
0.0461430549622,
0.0470070838928,
0.0340058803558,
0.0348839759827,
0.0298001766205,
0.0304770469666,
0.027428150177,
0.0280599594116,
0.0288789272308,
0.0293509960175,
0.016802072525,
0.0170159339905,
0.0146450996399,
0.0150399208069,
0.0159249305725,
0.0163190364838,
0.0167200565338,
0.0169589519501,
0.0263850688934,
0.0271508693695,
0.0681660175323,
0.0689649581909,
0.0427780151367,
0.04345703125,
0.0321049690247,
0.0334470272064,
0.0253310203552,
0.0263171195984,
0.0462119579315,
0.0469379425049,
0.0361549854279,
0.0370399951935,
0.0340938568115,
0.0349719524384,
0.0270829200745,
0.0283370018005,
0.0404798984528,
0.0411288738251,
0.0346229076385,
0.036346912384,
0.035101890564,
0.0363709926605,
0.0286300182343,
0.0298779010773,
0.0271768569946,
0.0279428958893,
0.0335741043091,
0.0338580608368,
0.0336239337921,
0.0339679718018,
0.0310530662537,
0.0313169956207,
0.0927429199219,
0.093493938446,
0.0587999820709,
0.0595989227295,
0.0328390598297,
0.0330641269684,
0.0282669067383,
0.0288000106812,
0.0319020748138,
0.0327541828156,
0.0383298397064,
0.0391488075256,
0.0364298820496,
0.0371050834656,
0.0434989929199,
0.0442800521851,
0.031142950058,
0.0318620204926,
0.0321009159088,
0.0329389572144,
0.033891916275,
0.0348079204559,
0.034252166748,
0.0353231430054,
0.0311651229858,
0.0321471691132,
0.0289170742035,
0.0298800468445,
0.0254700183868,
0.0259191989899,
0.0241410732269,
0.0252530574799,
0.0284230709076,
0.0286490917206,
0.0224750041962,
0.02281498909,
0.0220620632172,
0.0234160423279,
0.0215718746185,
0.0232720375061,
0.0241160392761,
0.0243771076202,
0.0236999988556,
0.0240061283112,
0.0212550163269,
0.0214719772339,
0.0235929489136,
0.0238449573517,
0.0211269855499,
0.0215191841125,
0.0221109390259,
0.0226838588715,
0.0233240127563,
0.023558139801,
0.0238728523254,
0.0243430137634,
0.0294289588928,
0.0304207801819,
0.0264639854431,
0.0267901420593,
0.0286419391632,
0.0293998718262,
0.0384569168091,
0.0391640663147,
0.0275599956512,
0.0278239250183,
0.0293679237366,
0.0296440124512,
0.0272228717804,
0.0274589061737,
0.0329480171204,
0.0339901447296,
0.0240080356598,
0.0248010158539,
0.0268919467926,
0.0276970863342,
0.0272419452667,
0.0275428295135,
0.0288460254669,
0.0290331840515,
0.0306119918823,
0.0308411121368,
0.0285708904266,
0.0288619995117,
0.0264399051666,
0.0267019271851,
0.0243239402771,
0.0247030258179,
0.0221939086914,
0.0226678848267,
0.0281159877777,
0.0292468070984,
0.023069858551,
0.0233869552612,
0.0235300064087,
0.0238361358643,
0.0245170593262,
0.024964094162,
0.0210559368134,
0.0212829113007,
0.0211689472198,
0.0214009284973,
0.0231058597565,
0.023421049118,
0.0232620239258,
0.0234880447388,
0.0245640277863,
0.0249838829041,
0.0249311923981,
0.025356054306,
0.0243721008301,
0.0245819091797,
0.023824930191,
0.0240659713745,
0.0262479782104,
0.026505947113,
0.0225911140442,
0.0229439735413,
0.0251059532166,
0.0260009765625,
0.0234909057617,
0.0238659381866,
0.0253789424896,
0.0257740020752,
0.02570104599,
0.0261051654816,
0.0295948982239,
0.030739068985,
0.024808883667,
0.0250508785248,
0.0210690498352,
0.0213029384613,
0.0278680324554,
0.0285551548004,
0.0245370864868,
0.0248680114746,
0.0211391448975,
0.0217301845551,
0.0249319076538,
0.0251979827881,
0.0244438648224,
0.0247559547424,
0.0241599082947,
0.0243668556213,
0.0239779949188,
0.0251870155334,
0.0253250598907,
0.0256869792938,
0.0212118625641,
0.0216178894043,
0.0226521492004,
0.0228879451752,
0.0232911109924,
0.0237691402435,
0.0260891914368,
0.0265262126923,
0.021124124527,
0.0214281082153,
0.0231850147247,
0.0234351158142,
0.023365020752,
0.023610830307,
0.0241169929504,
0.0244250297546,
0.0234529972076,
0.0237197875977,
0.0232501029968,
0.0235900878906,
0.0211341381073,
0.0214021205902,
0.0224189758301,
0.0228650569916,
0.0236098766327,
0.0238628387451,
0.0239319801331,
0.0251429080963,
0.0217227935791,
0.02201795578,
0.022390127182,
0.0231940746307,
0.02410197258,
0.0243289470673,
0.0221729278564,
0.0224070549011,
0.0212409496307,
0.0214581489563,
0.0274178981781,
0.0276808738708,
0.0237629413605,
0.024071931839,
0.0247910022736,
0.0250790119171,
0.0328757762909,
0.0330898761749,
0.0233058929443,
0.0237109661102,
0.0232980251312,
0.0235960483551,
0.0233089923859,
0.0237610340118,
0.0255470275879,
0.025887966156,
0.0233199596405,
0.0237410068512,
0.0239758491516,
0.0243728160858,
0.0220448970795,
0.0225389003754,
0.027636051178,
0.0290141105652,
0.026043176651,
0.0264320373535,
0.0229051113129,
0.0233991146088,
0.0231790542603,
0.023472070694,
0.0247678756714,
0.0252330303192,
0.021045923233,
0.0212500095367,
0.0216460227966,
0.0218720436096,
0.0264329910278,
0.0267128944397,
0.0230989456177,
0.0235280990601,
0.0237431526184,
0.0240972042084,
0.0244669914246,
0.0247287750244,
0.0264630317688,
0.0266840457916,
0.0241727828979,
0.0250179767609,
0.0251569747925,
0.0261490345001,
0.027722120285,
0.0289349555969,
0.0233209133148,
0.0247769355774,
0.0256280899048,
0.0267751216888,
0.0236101150513,
0.024787902832,
0.0300500392914,
0.030308008194,
0.0249311923981,
0.0252840518951,
0.0229411125183,
0.0233070850372,
0.0242989063263,
0.0247309207916,
0.0287430286407,
0.0295970439911,
0.0332720279694,
0.0336191654205,
0.0230898857117,
0.0240700244904,
0.0349929332733,
0.03586602211,
0.032458782196,
0.0333178043365,
0.026093006134,
0.0269091129303,
0.0294208526611,
0.0302879810333,
0.0235891342163,
0.0253190994263,
0.0266149044037,
0.0270128250122,
0.0215837955475,
0.0219597816467,
0.0601308345795,
0.061203956604,
0.0390110015869,
0.0400950908661,
0.0326850414276,
0.0340352058411,
0.0325129032135,
0.0328590869904,
0.0156569480896,
0.0159299373627,
0.0158240795135,
0.0302641391754,
0.0292589664459,
0.0303838253021,
0.0459101200104,
0.0466721057892,
0.0366499423981,
0.0370578765869,
0.0307428836823,
0.0317678451538,
0.0269498825073,
0.0278029441833,
0.0249390602112,
0.025897026062,
0.0457639694214,
0.0468699932098,
0.0275330543518,
0.0282299518585,
0.0291650295258,
0.0300891399384,
0.027284860611,
0.0282649993896,
0.044585943222,
0.0456638336182,
0.0299429893494,
0.030825138092,
0.0359220504761,
0.0371971130371,
0.0293610095978,
0.0303919315338,
0.023097038269,
0.0239789485931,
0.0277209281921,
0.0286858081818,
0.0293312072754,
0.0299680233002,
0.0352210998535,
0.036257982254,
0.0288050174713,
0.0296440124512,
0.0346591472626,
0.0356891155243,
0.0221490859985,
0.0231420993805,
0.0621528625488,
0.00335502624512,
0.0374691486359,
0.0386831760406,
0.0388081073761,
0.0395531654358,
0.0488719940186,
0.0499861240387,
0.0214779376984,
0.0225839614868,
0.0343019962311,
0.035915851593,
0.0262041091919,
0.0275371074677,
0.0349621772766,
0.0352771282196,
0.0273659229279,
0.028529882431,
0.0352849960327,
0.0359499454498,
0.0347678661346,
0.0358288288116,
0.0319800376892,
0.0330650806427,
0.0385808944702,
0.0401577949524,
0.0469980239868,
0.0473589897156,
0.0264191627502,
0.0269122123718,
0.059531211853,
0.05983710289,
0.0262229442596,
0.0266289710999,
0.0452580451965,
0.0458800792694,
0.0274608135223,
0.0278878211975,
0.0439801216125,
0.0442039966583,
0.0406670570374,
0.0409910678864,
0.119427919388,
0.0580639839172,
0.0852279663086,
0.0862209796906,
0.0549898147583,
0.0561058521271,
0.0325729846954,
0.0335030555725,
0.0253529548645,
0.025780916214,
0.0292119979858,
0.0302550792694,
0.028813123703,
0.0290651321411,
0.0247759819031,
0.024974822998,
0.0254399776459,
0.0283410549164,
0.0248999595642,
0.0251200199127,
0.0243599414825,
0.0248749256134,
0.0219371318817,
0.0221791267395,
0.0239520072937,
0.0252590179443,
0.0278639793396,
0.0280869007111,
0.0258440971375,
0.0261340141296,
0.0219979286194,
0.0223848819733,
0.0222220420837,
0.0226430892944,
0.0233728885651,
0.0238618850708,
0.0244569778442,
0.0248458385468,
0.0235090255737,
0.0237309932709,
0.023500919342,
0.0242969989777,
0.0240819454193,
0.0244278907776,
0.02934217453,
0.0299150943756,
0.0299999713898,
0.0304529666901,
0.0319440364838,
0.0332140922546,
0.0261499881744,
0.0270750522614,
0.0318779945374,
0.0324909687042,
0.0321819782257,
0.0328161716461,
0.0277259349823,
0.0282869338989,
0.0324008464813,
0.0332598686218,
0.0329139232635,
0.0336530208588,
0.0284380912781,
0.0294780731201,
0.0365569591522,
0.0378258228302,
0.0332610607147,
0.0338430404663,
0.0297269821167,
0.0306878089905,
0.03062915802,
0.0323181152344,
0.0327439308167,
0.0335149765015,
0.0253520011902,
0.0259671211243,
0.0238869190216,
0.0243978500366,
0.0239238739014,
0.0247349739075,
0.0243189334869,
0.0256168842316,
0.0273330211639,
0.0279898643494,
0.0256159305573,
0.0267589092255,
0.0259540081024,
0.0268270969391,
0.0333540439606,
0.0343658924103,
0.0247361660004,
0.0255951881409,
0.039678812027,
0.0399658679962,
0.025151014328,
0.0259139537811,
0.0244719982147,
0.0247759819031,
0.0275709629059,
0.0286049842834,
0.0262808799744,
0.0265378952026,
0.0314388275146,
0.0322229862213,
0.0254020690918,
0.0263669490814,
0.0239090919495,
0.0247371196747,
0.0249078273773,
0.0260488986969,
0.0247819423676,
0.0254850387573,
0.0259070396423,
0.0265221595764,
0.0252659320831,
0.0259969234467,
0.0302550792694,
0.0310862064362,
0.0215539932251,
0.0225901603699,
0.0258557796478,
0.0268819332123,
0.0346720218658,
0.0360088348389,
0.0233778953552,
0.0242488384247,
0.0212419033051,
0.0219459533691,
0.0231399536133,
0.0239419937134,
0.0232219696045,
0.0240621566772,
0.0243139266968,
0.0251889228821,
0.0245180130005,
0.0252130031586,
0.0263428688049,
0.0294058322906,
0.0282170772552,
0.0288090705872,
0.0252602100372,
0.0259001255035,
0.0249571800232,
0.0262310504913,
0.0232708454132,
0.0242309570312,
0.0256459712982,
0.0269680023193,
0.0244498252869,
0.0249598026276,
0.022369146347,
0.0231220722198,
0.0236260890961,
0.0241229534149,
0.0259568691254,
0.026524066925,
0.0229048728943,
0.0235588550568,
0.0327072143555,
0.0335040092468,
0.022479057312,
0.023745059967,
0.0230131149292,
0.0241050720215,
0.024924993515,
0.0254731178284,
0.0245299339294,
0.0249969959259,
0.0256841182709,
0.026358127594,
0.0280439853668,
0.0292339324951,
0.0306179523468,
0.0314300060272,
0.0438401699066,
0.0449461936951,
0.0356230735779,
0.0359110832214,
0.0147731304169,
0.0394191741943,
0.0839781761169,
0.0843231678009,
0.0791590213776,
0.0795578956604,
0.0555291175842,
0.0558941364288,
0.0494709014893,
0.0497889518738,
0.0334639549255,
0.033665895462,
0.0319271087646,
0.0322031974792,
0.0413041114807,
0.0415661334991,
0.0260331630707,
0.0262100696564,
0.0519909858704,
0.0524241924286,
0.0512788295746,
0.00200009346008,
0.0390651226044,
0.0394639968872,
0.0314400196075,
0.0322260856628,
0.0277628898621,
0.0282578468323,
0.0228700637817,
0.0236270427704,
0.0233268737793,
0.0235829353333,
0.0378429889679,
0.0386798381805,
0.0464088916779,
0.0472500324249,
0.0249919891357,
0.0258810520172,
0.0643830299377,
0.0145349502563,
0.0530159473419,
0.00420618057251,
0.0309541225433,
0.0315251350403,
0.0293850898743,
0.030739068985,
0.0306050777435,
0.0314230918884,
0.0319571495056,
0.0330021381378,
0.0275959968567,
0.0290548801422,
0.028265953064,
0.0296039581299,
0.0413341522217,
0.041965007782,
0.03005194664,
0.0310199260712,
0.067437171936,
0.0680921077728,
0.0502169132233,
0.0507020950317,
0.0272400379181,
0.0277519226074,
0.0441930294037,
0.0454671382904,
0.0230400562286,
0.0244369506836,
0.0278120040894,
0.0292530059814,
0.0379960536957,
0.0387239456177,
0.0319259166718,
0.0328598022461,
0.0399558544159,
0.0410108566284,
0.0417249202728,
0.0432929992676,
0.0301690101624,
0.031457901001,
0.0302710533142,
0.0326991081238,
0.0603330135345,
0.0606701374054,
0.0404050350189,
0.0406250953674,
0.0171070098877,
0.0174310207367,
0.0242149829865,
0.0245859622955,
0.0218958854675,
0.0223250389099,
0.0232748985291,
0.0243048667908,
0.0246031284332,
0.0256741046906,
0.0256769657135,
0.0264890193939,
0.0318431854248,
0.0332081317902,
0.0397047996521,
0.0410997867584,
0.028599023819,
0.0306341648102,
0.0347309112549,
0.0358769893646,
0.0301139354706,
0.0312678813934,
0.032821893692,
0.0341129302979,
0.0218269824982,
0.0227789878845,
0.0156481266022,
0.0273599624634,
0.0309300422668,
0.0324659347534,
0.0376720428467,
0.0378949642181,
0.0276708602905,
0.0279850959778,
0.0283720493317,
0.0293030738831,
0.0291750431061,
0.0294580459595,
0.0232360363007,
0.0238199234009,
0.0131649971008,
0.0135111808777,
0.0456109046936,
0.046159029007,
0.111602783203,
0.0286068916321,
0.0700898170471,
0.0708107948303,
0.0370779037476,
0.0374038219452,
0.0404000282288,
0.0427980422974,
0.0521559715271,
0.00241184234619,
0.0302529335022,
0.0310409069061,
0.0246551036835,
0.0253369808197,
0.0559689998627,
0.00108194351196,
0.0250890254974,
0.0256569385529,
0.0496518611908,
0.00113892555237,
0.0466589927673,
0.0480959415436,
0.0253100395203,
0.0261540412903,
0.0293118953705,
0.0300660133362,
0.0305650234222,
0.0456779003143,
0.0241320133209,
0.0252690315247,
0.0454850196838,
0.0463669300079,
0.0271680355072,
0.0276200771332,
0.0467700958252,
0.0476059913635,
0.0335919857025,
0.0342969894409,
0.0588750839233,
0.00457096099854,
0.0390090942383,
0.040265083313,
0.0330219268799,
0.0338590145111,
0.0355801582336,
0.0368390083313,
0.0513408184052,
0.00160598754883,
0.0410089492798,
0.0422248840332,
0.0271201133728,
0.0378749370575,
0.0269348621368,
0.0275499820709,
0.0258121490479,
0.027309179306,
0.0272810459137,
0.0286290645599,
0.0297248363495,
0.0310139656067,
0.0369389057159,
0.0376889705658,
0.0334730148315,
0.0341908931732,
0.0318551063538,
0.0334250926971,
0.0342881679535,
0.0355999469757,
0.0183320045471,
0.0351958274841,
0.0337879657745,
0.0348591804504,
0.029069185257,
0.0302062034607,
0.0349481105804,
0.0360050201416,
0.027734041214,
0.0289580821991,
0.0304369926453,
0.0311999320984,
0.0310490131378,
0.0321400165558,
0.0320730209351,
0.0337719917297,
0.0270960330963,
0.0275731086731,
0.0276031494141,
0.0284459590912,
0.0323820114136,
0.0330538749695,
0.0252401828766,
0.0258231163025,
0.0306220054626,
0.0313329696655,
0.05335688591,
0.0536248683929,
0.0285251140594,
0.0297570228577,
0.0371699333191,
0.0383958816528,
0.0233099460602,
0.023638010025,
0.0249030590057,
0.0257341861725,
0.024649143219,
0.0256040096283,
0.0234019756317,
0.024384021759,
0.0242609977722,
0.0245659351349,
0.0212099552155,
0.0220100879669,
0.0278379917145,
0.0285069942474,
0.0386559963226,
0.0397810935974,
0.0312249660492,
0.0322349071503,
0.0255811214447,
0.0263781547546,
0.026880979538,
0.0274040699005,
0.0317900180817,
0.0331509113312,
0.0350139141083,
0.0359358787537,
0.0317471027374,
0.0330741405487,
0.0291819572449,
0.0306189060211,
0.0153977870941,
0.0314638614655,
0.0229160785675,
0.0241210460663,
0.0238020420074,
0.0240349769592,
0.033313035965,
0.0337510108948,
0.0199749469757,
0.0206370353699,
0.0276448726654,
0.028440952301,
0.03297996521,
0.0335719585419,
0.0250940322876,
0.0253391265869,
0.0227210521698,
0.0229949951172,
0.0275008678436,
0.0277018547058,
0.0256311893463,
0.0265910625458,
0.023148059845,
0.0234990119934,
0.0212779045105,
0.0215740203857,
0.0237059593201,
0.0238840579987,
0.0284419059753,
0.0286748409271,
0.0209140777588,
0.0211141109467,
0.023717880249,
0.023943901062,
0.0243990421295,
0.0246901512146,
0.0208899974823,
0.0213220119476,
0.0233130455017,
0.0236649513245,
0.0220108032227,
0.0225219726562,
0.0218131542206,
0.0231440067291,
0.0245859622955,
0.0248851776123,
0.0359010696411,
0.0361051559448,
0.0354099273682,
0.0355830192566,
0.0280649662018,
0.0283300876617,
0.033164024353,
0.0335910320282,
0.0418419837952,
0.0420610904694,
0.0143799781799,
0.0145781040192,
0.0250618457794,
0.0256969928741,
0.0324718952179,
0.0336139202118,
0.0265400409698,
0.0270659923553,
0.0248029232025,
0.0254149436951,
0.0225479602814,
0.0236189365387,
0.0340638160706,
0.0356059074402,
0.0322868824005,
0.0332360267639,
0.0388679504395,
0.0397231578827,
0.0282518863678,
0.0315699577332,
0.0324339866638,
0.0335299968719,
0.0342798233032,
0.035392999649,
0.0332598686218,
0.034187078476,
0.0305171012878,
0.0315849781036,
0.0401539802551,
0.0411419868469,
0.0375921726227,
0.0382940769196,
0.0226500034332,
0.0237381458282,
0.0313351154327,
0.0322620868683,
0.030993938446,
0.0319111347198,
0.0249381065369,
0.0262379646301,
0.0256350040436,
0.027281999588,
0.0274391174316,
0.0284380912781,
0.0309088230133,
0.0328969955444,
0.0406138896942,
0.040885925293,
0.0342490673065,
0.0352320671082,
0.0338430404663,
0.0351400375366,
0.0322239398956,
0.0331528186798,
0.0342268943787,
0.0352067947388,
0.0330100059509,
0.0340139865875,
0.0384271144867,
0.0390501022339,
0.034805059433,
0.0362441539764,
0.0292749404907,
0.0298149585724,
0.0302438735962,
0.0310180187225,
0.0250630378723,
0.0260188579559,
0.0337271690369,
0.0350210666656,
0.0344700813293,
0.0359950065613,
0.0305211544037,
0.0319550037384,
0.0351979732513,
0.036936044693,
0.0335280895233,
0.0348100662231,
0.0392961502075,
0.0408160686493,
0.032989025116,
0.0344049930573,
0.0314970016479,
0.0326268672943,
0.0370841026306,
0.0378410816193,
0.0321569442749,
0.0336079597473,
0.0320580005646,
0.0335209369659,
0.0408508777618,
0.0428199768066,
0.023638010025,
0.0251438617706,
0.0370769500732,
0.0378618240356,
0.0311019420624,
0.032191991806,
0.0331079959869,
0.0344989299774,
0.0300159454346,
0.0309290885925,
0.0393698215485,
0.0400619506836,
0.0282230377197,
0.0292229652405,
0.0244979858398,
0.0254528522491,
0.0288388729095,
0.0298190116882,
0.0288150310516,
0.0303139686584,
0.0365688800812,
0.0381188392639,
0.0293869972229,
0.0304291248322,
0.0362198352814,
0.0372409820557,
0.0300698280334,
0.0316438674927,
0.0314481258392,
0.033007144928,
0.0605239868164,
0.00539398193359,
0.0440208911896,
0.0455679893494,
0.0223112106323,
0.0228931903839,
0.0273311138153,
0.028076171875,
0.0292468070984,
0.0297949314117,
0.035441160202,
0.0362601280212,
0.0385828018188,
0.0400538444519,
0.0268661975861,
0.0275070667267,
0.0321609973907,
0.03280210495,
0.0292611122131,
0.0298221111298,
0.0606291294098,
0.00506591796875,
0.0336449146271,
0.0352199077606,
0.0291771888733,
0.0302209854126,
0.025377035141,
0.0261738300323,
0.043151140213,
0.0435199737549,
0.0315358638763,
0.0320358276367,
0.0377700328827,
0.0384299755096,
0.0273070335388,
0.0279700756073,
0.0179059505463,
0.0329520702362,
0.0341439247131,
0.0350158214569,
0.0198080539703,
0.0466730594635,
0.0401999950409,
0.0404050350189,
0.0330510139465,
0.0343241691589,
0.0320510864258,
0.0331170558929,
0.0296900272369,
0.0305438041687,
0.0316998958588,
0.0324559211731,
0.0271499156952,
0.02751994133,
0.0293579101562,
0.0297470092773,
0.0489180088043,
0.0493240356445,
0.0302150249481,
0.03098487854,
0.0238528251648,
0.0247488021851,
0.0270369052887,
0.0280458927155,
0.0295588970184,
0.0300719738007,
0.0280609130859,
0.029275894165,
0.0368888378143,
0.0377888679504,
0.0325429439545,
0.034795999527,
0.0177969932556,
0.0319249629974,
0.0271019935608,
0.027407169342,
0.034679889679,
0.0363399982452,
0.0246999263763,
0.0262050628662,
0.0306558609009,
0.0309479236603,
0.0264408588409,
0.0272419452667,
0.0234699249268,
0.0237228870392,
0.0298581123352,
0.0301148891449,
0.0235521793365,
0.024010181427,
0.0233120918274,
0.0236239433289,
0.0236189365387,
0.0238509178162,
0.0245590209961,
0.0249888896942,
0.0251569747925,
0.0255789756775,
0.0224099159241,
0.0227508544922,
0.0281069278717,
0.028333902359,
0.0250380039215,
0.0255389213562,
0.0229969024658,
0.0237619876862,
0.0249040126801,
0.0251669883728,
0.025374174118,
0.0258791446686,
0.0233969688416,
0.0237970352173,
0.0237081050873,
0.0241241455078,
0.0260331630707,
0.0262980461121,
0.0272610187531,
0.0277581214905,
0.0239119529724,
0.0242450237274,
0.0250198841095,
0.0252940654755,
0.0246028900146,
0.0248639583588,
0.0367529392242,
0.037682056427,
0.0226578712463,
0.0229489803314,
0.0231380462646,
0.0234980583191,
0.0250351428986,
0.0254061222076,
0.0291619300842,
0.0299849510193,
0.0234379768372,
0.0239250659943,
0.0280339717865,
0.0282688140869,
0.0209767818451,
0.0211877822876,
0.0210468769073,
0.0212738513947,
0.0212950706482,
0.0215940475464,
0.0211868286133,
0.021605014801,
0.0291590690613,
0.0295240879059,
0.0211610794067,
0.0214920043945,
0.0236110687256,
0.0238380432129,
0.0246059894562,
0.0248129367828,
0.0231490135193,
0.0234708786011,
0.023903131485,
0.0249841213226,
0.021390914917,
0.0216529369354,
0.0212988853455,
0.0216739177704,
0.0235240459442,
0.0241150856018,
0.0358037948608,
0.0364170074463,
0.0267012119293,
0.0270340442657,
0.0322771072388,
0.032516002655,
0.0255379676819,
0.0259709358215,
0.0449910163879,
0.0452988147736,
0.0349729061127,
0.0354399681091,
0.0434920787811,
0.0437569618225,
0.0331251621246,
0.0335810184479,
0.0389139652252,
0.0391399860382,
0.0345380306244,
0.0349051952362,
0.0268249511719,
0.0277879238129,
0.0235569477081,
0.0247030258179,
0.032478094101,
0.0334360599518,
0.0275430679321,
0.0287580490112,
0.0242619514465,
0.0252120494843,
0.0290229320526,
0.0306100845337,
0.0695610046387,
0.0729250907898,
0.0437879562378,
0.0444710254669,
0.078232049942,
0.0787389278412,
0.0404059886932,
0.0425360202789,
0.0887150764465,
0.027713060379,
0.0644481182098,
0.00646686553955,
0.0749299526215,
0.0158870220184,
0.0671520233154,
0.0678079128265,
0.0502738952637,
0.0505859851837,
0.0397629737854,
0.0401129722595,
0.0993499755859,
0.100339889526,
0.0677390098572,
0.0680439472198,
0.056608915329,
0.0576848983765,
0.148031949997,
0.149263143539,
0.120682001114,
0.121308088303,
0.0695641040802,
0.0704820156097,
0.123857975006,
0.124819993973,
0.0749340057373,
0.0241451263428,
0.050076007843,
0.00148820877075,
0.0279171466827,
0.0284290313721,
0.090390920639,
0.0907111167908,
0.0506138801575,
0.0012469291687,
0.0461161136627,
0.0478761196136,
0.043890953064,
0.0450260639191,
0.025297164917,
0.0260729789734,
0.0447559356689,
0.045646905899,
0.0504961013794,
0.00249099731445,
0.0339541435242,
0.0346231460571,
0.0306859016418,
0.032075881958,
0.034325838089,
0.0355579853058,
0.0308969020844,
0.0320739746094,
0.0268490314484,
0.0271899700165,
0.0317468643188,
0.0328149795532,
0.0343961715698,
0.0352070331573,
0.0667948722839,
0.0186159610748,
0.0426969528198,
0.043604850769,
0.0269870758057,
0.0276970863342,
0.0299389362335,
0.0311079025269,
0.0451619625092,
0.047012090683,
0.028491973877,
0.0296421051025,
0.0323240756989,
0.0334429740906,
0.0359859466553,
0.0375440120697,
0.0383040904999,
0.039290189743,
0.0365798473358,
0.037703037262,
0.033695936203,
0.0347399711609,
0.0345468521118,
0.0362849235535,
0.0297608375549,
0.0300018787384,
0.0395510196686,
0.0398900508881,
0.0301260948181,
0.0303690433502,
0.0392000675201,
0.0393989086151,
0.0429658889771,
0.0434529781342,
0.0625939369202,
0.0029501914978,
0.0292110443115,
0.0296051502228,
0.0471999645233,
0.0476150512695,
0.0397000312805,
0.0405099391937,
0.0411939620972,
0.042387008667,
0.0279791355133,
0.0283439159393,
0.0249660015106,
0.0259449481964,
0.0279769897461,
0.0283260345459,
0.0344581604004,
0.0349540710449,
0.0403859615326,
0.0417859554291,
0.0349190235138,
0.0356590747833,
0.0770978927612,
0.00242805480957,
0.0358779430389,
0.0364270210266,
0.0326299667358,
0.0333390235901,
0.0265340805054,
0.0268421173096,
0.0541019439697,
0.0543930530548,
0.0291650295258,
0.0295000076294,
0.0691549777985,
0.0694379806519,
0.0264570713043,
0.026673078537,
0.0428988933563,
0.0436398983002,
0.0246520042419,
0.0257601737976,
0.0476169586182,
0.0491399765015,
0.0618810653687,
0.00228714942932,
0.0219731330872,
0.0226440429688,
0.0648019313812,
0.00220990180969,
0.0366499423981,
0.039134979248,
0.0589799880981,
0.059534072876,
0.0314021110535,
0.0320651531219,
0.0273749828339,
0.0285661220551,
0.0258481502533,
0.0269019603729,
0.0277299880981,
0.0289268493652,
0.03160405159,
0.0328528881073,
0.044075012207,
0.0447731018066,
0.0248420238495,
0.0259330272675,
0.0393390655518,
0.0396430492401,
0.0166790485382,
0.0272619724274,
0.0259749889374,
0.0268878936768,
0.0387008190155,
0.0399329662323,
0.0249650478363,
0.0254349708557,
0.0265619754791,
0.0273230075836,
0.0327980518341,
0.033951997757,
0.0212500095367,
0.0214920043945,
0.0291719436646,
0.0297169685364,
0.0294160842896,
0.0297069549561,
0.0237429141998,
0.0240769386292,
0.032201051712,
0.033637046814,
0.0296609401703,
0.0304880142212,
0.0380709171295,
0.0383939743042,
0.0650880336761,
0.00222086906433,
0.0320379734039,
0.033017873764,
0.0748479366302,
0.0753748416901,
0.0445249080658,
0.045590877533,
0.0644018650055,
0.00459098815918,
0.0204091072083,
0.0208420753479,
0.0205409526825,
0.0402851104736,
0.0582180023193,
0.00162887573242,
0.0333249568939,
0.0335547924042,
0.0410938262939,
0.0422220230103,
0.0708439350128,
0.00288486480713,
0.0288069248199,
0.0295798778534,
0.0248408317566,
0.0255839824677,
0.036299943924,
0.0366261005402,
0.0548269748688,
0.0558619499207,
0.0260260105133,
0.0271608829498,
0.0214579105377,
0.0232310295105,
0.0771420001984,
0.0773639678955,
0.0861389636993,
0.0272119045258,
0.0625560283661,
0.00427579879761,
0.0227138996124,
0.0230839252472,
0.0164279937744,
0.0167181491852,
0.0164659023285,
0.04771900177,
0.0369219779968,
0.037752866745,
0.104341030121,
0.0443630218506,
0.0769290924072,
0.0777461528778,
0.0454099178314,
0.0557520389557,
0.0283560752869,
0.0287749767303,
0.0300350189209,
0.0302958488464,
0.0232269763947,
0.0235290527344,
0.0282168388367,
0.0293629169464,
0.0282800197601,
0.0285339355469,
0.0252680778503,
0.0254790782928,
0.0242481231689,
0.0245931148529,
0.0210580825806,
0.0216109752655,
0.0372669696808,
0.0382871627808,
0.0303540229797,
0.0309429168701,
0.0428929328918,
0.0447490215302,
0.0360150337219,
0.0367059707642,
0.030415058136,
0.0306880474091,
0.0655388832092,
0.016932964325,
0.0502560138702,
0.0506951808929,
0.0315358638763,
0.032212972641,
0.0750529766083,
0.0266110897064,
0.0647759437561,
0.0175669193268,
0.0508060455322,
0.0518498420715,
0.0370659828186,
0.038064956665,
0.0273680686951,
0.0280981063843,
0.0313031673431,
0.0319559574127,
0.0316281318665,
0.031919002533,
0.0296671390533,
0.0304989814758,
0.0143430233002,
0.0266668796539,
0.0249519348145,
0.0254499912262,
0.0226559638977,
0.0228779315948,
0.0282759666443,
0.028461933136,
0.0220990180969,
0.0225191116333,
0.0385971069336,
0.0387752056122,
0.0290358066559,
0.029237985611,
0.026878118515,
0.027092218399,
0.0248148441315,
0.0250608921051,
0.0345251560211,
0.0348131656647,
0.0240590572357,
0.0242660045624,
0.0349228382111,
0.035208940506,
0.0288789272308,
0.0291719436646,
0.0259790420532,
0.0262358188629,
0.0314660072327,
0.0323479175568,
0.0299499034882,
0.030809879303,
0.0382289886475,
0.0388090610504,
0.0255398750305,
0.0279278755188,
0.0380830764771,
0.0390431880951,
0.0807540416718,
0.0810160636902,
0.0782477855682,
0.0789539813995,
0.0392551422119,
0.040137052536,
0.027095079422,
0.0279588699341,
0.0254318714142,
0.0262320041656,
0.0226800441742,
0.0232470035553,
0.035227060318,
0.0361130237579,
0.0291800498962,
0.0296640396118,
0.028293132782,
0.0292301177979,
0.0279741287231,
0.0289480686188,
0.0251679420471,
0.0260591506958,
0.0275020599365,
0.028256893158,
0.0250930786133,
0.0266120433807,
0.0278069972992,
0.0281789302826,
0.0276639461517,
0.0282940864563,
0.0332291126251,
0.0339500904083,
0.033616065979,
0.0346691608429,
0.0239601135254,
0.0248639583588,
0.0234229564667,
0.0243430137634,
0.0252959728241,
0.0259940624237,
0.0281708240509,
0.0309708118439,
0.0290620326996,
0.0295431613922,
0.016753911972,
0.0170040130615,
0.039567232132,
0.0402140617371,
0.0284130573273,
0.0291199684143,
0.0353598594666,
0.0362629890442,
0.0321018695831,
0.0328929424286,
0.0292501449585,
0.030179977417,
0.0265591144562,
0.0275731086731,
0.0251410007477,
0.0262920856476,
0.0249450206757,
0.0259990692139,
0.0288259983063,
0.0297341346741,
0.0255892276764,
0.0267081260681,
0.050449848175,
0.05064702034,
0.0319499969482,
0.0323619842529,
0.0280740261078,
0.0292141437531,
0.02472615242,
0.0249681472778,
0.0819888114929,
0.0827279090881,
0.0723769664764,
0.0730459690094,
0.0479619503021,
0.0482890605927,
0.0406591892242,
0.0421261787415,
0.0676319599152,
0.0683569908142,
0.0808591842651,
0.0159201622009,
0.0655710697174,
0.0661840438843,
0.0939111709595,
0.0941400527954,
0.0462160110474,
0.0466001033783,
0.0236740112305,
0.0238959789276,
0.0674028396606,
0.0209069252014,
0.0657939910889,
0.0660619735718,
0.0450131893158,
0.0453691482544,
0.0310339927673,
0.0313491821289,
0.0659880638123,
0.0662651062012,
0.0885410308838,
0.0888018608093,
0.0516941547394,
0.0025520324707,
0.0385329723358,
0.0393900871277,
0.02858710289,
0.0296568870544,
0.0790178775787,
0.0803108215332,
0.0436799526215,
0.0439488887787,
0.0711750984192,
0.0715811252594,
0.0473268032074,
0.0475080013275,
0.0599238872528,
0.00222396850586,
0.0295879840851,
0.0298449993134,
0.0436010360718,
0.0438890457153,
0.153439044952,
0.153647899628,
0.0374400615692,
0.0383319854736,
0.0296130180359,
0.0304319858551,
0.0864880084991,
0.0872950553894,
0.052680015564,
0.0530910491943,
0.0542361736298,
0.054603099823,
0.0405471324921,
0.0409049987793,
0.035441160202,
0.0358109474182,
0.0427510738373,
0.0429401397705,
0.100623130798,
0.100973129272,
0.110134840012,
0.110502004623,
0.14529299736,
0.145903110504,
0.18642282486,
0.186624765396,
0.193907976151,
0.194550991058,
0.161863088608,
0.108675003052,
0.138890028,
0.139159917831,
0.104931116104,
0.105175971985,
0.0639178752899,
0.0645639896393,
0.0307619571686,
0.0309607982635,
0.0247409343719,
0.0250430107117,
0.0270311832428,
0.0282340049744,
0.0279459953308,
0.0283041000366,
0.0303959846497,
0.0320150852203,
0.0243320465088,
0.0252819061279,
0.0254118442535,
0.0256969928741,
0.0225470066071,
0.0227611064911,
0.0322861671448,
0.0325820446014,
0.033616065979,
0.0340349674225,
0.0264899730682,
0.0268440246582,
0.0280330181122,
0.0283958911896,
0.0292980670929,
0.0294830799103,
0.023411989212,
0.0238869190216,
0.0288438796997,
0.0291738510132,
0.0258338451385,
0.0261068344116,
0.0234861373901,
0.023814201355,
0.0289480686188,
0.0291819572449,
0.0343949794769,
0.0345849990845,
0.0279731750488,
0.0292811393738,
0.0296039581299,
0.0306298732758,
0.0273292064667,
0.0285019874573,
0.0303130149841,
0.0307660102844,
0.0339150428772,
0.0342140197754,
0.0280139446259,
0.0284421443939,
0.0336709022522,
0.0338959693909,
0.0273849964142,
0.0276689529419,
0.0334250926971,
0.0337190628052,
0.0387990474701,
0.0391130447388,
0.0282001495361,
0.0285971164703,
0.02570104599,
0.0261881351471,
0.026839017868,
0.0270810127258,
0.0284659862518,
0.0287129878998,
0.0239298343658,
0.0246949195862,
0.0255808830261,
0.0266468524933,
0.022420167923,
0.022970199585,
0.0269110202789,
0.0276079177856,
0.0232660770416,
0.023542881012,
0.0390520095825,
0.0396349430084,
0.0281510353088,
0.0287668704987,
0.0242080688477,
0.024866104126,
0.0268459320068,
0.0275559425354,
0.0293169021606,
0.0299499034882,
0.0263669490814,
0.0277109146118,
0.0207870006561,
0.021625995636,
0.0398840904236,
0.0405311584473,
0.0285949707031,
0.0294489860535,
0.0262348651886,
0.0270028114319,
0.0245070457458,
0.0254390239716,
0.0224897861481,
0.0231959819794,
0.0281178951263,
0.0288379192352,
0.021115064621,
0.0218529701233,
0.0340900421143,
0.0349810123444,
0.0250248908997,
0.0255310535431,
0.0318210124969,
0.0327379703522,
0.0283391475677,
0.0292801856995,
0.0283219814301,
0.0291509628296,
0.0360419750214,
0.0366430282593,
0.0284509658813,
0.0291230678558,
0.0281319618225,
0.0291819572449,
0.0311319828033,
0.0319030284882,
0.0295159816742,
0.0303678512573,
0.0377678871155,
0.0390310287476,
0.0292420387268,
0.0295431613922,
0.0189859867096,
0.0329358577728,
0.0399050712585,
0.0411858558655,
0.0503158569336,
0.050488948822,
0.029865026474,
0.0488440990448,
0.0309062004089,
0.0317711830139,
0.0248069763184,
0.0252101421356,
0.0244109630585,
0.0246710777283,
0.0396988391876,
0.0401220321655,
0.0566830635071,
0.0576729774475,
0.100805997849,
0.0333199501038,
0.0638990402222,
0.0644021034241,
0.0272459983826,
0.0275800228119,
0.0227160453796,
0.0229501724243,
0.0237078666687,
0.0241148471832,
0.0283360481262,
0.028694152832,
0.0218930244446,
0.0221090316772,
0.0468170642853,
0.047837972641,
0.0259139537811,
0.0261449813843,
0.0257461071014,
0.0261790752411,
0.0704929828644,
0.0707409381866,
0.0574049949646,
0.057844877243,
0.0700640678406,
0.070258140564,
0.04936003685,
0.0496151447296,
0.0349328517914,
0.0352108478546,
0.0340831279755,
0.0343470573425,
0.0333919525146,
0.0336329936981,
0.0419981479645,
0.042289018631,
0.0610480308533,
0.0613582134247,
0.0494861602783,
0.00183200836182,
0.0387849807739,
0.0391459465027,
0.037880897522,
0.0382781028748,
0.0232708454132,
0.0234818458557,
0.0700709819794,
0.0704801082611,
0.0342359542847,
0.0347149372101,
0.0511860847473,
0.0515339374542,
0.0392889976501,
0.0403759479523,
0.0921368598938,
0.0930399894714,
0.0691959857941,
0.0699419975281,
0.060319185257,
0.0610899925232,
0.0396430492401,
0.0408780574799,
0.0438051223755,
0.0478920936584,
0.048889875412,
0.0491468906403,
0.0385921001434,
0.0397431850433,
0.0507941246033,
0.0510911941528,
0.0444741249084,
0.0446839332581,
0.0855770111084,
0.0146548748016,
0.0445020198822,
0.0455160140991,
0.0397939682007,
0.040755033493,
0.0388760566711,
0.039293050766,
0.0336360931396,
0.0339140892029,
0.0347759723663,
0.0360209941864,
0.0403990745544,
0.0420830249786,
0.0374319553375,
0.0377011299133,
0.0490469932556,
0.0492780208588,
0.080258846283,
0.0806369781494,
0.0512049198151,
0.0516519546509,
0.0284540653229,
0.0296549797058,
0.0243589878082,
0.024689912796,
0.0307900905609,
0.0312440395355,
0.0393800735474,
0.041347026825,
0.0333638191223,
0.033704996109,
0.0248618125916,
0.0252349376678,
0.027764081955,
0.0279901027679,
0.0249390602112,
0.0251750946045,
0.0246748924255,
0.0248939990997,
0.0257530212402,
0.0266060829163,
0.0287868976593,
0.0290241241455,
0.0238420963287,
0.02410197258,
0.0235788822174,
0.0239419937134,
0.0273640155792,
0.0275859832764,
0.0230331420898,
0.0233991146088,
0.0277469158173,
0.0281820297241,
0.0281240940094,
0.0285310745239,
0.0269160270691,
0.0271351337433,
0.0237860679626,
0.0242478847504,
0.0292840003967,
0.0297069549561,
0.0227129459381,
0.0229060649872,
0.0240058898926,
0.0242788791656,
0.0249578952789,
0.0251388549805,
0.0221688747406,
0.0223569869995,
0.0280568599701,
0.0282969474792,
0.0295321941376,
0.0297410488129,
0.0234670639038,
0.0237231254578,
0.0295920372009,
0.0298700332642,
0.0221819877625,
0.0224230289459,
0.0234429836273,
0.0238330364227,
0.029116153717,
0.0306880474091,
0.0240638256073,
0.0243170261383,
0.0239279270172,
0.0242719650269,
0.0228908061981,
0.0231018066406,
0.0251939296722,
0.0254938602448,
0.0223958492279,
0.0234518051147,
0.030385017395,
0.0311470031738,
0.0247509479523,
0.0249519348145,
0.0226430892944,
0.0230810642242,
0.0239500999451,
0.0242350101471,
0.0231328010559,
0.0233509540558,
0.0252289772034,
0.0254390239716,
0.0226058959961,
0.0229170322418,
0.0316159725189,
0.0324020385742,
0.0279450416565,
0.0283119678497,
0.0239429473877,
0.024160861969,
0.0269858837128,
0.0273168087006,
0.0236189365387,
0.0239930152893,
0.0272390842438,
0.0275130271912,
0.0367457866669,
0.0370090007782,
0.0259659290314,
0.0262870788574,
0.0278098583221,
0.0281658172607,
0.0291230678558,
0.0294759273529,
0.0248208045959,
0.0252687931061,
0.0277898311615,
0.028235912323,
0.0280148983002,
0.0282530784607,
0.0244839191437,
0.0248939990997,
0.0243909358978,
0.0246639251709,
0.0247440338135,
0.0251009464264,
0.024365901947,
0.0246560573578,
0.0279550552368,
0.0281698703766,
0.028960943222,
0.029219865799,
0.0253400802612,
0.0255351066589,
0.0246970653534,
0.0248970985413,
0.0234138965607,
0.0243878364563,
0.0237159729004,
0.023933172226,
0.0273458957672,
0.0278329849243,
0.0246448516846,
0.0250699520111,
0.0233111381531,
0.0236921310425,
0.0232701301575,
0.0234770774841,
0.0220131874084,
0.0222041606903,
0.0217959880829,
0.0221970081329,
0.0242800712585,
0.0246429443359,
0.0318360328674,
0.0322451591492,
0.023365020752,
0.0237710475922,
0.0257890224457,
0.0260689258575,
0.0207078456879,
0.0209498405457,
0.0243787765503,
0.0247287750244,
0.0218970775604,
0.0222330093384,
0.0273201465607,
0.0277271270752,
0.0325908660889,
0.032958984375,
0.0264630317688,
0.0268888473511,
0.0249691009521,
0.0252101421356,
0.0206801891327,
0.0209181308746,
0.0320129394531,
0.0324249267578,
0.021980047226,
0.0222680568695,
0.0253460407257,
0.025582075119,
0.0215649604797,
0.0217730998993,
0.0260510444641,
0.0266990661621,
0.0224990844727,
0.0228371620178,
0.0220999717712,
0.0223619937897,
0.021656036377,
0.022155046463,
0.0251989364624,
0.0254340171814,
0.0165200233459,
0.0291030406952,
0.0263848304749,
0.0275008678436,
0.0233929157257,
0.0237309932709,
0.0229148864746,
0.0233068466187,
0.0284738540649,
0.0287449359894,
0.0286629199982,
0.0288789272308,
0.0250179767609,
0.0252029895782,
0.0292141437531,
0.029443025589,
0.0288369655609,
0.0292608737946,
0.0373589992523,
0.0377688407898,
0.0241539478302,
0.0249319076538,
0.0701088905334,
0.0155091285706,
0.060250043869,
0.0606050491333,
0.040176153183,
0.0405421257019,
0.0396678447723,
0.0400099754333,
0.0346670150757,
0.0349900722504,
0.0742869377136,
0.0747199058533,
0.0740718841553,
0.0743839740753,
0.0505311489105,
0.0508069992065,
0.0307450294495,
0.0316979885101,
0.0234930515289,
0.0247070789337,
0.0377798080444,
0.0384387969971,
0.0319969654083,
0.0330550670624,
0.0256319046021,
0.0264549255371,
0.04021692276,
0.0406138896942,
0.0243079662323,
0.0246109962463,
0.0379278659821,
0.038330078125,
0.0255300998688,
0.0266170501709,
0.0261888504028,
0.0272028446198,
0.0315818786621,
0.0326199531555,
0.0498108863831,
0.0501990318298,
0.0391750335693,
0.0418100357056,
0.0324449539185,
0.0328719615936,
0.0420029163361,
0.0422768592834,
0.0906891822815,
0.0202758312225,
0.0496480464935,
0.0498969554901,
0.0308511257172,
0.0311250686646,
0.0461809635162,
0.0466039180756,
0.0507190227509,
0.0511739253998,
0.0291819572449,
0.0300469398499,
0.0233211517334,
0.0235450267792,
0.0276079177856,
0.0278689861298,
0.0245780944824,
0.0247619152069,
0.0217552185059,
0.0221412181854,
0.0233430862427,
0.0235600471497,
0.0212819576263,
0.0215239524841,
0.0255520343781,
0.0261039733887,
0.0543558597565,
0.00241899490356,
0.0322651863098,
0.0335831642151,
0.0490560531616,
0.0494759082794,
0.0337247848511,
0.0341768264771,
0.0333240032196,
0.0335869789124,
0.0494601726532,
0.0497992038727,
0.0466928482056,
0.0469889640808,
0.0402989387512,
0.0405769348145,
0.0429499149323,
0.0432460308075,
0.0791997909546,
0.0795300006866,
0.0463361740112,
0.0471730232239,
0.135522127151,
0.136498212814,
0.094486951828,
0.0419149398804,
0.0790491104126,
0.0793108940125,
0.0564270019531,
0.0566899776459,
0.0700340270996,
0.0705230236053,
0.0403890609741,
0.0420079231262,
0.0593829154968,
0.0599770545959,
0.0356359481812,
0.0367019176483,
0.023323059082,
0.0237150192261,
0.0337491035461,
0.034912109375,
0.0234568119049,
0.0244839191437,
0.022442817688,
0.0227580070496,
0.021201133728,
0.0215320587158,
0.0256729125977,
0.0265519618988,
0.0239341259003,
0.0241191387177,
0.024092912674,
0.0247509479523,
0.0255961418152,
0.0263221263885,
0.0299820899963,
0.0314791202545,
0.0281159877777,
0.0285511016846,
0.0242278575897,
0.0245518684387,
0.0221610069275,
0.0226829051971,
0.0259249210358,
0.0267579555511,
0.0275530815125,
0.0279819965363,
0.0337688922882,
0.0343461036682,
0.0319058895111,
0.0321199893951,
0.0293810367584,
0.0303330421448,
0.0269379615784,
0.0283410549164,
0.0290179252625,
0.0307438373566,
0.0257251262665,
0.02596616745,
0.0286200046539,
0.028923034668,
0.0334060192108,
0.0336301326752,
0.0302760601044,
0.0305490493774,
0.0238749980927,
0.0241160392761,
0.0258781909943,
0.026123046875,
0.0275030136108,
0.0278668403625,
0.0294091701508,
0.0295920372009,
0.0271558761597,
0.0273518562317,
0.0289602279663,
0.0292060375214,
0.0225529670715,
0.0231618881226,
0.0250639915466,
0.0254700183868,
0.0220739841461,
0.0223340988159,
0.023530960083,
0.0244119167328,
0.0269248485565,
0.0276999473572,
0.0319821834564,
0.0328531265259,
0.0264139175415,
0.0267708301544,
0.0139310359955,
0.0141959190369,
0.0195732116699,
0.0200672149658,
0.0156447887421,
0.0158739089966,
0.0214791297913,
0.0217790603638,
0.0267779827118,
0.0269908905029,
0.0249509811401,
0.025139093399,
0.0265028476715,
0.026802778244,
0.0242290496826,
0.0246272087097,
0.0262200832367,
0.0265641212463,
0.0324540138245,
0.0328521728516,
0.0336110591888,
0.0339469909668,
0.0804629325867,
0.0808169841766,
0.0550849437714,
0.0554249286652,
0.0224587917328,
0.0236208438873,
0.0303661823273,
0.0313971042633,
0.0397529602051,
0.0402231216431,
0.0485010147095,
0.0494000911713,
0.117843151093,
0.118511199951,
0.061931848526,
0.0625488758087,
0.024628162384,
0.0254371166229,
0.0264999866486,
0.0279331207275,
0.0238800048828,
0.0244081020355,
0.0288419723511,
0.0295660495758,
0.0263369083405,
0.0274059772491,
0.0213260650635,
0.0215668678284,
0.02357006073,
0.0239629745483,
0.0222821235657,
0.0225880146027,
0.0286650657654,
0.0290141105652,
0.0250298976898,
0.0252900123596,
0.0238420963287,
0.0248250961304,
0.0228779315948,
0.0238499641418,
0.0223088264465,
0.022519826889,
0.0252389907837,
0.025799036026,
0.0289800167084,
0.0299000740051,
0.0210149288177,
0.0212309360504,
0.0221259593964,
0.0226678848267,
0.0242259502411,
0.0269119739532,
0.0345468521118,
0.0369429588318,
0.0329928398132,
0.034129858017,
0.0268630981445,
0.027801990509,
0.0350739955902,
0.0360150337219,
0.0336489677429,
0.0370910167694,
0.0282158851624,
0.0294938087463,
0.0267820358276,
0.0278940200806,
0.037220954895,
0.0386290550232,
0.0464580059052,
0.0468549728394,
0.0343391895294,
0.034793138504,
0.075511932373,
0.0122480392456,
0.038428068161,
0.0400371551514,
0.0255041122437,
0.0269310474396,
0.0413730144501,
0.0415680408478,
0.0250549316406,
0.0253090858459,
0.0236930847168,
0.0245161056519,
0.0271689891815,
0.0284988880157,
0.0245189666748,
0.0247538089752,
0.025071144104,
0.0252640247345,
0.0238227844238,
0.0240828990936,
0.0275049209595,
0.0281000137329,
0.0291421413422,
0.0293850898743,
0.0399498939514,
0.0402810573578,
0.0398728847504,
0.0402050018311,
0.0752301216125,
0.0755231380463,
0.0585589408875,
0.0591289997101,
0.0296108722687,
0.0298368930817,
0.0722668170929,
0.0725839138031,
0.0401477813721,
0.0412309169769,
0.0279660224915,
0.0282518863678,
0.0290381908417,
0.0292391777039,
0.0300831794739,
0.0305211544037,
0.0245389938354,
0.0253081321716,
0.0357429981232,
0.0364060401917,
0.0322828292847,
0.0330278873444,
0.0509719848633,
0.00283908843994,
0.0320949554443,
0.0331969261169,
0.0270688533783,
0.0294258594513,
0.0317680835724,
0.0325438976288,
0.0408070087433,
0.0420999526978,
0.0442368984222,
0.0451190471649,
0.0249669551849,
0.0262949466705,
0.023756980896,
0.02494597435,
0.0246059894562,
0.0249259471893,
0.0288898944855,
0.0292010307312,
0.0283930301666,
0.0288360118866,
0.0742151737213,
0.015280008316,
0.0371248722076,
0.0380609035492,
0.0305631160736,
0.0316359996796,
0.0271899700165,
0.028223991394,
0.0327851772308,
0.033634185791,
0.0399768352509,
0.0420029163361,
0.0225439071655,
0.0234839916229,
0.0736200809479,
0.0187609195709,
0.0486469268799,
0.049742937088,
0.047226190567,
0.0480680465698,
0.0332248210907,
0.0345029830933,
0.0234260559082,
0.0237710475922,
0.0279569625854,
0.0284399986267,
0.0586659908295,
0.0592069625854,
0.0308780670166,
0.0311100482941,
0.0310680866241,
0.0316741466522,
0.029541015625,
0.030660867691,
0.0277569293976,
0.0287539958954,
0.0266389846802,
0.0276119709015,
0.0319559574127,
0.032655954361,
0.03733086586,
0.0385360717773,
0.0342028141022,
0.0348489284515,
0.0290908813477,
0.0302798748016,
0.0317161083221,
0.0322911739349,
0.0319809913635,
0.0332899093628,
0.0341169834137,
0.0345358848572,
0.0325560569763,
0.0330080986023,
0.031102180481,
0.0313110351562,
0.0214600563049,
0.0221891403198,
0.0345859527588,
0.0354199409485,
0.0239319801331,
0.0247089862823,
0.0293068885803,
0.0301458835602,
0.0265350341797,
0.0271730422974,
0.0358560085297,
0.0372359752655,
0.0120151042938,
0.0125799179077,
0.0381350517273,
0.0390539169312,
0.0227379798889,
0.0230159759521,
0.0232238769531,
0.0234990119934,
0.0284390449524,
0.0287849903107,
0.0238499641418,
0.0246448516846,
0.0248630046844,
0.0255029201508,
0.0267078876495,
0.0277209281921,
0.0135848522186,
0.0139298439026,
0.0263431072235,
0.0275509357452,
0.024002790451,
0.02476978302,
0.0252530574799,
0.0261778831482,
0.045835018158,
0.0469269752502,
0.0243699550629,
0.0251169204712,
0.0281918048859,
0.0289549827576,
0.0820519924164,
0.0823760032654,
0.0579659938812,
0.0585129261017,
0.0477468967438,
0.0485730171204,
0.0293941497803,
0.0302109718323,
0.105329990387,
0.106169939041,
0.124865055084,
0.12580704689,
0.140580177307,
0.14168715477,
0.0927839279175,
0.0939719676971,
0.0707230567932,
0.0715100765228,
0.0284860134125,
0.03919506073,
0.0259640216827,
0.026741027832,
0.0851898193359,
0.085795879364,
0.0662789344788,
0.067095041275,
0.0398461818695,
0.0406789779663,
0.029452085495,
0.0301859378815,
0.0350608825684,
0.0358669757843,
0.0245628356934,
0.0257518291473,
0.0778429508209,
0.0788259506226,
0.0595510005951,
0.0601069927216,
0.0252830982208,
0.0257711410522,
0.0265710353851,
0.0272951126099,
0.0247440338135,
0.0252819061279,
0.0336539745331,
0.034373998642,
0.0144848823547,
0.0148508548737,
0.021742105484,
0.022677898407,
0.0238490104675,
0.0250329971313,
0.0184049606323,
0.0190269947052,
0.0266809463501,
0.0277421474457,
0.0289950370789,
0.029815196991,
0.0280721187592,
0.0294251441956,
0.0236258506775,
0.0244438648224,
0.0352830886841,
0.0357160568237,
0.0317549705505,
0.0324819087982,
0.0160779953003,
0.0371289253235,
0.0240268707275,
0.0242838859558,
0.0168120861053,
0.0268530845642,
0.0306468009949,
0.0318319797516,
0.0287978649139,
0.0293698310852,
0.033833026886,
0.0345981121063,
0.0273509025574,
0.0276169776917,
0.0339729785919,
0.0349099636078,
0.023078918457,
0.0238680839539,
0.0276889801025,
0.0281090736389,
0.026163816452,
0.0272529125214,
0.0233111381531,
0.0235562324524,
0.0282049179077,
0.0292539596558,
0.0239450931549,
0.0248441696167,
0.0243890285492,
0.0248520374298,
0.0240437984467,
0.0252377986908,
0.0301420688629,
0.030965089798,
0.0261828899384,
0.0275828838348,
0.0248770713806,
0.0252110958099,
0.0364971160889,
0.0368721485138,
0.029552936554,
0.0299999713898,
0.0229489803314,
0.0233039855957,
0.0267808437347,
0.0269899368286,
0.0241799354553,
0.024482011795,
0.0269000530243,
0.0271391868591,
0.0233628749847,
0.0235619544983,
0.0294709205627,
0.0296959877014,
0.0281591415405,
0.0284740924835,
0.0341379642487,
0.0344121456146,
0.0289180278778,
0.0293328762054,
0.0258300304413,
0.0260360240936,
0.0234069824219,
0.0236878395081,
0.0281429290771,
0.028666973114,
0.0327680110931,
0.0330290794373,
0.0297610759735,
0.030179977417,
0.0