0.0435411930084
0.0437791347504
0.0331618785858
0.0334239006042
0.0325989723206
0.0328729152679
0.0303997993469
0.0305888652802
0.0261309146881
0.0275979042053
0.0369548797607
0.0371358394623
0.0280029773712
0.0287020206451
0.0339050292969
0.0346660614014
0.033038854599
0.0332360267639
0.0367000102997
0.0372951030731
0.0268800258636
0.027724981308
0.0492079257965
0.0493841171265
0.02800989151
0.0284950733185
0.0282979011536
0.0285198688507
0.0330450534821
0.0332310199738
0.026606798172
0.026951789856
0.036269903183
0.0366039276123
0.036285161972
0.0364961624146
0.0274250507355
0.0276091098785
0.0433251857758
0.0440821647644
0.0521011352539
0.052796125412
0.029923915863
0.0302159786224
0.0354759693146
0.0356619358063
0.0278079509735
0.0279729366302
0.033194065094
0.0334870815277
0.0511457920074
0.0514669418335
0.0376279354095
0.0380539894104
0.0367109775543
0.0369729995728
0.0233888626099
0.024199962616
0.0282599925995
0.0291860103607
0.0325260162354
0.0336260795593
0.0271399021149
0.0273640155792
0.0312058925629
0.0323059558868
0.0331029891968
0.0351138114929
0.0254371166229
0.0266301631927
0.0301139354706
0.0309689044952
0.0284459590912
0.0292589664459
0.0292720794678
0.0299990177155
0.0271258354187
0.027853012085
0.0339949131012
0.0351459980011
0.0316569805145
0.0327899456024
0.0593109130859
0.0601739883423
0.0591428279877
0.0598180294037
0.0286700725555
0.0294568538666
0.0387411117554
0.0394699573517
0.0320408344269
0.032212972641
0.0270249843597
0.0272479057312
0.0310699939728
0.0340898036957
0.0293428897858
0.0304608345032
0.0392570495605
0.0396890640259
0.0289340019226
0.0294291973114
0.0294480323792
0.0301949977875
0.0300750732422
0.0306429862976
0.0286321640015
0.0292961597443
0.0287930965424
0.0295660495758
0.0276989936829
0.0279479026794
0.027107000351
0.0274472236633
0.0300340652466
0.0303821563721
0.0303559303284
0.0305349826813
0.0344409942627
0.0351519584656
0.040549993515
0.0410480499268
0.0320248603821
0.0331280231476
0.0284299850464
0.0289318561554
0.0328199863434
0.0342199802399
0.0314340591431
0.0316078662872
0.029333114624
0.0295209884644
0.0226149559021
0.022891998291
0.0279321670532
0.0285761356354
0.0361478328705
0.0367929935455
0.0281450748444
0.029305934906
0.0510249137878
0.0526320934296
0.0460870265961
0.0477430820465
0.0458278656006
0.0460247993469
0.0267171859741
0.0268971920013
0.0313448905945
0.0315420627594
0.0257451534271
0.0259602069855
0.0290360450745
0.0292139053345
0.0359280109406
0.036110162735
0.0316641330719
0.0318620204926
0.0276260375977
0.0282409191132
0.0271570682526
0.0282571315765
0.0223369598389
0.0226581096649
0.0312600135803
0.0319271087646
0.026985168457
0.0278820991516
0.0279579162598
0.0281779766083
0.0371510982513
0.0373351573944
0.0313630104065
0.032753944397
0.0262968540192
0.0264689922333
0.0224649906158
0.0226509571075
0.0262200832367
0.0267550945282
0.0275580883026
0.0321109294891
0.0228290557861
0.0236389636993
0.0343661308289
0.0346322059631
0.0361518859863
0.0373759269714
0.0272490978241
0.0274751186371
0.0297110080719
0.0300271511078
0.0282371044159
0.0314691066742
0.0322740077972
0.0326120853424
0.0267219543457
0.0274968147278
0.0325119495392
0.0327470302582
0.0330798625946
0.0341670513153
0.0286519527435
0.0294411182404
0.0316288471222
0.0318918228149
0.0348000526428
0.0350041389465
0.0269160270691
0.0270869731903
0.0266401767731
0.0268151760101
0.030571937561
0.0307679176331
0.0262641906738
0.0265190601349
0.0258550643921
0.0260109901428
0.0415358543396
0.0421938896179
0.03466796875
0.0351741313934
0.0369589328766
0.0384140014648
0.0293591022491
0.0301201343536
0.0312149524689
0.0318160057068
0.0253691673279
0.0259971618652
0.0332629680634
0.0344870090485
0.0395328998566
0.0402507781982
0.0295701026917
0.0300080776215
0.0338680744171
0.0347809791565
0.0615050792694
0.0625619888306
0.0255029201508
0.0260498523712
0.0378999710083
0.0386679172516
0.0442428588867
0.0454480648041
0.0398499965668
0.0400259494781
0.0311069488525
0.0314631462097
0.0264220237732
0.0266871452332
0.0293829441071
0.0295708179474
0.0249240398407
0.0251760482788
0.0290849208832
0.0293898582458
0.0282800197601
0.0291810035706
0.0269558429718
0.0277428627014
0.0268139839172
0.0278880596161
0.0260591506958
0.0263521671295
0.0320661067963
0.0323071479797
0.0253021717072
0.0254881381989
0.0220727920532
0.0222949981689
0.032350063324
0.0330538749695
0.0275177955627
0.0279529094696
0.0312020778656
0.0318908691406
0.0284359455109
0.0286929607391
0.0641851425171
0.0652830600739
0.0406699180603
0.0434448719025
0.0402429103851
0.0404047966003
0.0319819450378
0.0321619510651
0.0310170650482
0.0313720703125
0.0274031162262
0.0275890827179
0.0376350879669
0.0378210544586
0.0293989181519
0.0296399593353
0.0287580490112
0.0290288925171
0.0352759361267
0.0356848239899
0.0272500514984
0.0274701118469
0.0275530815125
0.0277049541473
0.0252830982208
0.0255441665649
0.0276699066162
0.0278480052948
0.0272619724274
0.0275399684906
0.0257189273834
0.0264029502869
0.0273389816284
0.0282249450684
0.0285129547119
0.0295329093933
0.0263810157776
0.0274949073792
0.0219550132751
0.0536448955536
0.0244340896606
0.0246839523315
0.0496790409088
0.0500741004944
0.0322420597076
0.0325450897217
0.0542440414429
0.0544638633728
0.0386390686035
0.0389618873596
0.043792963028
0.0443410873413
0.0453000068665
0.0455000400543
0.051148891449
0.0513589382172
0.0331411361694
0.0339040756226
0.0416269302368
0.0424687862396
0.027988910675
0.0290579795837
0.0320467948914
0.0327708721161
0.0367548465729
0.0371718406677
0.0289709568024
0.0291500091553
0.0301249027252
0.030396938324
0.0267941951752
0.0270040035248
0.0447418689728
0.0461699962616
0.0352120399475
0.03653383255
0.026563167572
0.0267372131348
0.0273010730743
0.0278041362762
0.0321681499481
0.0331010818481
0.0413780212402
0.0415449142456
0.0280480384827
0.0283799171448
0.0270891189575
0.027458190918
0.0256187915802
0.0258169174194
0.0270850658417
0.027272939682
0.0220181941986
0.0222220420837
0.0214478969574
0.0219128131866
0.0297210216522
0.0306820869446
0.0269780158997
0.027498960495
0.0241210460663
0.0244181156158
0.0321080684662
0.0323829650879
0.0220539569855
0.0222320556641
0.0253238677979
0.0255019664764
0.0310850143433
0.0312781333923
0.0255701541901
0.026113986969
0.0299639701843
0.030415058136
0.0301649570465
0.0304009914398
0.0782189369202
0.0783929824829
0.0451819896698
0.0455501079559
0.026515007019
0.0274460315704
0.0254759788513
0.0259459018707
0.0292370319366
0.0318670272827
0.036719083786
0.0369169712067
0.034392118454
0.0345780849457
0.0297520160675
0.0299670696259
0.031149148941
0.0314581394196
0.0291349887848
0.0293619632721
0.032644033432
0.0328190326691
0.0522210597992
0.0524580478668
0.0253908634186
0.0255589485168
0.0213258266449
0.0215308666229
0.0258710384369
0.0260910987854
0.0338411331177
0.0344359874725
0.0331721305847
0.0333471298218
0.0241978168488
0.0246849060059
0.0286400318146
0.0288240909576
0.0276679992676
0.0278489589691
0.0271999835968
0.0273668766022
0.0329802036285
0.0331900119781
0.0167329311371
0.0308179855347
0.0251729488373
0.025407075882
0.028391122818
0.0285739898682
0.0257639884949
0.0259649753571
0.0249228477478
0.0251049995422
0.0250020027161
0.0251688957214
0.0311579704285
0.0313580036163
0.0330710411072
0.0332551002502
0.0386772155762
0.038898229599
0.0385458469391
0.0390808582306
0.0577991008759
0.0583291053772
0.0240228176117
0.0242848396301
0.0257890224457
0.0267899036407
0.0257358551025
0.0259118080139
0.0347239971161
0.0349991321564
0.0252230167389
0.0254378318787
0.0306627750397
0.0309097766876
0.041718006134
0.0419239997864
0.0210449695587
0.0218868255615
0.0330610275269
0.0335340499878
0.0291068553925
0.0295548439026
0.0382571220398
0.0384340286255
0.0278270244598
0.0280919075012
0.0314149856567
0.0323050022125
0.0322988033295
0.0334279537201
0.024374961853
0.0246050357819
0.0288841724396
0.029256105423
0.0405550003052
0.04088306427
0.02885222435
0.0291290283203
0.0271799564362
0.027370929718
0.0226879119873
0.0235810279846
0.0273070335388
0.0274789333344
0.033411026001
0.0336229801178
0.0374910831451
0.0377171039581
0.0253689289093
0.025787115097
0.0351631641388
0.035325050354
0.0286481380463
0.0288240909576
0.0295569896698
0.0308151245117
0.0251278877258
0.0253598690033
0.0335369110107
0.0337779521942
0.028538942337
0.0287621021271
0.0273401737213
0.0275430679321
0.0288741588593
0.0290939807892
0.0264270305634
0.02663397789
0.023138999939
0.0233628749847
0.0285379886627
0.0287659168243
0.028039932251
0.0282018184662
0.026526927948
0.026703119278
0.0468940734863
0.0474989414215
0.0269091129303
0.02885389328
0.0332779884338
0.0340259075165
0.032222032547
0.0324001312256
0.0338151454926
0.0348000526428
0.0490739345551
0.0493779182434
0.0355379581451
0.035717010498
0.0313160419464
0.0321040153503
0.0392889976501
0.0403568744659
0.0222630500793
0.0224769115448
0.0253539085388
0.0256168842316
0.0319859981537
0.0321800708771
0.0263130664825
0.0265009403229
0.0270359516144
0.0273549556732
0.0299088954926
0.0301039218903
0.0253939628601
0.0256299972534
0.0296869277954
0.0304489135742
0.0280120372772
0.0282649993896
0.0739119052887
0.074117898941
0.0545740127563
0.0548667907715
0.037092924118
0.037348985672
0.023736000061
0.0238990783691
0.0313739776611
0.0317349433899
0.0424499511719
0.0427989959717
0.0368218421936
0.037015914917
0.0271790027618
0.0273590087891
0.0309228897095
0.0312509536743
0.0309488773346
0.0314018726349
0.0365641117096
0.037406206131
0.0371689796448
0.0380041599274
0.026132106781
0.0271489620209
0.0291168689728
0.0293979644775
0.0253109931946
0.02556681633
0.0301370620728
0.0303161144257
0.0299499034882
0.0301239490509
0.028559923172
0.0287389755249
0.0403120517731
0.0404901504517
0.029639005661
0.0301721096039
0.0318920612335
0.0325200557709
0.0381829738617
0.038763999939
0.0277090072632
0.0289011001587
0.0275371074677
0.0285952091217
0.0270099639893
0.0273921489716
0.0276169776917
0.0283288955688
0.0300590991974
0.0310571193695
0.0252270698547
0.025416135788
0.0339648723602
0.034295797348
0.0322661399841
0.0324602127075
0.0385851860046
0.0389180183411
0.0381360054016
0.0383179187775
0.0252079963684
0.0257179737091
0.0254061222076
0.0260150432587
0.023167848587
0.0233678817749
0.0336351394653
0.0345251560211
0.031341791153
0.0321078300476
0.0271048545837
0.0273020267487
0.0257298946381
0.0259580612183
0.0322918891907
0.0325949192047
0.0408110618591
0.0410270690918
0.0383670330048
0.0390028953552
0.0335078239441
0.0341248512268
0.036230802536
0.0375127792358
0.0326638221741
0.0331399440765
0.0286221504211
0.0290720462799
0.0349140167236
0.0350761413574
0.0251240730286
0.0253129005432
0.0313949584961
0.0318129062653
0.0291149616241
0.0322201251984
0.033350944519
0.0339350700378
0.0272941589355
0.0277671813965
0.042809009552
0.04354596138
0.0314769744873
0.0318989753723
0.0367691516876
0.0375320911407
0.0290851593018
0.029464006424
0.040806055069
0.0413379669189
0.0328140258789
0.0336151123047
0.0411570072174
0.0416488647461
0.0316531658173
0.0318410396576
0.03511095047
0.0352940559387
0.024600982666
0.0249409675598
0.03440284729
0.0355780124664
0.0308809280396
0.0312960147858
0.0273571014404
0.0275750160217
0.0214078426361
0.0217618942261
0.0322978496552
0.0324928760529
0.0243389606476
0.0245430469513
0.0268249511719
0.0271310806274
0.0219938755035
0.0222179889679
0.0337438583374
0.0340778827667
0.027027130127
0.0271911621094
0.0252718925476
0.0261490345001
0.0250821113586
0.0253109931946
0.0253169536591
0.0256590843201
0.0260231494904
0.0263381004333
0.0293130874634
0.029669046402
0.0286800861359
0.0296611785889
0.0316669940948
0.0318322181702
0.0328350067139
0.0330419540405
0.0351209640503
0.0357320308685
0.0403740406036
0.0411140918732
0.0960879325867
0.0971698760986
0.0272359848022
0.0274250507355
0.0274000167847
0.0276482105255
0.0254690647125
0.0262198448181
0.0282180309296
0.0284140110016
0.0266070365906
0.0267930030823
0.0322909355164
0.0325529575348
0.026880979538
0.0279660224915
0.0495049953461
0.0498759746552
0.035346031189
0.0355579853058
0.0340540409088
0.0342261791229
0.0352900028229
0.0355319976807
0.0263278484344
0.0271420478821
0.0258140563965
0.0263550281525
0.0285639762878
0.0288729667664
0.0364389419556
0.0366299152374
0.0373430252075
0.0381450653076
0.0276210308075
0.0279052257538
0.0305671691895
0.0307581424713
0.02814412117
0.0283491611481
0.0298640727997
0.0300509929657
0.0343589782715
0.0348660945892
0.0270230770111
0.0278739929199
0.0292057991028
0.029510974884
0.0289871692657
0.0302472114563
0.0259931087494
0.0274319648743
0.0356619358063
0.0359029769897
0.0259909629822
0.0261659622192
0.0293288230896
0.0295679569244
0.0399129390717
0.0400750637054
0.0260920524597
0.0262761116028
0.0275349617004
0.0277121067047
0.0317149162292
0.0321319103241
0.0395441055298
0.0402860641479
0.0318279266357
0.0326647758484
0.0430159568787
0.043221950531
0.0331959724426
0.0333740711212
0.0392510890961
0.0398650169373
0.0265049934387
0.0275650024414
0.0187680721283
0.0190660953522
0.0265188217163
0.0284309387207
0.0330832004547
0.0332651138306
0.0298628807068
0.0300359725952
0.0308258533478
0.0315778255463
0.027293920517
0.0274739265442
0.0285539627075
0.0287749767303
0.0284879207611
0.0288290977478
0.0332551002502
0.0334351062775
0.0272350311279
0.0274109840393
0.0294761657715
0.0303530693054
0.0391659736633
0.0399329662323
0.0273580551147
0.0277218818665
0.0256509780884
0.0259020328522
0.0291659832001
0.0293550491333
0.0282940864563
0.0293250083923
0.0311050415039
0.0316340923309
0.0376460552216
0.0388231277466
0.0284030437469
0.0293688774109
0.0318570137024
0.0325639247894
0.027193069458
0.0273990631104
0.0315480232239
0.0322201251984
0.0318410396576
0.0325911045074
0.0278730392456
0.0281820297241
0.0270700454712
0.0272748470306
0.0249650478363
0.0257089138031
0.0281322002411
0.0284240245819
0.0360448360443
0.0362508296967
0.0270779132843
0.02800989151
0.0270330905914
0.0282850265503
0.0289890766144
0.029571056366
0.0318789482117
0.0328299999237
0.0458190441132
0.0463478565216
0.0309369564056
0.0311989784241
0.037966966629
0.0383751392365
0.0256578922272
0.0258419513702
0.0376868247986
0.0382008552551
0.0300860404968
0.030259847641
0.029865026474
0.0300538539886
0.0256049633026
0.0258159637451
0.0257489681244
0.0259571075439
0.0366859436035
0.0371260643005
0.0268659591675
0.0275020599365
0.032292842865
0.0326099395752
0.0603499412537
0.0606288909912
0.0348420143127
0.0351650714874
0.0303611755371
0.0310361385345
0.0258870124817
0.0263650417328
0.0252401828766
0.0254621505737
0.0318899154663
0.032154083252
0.0302381515503
0.0304210186005
0.0278010368347
0.0284428596497
0.0339138507843
0.0347559452057
0.0411789417267
0.0414869785309
0.0296540260315
0.0298759937286
0.0289289951324
0.0300931930542
0.0296339988708
0.0298240184784
0.0393409729004
0.0395629405975
0.0335509777069
0.0343978404999
0.0321898460388
0.0323548316956
0.0268151760101
0.0269939899445
0.029709815979
0.0300350189209
0.0314090251923
0.0317170619965
0.034145116806
0.0343310832977
0.0265910625458
0.0267560482025
0.0307760238647
0.0310320854187
0.0514788627625
0.0516588687897
0.0338699817657
0.0355479717255
0.0282111167908
0.0291659832001
0.0288078784943
0.0290019512177
0.0397319793701
0.0398941040039
0.0274209976196
0.0276310443878
0.0291080474854
0.0295119285583
0.0262830257416
0.0264918804169
0.031014919281
0.0311980247498
0.0284259319305
0.0286490917206
0.0435140132904
0.0437240600586
0.0288281440735
0.0297780036926
0.0278279781342
0.0280380249023
0.0218181610107
0.0219860076904
0.0260241031647
0.0262229442596
0.0334060192108
0.0340859889984
0.0431871414185
0.0433690547943
0.0375299453735
0.0380918979645
0.0304219722748
0.030916929245
0.0328450202942
0.0334439277649
0.043928861618
0.0440969467163
0.0431230068207
0.0432891845703
0.0332190990448
0.0339560508728
0.0290288925171
0.0298030376434
0.0304539203644
0.0312149524689
0.0393559932709
0.0403969287872
0.0260438919067
0.0268330574036
0.0225648880005
0.0227780342102
0.023736000061
0.0251448154449
0.0287621021271
0.0319900512695
0.0272278785706
0.0275959968567
0.0281341075897
0.0284841060638
0.0287308692932
0.0290729999542
0.0218698978424
0.0220580101013
0.0333111286163
0.0348801612854
0.0271000862122
0.0279169082642
0.0176329612732
0.0316178798676
0.0344820022583
0.0359978675842
0.0364708900452
0.0367789268494
0.0288698673248
0.0292069911957
0.037162065506
0.0391869544983
0.0275399684906
0.0282518863678
0.054906129837
0.0551600456238
0.036572933197
0.0367660522461
0.0747759342194
0.0752198696136
0.0316438674927
0.0322639942169
0.0266921520233
0.027095079422
0.0460059642792
0.0462329387665
0.0386459827423
0.0392789840698
0.0263919830322
0.0269660949707
0.0257291793823
0.0259652137756
0.0434339046478
0.0436949729919
0.0318949222565
0.0321359634399
0.0258309841156
0.0265791416168
0.0288288593292
0.0295689105988
0.0298180580139
0.030620098114
0.0357549190521
0.03630900383
0.0425589084625
0.0427339076996
0.0268850326538
0.0274629592896
0.0284850597382
0.028706073761
0.0305619239807
0.0308589935303
0.026477098465
0.0266680717468
0.0268478393555
0.0271239280701
0.0319521427155
0.0327470302582
0.0371890068054
0.0375919342041
0.0478701591492
0.0487711429596
0.0248119831085
0.0249919891357
0.0245490074158
0.0247609615326
0.0304749011993
0.0307350158691
0.0291969776154
0.0300569534302
0.0331420898438
0.0335230827332
0.0319309234619
0.0322968959808
0.0320041179657
0.0322411060333
0.0339570045471
0.0341680049896
0.0330500602722
0.0332570075989
0.0460131168365
0.046257019043
0.0218989849091
0.0225579738617
0.032243013382
0.0331499576569
0.0259470939636
0.027172088623
0.0259571075439
0.0267629623413
0.0270609855652
0.0272150039673
0.0265641212463
0.0267989635468
0.0213079452515
0.0249090194702
0.0270521640778
0.0272531509399
0.0321071147919
0.0326321125031
0.0346450805664
0.0352380275726
0.0484149456024
0.0490479469299
0.0351858139038
0.0359480381012
0.0581879615784
0.0586109161377
0.0614898204803
0.0622718334198
0.0369961261749
0.0381650924683
0.0285470485687
0.0294029712677
0.0273261070251
0.0284459590912
0.0259530544281
0.0269639492035
0.0308539867401
0.0310339927673
0.0317089557648
0.0324509143829
0.0373439788818
0.0382609367371
0.0381550788879
0.038880109787
0.0257151126862
0.0260031223297
0.0367839336395
0.0369939804077
0.0277140140533
0.028716802597
0.0252311229706
0.0254600048065
0.0261089801788
0.0263059139252
0.0347909927368
0.0354690551758
0.0288219451904
0.0299289226532
0.03178191185
0.0324709415436
0.0281457901001
0.028972864151
0.0256650447845
0.0267601013184
0.0327959060669
0.0337228775024
0.0345520973206
0.0355479717255
0.0267150402069
0.0272419452667
0.0333018302917
0.0338358879089
0.0310969352722
0.0319671630859
0.0276029109955
0.0281908512115
0.0309369564056
0.0311388969421
0.0245718955994
0.0247929096222
0.0328629016876
0.0330848693848
0.021800994873
0.0219919681549
0.0235109329224
0.0242331027985
0.0294718742371
0.0297620296478
0.031035900116
0.0312528610229
0.0264139175415
0.0265769958496
0.0229799747467
0.0240058898926
0.032986164093
0.033154964447
0.0290870666504
0.0292680263519
0.0253841876984
0.0257439613342
0.0271289348602
0.0274260044098
0.0251851081848
0.0254099369049
0.0331718921661
0.0338709354401
0.0248241424561
0.0282180309296
0.0332190990448
0.0340890884399
0.0313470363617
0.0315392017365
0.0283761024475
0.0285811424255
0.0316910743713
0.031925201416
0.0318009853363
0.0321300029755
0.0284428596497
0.0287449359894
0.0265278816223
0.0271649360657
0.0332720279694
0.0341329574585
0.025897026062
0.0262570381165
0.0261209011078
0.0263049602509
0.0334270000458
0.0340938568115
0.0291459560394
0.029876947403
0.0275001525879
0.0280871391296
0.040739774704
0.0413417816162
0.0442209243774
0.0448341369629
0.0229148864746
0.0237169265747
0.0226390361786
0.0229520797729
0.0263149738312
0.0265228748322
0.0255808830261
0.0259079933167
0.0289671421051
0.0291440486908
0.0410339832306
0.0417850017548
0.0300908088684
0.0306289196014
0.0336821079254
0.0343511104584
0.0278050899506
0.0283041000366
0.0319681167603
0.0321609973907
0.0270969867706
0.027312040329
0.0263769626617
0.0265600681305
0.0350751876831
0.035943031311
0.0262911319733
0.0270490646362
0.0255620479584
0.0258588790894
0.0334320068359
0.034049987793
0.0306491851807
0.0313081741333
0.0354199409485
0.0357389450073
0.0345120429993
0.0346930027008
0.0263109207153
0.0265328884125
0.0257630348206
0.0264849662781
0.0323178768158
0.033127784729
0.0272347927094
0.0274047851562
0.0269908905029
0.0271718502045
0.029098033905
0.0292780399323
0.0280129909515
0.0285708904266
0.0288670063019
0.0290288925171
0.0319139957428
0.0321068763733
0.036071062088
0.0365159511566
0.0270879268646
0.0277369022369
0.0267460346222
0.027517080307
0.030298948288
0.0306439399719
0.0343852043152
0.0346882343292
0.0272018909454
0.0274019241333
0.0252521038055
0.0254640579224
0.029196023941
0.0293729305267
0.0389099121094
0.039088010788
0.0322370529175
0.0324039459229
0.0315108299255
0.0324690341949
0.0307009220123
0.0315771102905
0.03724193573
0.0379099845886
0.0537340641022
0.0547201633453
0.0459508895874
0.0471439361572
0.0438749790192
0.0444190502167
0.0266439914703
0.0268518924713
0.0341448783875
0.034688949585
0.0332119464874
0.0334839820862
0.0290350914001
0.0298731327057
0.0313119888306
0.0320098400116
0.0291302204132
0.0293672084808
0.0365991592407
0.036826133728
0.0278878211975
0.028116941452
0.0287849903107
0.0289809703827
0.0271821022034
0.0275230407715
0.0269920825958
0.0272450447083
0.0221240520477
0.0223598480225
0.0328040122986
0.0330100059509
0.0295989513397
0.0305509567261
0.0262141227722
0.0264480113983
0.0245101451874
0.0251641273499
0.041934967041
0.0427579879761
0.0315980911255
0.0324091911316
0.0314929485321
0.0327320098877
0.0312600135803
0.032112121582
0.0280699729919
0.0289669036865
0.0279290676117
0.0287442207336
0.029345035553
0.0295369625092
0.0584099292755
0.0588400363922
0.0571269989014
0.0573360919952
0.0334939956665
0.0337510108948
0.0267951488495
0.0271689891815
0.0277259349823
0.0284230709076
0.0338599681854
0.0347459316254
0.0312788486481
0.0319929122925
0.0282762050629
0.0288081169128
0.0370540618896
0.0378379821777
0.0329720973969
0.0342290401459
0.0318009853363
0.0319678783417
0.0295381546021
0.0297889709473
0.0298938751221
0.0313220024109
0.031674861908
0.0318880081177
0.0234658718109
0.0236799716949
0.0303180217743
0.030797958374
0.0296261310577
0.0303220748901
0.032438993454
0.0326380729675
0.0339679718018
0.0346899032593
0.0414860248566
0.0422101020813
0.0321500301361
0.0356760025024
0.0461041927338
0.0463151931763
0.0362339019775
0.0364458560944
0.0313339233398
0.0321640968323
0.0290200710297
0.0292229652405
0.0286288261414
0.029011964798
0.0257759094238
0.02596783638
0.0294950008392
0.0302510261536
0.0332329273224
0.034245967865
0.0300760269165
0.0307710170746
0.0281457901001
0.0288639068604
0.0430171489716
0.0431790351868
0.0367021560669
0.03697514534
0.0313110351562
0.0322859287262
0.0502941608429
0.0526311397552
0.0369081497192
0.0377609729767
0.0287580490112
0.0295059680939
0.0381100177765
0.0393879413605
0.0356538295746
0.0365860462189
0.026839017868
0.0273950099945
0.0246560573578
0.0250551700592
0.0283849239349
0.0286498069763
0.0357539653778
0.0360159873962
0.0231950283051
0.0233681201935
0.05104804039
0.0513670444489
0.0251939296722
0.0259900093079
0.0398349761963
0.0400288105011
0.0281829833984
0.0283801555634
0.0274839401245
0.0286309719086
0.0324358940125
0.0333940982819
0.0317189693451
0.0319218635559
0.0313360691071
0.0315279960632
0.031327009201
0.0317931175232
0.0347769260406
0.0356748104095
0.0377659797668
0.038675069809
0.0238528251648
0.0251388549805
0.0266799926758
0.0274288654327
0.033677816391
0.0339789390564
0.0305140018463
0.0309839248657
0.0362160205841
0.0370910167694
0.0275750160217
0.0286049842834
0.0345020294189
0.0353090763092
0.0346169471741
0.0348329544067
0.0303089618683
0.0305609703064
0.0301568508148
0.0303380489349
0.0257279872894
0.0259721279144
0.0323691368103
0.0331110954285
0.0675427913666
0.0690548419952
0.038300037384
0.0391700267792
0.0556471347809
0.0558881759644
0.0267329216003
0.0269088745117
0.0384440422058
0.0386300086975
0.0275800228119
0.0277700424194
0.0400791168213
0.0409870147705
0.0314121246338
0.0318191051483
0.0322740077972
0.0329399108887
0.0205600261688
0.0355968475342
0.0228478908539
0.0230159759521
0.0353138446808
0.0355310440063
0.0368769168854
0.0370800495148
0.052060842514
0.052759885788
0.0806000232697
0.082072019577
0.0251400470734
0.0253350734711
0.0293869972229
0.0301640033722
0.0282309055328
0.0292508602142
0.0307321548462
0.031277179718
0.0374729633331
0.0388998985291
0.0302739143372
0.0308680534363
0.0252959728241
0.0264859199524
0.0408608913422
0.0417628288269
0.0259740352631
0.026967048645
0.0303280353546
0.0313000679016
0.0303239822388
0.0305268764496
0.0279519557953
0.0284018516541
0.0261569023132
0.0263531208038
0.0261368751526
0.0264990329742
0.0298590660095
0.0306649208069
0.0325858592987
0.0328187942505
0.0298750400543
0.0302488803864
0.0255711078644
0.0258378982544
0.0405468940735
0.0421030521393
0.0276689529419
0.0279138088226
0.0218980312347
0.0221269130707
0.031397819519
0.031574010849
0.0437469482422
0.0453820228577
0.0178129673004
0.0181369781494
0.0266830921173
0.026859998703
0.0304899215698
0.031347990036
0.0291969776154
0.0293691158295
0.0329310894012
0.0331039428711
0.0317289829254
0.0320379734039
0.0407509803772
0.0413279533386
0.037467956543
0.0379550457001
0.0404050350189
0.0408289432526
0.0537509918213
0.0543870925903
0.029541015625
0.0297799110413
0.0356850624084
0.0358819961548
0.024080991745
0.0242598056793
0.0211701393127
0.0214509963989
0.0417020320892
0.0422470569611
0.0299170017242
0.0308120250702
0.0272469520569
0.0280890464783
0.0389580726624
0.0391478538513
0.0272791385651
0.0274891853333
0.0268890857697
0.0271592140198
0.0313770771027
0.0320110321045
0.032280921936
0.0330698490143
0.0485110282898
0.0492401123047
0.0400660037994
0.0413630008698
0.0700399875641
0.0703599452972
0.0345709323883
0.0349171161652
0.0290241241455
0.029972076416
0.0195260047913
0.0197999477386
0.0258510112762
0.0263750553131
0.0376241207123
0.0382981300354
0.0271770954132
0.0281510353088
0.0275030136108
0.0282351970673
0.0261378288269
0.0268378257751
0.0302829742432
0.0304560661316
0.0341989994049
0.0362951755524
0.0693349838257
0.0700960159302
0.0269079208374
0.027195930481
0.0275690555573
0.0277469158173
0.0264780521393
0.0268130302429
0.0239179134369
0.0245990753174
0.0329639911652
0.0332798957825
0.024523973465
0.024719953537
0.0257120132446
0.0259590148926
0.0319199562073
0.03209400177
0.0295169353485
0.0296869277954
0.0260670185089
0.0262680053711
0.0319020748138
0.0320780277252
0.0237519741058
0.0239908695221
0.0263950824738
0.0271201133728
0.0404598712921
0.040778875351
0.0394871234894
0.0399379730225
0.0338778495789
0.034108877182
0.0314559936523
0.0316400527954
0.0261101722717
0.0264241695404
0.0343191623688
0.0349950790405
0.02760887146
0.0282838344574
0.0292580127716
0.0301649570465
0.0368051528931
0.0369961261749
0.0279321670532
0.0286049842834
0.0251438617706
0.0261709690094
0.0299069881439
0.0301339626312
0.0261991024017
0.0264551639557
0.0273311138153
0.027596950531
0.0308229923248
0.0310280323029
0.0522048473358
0.0524089336395
0.0478270053864
0.0480048656464
0.0896708965302
0.0898630619049
0.0300719738007
0.0318789482117
0.047464132309
0.0483391284943
0.0278120040894
0.0280249118805
0.0674870014191
0.0683600902557
0.0365610122681
0.0378620624542
0.036435842514
0.0366239547729
0.0287749767303
0.0289521217346
0.0577809810638
0.058825969696
0.0355968475342
0.0366158485413
0.0303161144257
0.0310850143433
0.0257129669189
0.026535987854
0.0287251472473
0.0294699668884
0.0279660224915
0.028254032135
0.03067278862
0.0308969020844
0.0326340198517
0.0329520702362
0.0250639915466
0.0252459049225
0.0345289707184
0.0348129272461
0.0279870033264
0.0284559726715
0.0276889801025
0.0281360149384
0.0250499248505
0.0260689258575
0.0289418697357
0.0309369564056
0.0376799106598
0.0383548736572
0.0233380794525
0.0240659713745
0.0429720878601
0.043163061142
0.0389759540558
0.039155960083
0.029219865799
0.0297608375549
0.0486660003662
0.0496969223022
0.0270409584045
0.0272099971771
0.0309059619904
0.0313029289246
0.0435140132904
0.0437090396881
0.0353891849518
0.0358979701996
0.0325689315796
0.0327489376068
0.031033039093
0.0312211513519
0.0374460220337
0.0376648902893
0.0419390201569
0.0431869029999
0.024512052536
0.025731086731
0.0270450115204
0.0281629562378
0.0268590450287
0.0276298522949
0.0295460224152
0.0297558307648
0.0288679599762
0.0290470123291
0.0236258506775
0.0239169597626
0.0215380191803
0.0217158794403
0.0293459892273
0.0299880504608
0.0396609306335
0.039911031723
0.0342769622803
0.0344491004944
0.032555103302
0.0331890583038
0.0344929695129
0.0354809761047
0.027125120163
0.0275981426239
0.0381410121918
0.0383780002594
0.0307660102844
0.0326678752899
0.0272290706635
0.0281548500061
0.0349750518799
0.035178899765
0.0350141525269
0.0356941223145
0.0261058807373
0.0262777805328
0.0221209526062
0.0223078727722
0.036966085434
0.0371539592743
0.0240077972412
0.0241827964783
0.0390808582306
0.0393040180206
0.0316581726074
0.0325770378113
0.034835100174
0.0350680351257
0.0290939807892
0.029317855835
0.0286619663239
0.0290749073029
0.0228910446167
0.0234000682831
0.0348808765411
0.0354068279266
0.0323469638824
0.032840013504
0.0278279781342
0.02809882164
0.0269589424133
0.0271821022034
0.0358879566193
0.0360660552979
0.0383861064911
0.0395541191101
0.0342040061951
0.035236120224
0.0291061401367
0.0299270153046
0.0316460132599
0.0318551063538
0.0317530632019
0.031925201416
0.0244209766388
0.0248458385468
0.041543006897
0.0417149066925
0.0395150184631
0.0398008823395
0.0365059375763
0.0367569923401
0.0502009391785
0.050372838974
0.0393908023834
0.0395798683167
0.0348918437958
0.0350518226624
0.043249130249
0.043475151062
0.0258760452271
0.0261659622192
0.0403828620911
0.0406329631805
0.0309669971466
0.031142950058
0.0238840579987
0.0240859985352
0.0387260913849
0.0392420291901
0.042788028717
0.0429990291595
0.0313520431519
0.0316791534424
0.0277810096741
0.0283789634705
0.0361349582672
0.0367119312286
0.0282070636749
0.028510093689
0.0282499790192
0.0288078784943
0.0292367935181
0.0300807952881
0.0319838523865
0.0321600437164
0.0522458553314
0.0527410507202
0.0311980247498
0.031466960907
0.0473520755768
0.0484881401062
0.0651381015778
0.065896987915
0.0296959877014
0.0307810306549
0.0948259830475
0.0950140953064
0.0216438770294
0.0218658447266
0.028557062149
0.0287420749664
0.0309739112854
0.0311679840088
0.0253479480743
0.0255649089813
0.0334651470184
0.0342121124268
0.0321931838989
0.0328781604767
0.0216219425201
0.0217850208282
0.0319550037384
0.0321230888367
0.0327570438385
0.0329449176788
0.0359938144684
0.0366899967194
0.0472950935364
0.04798412323
0.0261960029602
0.0263941287994
0.0367500782013
0.0369250774384
0.0266828536987
0.027144908905
0.031662940979
0.0320107936859
0.0345590114594
0.0348851680756
0.0301539897919
0.0311508178711
0.0668849945068
0.0684180259705
0.0324440002441
0.0326130390167
0.0797028541565
0.0798687934875
0.0358350276947
0.0363898277283
0.0290780067444
0.0299360752106
0.0289549827576
0.0292589664459
0.0372948646545
0.0376529693604
0.0372669696808
0.037752866745
0.0286860466003
0.0295360088348
0.0296170711517
0.0310060977936
0.025750875473
0.0268530845642
0.0359039306641
0.0361790657043
0.0284109115601
0.0285859107971
0.0306479930878
0.0309951305389
0.0283889770508
0.0286259651184
0.0316948890686
0.0319530963898
0.0321998596191
0.0324239730835
0.0272169113159
0.0273740291595
0.021399974823
0.0346901416779
0.032763004303
0.0330791473389
0.0263431072235
0.0272002220154
0.029776096344
0.0308730602264
0.0369598865509
0.0375709533691
0.0384180545807
0.0513761043549
0.0350069999695
0.035502910614
0.0296640396118
0.030387878418
0.0332880020142
0.0345740318298
0.0307021141052
0.0312931537628
0.032191991806
0.0328130722046
0.0301167964935
0.0307288169861
0.025593996048
0.0268089771271
0.0488150119781
0.0489990711212
0.0319581031799
0.0321471691132
0.035001039505
0.0365748405457
0.032830953598
0.0330600738525
0.0270888805389
0.0273139476776
0.0282139778137
0.0284049510956
0.0276679992676
0.0278520584106
0.0311589241028
0.0313370227814
0.0226111412048
0.0228090286255
0.0341939926147
0.0343761444092
0.0296499729156
0.0298299789429
0.0370919704437
0.0372769832611
0.028450012207
0.0286259651184
0.0333721637726
0.0341560840607
0.0221090316772
0.0232582092285
0.0294148921967
0.0488178730011
0.0315959453583
0.0317831039429
0.0311839580536
0.0313708782196
0.0306589603424
0.0308501720428
0.0337979793549
0.0340559482574
0.0330259799957
0.0332069396973
0.0297989845276
0.0299899578094
0.0292501449585
0.0297100543976
0.0281419754028
0.0298500061035
0.0319509506226
0.0324289798737
0.0253899097443
0.0261421203613
0.0278658866882
0.0285179615021
0.0256290435791
0.02645611763
0.029669046402
0.0303430557251
0.0278060436249
0.0283710956573
0.0317068099976
0.0329339504242
0.0285849571228
0.02956199646
0.0355041027069
0.0360989570618
0.0254600048065
0.0256779193878
0.0286288261414
0.0290319919586
0.0282590389252
0.0285520553589
0.0263428688049
0.0266559123993
0.0299580097198
0.0301568508148
0.0346069335938
0.0347878932953
0.03484416008
0.0353560447693
0.0317978858948
0.0325829982758
0.0324201583862
0.0333070755005
0.0374369621277
0.0386130809784
0.0326039791107
0.0332260131836
0.036789894104
0.0369830131531
0.0273270606995
0.0279860496521
0.0260820388794
0.0263640880585
0.0269410610199
0.0271391868591
0.0263378620148
0.0265510082245
0.0285301208496
0.0287330150604
0.0295689105988
0.0297698974609
0.0266060829163
0.0268061161041
0.0339438915253
0.0364429950714
0.0258591175079
0.0260400772095
0.0340659618378
0.0348188877106
0.0327000617981
0.033411026001
0.0266299247742
0.0271129608154
0.0334148406982
0.0337898731232
0.0281541347504
0.0288529396057
0.0287508964539
0.0292418003082
0.0258529186249
0.0267429351807
0.0415799617767
0.042505979538
0.0282499790192
0.0285289287567
0.0956039428711
0.0963561534882
0.067883014679
0.0686058998108
0.0271060466766
0.0273339748383
0.0324740409851
0.0330049991608
0.0230898857117
0.0236048698425
0.0299952030182
0.0308430194855
0.0300631523132
0.0307710170746
0.0303359031677
0.0306348800659
0.0617258548737
0.0619668960571
0.0327649116516
0.0329468250275
0.0335731506348
0.0337510108948
0.0290510654449
0.029237985611
0.0342929363251
0.0345740318298
0.0272040367126
0.0278680324554
0.0340390205383
0.0342168807983
0.0338871479034
0.0340621471405
0.0309770107269
0.0311770439148
0.0296990871429
0.0299398899078
0.0274178981781
0.0275938510895
0.0331790447235
0.0338869094849
0.0289618968964
0.0294709205627
0.0317060947418
0.0322940349579
0.0333580970764
0.0342268943787
0.0375261306763
0.0377099514008
0.0477819442749
0.048367023468
0.0343291759491
0.0345561504364
0.0292630195618
0.0294580459595
0.0499958992004
0.0501720905304
0.0244989395142
0.0246858596802
0.0283470153809
0.028529882431
0.0328478813171
0.0336110591888
0.03302693367
0.0337600708008
0.0318191051483
0.0324659347534
0.0298058986664
0.0313699245453
0.0442049503326
0.0451998710632
0.0326781272888
0.033282995224
0.027636051178
0.0278549194336
0.0251839160919
0.0254058837891
0.0273220539093
0.0275881290436
0.0346992015839
0.0349411964417
0.0258760452271
0.0260591506958
0.0331618785858
0.0334529876709
0.0242810249329
0.0246300697327
0.0306169986725
0.0307910442352
0.0260770320892
0.0268049240112
0.0240039825439
0.024218082428
0.0335330963135
0.0338580608368
0.0287048816681
0.0292429924011
0.0266418457031
0.0268099308014
0.0327749252319
0.0330250263214
0.0451250076294
0.0453021526337
0.0224249362946
0.0226271152496
0.0284609794617
0.0286548137665
0.0532650947571
0.0535080432892
0.028256893158
0.0284328460693
0.0235559940338
0.0237669944763
0.0268790721893
0.0270419120789
0.0248410701752
0.0272870063782
0.0271480083466
0.0273268222809
0.0306890010834
0.0309319496155
0.025139093399
0.0253350734711
0.0315179824829
0.0317089557648
0.0268602371216
0.0270681381226
0.0339667797089
0.0341739654541
0.0334370136261
0.0337400436401
0.0414869785309
0.0417449474335
0.0350439548492
0.0352199077606
0.0382688045502
0.0384500026703
0.0242519378662
0.0244629383087
0.0318791866302
0.0324440002441
0.034688949585
0.0348989963531
0.0298931598663
0.0301239490509
0.0319931507111
0.0326170921326
0.0283980369568
0.0289340019226
0.0252120494843
0.0253920555115
0.0511229038239
0.0519080162048
0.0444810390472
0.0456640720367
0.0359799861908
0.0361490249634
0.0257670879364
0.0266001224518
0.0280621051788
0.0282371044159
0.0345900058746
0.0347619056702
0.0279979705811
0.0282249450684
0.0280990600586
0.0282649993896
0.0317189693451
0.0319199562073
0.0312430858612
0.0314691066742
0.0304720401764
0.032516002655
0.0332610607147
0.0334711074829
0.0303781032562
0.0306310653687
0.0288798809052
0.0290648937225
0.032870054245
0.0332429409027
0.0281159877777
0.0283050537109
0.0278339385986
0.0291731357574
0.030720949173
0.031879901886
0.0316798686981
0.0324368476868
0.0338900089264
0.0344212055206
0.0390689373016
0.0423169136047
0.0384640693665
0.0387461185455
0.031574010849
0.0325608253479
0.0326218605042
0.0335030555725
0.0286750793457
0.0297930240631
0.0320451259613
0.0328230857849
0.0376012325287
0.0378692150116
0.0329940319061
0.0332078933716
0.0313148498535
0.0315039157867
0.0256049633026
0.0258889198303
0.0260710716248
0.0262720584869
0.0262739658356
0.0266170501709
0.0255999565125
0.0260648727417
0.0271570682526
0.0278930664062
0.0258929729462
0.0260879993439
0.0353538990021
0.0356030464172
0.02681016922
0.0270490646362
0.0255260467529
0.0257329940796
0.031231880188
0.0323760509491
0.0308051109314
0.0310370922089
0.0325999259949
0.0328078269958
0.0422358512878
0.0432589054108
0.0309500694275
0.0313930511475
0.029433965683
0.0296239852905
0.0299789905548
0.0302369594574
0.0287141799927
0.0291481018066
0.0263290405273
0.0276510715485
0.0270180702209
0.027193069458
0.0283970832825
0.0311360359192
0.0294489860535
0.0298628807068
0.0241551399231
0.0245180130005
0.0363149642944
0.0367090702057
0.0381669998169
0.0384130477905
0.0375099182129
0.0378201007843
0.0234351158142
0.024432182312
0.0360958576202
0.0376288890839
0.0319669246674
0.0335028171539
0.0271790027618
0.0277938842773
0.0403609275818
0.0412259101868
0.0383629798889
0.0398490428925
0.0390758514404
0.0402247905731
0.029275894165
0.0442578792572
0.025139093399
0.0254690647125
0.0251369476318
0.0253188610077
0.0279040336609
0.0281929969788
0.0402450561523
0.0404169559479
0.0276620388031
0.0278658866882
0.0359191894531
0.0361630916595
0.0295288562775
0.0297348499298
0.0325381755829
0.0327160358429
0.0300960540771
0.0302920341492
0.023551940918
0.0238900184631
0.0444340705872
0.0459101200104
0.0383839607239
0.0386250019073
0.0298690795898
0.0309011936188
0.0468881130219
0.0473461151123
0.0378711223602
0.040354013443
0.0384590625763
0.0388491153717
0.0356049537659
0.0357749462128
0.0289549827576
0.0292320251465
0.0277819633484
0.0282809734344
0.0253760814667
0.0260269641876
0.0311279296875
0.0323839187622
0.0300590991974
0.0304191112518
0.0231809616089
0.0234019756317
0.0280549526215
0.0282440185547
0.0269281864166
0.0275661945343
0.0295231342316
0.0303750038147
0.0262899398804
0.0264689922333
0.0286190509796
0.0287959575653
0.0357608795166
0.0367958545685
0.0231540203094
0.0236859321594
0.0260889530182
0.0269198417664
0.0287189483643
0.0290899276733
0.0268020629883
0.0269930362701
0.0259599685669
0.0267910957336
0.022686958313
0.0240919589996
0.028352022171
0.0289390087128
0.0350139141083
0.0360250473022
0.0245559215546
0.0247049331665
0.0260620117188
0.0263540744781
0.0349051952362
0.0351111888885
0.0277478694916
0.0286309719086
0.0367140769958
0.037938117981
0.0284860134125
0.0297019481659
0.025897026062
0.0268249511719
0.0404660701752
0.0417399406433
0.0258228778839
0.0265128612518
0.027941942215
0.0324020385742
0.0287818908691
0.0297088623047
0.0337488651276
0.0339570045471
0.0256781578064
0.0262401103973
0.0338571071625
0.034991979599
0.0277760028839
0.0284020900726
0.0314800739288
0.0317561626434
0.0295438766479
0.0297310352325
0.029069185257
0.0292921066284
0.0314168930054
0.0322620868683
0.0285630226135
0.0287811756134
0.0278658866882
0.0282349586487
0.0269320011139
0.0280179977417
0.0259051322937
0.0261549949646
0.0404849052429
0.0410649776459
0.0377259254456
0.0379068851471
0.036896944046
0.0372459888458
0.0302579402924
0.0305569171906
0.0372071266174
0.0379419326782
0.0277740955353
0.0283381938934
0.0328249931335
0.0333669185638
0.0321140289307
0.0328891277313
0.0260269641876
0.0266571044922
0.0224080085754
0.0233979225159
0.0278940200806
0.0285351276398
0.019150018692
0.0368700027466
0.03355717659
0.033860206604
0.0233769416809
0.0238530635834
0.0315299034119
0.0318160057068
0.0307579040527
0.0309619903564
0.0263140201569
0.0266470909119
0.0401518344879
0.0406370162964
0.026496887207
0.0272669792175
0.026487827301
0.0267729759216
0.0326228141785
0.0329229831696
0.0297029018402
0.0298640727997
0.0277760028839
0.028223991394
0.0262811183929
0.026584148407
0.0253241062164
0.0255930423737
0.0260219573975
0.0262718200684
0.0356149673462
0.0358090400696
0.0342528820038
0.0352540016174
0.0304119586945
0.0312430858612
0.033802986145
0.0340549945831
0.0269289016724
0.0281150341034
0.0269429683685
0.0279769897461
0.0260698795319
0.0262877941132
0.0255291461945
0.0258560180664
0.0361618995667
0.036554813385
0.0321869850159
0.0323669910431
0.0216100215912
0.0229430198669
0.0355598926544
0.0370388031006
0.0299150943756
0.0305202007294
0.026535987854
0.0269649028778
0.026526927948
0.0267300605774
0.0285441875458
0.028745174408
0.0268259048462
0.0270018577576
0.0325648784637
0.0336890220642
0.0271060466766
0.0278551578522
0.0363569259644
0.0365378856659
0.0273041725159
0.027496099472
0.0293929576874
0.0304710865021
0.0362150669098
0.0363929271698
0.0365798473358
0.0377218723297
0.0510158538818
0.0513210296631
0.0240750312805
0.0244510173798
0.0330150127411
0.0332019329071
0.0326800346375
0.0329720973969
0.0296189785004
0.0301880836487
0.0381109714508
0.0382881164551
0.030730009079
0.0309498310089
0.0385589599609
0.0388288497925
0.03080701828
0.0309879779816
0.0573379993439
0.0587019920349
0.0318801403046
0.0331680774689
0.0304899215698
0.0312240123749
0.0266370773315
0.0275590419769
0.0337779521942
0.0366640090942
0.0291430950165
0.0295639038086
0.0284740924835
0.0291318893433
0.027853012085
0.0281059741974
0.0704619884491
0.0707161426544
0.0389411449432
0.0391130447388
0.0475611686707
0.0480079650879
0.0767149925232
0.0768949985504
0.0363171100616
0.0364820957184
0.0264949798584
0.0268359184265
0.0306370258331
0.0308759212494
0.0295820236206
0.0302889347076
0.0401690006256
0.0403618812561
0.0563189983368
0.0565497875214
0.038293838501
0.0384769439697
0.0365269184113
0.0367240905762
0.0323688983917
0.0326919555664
0.0283579826355
0.0295081138611
0.0347249507904
0.0349299907684
0.0267140865326
0.0269210338593
0.0355792045593
0.0358791351318
0.0388522148132
0.0391340255737
0.0304698944092
0.0306558609009
0.046679019928
0.0468850135803
0.0313529968262
0.0317029953003
0.065642118454
0.0658180713654
0.028589963913
0.0288989543915
0.0371000766754
0.037348985672
0.0233271121979
0.0235409736633
0.0378880500793
0.0381741523743
0.0434899330139
0.0436689853668
0.0690360069275
0.0692150592804
0.0272810459137
0.0275328159332
0.0309278964996
0.0348629951477
0.0379819869995
0.0381569862366
0.0343680381775
0.0345530509949
0.030464887619
0.0332119464874
0.0267808437347
0.0274369716644
0.0365037918091
0.0375709533691
0.0617258548737
0.0619578361511
0.027204990387
0.027449131012
0.0290038585663
0.02960896492
0.0360460281372
0.0365438461304
0.0299959182739
0.0302069187164
0.0411829948425
0.0415380001068
0.0289180278778
0.0299801826477
0.0305619239807
0.0318598747253
0.0320751667023
0.0323891639709
0.0271010398865
0.0273969173431
0.0300068855286
0.0307669639587
0.0312600135803
0.0330419540405
0.0517718791962
0.0519378185272
0.0306901931763
0.0309331417084
0.030298948288
0.0310060977936
0.0381610393524
0.0383901596069
0.0318388938904
0.0320370197296
0.0345678329468
0.0362639427185
0.0292098522186
0.0294408798218
0.0355169773102
0.0358860492706
0.0343670845032
0.0349221229553
0.033725976944
0.0339200496674
0.0337471961975
0.0339691638947
0.0301811695099
0.0305562019348
0.0318028926849
0.0321249961853
0.029009103775
0.02934217453
0.0331010818481
0.0333380699158
0.0320010185242
0.0321979522705
0.025043964386
0.0253548622131
0.0288848876953
0.0290977954865
0.0336208343506
0.0337839126587
0.0373680591583
0.0377051830292
0.0540590286255
0.0543370246887
0.0363800525665
0.0367751121521
0.0281918048859
0.0283808708191
0.023246049881
0.0234220027924
0.027351140976
0.0283160209656
0.0317330360413
0.0320210456848
0.0319941043854
0.0321881771088
0.0313060283661
0.0315198898315
0.0350799560547
0.0357940196991
0.0309500694275
0.0314590930939
0.0355250835419
0.0374970436096
0.0271770954132
0.0275111198425
0.0410768985748
0.0421009063721
0.0343627929688
0.0345540046692
0.0340890884399
0.0351560115814
0.0544731616974
0.0546681880951
0.0327789783478
0.0329661369324
0.0418620109558
0.0420589447021
0.0322239398956
0.0325338840485
0.0299479961395