0.0329461097717,
0.0333421230316,
0.0235970020294,
0.0239090919495,
0.0283498764038,
0.028678894043,
0.0321080684662,
0.0330300331116,
0.0566110610962,
0.0578911304474,
0.0460960865021,
0.0199029445648,
0.0419499874115,
0.0421779155731,
0.0323328971863,
0.0325729846954,
0.0319409370422,
0.0322840213776,
0.028706073761,
0.030492067337,
0.0303828716278,
0.0340099334717,
0.0298678874969,
0.0301508903503,
0.0215709209442,
0.0218448638916,
0.027382850647,
0.0276389122009,
0.0287439823151,
0.0290539264679,
0.0354700088501,
0.0357248783112,
0.026832818985,
0.0271298885345,
0.024670124054,
0.0249259471893,
0.0246520042419,
0.0248968601227,
0.0226809978485,
0.0229430198669,
0.0267219543457,
0.0279929637909,
0.0284171104431,
0.02867603302,
0.0254039764404,
0.0267548561096,
0.0337219238281,
0.00276899337769,
0.0346739292145,
0.00497508049011,
0.0326550006866,
0.00266599655151,
0.0309131145477,
0.0311121940613,
0.034049987793,
0.0343410968781,
0.0469961166382,
0.0473139286041,
0.0356318950653,
0.036346912384,
0.0316340923309,
0.0320270061493,
0.0224552154541,
0.0227620601654,
0.0351479053497,
0.00272107124329,
0.030935049057,
0.0314090251923,
0.0316019058228,
0.00165104866028,
0.0324289798737,
0.00224685668945,
0.0312168598175,
0.0322329998016,
0.0532939434052,
0.0544898509979,
0.063905954361,
0.0654020309448,
0.0739488601685,
0.0317730903625,
0.0571880340576,
0.0275888442993,
0.0618679523468,
0.06214594841,
0.0556440353394,
0.056401014328,
0.060760974884,
0.0609390735626,
0.0505559444427,
0.0193569660187,
0.0549290180206,
0.0240409374237,
0.0469899177551,
0.0179209709167,
0.06063580513,
0.0250089168549,
0.0615930557251,
0.0627610683441,
0.0810890197754,
0.0817620754242,
0.110350131989,
0.110702991486,
0.105725049973,
0.0623819828033,
0.0920119285583,
0.0588579177856,
0.0926079750061,
0.0939159393311,
0.121073961258,
0.12167096138,
0.125952959061,
0.0970540046692,
0.125864982605,
0.126280069351,
0.125415086746,
0.12590098381,
0.127120018005,
0.0952780246735,
0.122595071793,
0.123284101486,
0.124769210815,
0.125602006912,
0.12838101387,
0.129474878311,
0.12885093689,
0.130660057068,
0.134985923767,
0.13590502739,
0.122344017029,
0.123082876205,
0.142819881439,
0.143034934998,
0.137199878693,
0.137527942657,
0.13067984581,
0.130882978439,
0.133904218674,
0.134890079498,
0.14612698555,
0.108732938766,
0.138695955276,
0.139146089554,
0.13615489006,
0.136400938034,
0.136360883713,
0.136724948883,
0.116214990616,
0.116520881653,
0.116886854172,
0.117319822311,
0.109668016434,
0.109966039658,
0.103072881699,
0.072014093399,
0.102354049683,
0.0740089416504,
0.0999698638916,
0.100461006165,
0.0967319011688,
0.0663321018219,
0.0955491065979,
0.067626953125,
0.111358880997,
0.112154960632,
0.148232936859,
0.148942947388,
0.156407117844,
0.156769037247,
0.130877017975,
0.0854749679565,
0.100023984909,
0.112717151642,
0.14351606369,
0.144197940826,
0.190467119217,
0.190995931625,
0.288822889328,
0.25702381134,
0.285430908203,
0.24165892601,
0.272043943405,
0.195125818253,
0.23269200325,
0.204077959061,
0.247240066528,
0.248425960541,
0.203554868698,
0.204475879669,
0.208512067795,
0.209514141083,
0.31648516655,
0.317608118057,
0.309535980225,
0.30985212326,
0.292428016663,
0.292854070663,
0.285023927689,
0.285472869873,
0.294970989227,
0.295911073685,
0.29861497879,
0.300036907196,
0.298749923706,
0.299546957016,
0.388943910599,
0.389861106873,
0.42723107338,
0.428174972534,
0.49560713768,
0.496183156967,
0.490782976151,
0.491666793823,
0.519734144211,
0.488111019135,
0.510120868683,
0.510461091995,
0.493192911148,
0.493529081345,
0.427067995071,
0.427269935608,
0.417083978653,
0.417346000671,
0.398417949677,
0.398702144623,
0.374312877655,
0.374515771866,
0.295009851456,
0.29521894455,
0.288311004639,
0.288516044617,
0.24366402626,
0.24408197403,
0.227616071701,
0.227844953537,
0.222170114517,
0.22262096405,
0.223258018494,
0.185996055603,
0.211082935333,
0.211374998093,
0.208519935608,
0.208842992783,
0.20228099823,
0.20276093483,
0.185899019241,
0.186564922333,
0.1850669384,
0.185237884521,
0.178772926331,
0.179049015045,
0.172389984131,
0.172721862793,
0.164667844772,
0.16500878334,
0.147828102112,
0.119577884674,
0.150018930435,
0.120333909988,
0.145660877228,
0.114477872849,
0.146198987961,
0.146566867828,
0.136255025864,
0.106504917145,
0.134475946426,
0.134767055511,
0.131609916687,
0.084410905838,
0.124881982803,
0.0959329605103,
0.125046014786,
0.0973608493805,
0.125019788742,
0.0968759059906,
0.125877857208,
0.0931339263916,
0.125438928604,
0.0957260131836,
0.126265048981,
0.0965790748596,
0.119436979294,
0.0906538963318,
0.126767873764,
0.094978094101,
0.136516094208,
0.108914136887,
0.134516000748,
0.135100126266,
0.145389795303,
0.118312120438,
0.144641160965,
0.103713989258,
0.147404909134,
0.118422985077,
0.153030872345,
0.116581916809,
0.145409822464,
0.114787101746,
0.149021148682,
0.104447841644,
0.140187978745,
0.106231927872,
0.132921934128,
0.103042125702,
0.137059211731,
0.103134870529,
0.136047840118,
0.102385997772,
0.128792047501,
0.100282907486,
0.120933055878,
0.0987889766693,
0.128747940063,
0.129979133606,
0.136068820953,
0.136618852615,
0.13729596138,
0.138155937195,
0.128207206726,
0.129043102264,
0.129437208176,
0.130036115646,
0.116626977921,
0.117481946945,
0.11656999588,
0.118035078049,
0.139352083206,
0.14096903801,
0.151121854782,
0.15202999115,
0.152359008789,
0.152951955795,
0.160377025604,
0.161419868469,
0.190586090088,
0.191625118256,
0.239067077637,
0.239940881729,
0.243942022324,
0.244518995285,
0.276427030563,
0.277534008026,
0.273514986038,
0.274091959,
0.268811941147,
0.26987695694,
0.247524023056,
0.248193979263,
0.326154947281,
0.261563062668,
0.288326025009,
0.288671970367,
0.274698972702,
0.275094032288,
0.265537977219,
0.265860080719,
0.25971198082,
0.222562074661,
0.252454996109,
0.186576128006,
0.220867156982,
0.19046497345,
0.231150150299,
0.202687978745,
0.293545007706,
0.294138908386,
0.297112941742,
0.267096042633,
0.296314954758,
0.297021150589,
0.286864995956,
0.257161855698,
0.283550977707,
0.254784822464,
0.277184963226,
0.236609220505,
0.271468162537,
0.271748065948,
0.224729776382,
0.224997997284,
0.220929861069,
0.192467927933,
0.218229055405,
0.218410015106,
0.208662986755,
0.208948850632,
0.193985939026,
0.165698051453,
0.195569992065,
0.195971012115,
0.192188024521,
0.164407968521,
0.186935901642,
0.158884048462,
0.185643911362,
0.157820224762,
0.185956001282,
0.147160053253,
0.177266120911,
0.178146123886,
0.185630083084,
0.185799121857,
0.182520866394,
0.182975769043,
0.177340984344,
0.17776799202,
0.182156085968,
0.151276111603,
0.179346084595,
0.179871082306,
0.176017045975,
0.176386117935,
0.174185037613,
0.146739006042,
0.180618047714,
0.154723882675,
0.190589904785,
0.191427946091,
0.190726995468,
0.190972089767,
0.191102027893,
0.162682056427,
0.194225072861,
0.194545984268,
0.194472074509,
0.194807052612,
0.189112901688,
0.189414978027,
0.181323051453,
0.150882959366,
0.177885055542,
0.178171157837,
0.173689126968,
0.173909187317,
0.165035963058,
0.165528059006,
0.158374071121,
0.158653020859,
0.15628194809,
0.156527042389,
0.149211883545,
0.14942908287,
0.143406867981,
0.143983840942,
0.141875982285,
0.106644153595,
0.130637168884,
0.1028881073,
0.126016139984,
0.0976760387421,
0.12013220787,
0.120942115784,
0.124542951584,
0.12472486496,
0.112247943878,
0.112504005432,
0.107623100281,
0.107965946198,
0.103162050247,
0.103614091873,
0.10581612587,
0.106715202332,
0.107622861862,
0.108248949051,
0.108116865158,
0.10856294632,
0.0847110748291,
0.085058927536,
0.0996999740601,
0.100213050842,
0.101130962372,
0.102137088776,
0.096204996109,
0.0969941616058,
0.0882549285889,
0.0888049602509,
0.0841851234436,
0.0852701663971,
0.0931460857391,
0.0939688682556,
0.0956790447235,
0.0967519283295,
0.102555990219,
0.103874921799,
0.119834899902,
0.120423793793,
0.122290849686,
0.123210906982,
0.14324092865,
0.143978834152,
0.140959978104,
0.142168998718,
0.136782884598,
0.138226985931,
0.124408006668,
0.081335067749,
0.116206884384,
0.0858881473541,
0.111683130264,
0.111977100372,
0.0918228626251,
0.0920898914337,
0.0803000926971,
0.0806140899658,
0.0781600475311,
0.0783760547638,
0.0759890079498,
0.0762710571289,
0.0699751377106,
0.0702669620514,
0.0629699230194,
0.0632688999176,
0.0495059490204,
0.0499210357666,
0.0449318885803,
0.0454890727997,
0.0394668579102,
0.0397529602051,
0.0284171104431,
0.0286681652069,
0.0251679420471,
0.026603937149,
0.024111032486,
0.0252749919891,
0.0290551185608,
0.0297729969025,
0.0368988513947,
0.0374989509583,
0.0288279056549,
0.0299799442291,
0.0355489253998,
0.0361480712891,
0.028636932373,
0.0291719436646,
0.0372920036316,
0.00322604179382,
0.0323441028595,
0.0326340198517,
0.0372269153595,
0.0382218360901,
0.0334410667419,
0.00399279594421,
0.0320119857788,
0.0324637889862,
0.0325682163239,
0.0333020687103,
0.0366411209106,
0.00274515151978,
0.0368859767914,
0.0371699333191,
0.0279409885406,
0.0281910896301,
0.0285530090332,
0.0288300514221,
0.028657913208,
0.0289440155029,
0.0248289108276,
0.0250909328461,
0.0208959579468,
0.0211379528046,
0.02485704422,
0.0251290798187,
0.0209350585938,
0.0212509632111,
0.0237770080566,
0.0240960121155,
0.0209009647369,
0.0211570262909,
0.0249950885773,
0.0252809524536,
0.024806022644,
0.0250930786133,
0.0225169658661,
0.0228078365326,
0.0227389335632,
0.0230269432068,
0.024425983429,
0.0247459411621,
0.0247678756714,
0.0250289440155,
0.0219719409943,
0.0230820178986,
0.0232388973236,
0.024111032486,
0.0278611183167,
0.0291202068329,
0.0228319168091,
0.023726940155,
0.0245630741119,
0.0259890556335,
0.0310008525848,
0.031261920929,
0.0265800952911,
0.0276350975037,
0.022919178009,
0.0232210159302,
0.0238528251648,
0.0249109268188,
0.0248501300812,
0.026141166687,
0.0312700271606,
0.0315599441528,
0.0227019786835,
0.0229949951172,
0.0266070365906,
0.0268490314484,
0.0272619724274,
0.027626991272,
0.0245819091797,
0.0248878002167,
0.0243320465088,
0.0245878696442,
0.0227038860321,
0.0229518413544,
0.0294330120087,
0.0299129486084,
0.0258829593658,
0.0273129940033,
0.0236160755157,
0.0250029563904,
0.0275809764862,
0.0292439460754,
0.0246460437775,
0.0253939628601,
0.0214939117432,
0.0224568843842,
0.0382549762726,
0.0384469032288,
0.0227060317993,
0.0230078697205,
0.0241761207581,
0.0244801044464,
0.0245752334595,
0.0248050689697,
0.0218281745911,
0.0220911502838,
0.0225279331207,
0.0227560997009,
0.0272319316864,
0.0275259017944,
0.0285739898682,
0.0288500785828,
0.0224430561066,
0.0235769748688,
0.0283069610596,
0.0295250415802,
0.0276579856873,
0.0285000801086,
0.0247519016266,
0.0250360965729,
0.0266091823578,
0.0269501209259,
0.0248038768768,
0.0251078605652,
0.0255479812622,
0.0266289710999,
0.0314581394196,
0.00249099731445,
0.0248589515686,
0.0257580280304,
0.0251851081848,
0.0264389514923,
0.0366969108582,
0.0369520187378,
0.0260441303253,
0.0271379947662,
0.0270829200745,
0.0281889438629,
0.0322210788727,
0.032557964325,
0.0251820087433,
0.025778055191,
0.0256309509277,
0.0267248153687,
0.0290360450745,
0.0293140411377,
0.0227780342102,
0.0231020450592,
0.0232388973236,
0.0234849452972,
0.0249221324921,
0.0257799625397,
0.0240669250488,
0.0251398086548,
0.0243859291077,
0.0258638858795,
0.0245289802551,
0.0263600349426,
0.0235209465027,
0.0249819755554,
0.0324227809906,
0.0327429771423,
0.0248839855194,
0.0252268314362,
0.0283491611481,
0.028599023819,
0.0249001979828,
0.0252020359039,
0.0287201404572,
0.0290031433105,
0.0291848182678,
0.0297408103943,
0.0273199081421,
0.0283589363098,
0.029196023941,
0.0301339626312,
0.0266020298004,
0.0269999504089,
0.0247001647949,
0.0249900817871,
0.0285048484802,
0.0294909477234,
0.0221691131592,
0.0223960876465,
0.0272989273071,
0.0275678634644,
0.0228040218353,
0.023097038269,
0.0243761539459,
0.0246391296387,
0.028548002243,
0.0288980007172,
0.033271074295,
0.0337030887604,
0.0273630619049,
0.0276141166687,
0.0287640094757,
0.0290160179138,
0.0233039855957,
0.0247268676758,
0.0238258838654,
0.0240950584412,
0.0247099399567,
0.0249979496002,
0.0256860256195,
0.0266211032867,
0.0233290195465,
0.0244779586792,
0.0256290435791,
0.026524066925,
0.0246779918671,
0.0249240398407,
0.0215690135956,
0.0218350887299,
0.0254881381989,
0.026468038559,
0.0250041484833,
0.0252661705017,
0.0208330154419,
0.0212159156799,
0.0258030891418,
0.0264999866486,
0.0311629772186,
0.0315101146698,
0.0318548679352,
0.0321519374847,
0.0248110294342,
0.0256650447845,
0.0275270938873,
0.0277760028839,
0.0323128700256,
0.0325169563293,
0.0252940654755,
0.0255830287933,
0.0300099849701,
0.0303499698639,
0.0217719078064,
0.0220251083374,
0.0225250720978,
0.0227651596069,
0.0280759334564,
0.0283389091492,
0.032693862915,
0.0330119132996,
0.027510881424,
0.0276999473572,
0.0287580490112,
0.0290958881378,
0.0247309207916,
0.0250070095062,
0.0249228477478,
0.0252130031586,
0.0269560813904,
0.0272510051727,
0.0276319980621,
0.0279979705811,
0.0246541500092,
0.0249099731445,
0.0224549770355,
0.0229690074921,
0.0229949951172,
0.0239021778107,
0.0236549377441,
0.0239660739899,
0.0247459411621,
0.0250158309937,
0.0292909145355,
0.0296239852905,
0.0305378437042,
0.0309269428253,
0.0275719165802,
0.0278849601746,
0.0235068798065,
0.023992061615,
0.0285499095917,
0.0287189483643,
0.0231869220734,
0.0235409736633,
0.0254640579224,
0.0268039703369,
0.0242910385132,
0.0253150463104,
0.0315020084381,
0.0318419933319,
0.0272219181061,
0.0276279449463,
0.0378518104553,
0.0387368202209,
0.0318810939789,
0.0021538734436,
0.0369718074799,
0.0375199317932,
0.0159060955048,
0.00136780738831,
0.0338709354401,
0.0342600345612,
0.040736913681,
0.0415239334106,
0.0328891277313,
0.0341341495514,
0.0379271507263,
0.0386400222778,
0.0313830375671,
0.0326409339905,
0.0338551998138,
0.0346331596375,
0.0272350311279,
0.0282580852509,
0.0287771224976,
0.0295789241791,
0.0432851314545,
0.0446109771729,
0.119995117188,
0.120571136475,
0.0805449485779,
0.08127784729,
0.0836079120636,
0.0856900215149,
0.0740261077881,
0.0360510349274,
0.0666279792786,
0.0668909549713,
0.0610208511353,
0.0615298748016,
0.0684950351715,
0.0694110393524,
0.152629137039,
0.153475046158,
0.200912952423,
0.201555013657,
0.16626906395,
0.167438030243,
0.151885986328,
0.153007030487,
0.124351978302,
0.124540805817,
0.121924161911,
0.122166156769,
0.115646839142,
0.115961790085,
0.114259958267,
0.0859858989716,
0.119283914566,
0.0904569625854,
0.113535165787,
0.0848178863525,
0.111506938934,
0.112550973892,
0.110723018646,
0.111000061035,
0.102553844452,
0.102761983871,
0.0971438884735,
0.0686490535736,
0.0943021774292,
0.0944762229919,
0.0800008773804,
0.0802829265594,
0.0779030323029,
0.078164100647,
0.0716679096222,
0.0720639228821,
0.0654170513153,
0.0657119750977,
0.0626909732819,
0.0628960132599,
0.0554728507996,
0.0557789802551,
0.0534501075745,
0.0540471076965,
0.0554559230804,
0.0264389514923,
0.0498728752136,
0.0220291614532,
0.0425701141357,
0.0427629947662,
0.0366220474243,
0.00350904464722,
0.0251750946045,
0.0263750553131,
0.0229029655457,
0.024053812027,
0.0242559909821,
0.0251851081848,
0.0149309635162,
0.0307538509369,
0.0184161663055,
0.0187911987305,
0.0194540023804,
0.028580904007,
0.0226490497589,
0.0239942073822,
0.0240209102631,
0.0248239040375,
0.0318109989166,
0.00354099273682,
0.0334951877594,
0.0343279838562,
0.0316300392151,
0.00366497039795,
0.0293848514557,
0.0310180187225,
0.0297868251801,
0.0022668838501,
0.0242578983307,
0.0255589485168,
0.0304248332977,
0.00255703926086,
0.0270979404449,
0.028324842453,
0.0321171283722,
0.0324981212616,
0.0275840759277,
0.0278401374817,
0.0260779857635,
0.0263459682465,
0.0257861614227,
0.0260210037231,
0.0232698917389,
0.0235669612885,
0.024719953537,
0.0254909992218,
0.0225470066071,
0.0234060287476,
0.0251090526581,
0.0261650085449,
0.0248289108276,
0.0250780582428,
0.0227041244507,
0.0229811668396,
0.0212059020996,
0.0214929580688,
0.0240359306335,
0.0246601104736,
0.0293641090393,
0.0298631191254,
0.026703119278,
0.0270371437073,
0.0239748954773,
0.0245859622955,
0.0211179256439,
0.021369934082,
0.0273699760437,
0.0276181697845,
0.0282690525055,
0.0284790992737,
0.021842956543,
0.022136926651,
0.0275189876556,
0.027822971344,
0.0251770019531,
0.0255780220032,
0.0225529670715,
0.0229618549347,
0.0282938480377,
0.0285620689392,
0.0284900665283,
0.0287671089172,
0.0288770198822,
0.0291459560394,
0.0383069515228,
0.038733959198,
0.031445980072,
0.0334451198578,
0.0279290676117,
0.0282409191132,
0.0286381244659,
0.0289630889893,
0.0293641090393,
0.0297181606293,
0.0292677879333,
0.029531955719,
0.0298490524292,
0.0302450656891,
0.0322329998016,
0.0324940681458,
0.0281188488007,
0.0283749103546,
0.028450012207,
0.0287158489227,
0.0244410037994,
0.0246741771698,
0.0280768871307,
0.0283191204071,
0.033695936203,
0.0342049598694,
0.023689031601,
0.0239338874817,
0.0254859924316,
0.0257678031921,
0.0336799621582,
0.0340161323547,
0.0265998840332,
0.0270099639893,
0.033793926239,
0.0341079235077,
0.0276691913605,
0.0280010700226,
0.0243570804596,
0.0246109962463,
0.0287928581238,
0.029098033905,
0.0265600681305,
0.0268402099609,
0.0245699882507,
0.0258221626282,
0.0330419540405,
0.033341884613,
0.0238211154938,
0.0240750312805,
0.0226299762726,
0.0229048728943,
0.0235958099365,
0.0238199234009,
0.0206568241119,
0.0214469432831,
0.0228300094604,
0.0233159065247,
0.0355129241943,
0.0360779762268,
0.0491540431976,
0.00358200073242,
0.028107881546,
0.0284030437469,
0.0411579608917,
0.00263404846191,
0.0233728885651,
0.0241780281067,
0.0379037857056,
0.00490093231201,
0.0330290794373,
0.0340490341187,
0.0281021595001,
0.0291860103607,
0.039783000946,
0.00570321083069,
0.0330951213837,
0.0334541797638,
0.0280230045319,
0.00181007385254,
0.035943031311,
0.00124192237854,
0.0391809940338,
0.040374994278,
0.113279104233,
0.114325046539,
0.109740972519,
0.110665798187,
0.110542058945,
0.111514091492,
0.200236082077,
0.16855597496,
0.198223114014,
0.0994329452515,
0.125444889069,
0.125818014145,
0.0997920036316,
0.100615024567,
0.173647165298,
0.174183130264,
0.171221971512,
0.134418010712,
0.158674955368,
0.159296035767,
0.139184951782,
0.140553951263,
0.168562889099,
0.168753862381,
0.151686906815,
0.15212893486,
0.147611856461,
0.14790892601,
0.134301900864,
0.09317278862,
0.116543769836,
0.11755490303,
0.12623000145,
0.126767873764,
0.122183084488,
0.0923700332642,
0.12247800827,
0.0877418518066,
0.113181829453,
0.0750148296356,
0.109699010849,
0.0671448707581,
0.0912938117981,
0.0623798370361,
0.0961079597473,
0.0657951831818,
0.088611125946,
0.0610630512238,
0.0911469459534,
0.0913498401642,
0.0913379192352,
0.0916719436646,
0.120800018311,
0.121308088303,
0.131191015244,
0.102026939392,
0.190119981766,
0.19060087204,
0.192813873291,
0.159760951996,
0.185241937637,
0.155422925949,
0.18918299675,
0.190608978271,
0.23469209671,
0.235028028488,
0.289474010468,
0.290514945984,
0.321906089783,
0.322751045227,
0.342060804367,
0.343715906143,
0.345929861069,
0.282132863998,
0.315291881561,
0.31611084938,
0.412189006805,
0.413285970688,
0.451864004135,
0.421982049942,
0.449721097946,
0.450060129166,
0.442867994308,
0.443113088608,
0.440718173981,
0.406596183777,
0.502712965012,
0.50324010849,
0.499725103378,
0.500096082687,
0.500200986862,
0.500766038895,
0.493431091309,
0.421627044678,
0.454584121704,
0.411110877991,
0.43635892868,
0.436656951904,
0.406600952148,
0.406860113144,
0.408246040344,
0.408570051193,
0.394449949265,
0.394681930542,
0.392594814301,
0.392916917801,
0.380596876144,
0.38089799881,
0.326561927795,
0.326783895493,
0.323895931244,
0.324215888977,
0.319451093674,
0.319867134094,
0.316615104675,
0.316863059998,
0.309455156326,
0.281093120575,
0.309922933578,
0.310127019882,
0.307626962662,
0.30789399147,
0.310925960541,
0.282502889633,
0.310997009277,
0.27707195282,
0.308288097382,
0.267913103104,
0.298321962357,
0.269628047943,
0.29761505127,
0.298213005066,
0.30055308342,
0.273604154587,
0.293984174728,
0.294228076935,
0.286337852478,
0.286573886871,
0.265738010406,
0.266052961349,
0.255567073822,
0.255943059921,
0.250923871994,
0.251260995865,
0.244483947754,
0.244875907898,
0.236618995667,
0.207758188248,
0.236996173859,
0.204674005508,
0.233576059341,
0.206055879593,
0.236322879791,
0.236830949783,
0.218926906586,
0.219456911087,
0.217169046402,
0.179605007172,
0.208648920059,
0.180911064148,
0.201826095581,
0.20214009285,
0.198741912842,
0.199033975601,
0.19283914566,
0.193233966827,
0.189657926559,
0.189997911453,
0.182551860809,
0.182949066162,
0.184123039246,
0.184411048889,
0.181995153427,
0.182212114334,
0.176722049713,
0.139387130737,
0.166139125824,
0.140864849091,
0.179160833359,
0.151058912277,
0.176964998245,
0.147799968719,
0.190562009811,
0.161603927612,
0.191465854645,
0.192656993866,
0.176884889603,
0.133825778961,
0.161271810532,
0.132406949997,
0.165082931519,
0.166198968887,
0.151739120483,
0.122871160507,
0.153960943222,
0.127104997635,
0.157450914383,
0.128690004349,
0.159314155579,
0.132822990417,
0.157002925873,
0.12800693512,
0.151396036148,
0.151944160461,
0.144378900528,
0.144799947739,
0.145196199417,
0.113773107529,
0.128384113312,
0.129321098328,
0.14213013649,
0.11310505867,
0.153994083405,
0.1546189785,
0.144304990768,
0.144607782364,
0.150181055069,
0.150552034378,
0.155711889267,
0.126827955246,
0.155515909195,
0.126051187515,
0.157939195633,
0.130417108536,
0.166669130325,
0.138302087784,
0.166425943375,
0.166926145554,
0.164129018784,
0.164389848709,
0.168274879456,
0.168558835983,
0.172245025635,
0.172456979752,
0.164563179016,
0.164864063263,
0.170144081116,
0.170445919037,
0.171788930893,
0.172068834305,
0.16012597084,
0.125248193741,
0.156507968903,
0.125788927078,
0.152966022491,
0.121117115021,
0.144684076309,
0.114034891129,
0.15175485611,
0.122620105743,
0.158475160599,
0.130398988724,
0.15792798996,
0.158205986023,
0.153620004654,
0.154536008835,
0.152899980545,
0.153599977493,
0.160946130753,
0.16122508049,
0.158791065216,
0.130861997604,
0.167315006256,
0.137137174606,
0.169759988785,
0.170037031174,
0.171438932419,
0.171722888947,
0.167662143707,
0.168642997742,
0.1538169384,
0.154012918472,
0.16032409668,
0.160617113113,
0.156347036362,
0.156642198563,
0.156440973282,
0.124154090881,
0.142633199692,
0.143449068069,
0.145171880722,
0.146337032318,
0.154439926147,
0.155320882797,
0.151689052582,
0.15226316452,
0.15208697319,
0.152900934219,
0.158574104309,
0.159811019897,
0.164385080338,
0.165215969086,
0.165891885757,
0.167495012283,
0.175035953522,
0.175626039505,
0.174243927002,
0.175344944,
0.172458171844,
0.173249006271,
0.166679143906,
0.167660951614,
0.170005083084,
0.171415090561,
0.171529054642,
0.172146081924,
0.163691043854,
0.164759874344,
0.176387786865,
0.14542388916,
0.175025939941,
0.145450115204,
0.165994167328,
0.1672539711,
0.155373096466,
0.126250982285,
0.140899181366,
0.158956050873,
0.133059024811,
0.13333106041,
0.141116142273,
0.141892910004,
0.142925977707,
0.114771127701,
0.140511989594,
0.141078948975,
0.14278793335,
0.113951921463,
0.140427112579,
0.108829021454,
0.139215946198,
0.111741065979,
0.140244960785,
0.140892982483,
0.142889976501,
0.14408993721,
0.140722990036,
0.141671180725,
0.13510799408,
0.136168956757,
0.112160205841,
0.113022089005,
0.103422880173,
0.0733470916748,
0.0964629650116,
0.0675048828125,
0.0976040363312,
0.0597789287567,
0.0933790206909,
0.0644919872284,
0.095223903656,
0.095508813858,
0.0933849811554,
0.0939431190491,
0.0884959697723,
0.0887260437012,
0.0818500518799,
0.0828800201416,
0.0912020206451,
0.0631990432739,
0.0893950462341,
0.0617527961731,
0.0972390174866,
0.0974190235138,
0.0916340351105,
0.0641219615936,
0.1014149189,
0.101662874222,
0.0922250747681,
0.0925841331482,
0.085541009903,
0.085825920105,
0.079017162323,
0.0792679786682,
0.0730469226837,
0.0734179019928,
0.0747861862183,
0.0751070976257,
0.0764439105988,
0.076996088028,
0.0638740062714,
0.0641429424286,
0.06369805336,
0.0642890930176,
0.064936876297,
0.066193819046,
0.0685098171234,
0.0695378780365,
0.0769460201263,
0.0781860351562,
0.0804810523987,
0.0811450481415,
0.0726978778839,
0.0735778808594,
0.0682771205902,
0.0696139335632,
0.0767529010773,
0.0774810314178,
0.0756800174713,
0.0765800476074,
0.0807039737701,
0.0817658901215,
0.084352016449,
0.0854349136353,
0.0731210708618,
0.0739760398865,
0.0635349750519,
0.0643100738525,
0.0603501796722,
0.0322179794312,
0.0610699653625,
0.0615570545197,
0.047327041626,
0.0243020057678,
0.0527110099792,
0.0532739162445,
0.0545980930328,
0.0556840896606,
0.0556800365448,
0.056648015976,
0.0569591522217,
0.0575749874115,
0.0578360557556,
0.0584061145782,
0.0526969432831,
0.054123878479,
0.0601961612701,
0.060389995575,
0.0434010028839,
0.0593249797821,
0.0493130683899,
0.0606861114502,
0.0448820590973,
0.0468401908875,
0.0414249897003,
0.0435240268707,
0.0401811599731,
0.0426361560822,
0.0375869274139,
0.0246160030365,
0.0483732223511,
0.019140958786,
0.0502419471741,
0.0208160877228,
0.0477440357208,
0.0483491420746,
0.0406758785248,
0.0408699512482,
0.032408952713,
0.0330970287323,
0.0244472026825,
0.0267469882965,
0.0340399742126,
0.0342981815338,
0.0312469005585,
0.0314769744873,
0.0241260528564,
0.0246150493622,
0.031879901886,
0.0326619148254,
0.0346970558167,
0.0353589057922,
0.0324358940125,
0.0333609580994,
0.030189037323,
0.0309820175171,
0.0352239608765,
0.00142383575439,
0.0383818149567,
0.0388538837433,
0.0324840545654,
0.0331270694733,
0.0324909687042,
0.0329239368439,
0.0181829929352,
0.0195939540863,
0.0281331539154,
0.0285441875458,
0.0346229076385,
0.00307297706604,
0.029228925705,
0.00264501571655,
0.0301420688629,
0.0307760238647,
0.0301258563995,
0.0021538734436,
0.0291619300842,
0.0299978256226,
0.0305001735687,
0.0311682224274,
0.0269410610199,
0.0280191898346,
0.0326750278473,
0.00261902809143,
0.0330770015717,
0.00311303138733,
0.0283298492432,
0.0290780067444,
0.0261001586914,
0.0270051956177,
0.0316870212555,
0.00159192085266,
0.0362720489502,
0.00490093231201,
0.0231149196625,
0.0235300064087,
0.0365209579468,
0.0370609760284,
0.0234458446503,
0.0241057872772,
0.0337188243866,
0.0343289375305,
0.0290379524231,
0.0301768779755,
0.0319311618805,
0.00400018692017,
0.0325481891632,
0.00234508514404,
0.0248079299927,
0.0252981185913,
0.0292711257935,
0.000753164291382,
0.0291421413422,
0.029580116272,
0.0321161746979,
0.0326211452484,
0.0272710323334,
0.0279309749603,
0.0250849723816,
0.0261268615723,
0.025496006012,
0.026379108429,
0.0287339687347,
0.0295360088348,
0.03200507164,
0.00339698791504,
0.0281729698181,
0.0290110111237,
0.0254969596863,
0.0267748832703,
0.0243389606476,
0.0249991416931,
0.0256590843201,
0.0263431072235,
0.0272190570831,
0.0284929275513,
0.0303838253021,
0.0306839942932,
0.02809715271,
0.0287771224976,
0.0361378192902,
0.00309085845947,
0.0210599899292,
0.0218198299408,
0.0308082103729,
0.00258088111877,
0.0398788452148,
0.0404508113861,
0.0169370174408,
0.0308790206909,
0.0314359664917,
0.00300693511963,
0.0278639793396,
0.0281720161438,
0.0216858386993,
0.0224950313568,
0.0265100002289,
0.0273098945618,
0.0256419181824,
0.0287590026855,
0.0355470180511,
0.00324606895447,
0.02894115448,
0.000425100326538,
0.0368130207062,
0.00274705886841,
0.0254850387573,
0.0266089439392,
0.0319650173187,
0.00446009635925,
0.0411710739136,
0.00309991836548,
0.0367090702057,
0.00132703781128,
0.0325899124146,
0.0330109596252,
0.0403370857239,
0.00154995918274,
0.0330448150635,
0.000675916671753,
0.0357940196991,
0.00336003303528,
0.0321509838104,
0.0325469970703,
0.0316541194916,
0.0320920944214,
0.0323510169983,
0.0328028202057,
0.032231092453,
0.0331659317017,
0.0318360328674,
0.0327799320221,
0.0315079689026,
0.0318250656128,
0.0362651348114,
0.0371940135956,
0.0287811756134,
0.029844045639,
0.0340359210968,
0.0344281196594,
0.0280721187592,
0.028510093689,
0.0255079269409,
0.0261600017548,
0.0323550701141,
0.0335218906403,
0.0407090187073,
0.0415079593658,
0.0378460884094,
0.0386400222778,
0.0325419902802,
0.0332591533661,
0.031907081604,
0.0326130390167,
0.0328180789948,
0.0343780517578,
0.0383250713348,
0.0390791893005,
0.0327079296112,
0.0335259437561,
0.0357341766357,
0.0363800525665,
0.0283107757568,
0.0288558006287,
0.0389058589935,
0.0407259464264,
0.035295009613,
0.0362129211426,
0.0447630882263,
0.00205993652344,
0.0443639755249,
0.0450048446655,
0.0324060916901,
0.0330049991608,
0.0324110984802,
0.0333001613617,
0.032753944397,
0.0337500572205,
0.0522511005402,
0.0531339645386,
0.0937991142273,
0.0944049358368,
0.0568141937256,
0.0578951835632,
0.0585198402405,
0.0590968132019,
0.0711410045624,
0.0722367763519,
0.0753841400146,
0.0330560207367,
0.0692698955536,
0.0699119567871,
0.0975208282471,
0.0632848739624,
0.0928919315338,
0.0937540531158,
0.093150138855,
0.0948481559753,
0.0942289829254,
0.0644578933716,
0.08975481987,
0.0907669067383,
0.0853049755096,
0.056587934494,
0.0961148738861,
0.0673589706421,
0.104030132294,
0.104213953018,
0.0962109565735,
0.0975048542023,
0.0941090583801,
0.0943372249603,
0.0787360668182,
0.079038143158,
0.0816130638123,
0.0550410747528,
0.0823659896851,
0.0826051235199,
0.0779478549957,
0.0782380104065,
0.072163105011,
0.0723421573639,
0.0519380569458,
0.0522401332855,
0.0457148551941,
0.0460238456726,
0.0430431365967,
0.0433170795441,
0.0297620296478,
0.0303750038147,
0.023668050766,
0.024129152298,
0.0311009883881,
0.0315878391266,
0.0243389606476,
0.0246169567108,
0.0265078544617,
0.0272159576416,
0.0286040306091,
0.0291240215302,
0.0262031555176,
0.0268890857697,
0.0303118228912,
0.0306940078735,
0.0323798656464,
0.033038854599,
0.0348470211029,
0.00530004501343,
0.0366251468658,
0.0372111797333,
0.0201971530914,
0.0205571651459,
0.026985168457,
0.0277090072632,
0.0322041511536,
0.00352311134338,
0.0325059890747,
0.0327858924866,
0.0325131416321,
0.0330691337585,
0.0361940860748,
0.0366861820221,
0.0285909175873,
0.0298948287964,
0.0268199443817,
0.0283160209656,
0.0254559516907,
0.026508808136,
0.0269849300385,
0.0278220176697,
0.026871919632,
0.0271089076996,
0.0243201255798,
0.0246222019196,
0.0243668556213,
0.0246260166168,
0.0217859745026,
0.0220620632172,
0.0263090133667,
0.0265431404114,
0.02365899086,
0.0238928794861,
0.0231540203094,
0.0233759880066,
0.0243711471558,
0.0246050357819,
0.0246961116791,
0.0249011516571,
0.0224599838257,
0.0228168964386,
0.0328869819641,
0.0332360267639,
0.0258438587189,
0.026134967804,
0.0274498462677,
0.0278990268707,
0.0291619300842,
0.0295889377594,
0.0230851173401,
0.0234889984131,
0.0231740474701,
0.0234200954437,
0.0265460014343,
0.027547121048,
0.0320188999176,
0.00327491760254,
0.0392789840698,
0.0031750202179,
0.0389530658722,
0.0394670963287,
0.0292141437531,
0.00231695175171,
0.0314908027649,
0.0031270980835,
0.0362861156464,
0.00475001335144,
0.0374870300293,
0.0380918979645,
0.0284810066223,
0.0291428565979,
0.0261960029602,
0.0267751216888,
0.0253210067749,
0.0259459018707,
0.0280740261078,
0.000426054000854,
0.0333380699158,
0.00348877906799,
0.0370969772339,
0.00302410125732,
0.039929151535,
0.00139188766479,
0.0259280204773,
0.0265409946442,
0.0308718681335,
0.00208711624146,
0.0411360263824,
0.0417671203613,
0.0403971672058,
0.000638008117676,
0.0332758426666,
0.00684309005737,
0.0421710014343,
0.00399303436279,
0.0331380367279,
0.00292682647705,
0.0372569561005,
0.00637888908386,
0.0394818782806,
0.03981590271,
0.0328729152679,
0.00211191177368,
0.0242669582367,
0.0248880386353,
0.0247230529785,
0.0257730484009,
0.0337400436401,
0.00125503540039,
0.027911901474,
0.0287680625916,
0.0342559814453,
0.000746965408325,
0.0327620506287,
0.0334119796753,
0.0285449028015,
0.0293049812317,
0.0344660282135,
0.0351350307465,
0.0350060462952,
0.00463199615479,
0.0406188964844,
0.0410161018372,
0.0314478874207,
0.0320320129395,
0.0366270542145,
0.038497209549,
0.0350570678711,
0.00241494178772,
0.0253109931946,
0.0265390872955,
0.0255510807037,
0.0270202159882,
0.0291180610657,
0.030021905899,
0.0232930183411,
0.02401304245,
0.038400888443,
0.0386238098145,
0.0364279747009,
0.0367040634155,
0.0235569477081,
0.0238718986511,
0.0247490406036,
0.0250358581543,
0.0232741832733,
0.0235831737518,
0.0226888656616,
0.0229208469391,
0.0270600318909,
0.0273880958557,
0.0249049663544,
0.0256719589233,
0.0250489711761,
0.025249004364,
0.022598028183,
0.0228440761566,
0.0227270126343,
0.0229780673981,
0.0246179103851,
0.0248908996582,
0.0246570110321,
0.0250301361084,
0.0256180763245,
0.0258791446686,
0.0230529308319,
0.0233409404755,
0.0227611064911,
0.0230810642242,
0.0273380279541,
0.0276861190796,
0.0247659683228,
0.0255181789398,
0.0431990623474,
0.0436060428619,
0.041069984436,
0.00172305107117,
0.0489590167999,
0.0011568069458,
0.0356409549713,
0.00196290016174,
0.0428559780121,
0.0433349609375,
0.0453281402588,
0.0148520469666,
0.0488831996918,
0.0494170188904,
0.0430450439453,
0.0147070884705,
0.038134098053,
0.00286722183228,
0.0341250896454,
0.00285005569458,
0.0337729454041,
0.00263381004333,
0.0314159393311,
0.00305986404419,
0.0318968296051,
0.0323469638824,
0.0226089954376,
0.0230708122253,
0.0305118560791,
0.0307769775391,
0.0686151981354,
0.0018949508667,
0.0303299427032,
0.00207901000977,
0.0351390838623,
0.00374984741211,
0.0367558002472,
0.037092924118,
0.0293419361115,
0.0297229290009,
0.0341930389404,
0.0346620082855,
0.0271461009979,
0.0278570652008,
0.0288062095642,
0.0295541286469,
0.0278408527374,
0.0286889076233,
0.0328149795532,
0.0332789421082,
0.0163969993591,
0.0169839859009,
0.0299129486084,
0.0306260585785,
0.0276510715485,
0.0281939506531,
0.0409111976624,
0.0415930747986,
0.0279901027679,
0.0283670425415,
0.0249629020691,
0.0253899097443,
0.0291318893433,
0.0298340320587,
0.0227508544922,
0.0239419937134,
0.0227720737457,
0.023383140564,
0.0313820838928,
0.032301902771,
0.0718250274658,
0.0721778869629,
0.0436539649963,
0.043937921524,
0.0446691513062,
0.0450241565704,
0.0189790725708,
0.0192420482635,
0.0407319068909,
0.0411400794983,
0.049418926239,
0.04967212677,
0.0305948257446,
0.0311260223389,
0.168206930161,
0.168945789337,
0.117506027222,
0.117687225342,
0.0984699726105,
0.0987689495087,
0.100480794907,
0.100804805756,
0.130064964294,
0.0982940196991,
0.138710975647,
0.110597133636,
0.141950130463,
0.142242193222,
0.135820865631,
0.136081933975,
0.113639831543,
0.113830804825,
0.109064102173,
0.10935997963,
0.0945820808411,
0.0657389163971,
0.100120067596,
0.10052895546,
0.108727216721,
0.109062194824,
0.107792139053,
0.0725598335266,
0.108618021011,
0.0833280086517,
0.111827850342,
0.0831530094147,
0.117239952087,
0.0864579677582,
0.109326124191,
0.0612721443176,
0.088760137558,
0.055878162384,
0.0767090320587,
0.0462210178375,
0.0693571567535,
0.0389041900635,
0.0651960372925,
0.0300579071045,
0.0569567680359,
0.0289900302887,
0.0652849674225,
0.0331380367279,
0.0660281181335,
0.0359230041504,
0.0574071407318,
0.026043176651,
0.0526041984558,
0.0233881473541,
0.0557780265808,
0.0252599716187,
0.0578010082245,
0.0288610458374,
0.0603260993958,
0.0360980033875,
0.0617690086365,
0.0325632095337,
0.0629100799561,
0.0333540439606,
0.0693938732147,
0.0431890487671,
0.072870016098,
0.0378189086914,
0.0751059055328,
0.0423491001129,
0.0730330944061,
0.0801379680634,
0.0730590820312,
0.0738461017609,
0.0720198154449,
0.0727179050446,
0.0604088306427,
0.0299739837646,
0.0515458583832,
0.0228700637817,
0.0488610267639,
0.0199949741364,
0.0513789653778,
0.0231580734253,
0.0585300922394,
0.0309290885925,
0.062744140625,
0.0631041526794,
0.0593020915985,
0.0289051532745,
0.0521731376648,
0.0230240821838,
0.0501010417938,
0.0215389728546,
0.0442318916321,
0.015508890152,
0.0378978252411,
0.00170993804932,
0.0305678844452,
0.0310220718384,
0.0335829257965,
0.0342080593109,
0.0270259380341,
0.0275518894196,
0.0228219032288,
0.0234038829803,
0.0242261886597,
0.0248191356659,
0.0297250747681,
0.00159287452698,
0.031219959259,
0.00164103507996,
0.0490691661835,
0.0498371124268,
0.0321090221405,
0.0328431129456,
0.0471680164337,
0.0481622219086,
0.0613219738007,
0.00431704521179,
0.0698380470276,
0.0198261737823,
0.0466260910034,
0.0477771759033,
0.0433828830719,
0.0154449939728,
0.0431911945343,
0.0437180995941,
0.0353970527649,
0.00281405448914,
0.0270249843597,
0.0280799865723,
0.0297179222107,
0.00122904777527,
0.0398981571198,
0.0403609275818,
0.0252389907837,
0.0256719589233,
0.0233919620514,
0.0250020027161,
0.0402588844299,
0.0406088829041,
0.0591518878937,
0.0595238208771,
0.0464918613434,
0.0468258857727,
0.0410690307617,
0.0414860248566,
0.0340421199799,
0.0360000133514,
0.0410799980164,
0.0251128673553,
0.0572938919067,
0.0277330875397,
0.0392541885376,
0.0410511493683,
0.0530750751495,
0.0252239704132,
0.0418457984924,
0.0436949729919,
0.0377712249756,
0.0382270812988,
0.065397977829,
0.0361049175262,
0.0666770935059,
0.0671379566193,
0.0506711006165,
0.0353021621704,
0.0778980255127,
0.0784599781036,
0.0742981433868,
0.041403055191,
0.0886180400848,
0.0892999172211,
0.082181930542,
0.0336260795593,
0.0570781230927,
0.0268878936768,
0.0531079769135,
0.0535469055176,
0.0426509380341,
0.0431408882141,
0.0435729026794,
0.0442638397217,
0.0489511489868,
0.0513470172882,
0.0594489574432,
0.0597159862518,
0.0563468933105,
0.0565898418427,
0.053915977478,
0.0541410446167,
0.0516269207001,
0.0518958568573,
0.0530109405518,
0.0532219409943,
0.0501761436462,
0.0504331588745,
0.0567691326141,
0.0574669837952,
0.0514810085297,
0.0222721099854,
0.0490419864655,
0.0494410991669,
0.0507609844208,
0.0511190891266,
0.0484569072723,
0.0489690303802,
0.0300450325012,
0.0305140018463,
0.0412800312042,
0.0418381690979,
0.0401251316071,
0.0409760475159,
0.0251920223236,
0.0262331962585,
0.0240030288696,
0.0247921943665,
0.0249609947205,
0.0257668495178,
0.0291631221771,
0.0298190116882,
0.030256986618,
0.00145196914673,
0.0292940139771,
0.0300409793854,
0.0253322124481,
0.0260531902313,
0.031103849411,
0.00157403945923,
0.0242550373077,
0.0254929065704,
0.0271828174591,
0.027715921402,
0.0287020206451,
0.0290789604187,
0.0279321670532,
0.0288500785828,
0.0253219604492,
0.0262649059296,
0.0326600074768,
0.0331361293793,
0.0278389453888,
0.028951883316,
0.0320689678192,
0.00201201438904,
0.0250790119171,
0.0254621505737,
0.0251200199127,
0.0262479782104,
0.0285348892212,
0.0290360450745,
0.0385539531708,
0.0044059753418,
0.0272288322449,
0.0280439853668,
0.0338280200958,
0.00250792503357,
0.0291390419006,
0.0303108692169,
0.0311071872711,
0.00228118896484,
0.0415201187134,
0.00518107414246,
0.0319669246674,
0.00176596641541,
0.0288560390472,
0.02973985672,
0.0269491672516,
0.0280480384827,
0.0286738872528,
0.0298998355865,
0.033371925354,
0.0337989330292,
0.0531740188599,
0.0190801620483,
0.0489590167999,
0.0202600955963,
0.0475611686707,
0.00516700744629,
0.0331830978394,
0.00247001647949,
0.0332651138306,
0.00385403633118,
0.0329911708832,
0.0023078918457,
0.0287938117981,
0.0293028354645,
0.0360538959503,
0.00352096557617,
0.0401811599731,
0.00253081321716,
0.0328769683838,
0.00151109695435,
0.0313820838928,
0.0319120883942,
0.0324790477753,
0.00249099731445,
0.036269903183,
0.00537991523743,
0.0422749519348,
0.00388598442078,
0.0322480201721,
0.00205302238464,
0.0288438796997,
0.0298600196838,
0.0392200946808,
0.0396401882172,
0.0324239730835,
0.00182294845581,
0.0326220989227,
0.0329949855804,
0.0374660491943,
0.00222682952881,
0.0296859741211,
0.00060510635376,
0.0309100151062,
0.00152897834778,
0.0242879390717,
0.0407629013062,
0.0340838432312,
0.0345919132233,
0.0240280628204,
0.0244128704071,
0.0343899726868,
0.0350830554962,
0.0314559936523,
0.0318541526794,
0.0322370529175,
0.0327620506287,
0.032555103302,
0.033301115036,
0.0231602191925,
0.0241701602936,
0.0232558250427,
0.0241389274597,
0.0267021656036,
0.0275831222534,
0.032674074173,
0.0330240726471,
0.0279250144958,
0.0284080505371,
0.0226650238037,
0.023943901062,
0.0273711681366,
0.0282800197601,
0.016979932785,
0.00130105018616,
0.0360009670258,
0.00638389587402,
0.0369229316711,
0.00270199775696,
0.0331871509552,
0.0336670875549,
0.0326569080353,
0.033087015152,
0.0297310352325,
0.0307581424713,
0.0260088443756,
0.0268168449402,
0.0281338691711,
0.0290739536285,
0.030993938446,
0.0314478874207,
0.0267179012299,
0.0271770954132,
0.0250821113586,
0.0263440608978,
0.0253567695618,
0.0258479118347,
0.0209300518036,
0.0216569900513,
0.0329668521881,
0.0334370136261,
0.0246138572693,
0.0254428386688,
0.0267779827118,
0.0299279689789,
0.0395510196686,
0.0401089191437,
0.0289421081543,
0.031574010849,
0.0334329605103,
0.0338580608368,
0.0283629894257,
0.0288319587708,
0.0262529850006,
0.0267817974091,
0.0280599594116,
0.0286750793457,
0.0250129699707,
0.0261681079865,
0.0266811847687,
0.0273730754852,
0.0245888233185,
0.0257158279419,
0.0270881652832,
0.0278611183167,
0.0204532146454,
0.000777006149292,
0.0288150310516,
0.0296330451965,
0.0348379611969,
0.00312209129333,
0.0324010848999,
0.0018298625946,
0.0323448181152,
0.00305199623108,
0.0414650440216,
0.00569605827332,
0.0312449932098,
0.00281620025635,
0.0343930721283,
0.0046660900116,
0.0373589992523,
0.00213479995728,
0.0282258987427,
0.0290818214417,
0.0308458805084,
0.00122094154358,
0.0386259555817,
0.0391008853912,
0.0312659740448,
0.00124382972717,
0.0289418697357,
0.0298008918762,
0.0355579853058,
0.0362241268158,
0.0380280017853,
0.0385317802429,
0.0363330841064,
0.0368058681488,
0.0246210098267,
0.0251400470734,
0.0327000617981,
0.0331530570984,
0.0285098552704,
0.0290558338165,
0.030592918396,
0.0310249328613,
0.0321090221405,
0.032830953598,
0.0268270969391,
0.0272061824799,
0.0246119499207,
0.0251929759979,
0.0233900547028,
0.0237889289856,
0.0208079814911,
0.021390914917,
0.0207641124725,
0.0213260650635,
0.0251610279083,
0.0257470607758,
0.033035993576,
0.0338909626007,
0.0265831947327,
0.0269951820374,
0.0244188308716,
0.0249269008636,
0.0254390239716,
0.0259940624237,
0.022931098938,
0.0234830379486,
0.021026134491,
0.0215320587158,
0.0249099731445,
0.0254418849945,
0.0325889587402,
0.0331168174744,
0.0233941078186,
0.0237810611725,
0.0269169807434,
0.0275220870972,
0.0243799686432,
0.0250680446625,
0.0240111351013,
0.0246150493622,
0.0228698253632,
0.0234270095825,
0.0268349647522,
0.0274200439453,
0.0232470035553,
0.0235710144043,
0.0208299160004,
0.0210978984833,
0.0220448970795,
0.0223319530487,
0.0254499912262,
0.0257358551025,
0.0278270244598,
0.0282089710236,
0.0347900390625,
0.0350749492645,
0.027930021286,
0.0285069942474,
0.0258331298828,
0.0267450809479,
0.020956993103,
0.0212509632111,
0.0222918987274,
0.0226109027863,
0.0271508693695,
0.0276260375977,
0.0243990421295,
0.0247402191162,
0.0254800319672,
0.0257859230042,
0.0213141441345,
0.0215799808502,
0.0236148834229,
0.0239350795746,
0.02903008461,
0.0305840969086,
0.0149929523468,
0.0164229869843,
0.0301229953766,
0.0311090946198,
0.0257170200348,
0.0268039703369,
0.0232849121094,
0.0242791175842,
0.0277009010315,
0.0288338661194,
0.0252449512482,
0.0261068344116,
0.0247621536255,
0.0256490707397,
0.0271348953247,
0.0279669761658,
0.0260710716248,
0.0278511047363,
0.0253219604492,
0.0262379646301,
0.0245869159698,
0.0256190299988,
0.0261390209198,
0.0267839431763,
0.0211281776428,
0.0218760967255,
0.0268650054932,
0.0278918743134,
0.0212998390198,
0.0221269130707,
0.0246758460999,
0.0256078243256,
0.0272479057312,
0.028156042099,
0.0236501693726,
0.0248310565948,
0.0271968841553,
0.0280289649963,
0.0248100757599,
0.0260279178619,
0.0211281776428,
0.0219480991364,
0.0227918624878,
0.0237259864807,
0.0233249664307,
0.0241410732269,
0.0282230377197,
0.0294969081879,
0.0333580970764,
0.0340092182159,
0.0281319618225,
0.0292971134186,
0.0362420082092,
0.0369968414307,
0.028608083725,
0.0293459892273,
0.0224189758301,
0.0234069824219,
0.0260269641876,
0.0270459651947,
0.0479810237885,
0.0486328601837,
0.0401711463928,
0.040904045105,
0.0249350070953,
0.0255000591278,
0.0262091159821,
0.026515007019,
0.0216901302338,
0.0222909450531,
0.0251059532166,
0.0255439281464,
0.0238978862762,
0.0245568752289,
0.0260679721832,
0.026515007019,
0.0212531089783,
0.0215241909027,
0.0256729125977,
0.0264630317688,
0.0239379405975,
0.0243210792542,
0.0241620540619,
0.0251040458679,
0.029247045517,
0.0330729484558,
0.0241839885712,
0.0248100757599,
0.0231051445007,
0.0237522125244,
0.0248169898987,
0.0256700515747,
0.0218951702118,
0.0225501060486,
0.0248780250549,
0.0257840156555,
0.0232269763947,
0.0241150856018,
0.0283541679382,
0.0303711891174,
0.0280230045319,
0.0293338298798,
0.0380289554596,
0.0387189388275,
0.0283181667328,
0.0293171405792,
0.0253920555115,
0.0260560512543,
0.0224280357361,
0.023885011673,
0.0231900215149,
0.0240149497986,
0.0225059986115,
0.0232689380646,
0.0225560665131,
0.0233581066132,
0.0242171287537,
0.0246610641479,
0.024453163147,
0.0248031616211,
0.0302720069885,
0.0306000709534,
0.0244610309601,
0.0251700878143,
0.0241830348969,
0.0250790119171,
0.0251770019531,
0.0258581638336,
0.0279860496521,
0.0287420749664,
0.0215878486633,
0.0227479934692,
0.0236229896545,
0.0247480869293,
0.0276050567627,
0.0286090373993,
0.0215489864349,
0.0219190120697,
0.0278880596161,
0.0283019542694,
0.0252439975739,
0.02818608284,
0.0148921012878,
0.0150771141052,
0.03280210495,
0.00414299964905,
0.0321509838104,
0.0324230194092,
0.0273249149323,
0.0286908149719,
0.036966085434,
0.0372560024261,
0.0325040817261,
0.0021960735321,
0.0333662033081,
0.00267720222473,
0.0317540168762,
0.0320470333099,
0.032105922699,
0.0324211120605,
0.0313580036163,
0.0316650867462,
0.0318958759308,
0.0321848392487,
0.0321640968323,
0.0325241088867,
0.0283319950104,
0.02920794487,
0.028352022171,
0.0300309658051,
0.0292129516602,
0.0302970409393,
0.030375957489,
0.0040488243103,
0.0297229290009,
0.00258612632751,
0.0254199504852,
0.0265049934387,
0.0333769321442,
0.0337519645691,
0.0278379917145,
0.0288920402527,
0.0337748527527,
0.00312495231628,
0.0283238887787,
0.0286009311676,
0.0323910713196,
0.0327410697937,
0.0399830341339,
0.0403029918671,
0.0317199230194,
0.00148606300354,
0.0322160720825,
0.0326430797577,
0.026731967926,
0.0269649028778,
0.0283799171448,
0.0286529064178,
0.0260269641876,
0.0263040065765,
0.026113986969,
0.0263938903809,
0.0323770046234,
0.0327019691467,
0.0271279811859,
0.0273270606995,
0.0401148796082,
0.0404939651489,
0.0322952270508,
0.0326571464539,
0.0316879749298,
0.0320038795471,
0.032350063324,
0.0327579975128,
0.0313119888306,
0.0315890312195,
0.0323288440704,
0.0325849056244,
0.0293641090393,
0.0295951366425,
0.0312938690186,
0.0315918922424,
0.055596113205,
0.0557780265808,
0.0335650444031,
0.0338659286499,
0.0322198867798,
0.0324568748474,
0.0319061279297,
0.0321750640869,
0.0314898490906,
0.0317280292511,
0.0275149345398,
0.027909040451,
0.0291979312897,
0.0294268131256,
0.0268919467926,
0.0270669460297,
0.0290241241455,
0.0292961597443,
0.0385050773621,
0.0389640331268,
0.0279400348663,
0.0281519889832,
0.0314860343933,
0.0317499637604,
0.0363440513611,
0.0365560054779,
0.0239658355713,
0.024199962616,
0.038195848465,
0.0384049415588,
0.027596950531,
0.027801990509,
0.0362930297852,
0.0365371704102,
0.0306248664856,
0.030946969986,
0.031996011734,
0.00291419029236,
0.0332500934601,
0.00262808799744,
0.035117149353,
0.00348687171936,
0.0438449382782,
0.00540709495544,
0.0292689800262,
0.00122904777527,
0.0320410728455,
0.00362300872803,
0.0356640815735,
0.0365331172943,
0.0255229473114,
0.0262050628662,
0.0324330329895,
0.00443696975708,
0.0372998714447,
0.00286507606506,
0.0298750400543,
0.0054931640625,
0.0350790023804,
0.00457215309143,
0.0426352024078,
0.00668597221375,
0.0444810390472,
0.0448009967804,
0.0326979160309,
0.0330460071564,
0.0322790145874,
0.0326869487762,
0.0319790840149,
0.0323359966278,
0.0432150363922,
0.0436480045319,
0.0240609645844,
0.0245468616486,
0.0297920703888,
0.0300490856171,
0.0287089347839,
0.0301020145416,
0.037141084671,
0.0373501777649,
0.0316851139069,
0.032016992569,
0.0317862033844,
0.0320172309875,
0.0322329998016,
0.0326769351959,
0.0327839851379,
0.0347120761871,
0.0327219963074,
0.00241303443909,
0.0324130058289,
0.00404000282288,
0.0283751487732,
0.0294170379639,
0.0258550643921,
0.0269820690155,
0.0266690254211,
0.0277688503265,
0.0224480628967,
0.0234899520874,
0.031574010849,
0.031928062439,
0.0373690128326,
0.00409388542175,
0.0341398715973,
0.00204801559448,
0.0313990116119,
0.0318398475647,
0.0348260402679,
0.00717496871948,
0.0322449207306,
0.032555103302,
0.0317687988281,
0.00206780433655,
0.0338950157166,
0.0047390460968,
0.0414178371429,
0.00321888923645,
0.0358209609985,
0.0365128517151,
0.0249140262604,
0.0255088806152,
0.0238878726959,
0.0243189334869,
0.0216228961945,
0.0224108695984,
0.0229380130768,
0.0238530635834,
0.02330493927,
0.0239880084991,
0.0256259441376,
0.0266609191895,
0.0215609073639,
0.022204875946,
0.0267570018768,
0.0272219181061,
0.021625995636,
0.0224049091339,
0.0286781787872,
0.0294210910797,
0.0321319103241,
0.033066034317,
0.0253310203552,
0.026034116745,
0.0211749076843,
0.0220439434052,
0.0291018486023,
0.0297729969025,
0.0244419574738,
0.0250589847565,
0.021586894989,
0.0219299793243,
0.0212390422821,
0.0220301151276,
0.0272130966187,
0.029011964798,
0.0215198993683,
0.0221498012543,
0.0273158550262,
0.0279388427