0.0289061069489,
0.0299410820007,
0.029764175415,
0.0303120613098,
0.0305888652802,
0.0311260223389,
0.0176608562469,
0.018679857254,
0.0267250537872,
0.0271739959717,
0.033390045166,
0.0336220264435,
0.0362420082092,
0.0366191864014,
0.0341420173645,
0.0344550609589,
0.0327188968658,
0.0330350399017,
0.0329840183258,
0.0372891426086,
0.0271289348602,
0.0273509025574,
0.0419039726257,
0.0421569347382,
0.0363149642944,
0.0365629196167,
0.0259480476379,
0.0261480808258,
0.0254719257355,
0.0257329940796,
0.0351400375366,
0.0353789329529,
0.030210018158,
0.0305681228638,
0.039929151535,
0.0401129722595,
0.0295498371124,
0.029825925827,
0.0409390926361,
0.0411760807037,
0.0378019809723,
0.0385978221893,
0.0308010578156,
0.0311579704285,
0.038008928299,
0.038379907608,
0.0255930423737,
0.0258288383484,
0.0437030792236,
0.0439500808716,
0.0388231277466,
0.0392820835114,
0.0272099971771,
0.0274720191956,
0.0264339447021,
0.0266749858856,
0.0312850475311,
0.0315310955048,
0.0272710323334,
0.0274610519409,
0.026547908783,
0.0267820358276,
0.027065038681,
0.027458190918,
0.0242969989777,
0.0251731872559,
0.0270900726318,
0.027713060379,
0.0336980819702,
0.0338940620422,
0.0243299007416,
0.0245590209961,
0.0281918048859,
0.0284249782562,
0.0335049629211,
0.0338759422302,
0.0369601249695,
0.0373289585114,
0.0336570739746,
0.034646987915,
0.0353698730469,
0.0367980003357,
0.0262370109558,
0.0270791053772,
0.0380280017853,
0.0391409397125,
0.0350000858307,
0.0362889766693,
0.0433402061462,
0.044075012207,
0.0375821590424,
0.038633108139,
0.0241770744324,
0.0251049995422,
0.0389931201935,
0.0392270088196,
0.027706861496,
0.0279288291931,
0.0575349330902,
0.0589559078217,
0.0345318317413,
0.0347819328308,
0.0242021083832,
0.0253970623016,
0.0279350280762,
0.0294668674469,
0.0376839637756,
0.0402660369873,
0.0381178855896,
0.0470998287201,
0.0429241657257,
0.0431761741638,
0.0339760780334,
0.0352549552917,
0.0365209579468,
0.037602186203,
0.0245718955994,
0.0255858898163,
0.0305001735687,
0.0310621261597,
0.0482041835785,
0.0484659671783,
0.0244920253754,
0.0246698856354,
0.0988669395447,
0.0995140075684,
0.0428290367126,
0.0432190895081,
0.120231151581,
0.00315403938293,
0.0403859615326,
0.0407919883728,
0.0224621295929,
0.0232100486755,
0.0332250595093,
0.0342838764191,
0.0230810642242,
0.0243051052094,
0.040657043457,
0.0413670539856,
0.0286710262299,
0.029727935791,
0.0151350498199,
0.0360598564148,
0.0226080417633,
0.0229439735413,
0.0328891277313,
0.033684015274,
0.0465669631958,
0.0469260215759,
0.0240230560303,
0.0257480144501,
0.0333421230316,
0.03391289711,
0.0364060401917,
0.0365829467773,
0.0398869514465,
0.0401608943939,
0.0277020931244,
0.0279431343079,
0.0308229923248,
0.0310351848602,
0.0289039611816,
0.0296590328217,
0.0228469371796,
0.0234758853912,
0.0309720039368,
0.0311720371246,
0.0248801708221,
0.0251200199127,
0.0223789215088,
0.0226738452911,
0.0247149467468,
0.0249209403992,
0.0244128704071,
0.024612903595,
0.0269048213959,
0.0278189182281,
0.023512840271,
0.0245687961578,
0.0255200862885,
0.0259940624237,
0.0236999988556,
0.0239109992981,
0.0364308357239,
0.0372438430786,
0.0270080566406,
0.0273580551147,
0.030622959137,
0.0316560268402,
0.0429949760437,
0.0478630065918,
0.0516200065613,
0.0522119998932,
0.02467918396,
0.0248839855194,
0.028902053833,
0.0292699337006,
0.0225820541382,
0.0228259563446,
0.0309059619904,
0.0313420295715,
0.0284440517426,
0.0287270545959,
0.0271260738373,
0.0274620056152,
0.023509979248,
0.0239379405975,
0.022096157074,
0.0225520133972,
0.0290620326996,
0.0295360088348,
0.0221090316772,
0.0231890678406,
0.0329539775848,
0.0338079929352,
0.031503200531,
0.0326581001282,
0.0288310050964,
0.0295310020447,
0.0367419719696,
0.0392589569092,
0.0314049720764,
0.0317478179932,
0.0288579463959,
0.0290389060974,
0.0313849449158,
0.0315749645233,
0.0272278785706,
0.027489900589,
0.0243740081787,
0.025130033493,
0.0285441875458,
0.0287981033325,
0.0240759849548,
0.0243821144104,
0.0260009765625,
0.0264189243317,
0.0329060554504,
0.0336999893188,
0.0243260860443,
0.0250391960144,
0.0265300273895,
0.0275700092316,
0.0343449115753,
0.0356278419495,
0.0281648635864,
0.028342962265,
0.0317161083221,
0.0319821834564,
0.0243520736694,
0.0251591205597,
0.0396251678467,
0.0400621891022,
0.0336110591888,
0.033833026886,
0.0267069339752,
0.026939868927,
0.028694152832,
0.0289709568024,
0.0261220932007,
0.0268971920013,
0.0286591053009,
0.0292129516602,
0.0270040035248,
0.0277819633484,
0.0321509838104,
0.0328629016876,
0.0250720977783,
0.0257229804993,
0.0342988967896,
0.0354769229889,
0.0412278175354,
0.0420918464661,
0.0302338600159,
0.030611038208,
0.0346219539642,
0.036670923233,
0.0292730331421,
0.0297420024872,
0.0241310596466,
0.035758972168,
0.0202879905701,
0.0208611488342,
0.0294480323792,
0.0297191143036,
0.0280900001526,
0.0285608768463,
0.0332248210907,
0.0335190296173,
0.0287528038025,
0.0300858020782,
0.0268950462341,
0.0270531177521,
0.0310599803925,
0.0312299728394,
0.0349271297455,
0.0351221561432,
0.0393550395966,
0.0396070480347,
0.0239081382751,
0.024384021759,
0.0235040187836,
0.0240759849548,
0.0254368782043,
0.0259370803833,
0.0330040454865,
0.0337798595428,
0.0274238586426,
0.0280079841614,
0.0282111167908,
0.0284171104431,
0.0255980491638,
0.0264339447021,
0.0267899036407,
0.0270228385925,
0.0307509899139,
0.0311801433563,
0.0353188514709,
0.0356450080872,
0.0281050205231,
0.0287690162659,
0.0299479961395,
0.0308718681335,
0.0451829433441,
0.045511007309,
0.0279979705811,
0.0285170078278,
0.0228140354156,
0.0229940414429,
0.037141084671,
0.039479970932,
0.027575969696,
0.0277421474457,
0.0275189876556,
0.0283470153809,
0.0221011638641,
0.0231840610504,
0.0358309745789,
0.0368030071259,
0.0348830223083,
0.0351810455322,
0.0336828231812,
0.0339148044586,
0.0295670032501,
0.0298361778259,
0.0243849754333,
0.024561882019,
0.0259280204773,
0.0262370109558,
0.0315270423889,
0.0317430496216,
0.0263590812683,
0.0275900363922,
0.0305018424988,
0.0315568447113,
0.0407021045685,
0.0420091152191,
0.0317270755768,
0.0331280231476,
0.0333471298218,
0.0345780849457,
0.034815788269,
0.035817861557,
0.0385539531708,
0.039843082428,
0.0399880409241,
0.0444560050964,
0.0329639911652,
0.0332319736481,
0.0234048366547,
0.0238409042358,
0.0662899017334,
0.0665299892426,
0.0175368785858,
0.0177319049835,
0.0288701057434,
0.0294921398163,
0.0285420417786,
0.0287890434265,
0.0225930213928,
0.0231590270996,
0.0321590900421,
0.0329260826111,
0.024258852005,
0.0250558853149,
0.0300250053406,
0.0309209823608,
0.0402858257294,
0.0404880046844,
0.0348408222198,
0.0350739955902,
0.0262761116028,
0.0264990329742,
0.0244882106781,
0.0247521400452,
0.0251121520996,
0.0253670215607,
0.0256571769714,
0.0258941650391,
0.0210311412811,
0.0213000774384,
0.0247950553894,
0.0251030921936,
0.0265851020813,
0.0269610881805,
0.0285489559174,
0.0288331508636,
0.0266880989075,
0.0271050930023,
0.0303230285645,
0.030669927597,
0.0287911891937,
0.0292251110077,
0.0228080749512,
0.0230810642242,
0.0306861400604,
0.0314011573792,
0.0288119316101,
0.0299689769745,
0.0303890705109,
0.0315070152283,
0.0381760597229,
0.0383729934692,
0.0245230197906,
0.0247299671173,
0.0229840278625,
0.0232479572296,
0.0247039794922,
0.0248999595642,
0.0288071632385,
0.0293800830841,
0.0320899486542,
0.0325469970703,
0.0317251682281,
0.0323112010956,
0.0288717746735,
0.0317268371582,
0.0261631011963,
0.027223110199,
0.0404469966888,
0.0407271385193,
0.0239679813385,
0.024276971817,
0.0259819030762,
0.0263829231262,
0.0324790477753,
0.0342440605164,
0.0235698223114,
0.0238168239594,
0.0331580638885,
0.0336019992828,
0.0482788085938,
0.0486450195312,
0.0351049900055,
0.0354380607605,
0.0303950309753,
0.0308210849762,
0.0393710136414,
0.0400450229645,
0.0451807975769,
0.0462148189545,
0.0383350849152,
0.0407259464264,
0.0599610805511,
0.0603048801422,
0.0322751998901,
0.0325059890747,
0.0385720729828,
0.0394959449768,
0.0420567989349,
0.0429248809814,
0.0393400192261,
0.0428478717804,
0.0329670906067,
0.0331540107727,
0.0263271331787,
0.0268080234528,
0.0352900028229,
0.0355191230774,
0.0329678058624,
0.0334799289703,
0.0287499427795,
0.0289900302887,
0.0357999801636,
0.0359909534454,
0.0235939025879,
0.023824930191,
0.0275559425354,
0.0278739929199,
0.0746800899506,
0.0749609470367,
0.0266280174255,
0.0274620056152,
0.0318610668182,
0.0320770740509,
0.0374920368195,
0.0382809638977,
0.0329170227051,
0.0338218212128,
0.0239310264587,
0.0242700576782,
0.0262091159821,
0.0263960361481,
0.0324239730835,
0.0327830314636,
0.0419869422913,
0.0422248840332,
0.0417900085449,
0.0420110225677,
0.0245339870453,
0.0256469249725,
0.0378799438477,
0.0411238670349,
0.0507078170776,
0.0523619651794,
0.0410459041595,
0.0412170886993,
0.0301508903503,
0.0304918289185,
0.0493519306183,
0.0502579212189,
0.0287630558014,
0.0290839672089,
0.0244719982147,
0.0247359275818,
0.0282979011536,
0.0285108089447,
0.0224771499634,
0.0226910114288,
0.032497882843,
0.0328009128571,
0.0247480869293,
0.0249881744385,
0.0273249149323,
0.028156042099,
0.0293190479279,
0.0300121307373,
0.0249819755554,
0.025680065155,
0.086532831192,
0.0868420600891,
0.0307590961456,
0.0310659408569,
0.036581993103,
0.036906003952,
0.0363450050354,
0.0366959571838,
0.0239310264587,
0.0248339176178,
0.0249381065369,
0.0258281230927,
0.0221338272095,
0.02254986763,
0.025171995163,
0.025386095047,
0.0324771404266,
0.0328559875488,
0.100486040115,
0.100727081299,
0.0318470001221,
0.0324981212616,
0.033341884613,
0.0343461036682,
0.0300529003143,
0.031240940094,
0.0243508815765,
0.025260925293,
0.0310609340668,
0.0315759181976,
0.028687953949,
0.028951883316,
0.0339298248291,
0.0349819660187,
0.0433008670807,
0.0449850559235,
0.0271549224854,
0.0276279449463,
0.0602951049805,
0.0614891052246,
0.0241611003876,
0.0246410369873,
0.0349280834198,
0.0357658863068,
0.0351669788361,
0.0353329181671,
0.0305280685425,
0.0308690071106,
0.0301740169525,
0.0304269790649,
0.0263350009918,
0.0265681743622,
0.0443689823151,
0.0448689460754,
0.0423271656036,
0.0426640510559,
0.0231680870056,
0.0233781337738,
0.0290458202362,
0.0299668312073,
0.0298268795013,
0.0300049781799,
0.0264949798584,
0.0266878604889,
0.0267088413239,
0.0269219875336,
0.0473790168762,
0.0476269721985,
0.0270900726318,
0.0279679298401,
0.0382838249207,
0.0385940074921,
0.028571844101,
0.0288760662079,
0.0329689979553,
0.0332579612732,
0.0387830734253,
0.0389740467072,
0.0350959300995,
0.0354619026184,
0.0336930751801,
0.0339090824127,
0.03191614151,
0.0331521034241,
0.0314819812775,
0.0317959785461,
0.0434081554413,
0.0437891483307,
0.0327620506287,
0.0332159996033,
0.0328719615936,
0.0330579280853,
0.0285189151764,
0.0287389755249,
0.0311691761017,
0.0313911437988,
0.0306708812714,
0.0310509204865,
0.0795500278473,
0.0797710418701,
0.0232071876526,
0.0234551429749,
0.0345599651337,
0.0349411964417,
0.0331599712372,
0.0334260463715,
0.0256221294403,
0.0258641242981,
0.0215179920197,
0.0217218399048,
0.0310919284821,
0.0313589572906,
0.0304419994354,
0.0307500362396,
0.0396139621735,
0.0484528541565,
0.0316519737244,
0.0356419086456,
0.0600399971008,
0.0606000423431,
0.040374994278,
0.0407202243805,
0.0441641807556,
0.0446121692657,
0.0302331447601,
0.0306220054626,
0.0369529724121,
0.0374619960785,
0.0280530452728,
0.0321698188782,
0.0365869998932,
0.0372788906097,
0.0223371982574,
0.0226991176605,
0.0249230861664,
0.0251741409302,
0.0329828262329,
0.0331690311432,
0.102137088776,
0.00549006462097,
0.0652229785919,
0.0658831596375,
0.0292921066284,
0.0302610397339,
0.0315229892731,
0.0327351093292,
0.0314691066742,
0.0324840545654,
0.0240018367767,
0.025074005127,
0.0277740955353,
0.0288550853729,
0.033243894577,
0.0342350006104,
0.0272941589355,
0.028195142746,
0.0238280296326,
0.0248939990997,
0.0255699157715,
0.0267810821533,
0.0290539264679,
0.0300419330597,
0.0389018058777,
0.0392417907715,
0.0299391746521,
0.030189037323,
0.0379240512848,
0.0383808612823,
0.0298218727112,
0.0304899215698,
0.0234041213989,
0.0241830348969,
0.0206341743469,
0.0209531784058,
0.0323209762573,
0.0325980186462,
0.0245289802551,
0.025239944458,
0.024078130722,
0.0246670246124,
0.0323212146759,
0.0327501296997,
0.0242531299591,
0.0247581005096,
0.0396280288696,
0.0402429103851,
0.0280768871307,
0.0283069610596,
0.0235328674316,
0.0240468978882,
0.0353400707245,
0.0360729694366,
0.0220549106598,
0.0227398872375,
0.0255789756775,
0.0257759094238,
0.0324599742889,
0.0332760810852,
0.0300979614258,
0.0304479598999,
0.0468811988831,
0.0473229885101,
0.0376529693604,
0.0385050773621,
0.0328090190887,
0.0329909324646,
0.02960896492,
0.0301671028137,
0.0962488651276,
0.0977189540863,
0.0406708717346,
0.0414769649506,
0.0542860031128,
0.0550608634949,
0.0297040939331,
0.030396938324,
0.037770986557,
0.0382339954376,
0.0332379341125,
0.0336940288544,
0.0481040477753,
0.0486030578613,
0.0269739627838,
0.027419090271,
0.0269470214844,
0.0279588699341,
0.03089594841,
0.0311238765717,
0.025887966156,
0.0265040397644,
0.0333619117737,
0.0335848331451,
0.0317118167877,
0.0318858623505,
0.0227708816528,
0.0229849815369,
0.027801990509,
0.0280909538269,
0.0345828533173,
0.0355989933014,
0.0313000679016,
0.0315520763397,
0.0246300697327,
0.0248770713806,
0.035621881485,
0.0358459949493,
0.0266292095184,
0.0268671512604,
0.0338199138641,
0.0340309143066,
0.028548002243,
0.0287761688232,
0.0348479747772,
0.0350260734558,
0.0262498855591,
0.0265789031982,
0.0325119495392,
0.0327138900757,
0.0279898643494,
0.0283648967743,
0.0284578800201,
0.0288498401642,
0.0227839946747,
0.0230240821838,
0.0252521038055,
0.0254340171814,
0.0325829982758,
0.0328440666199,
0.0285811424255,
0.0288760662079,
0.0404760837555,
0.0406579971313,
0.0327498912811,
0.0337119102478,
0.0237300395966,
0.0239369869232,
0.0269329547882,
0.0271611213684,
0.0220770835876,
0.0223071575165,
0.0288951396942,
0.0291259288788,
0.0257260799408,
0.025946855545,
0.0212988853455,
0.0223488807678,
0.0252149105072,
0.0259909629822,
0.024612903595,
0.0248720645905,
0.0212831497192,
0.0215151309967,
0.0291199684143,
0.0294950008392,
0.0246279239655,
0.0248558521271,
0.0281519889832,
0.0288550853729,
0.0228798389435,
0.0231640338898,
0.0318870544434,
0.0321009159088,
0.0293130874634,
0.0297811031342,
0.0324659347534,
0.0327110290527,
0.0327260494232,
0.0329911708832,
0.0242881774902,
0.0245490074158,
0.0306339263916,
0.0308978557587,
0.0291619300842,
0.0293910503387,
0.0384600162506,
0.0397729873657,
0.0257539749146,
0.0264148712158,
0.0230138301849,
0.0232548713684,
0.024169921875,
0.0248649120331,
0.0308380126953,
0.0317621231079,
0.0541079044342,
0.0542850494385,
0.0384910106659,
0.039076089859,
0.0280821323395,
0.0283219814301,
0.0300769805908,
0.0312190055847,
0.0285880565643,
0.0292398929596,
0.0226399898529,
0.023430109024,
0.033704996109,
0.033940076828,
0.0222909450531,
0.0225949287415,
0.021488904953,
0.0219719409943,
0.0273971557617,
0.028263092041,
0.0297069549561,
0.0304019451141,
0.0281569957733,
0.0284810066223,
0.0246438980103,
0.0248620510101,
0.032821893692,
0.0332839488983,
0.0315039157867,
0.0317339897156,
0.0259308815002,
0.0261669158936,
0.0271859169006,
0.0273818969727,
0.0379130840302,
0.0383081436157,
0.0261919498444,
0.0264780521393,
0.0258719921112,
0.026113986969,
0.0242910385132,
0.0244960784912,
0.0303688049316,
0.0309388637543,
0.0248320102692,
0.0250399112701,
0.0264570713043,
0.0267090797424,
0.0262069702148,
0.0265729427338,
0.0286450386047,
0.0291540622711,
0.0249090194702,
0.0258848667145,
0.0229740142822,
0.0234999656677,
0.0290849208832,
0.0295851230621,
0.0219588279724,
0.02219581604,
0.0220358371735,
0.0227499008179,
0.0287730693817,
0.0289778709412,
0.0231668949127,
0.0233581066132,
0.022754907608,
0.0230190753937,
0.0231990814209,
0.0234651565552,
0.0224070549011,
0.0227210521698,
0.0262761116028,
0.0265641212463,
0.0209808349609,
0.0214970111847,
0.0252931118011,
0.0258460044861,
0.0244801044464,
0.0251109600067,
0.0270321369171,
0.0279030799866,
0.0413708686829,
0.0432758331299,
0.0288569927216,
0.0290410518646,
0.0291111469269,
0.0293440818787,
0.0353620052338,
0.035651922226,
0.0332560539246,
0.0334751605988,
0.0412130355835,
0.0423879623413,
0.0311489105225,
0.0313749313354,
0.0308220386505,
0.0310120582581,
0.0253078937531,
0.0255470275879,
0.0488140583038,
0.0493040084839,
0.0233180522919,
0.0235629081726,
0.0217418670654,
0.0219879150391,
0.0310370922089,
0.031238079071,
0.0515458583832,
0.0520529747009,
0.0214262008667,
0.0216641426086,
0.0232939720154,
0.0234959125519,
0.0275118350983,
0.0278849601746,
0.0272660255432,
0.0275399684906,
0.0288541316986,
0.0291221141815,
0.0266778469086,
0.0274479389191,
0.0289151668549,
0.0296411514282,
0.0324449539185,
0.0331499576569,
0.0324170589447,
0.0333981513977,
0.0244081020355,
0.0254609584808,
0.0229408740997,
0.0234048366547,
0.0404779911041,
0.0410640239716,
0.0318639278412,
0.0324110984802,
0.0278558731079,
0.0287828445435,
0.0380790233612,
0.0385589599609,
0.025801897049,
0.0262467861176,
0.0172419548035,
0.0328669548035,
0.0373520851135,
0.0385301113129,
0.0294709205627,
0.030720949173,
0.0320720672607,
0.0331680774689,
0.0194089412689,
0.0196800231934,
0.0356810092926,
0.0364329814911,
0.040323972702,
0.0470850467682,
0.0276098251343,
0.0277919769287,
0.0216619968414,
0.0223278999329,
0.0245940685272,
0.0250759124756,
0.0315370559692,
0.0325961112976,
0.0223319530487,
0.0232050418854,
0.0256700515747,
0.0265920162201,
0.030552148819,
0.0308079719543,
0.0224640369415,
0.0231621265411,
0.0243752002716,
0.0246071815491,
0.0244789123535,
0.0247778892517,
0.0282640457153,
0.0285611152649,
0.0225560665131,
0.022784948349,
0.0245370864868,
0.0247869491577,
0.026379108429,
0.0267131328583,
0.0286581516266,
0.0288920402527,
0.02401304245,
0.0242249965668,
0.0345010757446,
0.0347208976746,
0.0214140415192,
0.0216588973999,
0.0247049331665,
0.0249598026276,
0.0280849933624,
0.0284340381622,
0.021399974823,
0.0216701030731,
0.0268211364746,
0.0271770954132,
0.0245659351349,
0.0248160362244,
0.0284309387207,
0.0292007923126,
0.0253350734711,
0.0262811183929,
0.0275318622589,
0.0284490585327,
0.025722026825,
0.0266609191895,
0.0341131687164,
0.0342981815338,
0.028256893158,
0.0285439491272,
0.0224080085754,
0.022686958313,
0.0226318836212,
0.0228970050812,
0.0263669490814,
0.0266571044922,
0.0253159999847,
0.0255870819092,
0.0225720405579,
0.0228459835052,
0.0261721611023,
0.0263719558716,
0.0211870670319,
0.0214660167694,
0.0273139476776,
0.0276260375977,
0.0261459350586,
0.0264458656311,
0.0371730327606,
0.0374798774719,
0.0238130092621,
0.0241041183472,
0.0285928249359,
0.0289659500122,
0.0354700088501,
0.0362358093262,
0.0371990203857,
0.0377480983734,
0.0439138412476,
0.0444059371948,
0.0365028381348,
0.0374758243561,
0.0317671298981,
0.0326220989227,
0.0254480838776,
0.0257539749146,
0.0244138240814,
0.0246939659119,
0.0316119194031,
0.032084941864,
0.0235121250153,
0.0237729549408,
0.0241458415985,
0.0243759155273,
0.0236110687256,
0.0238690376282,
0.0218589305878,
0.0221438407898,
0.028785943985,
0.0289738178253,
0.0332641601562,
0.033928155899,
0.0327699184418,
0.0337889194489,
0.0287299156189,
0.028923034668,
0.0358321666718,
0.0361120700836,
0.0261209011078,
0.0263040065765,
0.0313448905945,
0.0315690040588,
0.0245440006256,
0.024845123291,
0.0271899700165,
0.0275089740753,
0.0254230499268,
0.0256061553955,
0.0451800823212,
0.0454530715942,
0.028156042099,
0.0284759998322,
0.0259530544281,
0.0264120101929,
0.0259399414062,
0.0262579917908,
0.0252180099487,
0.0254521369934,
0.0258219242096,
0.0262258052826,
0.0287578105927,
0.0290548801422,
0.0286478996277,
0.0290861129761,
0.0331897735596,
0.0463488101959,
0.0325758457184,
0.0328419208527,
0.0284469127655,
0.0291140079498,
0.0262680053711,
0.0270969867706,
0.0246269702911,
0.0268149375916,
0.0345709323883,
0.0347800254822,
0.0274291038513,
0.0281980037689,
0.0133941173553,
0.0261600017548,
0.0246670246124,
0.0250310897827,
0.0233919620514,
0.0236308574677,
0.0298321247101,
0.0301342010498,
0.0327210426331,
0.0332260131836,
0.0347368717194,
0.0351588726044,
0.0298018455505,
0.0305268764496,
0.0212059020996,
0.0217270851135,
0.0271000862122,
0.0275900363922,
0.0259840488434,
0.0265839099884,
0.0329360961914,
0.0334069728851,
0.0256781578064,
0.0260379314423,
0.0332028865814,
0.0348489284515,
0.0308430194855,
0.0311689376831,
0.0159571170807,
0.0286629199982,
0.0212271213531,
0.0217959880829,
0.0246870517731,
0.0252890586853,
0.0291979312897,
0.0294940471649,
0.0283789634705,
0.0291678905487,
0.0395390987396,
0.0400140285492,
0.0503120422363,
0.0508439540863,
0.0186610221863,
0.0189769268036,
0.0385429859161,
0.0387670993805,
0.040599822998,
0.0414519309998,
0.037703037262,
0.0389838218689,
0.0259988307953,
0.027007818222,
0.0299642086029,
0.0302381515503,
0.0331139564514,
0.0336389541626,
0.0307338237762,
0.0313968658447,
0.0304820537567,
0.0313189029694,
0.0257699489594,
0.026300907135,
0.0293090343475,
0.0302350521088,
0.0542860031128,
0.0552501678467,
0.0301260948181,
0.0306560993195,
0.0302472114563,
0.0308020114899,
0.0369129180908,
0.0374319553375,
0.0324561595917,
0.033087015152,
0.036936044693,
0.0373821258545,
0.0269510746002,
0.0276429653168,
0.035108089447,
0.0359480381012,
0.0354280471802,
0.0365550518036,
0.032044172287,
0.0383710861206,
0.0374109745026,
0.0400068759918,
0.0474810600281,
0.0521941184998,
0.0377531051636,
0.0386040210724,
0.034276008606,
0.0345330238342,
0.0392580032349,
0.0398440361023,
0.0230340957642,
0.0241000652313,
0.0163660049438,
0.0170810222626,
0.0310099124908,
0.0313220024109,
0.0326421260834,
0.0334680080414,
0.0364949703217,
0.0372569561005,
0.0327379703522,
0.0337059497833,
0.032133102417,
0.0329229831696,
0.0335550308228,
0.0352041721344,
0.0307619571686,
0.0312540531158,
0.0282490253448,
0.0353860855103,
0.035737991333,
0.0366249084473,
0.0304160118103,
0.0306551456451,
0.0241279602051,
0.0244109630585,
0.0249760150909,
0.0252292156219,
0.0261480808258,
0.0264070034027,
0.0226860046387,
0.02330493927,
0.0271501541138,
0.0278811454773,
0.0267488956451,
0.0270531177521,
0.0298140048981,
0.0307559967041,
0.0291910171509,
0.0301458835602,
0.0224130153656,
0.0233550071716,
0.021901845932,
0.0228388309479,
0.0271499156952,
0.0280368328094,
0.0347290039062,
0.0350480079651,
0.0263249874115,
0.0265769958496,
0.0267879962921,
0.0270049571991,
0.0247268676758,
0.0250329971313,
0.0316290855408,
0.0318419933319,
0.030730009079,
0.0309820175171,
0.0260760784149,
0.0263550281525,
0.0278379917145,
0.0280408859253,
0.0358259677887,
0.0360579490662,
0.0252361297607,
0.0254809856415,
0.0213139057159,
0.0216860771179,
0.0363531112671,
0.0365309715271,
0.0232360363007,
0.023472070694,
0.027065038681,
0.0273070335388,
0.024570941925,
0.0248358249664,
0.023885011673,
0.0241549015045,
0.0345170497894,
0.0351641178131,
0.0253350734711,
0.0261890888214,
0.0183229446411,
0.0289709568024,
0.0259690284729,
0.0267460346222,
0.0196971893311,
0.0480370521545,
0.0253369808197,
0.0265500545502,
0.0221447944641,
0.0230820178986,
0.027755022049,
0.027951002121,
0.0284090042114,
0.0292398929596,
0.0295701026917,
0.0301971435547,
0.023668050766,
0.0239050388336,
0.032781124115,
0.0329780578613,
0.0279557704926,
0.0281779766083,
0.0272328853607,
0.0274238586426,
0.0264849662781,
0.0267090797424,
0.0238790512085,
0.0242249965668,
0.023509979248,
0.02383685112,
0.0220129489899,
0.0223529338837,
0.0248169898987,
0.0250551700592,
0.0211091041565,
0.0213708877563,
0.0210359096527,
0.0212547779083,
0.0269110202789,
0.0272450447083,
0.0289618968964,
0.0292189121246,
0.0248558521271,
0.0251319408417,
0.0216410160065,
0.0218679904938,
0.0228650569916,
0.0230691432953,
0.0230550765991,
0.0233390331268,
0.0248990058899,
0.0251848697662,
0.0268218517303,
0.0271210670471,
0.020959854126,
0.021194934845,
0.0312731266022,
0.0317759513855,
0.0217590332031,
0.022323846817,
0.0391240119934,
0.039694070816,
0.02756690979,
0.0281341075897,
0.0298681259155,
0.0307919979095,
0.0251159667969,
0.0261690616608,
0.0363390445709,
0.0369069576263,
0.0368971824646,
0.037575006485,
0.0310459136963,
0.0316178798676,
0.0307319164276,
0.031270980835,
0.035092830658,
0.0360949039459,
0.0344259738922,
0.0350909233093,
0.0295860767365,
0.030061006546,
0.0284352302551,
0.0291521549225,
0.0270178318024,
0.0277488231659,
0.0229778289795,
0.0238568782806,
0.0224511623383,
0.0230271816254,
0.0411789417267,
0.0413990020752,
0.0248072147369,
0.0250840187073,
0.0227551460266,
0.0230469703674,
0.0213041305542,
0.0216369628906,
0.0253739356995,
0.0257699489594,
0.0246350765228,
0.0248861312866,
0.0224800109863,
0.0229029655457,
0.0285439491272,
0.0287480354309,
0.0265820026398,
0.0268747806549,
0.0244090557098,
0.0246551036835,
0.0245299339294,
0.0254671573639,
0.0274999141693,
0.0284380912781,
0.0273001194,
0.0282180309296,
0.0316009521484,
0.033047914505,
0.0300719738007,
0.0310819149017,
0.0239129066467,
0.0251140594482,
0.0290911197662,
0.0299530029297,
0.0234007835388,
0.0243928432465,
0.0284349918365,
0.0293388366699,
0.0275928974152,
0.0309770107269,
0.134213924408,
0.135957956314,
0.0502779483795,
0.0506861209869,
0.0604801177979,
0.0610959529877,
0.0286321640015,
0.028872013092,
0.0279629230499,
0.0281598567963,
0.023069858551,
0.0235078334808,
0.023885011673,
0.0242037773132,
0.0241129398346,
0.0243768692017,
0.0280539989471,
0.0285239219666,
0.0262959003448,
0.0264959335327,
0.0214459896088,
0.0217728614807,
0.0220139026642,
0.0224208831787,
0.0217590332031,
0.0219860076904,
0.0292429924011,
0.0297729969025,
0.0254731178284,
0.0264830589294,
0.0237019062042,
0.0240910053253,
0.0257301330566,
0.0259370803833,
0.0250611305237,
0.0258791446686,
0.0260729789734,
0.026909828186,
0.0245509147644,
0.0250420570374,
0.0226058959961,
0.0228028297424,
0.0259230136871,
0.0262799263,
0.0289430618286,
0.029247045517,
0.0276679992676,
0.0281429290771,
0.0217659473419,
0.0225419998169,
0.0343298912048,
0.0345468521118,
0.0880949497223,
0.0889408588409,
0.122241973877,
0.122514009476,
0.0456638336182,
0.0461809635162,
0.0408411026001,
0.0412480831146,
0.0288820266724,
0.0298891067505,
0.0465049743652,
0.0481059551239,
0.0446741580963,
0.0453181266785,
0.0222790241241,
0.0232000350952,
0.0290739536285,
0.0293798446655,
0.0298290252686,
0.0301299095154,
0.0463528633118,
0.0478789806366,
0.0323641300201,
0.032665014267,
0.0283629894257,
0.0289361476898,
0.0392200946808,
0.0398569107056,
0.0402271747589,
0.0407111644745,
0.0471291542053,
0.0473861694336,
0.0405380725861,
0.0407431125641,
0.0347890853882,
0.0349900722504,
0.04558801651,
0.0482800006866,
0.0220608711243,
0.0225150585175,
0.0291030406952,
0.0294380187988,
0.0230541229248,
0.0232629776001,
0.0261518955231,
0.0270760059357,
0.0271301269531,
0.0273060798645,
0.0268681049347,
0.0272459983826,
0.0225729942322,
0.0228779315948,
0.0253241062164,
0.0257639884949,
0.0288760662079,
0.0291628837585,
0.0214669704437,
0.0216999053955,
0.0234820842743,
0.0240559577942,
0.0286531448364,
0.0294830799103,
0.0244100093842,
0.0247600078583,
0.0254290103912,
0.0257139205933,
0.0209100246429,
0.0211520195007,
0.0229790210724,
0.0232629776001,
0.0267560482025,
0.0272099971771,
0.0406908988953,
0.0411939620972,
0.0212910175323,
0.0219810009003,
0.0212721824646,
0.0222151279449,
0.0236239433289,
0.0245940685272,
0.0300099849701,
0.0311889648438,
0.0257320404053,
0.0266170501709,
0.035178899765,
0.0360889434814,
0.0159270763397,
0.0168058872223,
0.0345931053162,
0.0356290340424,
0.0430190563202,
0.0438439846039,
0.0315120220184,
0.0317659378052,
0.0272288322449,
0.0274758338928,
0.0269908905029,
0.0272259712219,
0.0267879962921,
0.0270228385925,
0.0305888652802,
0.0308549404144,
0.0211250782013,
0.0216729640961,
0.0339241027832,
0.0345940589905,
0.0216851234436,
0.0219271183014,
0.0292539596558,
0.0295169353485,
0.0362710952759,
0.0365469455719,
0.0301599502563,
0.0304539203644,
0.0346159934998,
0.0348520278931,
0.0456290245056,
0.0461411476135,
0.0282671451569,
0.0284721851349,
0.0224099159241,
0.0226490497589,
0.028174161911,
0.0283670425415,
0.0221090316772,
0.022488117218,
0.0362269878387,
0.0365428924561,
0.0260589122772,
0.0264148712158,
0.0261709690094,
0.026535987854,
0.0225329399109,
0.0236220359802,
0.0322189331055,
0.0323989391327,
0.0264618396759,
0.0269479751587,
0.0320069789886,
0.0361819267273,
0.0246841907501,
0.0255169868469,
0.0246431827545,
0.025496006012,
0.03080701828,
0.0316190719604,
0.0225510597229,
0.0234811306,
0.033185005188,
0.0338370800018,
0.0406308174133,
0.0408809185028,
0.0220379829407,
0.0222988128662,
0.0239350795746,
0.0242111682892,
0.0299859046936,
0.0302410125732,
0.0295429229736,
0.0297300815582,
0.0258731842041,
0.0260751247406,
0.0283591747284,
0.0292060375214,
0.0268521308899,
0.0281689167023,
0.0287261009216,
0.0295770168304,
0.0239760875702,
0.0248711109161,
0.0272870063782,
0.0289988517761,
0.036957025528,
0.0377979278564,
0.0246880054474,
0.0255718231201,
0.0303030014038,
0.0305178165436,
0.0519950389862,
0.0528700351715,
0.0239050388336,
0.0241260528564,
0.0265169143677,
0.0267660617828,
0.0285670757294,
0.028792142868,
0.0277500152588,
0.0280611515045,
0.0212841033936,
0.0215029716492,
0.0456991195679,
0.0459871292114,
0.023265838623,
0.0234408378601,
0.0239691734314,
0.024158000946,
0.0314819812775,
0.0317170619965,
0.0294241905212,
0.0296621322632,
0.0312628746033,
0.0314419269562,
0.0259160995483,
0.0264439582825,
0.0251939296722,
0.0257139205933,
0.0179300308228,
0.0184400081635,
0.0255188941956,
0.02570104599,
0.0253701210022,
0.0256249904633,
0.0282118320465,
0.0283999443054,
0.0268650054932,
0.0275230407715,
0.0268979072571,
0.0271580219269,
0.0434730052948,
0.0437669754028,
0.0441858768463,
0.0446040630341,
0.0221529006958,
0.0223729610443,
0.0357019901276,
0.0365300178528,
0.0293080806732,
0.0299739837646,
0.0245630741119,
0.0248000621796,
0.0325000286102,
0.032723903656,
0.0563290119171,
0.0576570034027,
0.0211811065674,
0.0218830108643,
0.0292880535126,
0.0299458503723,
0.0283281803131,
0.0291290283203,
0.0171160697937,
0.0174100399017,
0.0229961872101,
0.0232880115509,
0.0225260257721,
0.022852897644,
0.0237629413605,
0.0241599082947,
0.02365899086,
0.0238978862762,
0.0210058689117,
0.0216219425201,
0.0274698734283,
0.0282888412476,
0.0250449180603,
0.0254788398743,
0.0254738330841,
0.0261228084564,
0.0411550998688,
0.0413520336151,
0.0286259651184,
0.0288200378418,
0.0227551460266,
0.0230062007904,
0.0261030197144,
0.0266990661621,
0.0298540592194,
0.0315220355988,
0.0278952121735,
0.0284512042999,
0.0341720581055,
0.0344841480255,
0.0226380825043,
0.0228559970856,
0.0291519165039,
0.0312740802765,
0.028223991394,
0.0284059047699,
0.0225939750671,
0.0228519439697,
0.0281569957733,
0.0283629894257,
0.0285379886627,
0.0287139415741,
0.0265200138092,
0.0268619060516,
0.02321600914,
0.0234739780426,
0.027361869812,
0.0275559425354,
0.0284199714661,
0.0286300182343,
0.0266799926758,
0.0268800258636,
0.0265798568726,
0.0267839431763,
0.032103061676,
0.0322930812836,
0.0372581481934,
0.0385341644287,
0.0221121311188,
0.0223889350891,
0.0325779914856,
0.0329999923706,
0.0225391387939,
0.0227851867676,
0.0355639457703,
0.0359060764313,
0.0374879837036,
0.0380039215088,
0.0423882007599,
0.0426361560822,
0.0359930992126,
0.036768913269,
0.0260879993439,
0.0262949466705,
0.0242872238159,
0.0246741771698,
0.0230379104614,
0.0232229232788,
0.0284700393677,
0.0292491912842,
0.0244960784912,
0.0252070426941,
0.0220758914948,
0.0222749710083,
0.0285260677338,
0.0288000106812,
0.0277860164642,
0.0279479026794,
0.0327379703522,
0.0329229831696,
0.0240869522095,
0.0246620178223,
0.0356998443604,
0.0360078811646,
0.0504779815674,
0.0517489910126,
0.0375149250031,
0.0377149581909,
0.0251259803772,
0.0253801345825,
0.0217490196228,
0.0219719409943,
0.0231010913849,
0.0233609676361,
0.0259130001068,
0.0262260437012,
0.0259909629822,
0.0261778831482,
0.0255250930786,
0.0257170200348,
0.0312089920044,
0.0318291187286,
0.0236999988556,
0.0240700244904,
0.0255100727081,
0.025995016098,
0.0264739990234,
0.0272750854492,
0.0239210128784,
0.0247070789337,
0.0321049690247,
0.033154964447,
0.0460939407349,
0.0472209453583,
0.0428121089935,
0.044007062912,
0.0397620201111,
0.0410368442535,
0.0809490680695,
0.0838460922241,
0.0512452125549,
0.0517210960388,
0.030454158783,
0.0307221412659,
0.0241639614105,
0.0248968601227,
0.0336110591888,
0.0338160991669,
0.0522520542145,
0.0525479316711,
0.0354988574982,
0.0362038612366,
0.0508079528809,
0.0516290664673,
0.0449509620667,
0.0455169677734,
0.0327610969543,
0.0329558849335,
0.0370240211487,
0.0372319221497,
0.0262110233307,
0.0265140533447,
0.0272409915924,
0.0274438858032,
0.0134971141815,
0.0281491279602,
0.0232720375061,
0.0241861343384,
0.0254271030426,
0.0256431102753,
0.0232400894165,
0.02357006073,
0.0271480083466,
0.0278120040894,
0.0262150764465,
0.0267369747162,
0.0417549610138,
0.0434510707855,
0.0318968296051,
0.0350878238678,
0.0240099430084,
0.0242450237274,
0.026575088501,
0.0267751216888,
0.0224480628967,
0.02272605896,
0.0282788276672,
0.0285270214081,
0.0280251502991,
0.028379201889,
0.0262138843536,
0.026850938797,
0.0247480869293,
0.0249290466309,
0.0261151790619,
0.0264320373535,
0.0248370170593,
0.0250778198242,
0.022763967514,
0.0230560302734,
0.0245449542999,
0.0247609615326,
0.0230867862701,
0.0237009525299,
0.0329070091248,
0.0331599712372,
0.0280749797821,
0.028265953064,
0.0224730968475,
0.0227360725403,
0.0300521850586,
0.030237197876,
0.0213191509247,
0.0215361118317,
0.0284171104431,
0.0292601585388,
0.0264959335327,
0.0274698734283,
0.0277900695801,
0.0287890434265,
0.0312931537628,
0.0324151515961,
0.0276329517365,
0.028443813324,
0.0401780605316,
0.0403740406036,
0.0222251415253,
0.0232481956482,
0.0269060134888,
0.0271940231323,
0.0275790691376,
0.0283329486847,
0.0304310321808,
0.0307719707489,
0.0416989326477,
0.042053937912,
0.0325570106506,
0.0336580276489,
0.0318911075592,
0.0326609611511,
0.0328040122986,
0.0339648723602,
0.0169939994812,
0.04039311409,
0.0246779918671,
0.0248639583588,
0.0303010940552,
0.0305609703064,
0.0283029079437,
0.0285608768463,
0.0317249298096,
0.0319230556488,
0.0326690673828,
0.0329871177673,
0.0336651802063,
0.033961057663,
0.0272641181946,
0.0275371074677,
0.028923034668,
0.0292410850525,
0.0389270782471,
0.0432190895081,
0.026319026947,
0.0266110897064,
0.0236530303955,
0.0246570110321,
0.0223679542542,
0.023099899292,
0.0285639762878,
0.0288259983063,
0.0239608287811,
0.0241630077362,
0.0281238555908,
0.0283858776093,
0.0259439945221,
0.0261328220367,
0.026242017746,
0.0268280506134,
0.0258030891418,
0.0260009765625,
0.0300478935242,
0.0302529335022,
0.0331192016602,
0.033310174942,
0.0271670818329,
0.0274219512939,
0.022558927536,
0.023097038269,
0.0321619510651,
0.0327069759369,
0.0235469341278,
0.0246288776398,
0.0246078968048,
0.025132894516,
0.030280828476,
0.0305290222168,
0.0272858142853,
0.0275659561157,
0.0258071422577,
0.0262110233307,
0.0261590480804,
0.0263841152191,
0.0282530784607,
0.0284781455994,
0.0277721881866,
0.0281322002411,
0.0283319950104,
0.0286250114441,
0.0296139717102,
0.0298008918762,
0.0285329818726,
0.0287129878998,
0.0250160694122,
0.0252590179443,
0.0319449901581,
0.0322291851044,
0.0237889289856,
0.0240619182587,
0.0300381183624,
0.0302679538727,
0.0215580463409,
0.0217881202698,
0.0297400951385,
0.0299150943756,
0.0361340045929,
0.0363521575928,
0.025573015213,
0.0269639492035,
0.0233829021454,
0.0235869884491,
0.0272960662842,
0.0275259017944,
0.0296311378479,
0.0300660133362,
0.0234270095825,
0.023745059967,
0.033350944519,
0.0335538387299,
0.0263559818268,
0.0265638828278,
0.0237309932709,
0.0244710445404,
0.0212030410767,
0.0214321613312,
0.0229909420013,
0.0232880115509,
0.0292279720306,
0.02960896492,
0.0232961177826,
0.0235421657562,
0.0251939296722,
0.0254278182983,
0.0232961177826,
0.0235579013824,
0.0331299304962,
0.03338098526,
0.0224089622498,
0.0228359699249,
0.0314061641693,
0.0316340923309,
0.021183013916,
0.0214490890503,
0.0286469459534,
0.0288619995117,
0.026880979538,
0.0270838737488,
0.0304820537567,
0.0306959152222,
0.0237209796906,
0.0247330665588,
0.0255129337311,
0.0261790752411,
0.0272099971771,
0.0273869037628,
0.0251040458679,
0.0254950523376,
0.0308208465576,
0.0313529968262,
0.0341181755066,
0.0354089736938,
0.0310130119324,
0.0312030315399,
0.0321130752563,
0.0323309898376,
0.0286259651184,
0.0288059711456,
0.0282421112061,
0.0284941196442,
0.0330548286438,
0.0334949493408,
0.0275111198425,
0.027841091156,
0.0351078510284,
0.0359239578247,
0.0287129878998,
0.0289120674133,
0.0321168899536,
0.0323538780212,
0.026782989502,
0.0270581245422,
0.0295159816742,
0.0297470092773,
0.0245931148529,
0.0248091220856,
0.0268089771271,
0.0271410942078,
0.0261290073395,
0.0263659954071,
0.028137922287,
0.029198884964,
0.0290589332581,
0.0297701358795,
0.0304219722748,
0.0306010246277,
0.0221750736237,
0.0223910808563,
0.0487089157104,
0.0536930561066,
0.0334188938141,
0.034264087677,
0.0218939781189,
0.0228269100189,
0.0232679843903,
0.0235090255737,
0.0258347988129,
0.0261099338531,
0.0265259742737,
0.0268120765686,
0.0242807865143,
0.0250868797302,
0.028324842453,
0.0285007953644,
0.032338142395,
0.032653093338,
0.0341789722443,
0.0344219207764,
0.0330941677094,
0.0333399772644,
0.0317029953003,
0.0319499969482,
0.0276758670807,
0.0282258987427,
0.0503389835358,
0.0507850646973,
0.0257880687714,
0.0264301300049,
0.035847902298,
0.0365109443665,
0.0319550037384,
0.0327730178833,
0.0416369438171,
0.0422930717468,
0.0244460105896,
0.0251560211182,
0.0357091426849,
0.0363011360168,
0.0722479820251,
0.0732820034027,
0.0350561141968,
0.0357570648193,
0.0942740440369,
0.0957551002502,
0.0738000869751,
0.0755200386047,
0.0254299640656,
0.0262680053711,
0.0452868938446,
0.0465309619904,
0.0279810428619,
0.0287420749664,
0.0428040027618,
0.0438601970673,
0.0423378944397,
0.0429878234863,
0.0835649967194,
0.0838520526886,
0.0222768783569,
0.023041009903,
0.048840045929,
0.0495791435242,
0.0247480869293,
0.0253999233246,
0.0371189117432,
0.0377039909363,
0.033262014389,
0.034264087677,
0.0364029407501,
0.0370450019836,
0.0244030952454,
0.0252389907837,
0.0256500244141,
0.0265181064606,
0.0370070934296,
0.0373141765594,
0.0260570049286,
0.0266709327698,
0.037871837616,
0.0449368953705,
0.0303690433502,
0.0307521820068,
0.0216178894043,
0.0218570232391,
0.0218620300293,
0.0221030712128,
0.0233628749847,
0.023589849472,
0.029541015625,
0.0297539234161,
0.0241630077362,
0.0244150161743,
0.023736000061,
0.0242028236389,
0.022136926651,
0.0223588943481,
0.0274209976196,
0.0276830196381,
0.0230758190155,
0.0233647823334,
0.023509979248,
0.0238828659058,
0.0213050842285,
0.0215711593628,
0.0273628234863,
0.0275959968567,
0.021625995636,
0.0218689441681,
0.026841878891,
0.0271408557892,
0.022598028183,
0.0228199958801,
0.0310370922089,
0.0313069820404,
0.0246891975403,
0.0249650478363,
0.027853012085,
0.0280358791351,
0.0305700302124,
0.030858039856,
0.0277619361877,
0.0279908180237,
0.0291528701782,
0.0294330120087,
0.0273749828339,
0.0276498794556,
0.0235958099365,
0.0238299369812,
0.0264420509338,
0.0266671180725,
0.0286431312561,
0.0291759967804,
0.0292549133301,
0.0297238826752,
0.0290720462799,
0.0296669006348,
0.0288321971893,
0.0290331840515,
0.023777961731,
0.0240960121155,
0.0322358608246,
0.0325639247894,
0.0258989334106,
0.0262269973755,
0.028813123703,
0.0291659832001,
0.0264160633087,
0.0266780853271,
0.0362827777863,
0.0372629165649,
0.0804619789124,
0.0810360908508,
0.0702691078186,
0.0715401172638,
0.0582940578461,
0.0588290691376,
0.0621790885925,
0.0631101131439,
0.0679159164429,
0.0685091018677,
0.0887470245361,
0.0895171165466,
0.0986571311951,
0.0992181301117,
0.129832029343,
0.130535840988,
0.140990972519,
0.141733884811,
0.0936257839203,
0.093868970871,
0.0699050426483,
0.0700888633728,
0.0758938789368,
0.0764129161835,
0.0894498825073,
0.0897970199585,
0.0496511459351,
0.0505230426788,
0.0398859977722,
0.0411570072174,
0.0228428840637,
0.0230748653412,
0.0232880115509,
0.0237491130829,
0.0262799263,
0.0264730453491,
0.0282011032104,
0.0284099578857,
0.0275509357452,
0.0282430648804,
0.0292699337006,
0.0297610759735,
0.0299711227417,
0.0301899909973,
0.0255119800568,
0.0262680053711,
0.0282709598541,
0.0284700393677,
0.0275270938873,
0.0279240608215,
0.0352799892426,
0.0356259346008,
0.0275127887726,
0.0278058052063,
0.0229649543762,
0.0232260227203,
0.0243849754333,
0.0247020721436,
0.0282349586487,
0.0286288261414,
0.0418469905853,
0.0420441627502,
0.0420188903809,
0.0424809455872,
0.0216388702393,
0.0220189094543,
0.0213079452515,
0.0215389728546,
0.0319340229034,
0.0321261882782,
0.026575088501,
0.0272490978241,
0.0378019809723,
0.0384140014648,
0.0263319015503,
0.0280320644379,
0.0293009281158,
0.0298140048981,
0.0344932079315,
0.0352561473846,
0.0367331504822,
0.0373921394348,
0.0288298130035,
0.0296859741211,
0.0257141590118,
0.02654504776,
0.0276260375977,
0.0291919708252,
0.0315771102905,
0.0324890613556,
0.0373651981354,
0.0379421710968,
0.0390348434448,
0.0401499271393,
0.0377490520477,
0.0380051136017,
0.0256400108337,
0.0260000228882,
0.0270199775696,
0.0273020267487,
0.0239470005035,
0.0241718292236,
0.0316898822784,
0.0319619178772,
0.0213968753815,
0.0216109752655,
0.0228910446167,
0.0231220722198,
0.0236918926239,
0.0239219665527,
0.0216920375824,
0.0219430923462,
0.0275609493256,
0.0277810096741,
0.025493144989,
0.025829076767,
0.0239799022675,
0.0247519016266,
0.0262320041656,
0.0272171497345,
0.023777961731,
0.0240120887756,
0.0229229927063,
0.0233070850372,
0.0253689289093,
0.0257110595703,
0.023521900177,
0.0237829685211,
0.021605014801,
0.0221490859985,
0.0232288837433,
0.0234069824219,
0.031093120575,
0.031268119812,
0.0304970741272,
0.0315442085266,
0.0280859470367,
0.0291850566864,
0.0255441665649,
0.0261881351471,
0.0315039157867,
0.0324549674988,
0.0218849182129,
0.0226171016693,
0.0272698402405,
0.0274848937988,
0.0230329036713,
0.023265838623,
0.0283949375153,
0.0286180973053,
0.027163028717,
0.0275859832764,
0.022677898407,
0.0230181217194,
0.0328350067139,
0.0331010818481,
0.0251500606537,
0.0254089832306,
0.0232639312744,
0.023796081543,
0.0253851413727,
0.0261900424957,
0.0274260044098,
0.0281500816345,
0.029620885849,
0.0305080413818,
0.0329260826111,
0.0337240695953,
0.0909938812256,
0.0915720462799,
0.0394651889801,
0.0401999950409,
0.0618891716003,
0.0632061958313,
0.035453081131,
0.0361239910126,
0.0259130001068,
0.0265002250671,
0.0377259254456,
0.0385038852692,
0.0650141239166,
0.0664460659027,
0.0244569778442,
0.0253059864044,
0.0434539318085,
0.0448760986328,
0.0346601009369,
0.0354101657867,
0.0225489139557,
0.0233719348907,
0.0261228084564,
0.0270428657532,
0.0278799533844,
0.0287759304047,
0.0311720371246,
0.0318319797516,
0.0346908569336,
0.0348930358887,
0.0300149917603,
0.0302789211273,
0.0651378631592,
0.0653908252716,
0.0393900871277,
0.0403180122375,
0.0512840747833,
0.051539182663,
0.0408680438995,
0.0419199466705,
0.0356409549713,
0.0360209941864,
0.0296289920807,
0.0298399925232,
0.0412039756775,
0.0424871444702,
0.0408029556274,
0.0411331653595,
0.0255489349365,
0.0257930755615,
0.0284969806671,
0.0287909507751,
0.0224180221558,
0.0226521492004,
0.024246931076,
0.024491071701,
0.0281069278717,
0.028373003006,
0.0306708812714,
0.0311949253082,
0.0282919406891,
0.0285980701447,
0.0285160541534,
0.0290679931641,
0.0260841846466,
0.0266489982605,
0.0284337997437,
0.0286419391632,
0.0281460285187,
0.0284490585327,
0.0230650901794,
0.0233190059662,
0.0224809646606,
0.0226948261261,
0.0283110141754,
0.0289721488953,
0.0223579406738,
0.0226168632507,
0.027302980423,
0.0275139808655,
0.0241208076477,
0.0243837833405,
0.0267510414124,
0.0270829200745,
0.0225949287415,
0.0229060649872,
0.0238227844238,
0.0240519046783,
0.0260570049286,
0.0263450145721,
0.0262439250946,
0.0265080928802,
0.032567024231,
0.0331609249115,
0.0235390663147,
0.0237700939178,
0.022716999054,
0.0230729579926,
0.0286819934845,
0.0289170742035,
0.0276951789856,
0.0280292034149,
0.0322239398956,
0.0324840545654,
0.0276210308075,
0.0278029441833,
0.0256788730621,
0.0259170532227,
0.0237379074097,
0.0240058898926,
0.0217950344086,
0.02201795578,
0.0275571346283,
0.0277791023254,
0.0256259441376,
0.0258519649506,
0.0234608650208,
0.0236358642578,
0.0208699703217,
0.0213429927826,
0.0290949344635,
0.0293219089508,
0.0230090618134,
0.0232479572296,
0.0240058898926,
0.0242328643799,
0.021064043045,
0.0214450359344,
0.0223939418793,
0.023097038269,
0.0310819149017,
0.0312888622284,
0.0219838619232,
0.0221478939056,
0.0236799716949,
0.0238771438599,
0.0260910987854,
0.0263130664825,
0.0285658836365,
0.0287909507751,
0.0337910652161,
0.0340931415558,
0.0256140232086,
0.0258939266205,
0.0228459835052,
0.0230510234833,
0.0287709236145,
0.0291628837585,
0.0220401287079,
0.0222890377045,
0.0350270271301,
0.0352940559387,
0.0261912345886,
0.0264871120453,
0.0224049091339,
0.0229640007019,
0.029552936554,
0.0324020385742,
0.0340490341187,
0.0343611240387,
0.0316472053528,
0.0319390296936,
0.0293140411377,
0.0297999382019,
0.0233418941498,
0.0237119197845,
0.0129508972168,
0.0256168842316,
0.0282800197601,
0.028477191925,
0.0213239192963,
0.0215628147125,
0.037358045578,
0.0376830101013,
0.0406060218811,
0.0413908958435,
0.027979850769,
0.0285229682922,
0.0284750461578,
0.0289649963379,
0.0328509807587,
0.0341079235077,
0.0282790660858,
0.0289869308472,
0.0314140319824,
0.0320961475372,
0.0318591594696,
0.0326249599457,
0.033282995224,
0.0340600013733,
0.0354149341583,
0.0366039276123,
0.0311110019684,
0.0320098400116,
0.0405809879303,
0.0408260822296,
0.0207879543304,
0.021036863327,
0.025139093399,
0.0255150794983,
0.028892993927,
0.029205083847,
0.0281071662903,
0.0283100605011,
0.0280690193176,
0.028461933136,
0.0257868766785,
0.0260548591614,
0.0238738059998,
0.024092912674,
0.0285210609436,
0.0287251472473,
0.0224540233612,
0.022665977478,
0.103715181351,
0.103939056396,
0.0523331165314,
0.0525059700012,
0.035609960556,
0.0359499454498,
0.0281980037689,
0.0283908843994,
0.0402510166168,
0.0405609607697,
0.038810968399,
0.0392191410065,
0.0457220077515,
0.0460510253906,
0.0487930774689,
0.0490798950195,
0.0341398715973,
0.0344848632812,
0.0290911197662,
0.0292980670929,
0.0413360595703,
0.0415799617767,
0.0436861515045,
0.0440020561218,
0.0461180210114,
0.0463371276855,
0.0308940410614,
0.0315990447998,
0.135262012482,
0.0326979160309,
0.0743889808655,
0.0747001171112,
0.0520241260529,
0.052295923233,
0.0240688323975,
0.0245409011841,
0.0414278507233,
0.0419960021973,
0.0360360145569,
0.0362160205841,
0.101541042328,
0.00131607055664,
0.0232350826263,
0.0234689712524,
0.0265209674835,
0.0267729759216,
0.0298581123352,
0.0302400588989,
0.0259761810303,
0.0261871814728,
0.025682926178,
0.025918006897,
0.0281720161438,
0.0284569263458,
0.027587890625,
0.0278859138489,
0.032222032547,
0.03253698349,
0.0263760089874,
0.0266020298004,
0.0233130455017,
0.0236239433289,
0.0219399929047,
0.0222070217133,
0.0257329940796,
0.0259799957275,
0.0688769817352,
0.0691320896149,
0.0280930995941,
0.0283331871033,
0.0323920249939,
0.0325779914856,
0.025200843811,
0.0254108905792,
0.0333051681519,
0.0337262153625,
0.0267281532288,
0.0269501209259,
0.0336120128632,
0.0338830947876,
0.0233240127563,
0.0235750675201,
0.05917096138,
0.0594661235809,
0.0388419628143,
0.0393640995026,
0.0569298267365,
0.0573179721832,
0.0366759300232,
0.0370898246765,
0.0285251140594,
0.0287520885468,
0.032341003418,
0.0331268310547,
0.029364824295,
0.0301959514618,
0.0448529720306,
0.0456809997559,
0.0489819049835,
0.0492460727692,
0.042603969574,
0.0429258346558,
0.040384054184,
0.0409140586853,
0.115499019623,
0.115943908691,
0.0283081531525,
0.0285770893097,
0.0332570075989,
0.0341711044312,
0.015102148056,
0.0153269767761,
0.0381488800049,
0.0383479595184,
0.0289011001587,
0.0291149616241,
0.0334060192108,
0.0335869789124,
0.0250651836395,
0.0252840518951,
0.0388181209564,
0.0395109653473,
0.02552318573,
0.0260961055756,
0.0422320365906,
0.0425670146942,
0.0316030979156,
0.0318200588226,
0.0242319107056,
0.0250580310822,
0.029942035675,
0.0303859710693,
0.0352590084076,
0.036299943924,
0.0334930419922,
0.0337979793549,
0.0273640155792,
0.0276460647583,
0.0239019393921,
0.0241079330444,
0.0236310958862,
0.0238721370697,
0.0312149524689,
0.0316469669342,
0.0283758640289,
0.0287139415741,
0.0231490135193,
0.0234811306,
0.0365991592407,
0.0367829799652,
0.0302000045776,
0.0304930210114,
0.0316841602325,
0.0319030284882,
0.0245699882507,
0.024924993515,
0.0229659080505,
0.0232508182526,
0.0325608253479,
0.0332469940186,
0.0525231361389,
0.0534589290619,
0.0484189987183,
0.048684835434,
0.033754825592,
0.0341429710388,
0.0309150218964,
0.0312988758087,
0.040137052536,
0.0417411327362,
0.0467782020569,
0.0477080345154,
0.0467309951782,
0.0472528934479,
0.0352861881256,
0.0354881286621,
0.0301327705383,
0.030348777771,
0.0404050350189,
0.0406129360199,
0.0404198169708,
0.0406129360199,
0.0637099742889,
0.0640277862549,
0.032163143158,
0.0323841571808,
0.0406839847565,
0.0409479141235,
0.0307970046997,
0.0310728549957,
0.0283570289612,
0.0286841392517,
0.0301158428192,
0.0303218364716,
0.0341610908508,
0.0349960327148,
0