0.0261850357056,
0.026880979538,
0.0326628684998,
0.033903837204,
0.0315840244293,
0.0317800045013,
0.024069070816,
0.0242650508881,
0.023864030838,
0.0240318775177,
0.0223228931427,
0.0227949619293,
0.0365540981293,
0.037614107132,
0.0444328784943,
0.0450809001923,
0.0243198871613,
0.0250718593597,
0.0308179855347,
0.0316281318665,
0.0356109142303,
0.0363140106201,
0.0258901119232,
0.0266370773315,
0.0285289287567,
0.0293099880219,
0.0283410549164,
0.0292508602142,
0.0282759666443,
0.0292038917542,
0.0259029865265,
0.0267570018768,
0.0329229831696,
0.0338201522827,
0.0317039489746,
0.0326769351959,
0.0232031345367,
0.0238230228424,
0.0264949798584,
0.0273299217224,
0.0338039398193,
0.034884929657,
0.0298140048981,
0.0304968357086,
0.0455029010773,
0.0462939739227,
0.0212199687958,
0.0215399265289,
0.0266001224518,
0.027223110199,
0.0263869762421,
0.0268929004669,
0.0273499488831,
0.0275259017944,
0.028580904007,
0.0287640094757,
0.0328688621521,
0.0333139896393,
0.0291841030121,
0.0294649600983,
0.0269839763641,
0.0272469520569,
0.0352210998535,
0.0356171131134,
0.0336861610413,
0.0338859558105,
0.0371031761169,
0.0375549793243,
0.0346801280975,
0.0348780155182,
0.0284140110016,
0.0286040306091,
0.0282580852509,
0.0284969806671,
0.0328509807587,
0.0332961082458,
0.030699968338,
0.0310218334198,
0.0261149406433,
0.0262939929962,
0.0305080413818,
0.0306880474091,
0.0415918827057,
0.0418789386749,
0.0332789421082,
0.0335509777069,
0.0334169864655,
0.0341589450836,
0.0466020107269,
0.0478148460388,
0.0438342094421,
0.0443801879883,
0.0255219936371,
0.0257430076599,
0.0323979854584,
0.0325980186462,
0.0342140197754,
0.0495190620422,
0.0284638404846,
0.0289490222931,
0.022922039032,
0.0232050418854,
0.0245280265808,
0.0248010158539,
0.0365328788757,
0.0368840694427,
0.0281980037689,
0.0283830165863,
0.0215101242065,
0.0217320919037,
0.0232338905334,
0.0244159698486,
0.0285370349884,
0.0292141437531,
0.0273358821869,
0.0284988880157,
0.0290250778198,
0.0299210548401,
0.0274500846863,
0.027704000473,
0.0250251293182,
0.0315771102905,
0.0300068855286,
0.0308678150177,
0.020565032959,
0.0216948986053,
0.0337109565735,
0.0377681255341,
0.0301370620728,
0.0309801101685,
0.0382809638977,
0.0391609668732,
0.0314161777496,
0.0320591926575,
0.0323948860168,
0.0334610939026,
0.0307929515839,
0.0309569835663,
0.025496006012,
0.0257320404053,
0.0308699607849,
0.0310988426208,
0.0249819755554,
0.0252768993378,
0.0248188972473,
0.0250909328461,
0.0315551757812,
0.0320601463318,
0.0368390083313,
0.0371389389038,
0.0417170524597,
0.0420620441437,
0.0361320972443,
0.0364711284637,
0.0291819572449,
0.0305469036102,
0.0396111011505,
0.0408711433411,
0.0370230674744,
0.039055109024,
0.0366489887238,
0.0373420715332,
0.036712884903,
0.0372049808502,
0.0311229228973,
0.0321018695831,
0.0305788516998,
0.0308318138123,
0.0348360538483,
0.035031080246,
0.0344641208649,
0.0347700119019,
0.0270810127258,
0.0272679328918,
0.0269310474396,
0.0271210670471,
0.042149066925,
0.0425870418549,
0.0404410362244,
0.0412349700928,
0.0386919975281,
0.0398209095001,
0.0494828224182,
0.0497858524323,
0.0296728610992,
0.029914855957,
0.0371720790863,
0.0375030040741,
0.0321938991547,
0.0328509807587,
0.0405209064484,
0.0407569408417,
0.0501589775085,
0.0519080162048,
0.0832359790802,
0.0836389064789,
0.033166885376,
0.0336308479309,
0.0305171012878,
0.0307061672211,
0.0502998828888,
0.050509929657,
0.0464539527893,
0.0468130111694,
0.0386021137238,
0.0389311313629,
0.0280680656433,
0.0283501148224,
0.0657708644867,
0.0662889480591,
0.0247790813446,
0.0254640579224,
0.034077167511,
0.0343651771545,
0.025337934494,
0.0256180763245,
0.0222260951996,
0.0231380462646,
0.030021905899,
0.0302917957306,
0.0243091583252,
0.0249021053314,
0.0230600833893,
0.0234432220459,
0.0251870155334,
0.0254499912262,
0.0271990299225,
0.0278081893921,
0.02321600914,
0.0234620571136,
0.0273258686066,
0.0278089046478,
0.0218181610107,
0.0220429897308,
0.0266129970551,
0.0268089771271,
0.0221600532532,
0.0224320888519,
0.0288469791412,
0.0290539264679,
0.0225551128387,
0.0227930545807,
0.0237770080566,
0.0240170955658,
0.0359179973602,
0.036544084549,
0.037682056427,
0.0380840301514,
0.0306060314178,
0.0307970046997,
0.0302820205688,
0.0305531024933,
0.031455039978,
0.0318260192871,
0.0318331718445,
0.0320210456848,
0.0274150371552,
0.0277318954468,
0.0259850025177,
0.0269980430603,
0.0226550102234,
0.0229120254517,
0.0264191627502,
0.0273861885071,
0.0330791473389,
0.0333580970764,
0.03151512146,
0.0322301387787,
0.0266060829163,
0.0273771286011,
0.0288670063019,
0.0294210910797,
0.0337629318237,
0.0345280170441,
0.0250811576843,
0.0260059833527,
0.0357429981232,
0.0371680259705,
0.0289790630341,
0.0306868553162,
0.0273399353027,
0.028217792511,
0.0246930122375,
0.0257267951965,
0.0300958156586,
0.03093791008,
0.0282678604126,
0.0291810035706,
0.0274851322174,
0.0283122062683,
0.0277938842773,
0.0288009643555,
0.0272769927979,
0.0286440849304,
0.0299558639526,
0.0311789512634,
0.0246381759644,
0.0262200832367,
0.0412580966949,
0.0420069694519,
0.03084897995,
0.031124830246,
0.0393350124359,
0.0396978855133,
0.0245170593262,
0.0247440338135,
0.0276851654053,
0.0278780460358,
0.0219700336456,
0.0222089290619,
0.0293509960175,
0.0301270484924,
0.0224089622498,
0.0226259231567,
0.0293228626251,
0.0301039218903,
0.0298399925232,
0.0300898551941,
0.0250070095062,
0.0256080627441,
0.029748916626,
0.0311479568481,
0.0295009613037,
0.0303168296814,
0.026379108429,
0.0273041725159,
0.0397970676422,
0.0399730205536,
0.0426530838013,
0.0433540344238,
0.032534122467,
0.0327939987183,
0.0325458049774,
0.0328497886658,
0.0231101512909,
0.0234341621399,
0.0212299823761,
0.021598815918,
0.0290150642395,
0.0300631523132,
0.0379559993744,
0.0451459884644,
0.0278561115265,
0.029009103775,
0.0267009735107,
0.0276138782501,
0.0447950363159,
0.0529661178589,
0.0429449081421,
0.0437469482422,
0.047266960144,
0.048141002655,
0.0332350730896,
0.0339820384979,
0.0273411273956,
0.0284690856934,
0.0264449119568,
0.0278398990631,
0.0282368659973,
0.0292618274689,
0.0315589904785,
0.0327680110931,
0.0313899517059,
0.0324170589447,
0.035197019577,
0.0363800525665,
0.0363500118256,
0.0372860431671,
0.0282189846039,
0.0297620296478,
0.0288980007172,
0.0294759273529,
0.0427958965302,
0.0441210269928,
0.0365719795227,
0.0377278327942,
0.0276119709015,
0.0283789634705,
0.0347690582275,
0.0363831520081,
0.0326638221741,
0.0335729122162,
0.0274140834808,
0.0284440517426,
0.0304038524628,
0.0312490463257,
0.0314919948578,
0.0323209762573,
0.0365850925446,
0.0376720428467,
0.0434591770172,
0.0441901683807,
0.0318160057068,
0.0333299636841,
0.037575006485,
0.0388209819794,
0.0375099182129,
0.0397429466248,
0.0226640701294,
0.038537979126,
0.0463600158691,
0.0476319789886,
0.0251679420471,
0.0254259109497,
0.0399179458618,
0.0404839515686,
0.0255448818207,
0.0263450145721,
0.033136844635,
0.0339548587799,
0.026741027832,
0.0274891853333,
0.0264179706573,
0.0273449420929,
0.0352680683136,
0.0361762046814,
0.0364799499512,
0.0367228984833,
0.0208728313446,
0.0235228538513,
0.0234560966492,
0.0239839553833,
0.0274031162262,
0.0280470848083,
0.0294809341431,
0.0301640033722,
0.038850069046,
0.0395359992981,
0.0401268005371,
0.0406978130341,
0.0349569320679,
0.0358428955078,
0.0269999504089,
0.0276339054108,
0.0323269367218,
0.0329179763794,
0.0326101779938,
0.0334830284119,
0.036239862442,
0.0364708900452,
0.0304219722748,
0.0306069850922,
0.0246469974518,
0.024827003479,
0.0285379886627,
0.0295720100403,
0.0316500663757,
0.0323970317841,
0.0300970077515,
0.0312988758087,
0.0315988063812,
0.0323948860168,
0.0256011486053,
0.0268330574036,
0.0399479866028,
0.04039478302,
0.0347990989685,
0.0407431125641,
0.0288889408112,
0.0300149917603,
0.0328440666199,
0.0338060855865,
0.043713092804,
0.0464088916779,
0.0392518043518,
0.0399918556213,
0.0376279354095,
0.0384550094604,
0.0339188575745,
0.0342400074005,
0.0222179889679,
0.023118019104,
0.0386171340942,
0.0424401760101,
0.0315430164337,
0.0319459438324,
0.0356590747833,
0.0358400344849,
0.0276300907135,
0.0279839038849,
0.0266790390015,
0.0269210338593,
0.0353879928589,
0.0357251167297,
0.0356121063232,
0.0358121395111,
0.0306379795074,
0.0308668613434,
0.038685798645,
0.038959980011,
0.0293898582458,
0.0296638011932,
0.0250978469849,
0.0253219604492,
0.0267341136932,
0.0269639492035,
0.0305330753326,
0.0318849086761,
0.0332310199738,
0.0345871448517,
0.0271089076996,
0.0300238132477,
0.0339000225067,
0.0347940921783,
0.0321390628815,
0.0334329605103,
0.0273520946503,
0.0412499904633,
0.0368580818176,
0.0381572246552,
0.0423040390015,
0.0432810783386,
0.0362129211426,
0.0370850563049,
0.0367619991302,
0.036926984787,
0.0190570354462,
0.0349071025848,
0.0144050121307,
0.0146300792694,
0.0222828388214,
0.0225479602814,
0.0248880386353,
0.0252151489258,
0.0227119922638,
0.0231468677521,
0.0215730667114,
0.0223219394684,
0.0300831794739,
0.030846118927,
0.0258040428162,
0.026043176651,
0.0292921066284,
0.0297160148621,
0.0423259735107,
0.0426468849182,
0.0280301570892,
0.0282549858093,
0.0279018878937,
0.0281150341034,
0.026134967804,
0.0265071392059,
0.0269651412964,
0.0272550582886,
0.0223741531372,
0.0230360031128,
0.0304479598999,
0.0307860374451,
0.0237061977386,
0.0239300727844,
0.0371079444885,
0.0373959541321,
0.0334868431091,
0.0337889194489,
0.0272510051727,
0.0275249481201,
0.0371289253235,
0.0373330116272,
0.0315890312195,
0.0319359302521,
0.0248200893402,
0.0251860618591,
0.0236721038818,
0.0240569114685,
0.0238709449768,
0.0241219997406,
0.0411279201508,
0.04150390625,
0.031800031662,
0.0320799350739,
0.0256741046906,
0.0258791446686,
0.0253570079803,
0.0255589485168,
0.0328509807587,
0.0332579612732,
0.0360519886017,
0.0366060733795,
0.0238819122314,
0.0252239704132,
0.0299570560455,
0.0302379131317,
0.0265340805054,
0.0276122093201,
0.0303919315338,
0.0311110019684,
0.0227160453796,
0.0229470729828,
0.0257639884949,
0.0260391235352,
0.0179748535156,
0.0185830593109,
0.03635597229,
0.0366179943085,
0.0341141223907,
0.0344521999359,
0.0239789485931,
0.024356842041,
0.0366370677948,
0.0369300842285,
0.0311629772186,
0.0318741798401,
0.0228188037872,
0.0232598781586,
0.0291109085083,
0.029993057251,
0.0228800773621,
0.0231230258942,
0.0220408439636,
0.0222170352936,
0.0297658443451,
0.0302238464355,
0.026566028595,
0.0268349647522,
0.0246431827545,
0.024845123291,
0.0214340686798,
0.0216221809387,
0.0319089889526,
0.0322470664978,
0.0246920585632,
0.025218963623,
0.0324349403381,
0.0328109264374,
0.0226309299469,
0.022922039032,
0.0283689498901,
0.0285429954529,
0.031133890152,
0.0313918590546,
0.0308179855347,
0.0313539505005,
0.0248839855194,
0.0253469944,
0.0279719829559,
0.0281760692596,
0.0271670818329,
0.0273880958557,
0.0361359119415,
0.0363490581512,
0.0262558460236,
0.0264768600464,
0.0267789363861,
0.0270979404449,
0.0297019481659,
0.0300250053406,
0.0411188602448,
0.0414130687714,
0.0367739200592,
0.0371029376984,
0.0298819541931,
0.0301938056946,
0.0232601165771,
0.0240960121155,
0.0276260375977,
0.0278661251068,
0.0304849147797,
0.0307228565216,
0.0294408798218,
0.0297980308533,
0.0276801586151,
0.0278630256653,
0.0373599529266,
0.0376069545746,
0.0249269008636,
0.0251829624176,
0.0302498340607,
0.0307409763336,
0.0255260467529,
0.0258369445801,
0.0328209400177,
0.0330920219421,
0.0333139896393,
0.0343239307404,
0.0247390270233,
0.0249891281128,
0.0219428539276,
0.0228078365326,
0.0215349197388,
0.0217649936676,
0.0268590450287,
0.0272469520569,
0.0255980491638,
0.0259530544281,
0.0273678302765,
0.0276958942413,
0.0263359546661,
0.0266480445862,
0.0279479026794,
0.0282819271088,
0.0392291545868,
0.0406420230865,
0.0401840209961,
0.0486462116241,
0.0314910411835,
0.0336339473724,
0.035747051239,
0.0372970104218,
0.0299379825592,
0.0312278270721,
0.0241949558258,
0.0464291572571,
0.0344700813293,
0.0358469486237,
0.0337071418762,
0.034698009491,
0.0338599681854,
0.0347118377686,
0.0311639308929,
0.0323390960693,
0.0353100299835,
0.035816192627,
0.0378711223602,
0.0380971431732,
0.0243039131165,
0.0245521068573,
0.0229821205139,
0.0237231254578,
0.0242240428925,
0.0252630710602,
0.0237591266632,
0.0246670246124,
0.0388731956482,
0.0397441387177,
0.0300240516663,
0.0302319526672,
0.0238378047943,
0.0240709781647,
0.0237889289856,
0.0239708423615,
0.0219631195068,
0.0222051143646,
0.0282938480377,
0.0293729305267,
0.0405311584473,
0.041442155838,
0.025936126709,
0.0268759727478,
0.0286569595337,
0.0302619934082,
0.0313329696655,
0.0325779914856,
0.0377759933472,
0.0379810333252,
0.03280210495,
0.0330150127411,
0.0388600826263,
0.0391240119934,
0.0284979343414,
0.0295798778534,
0.0215599536896,
0.0224311351776,
0.0344798564911,
0.0356509685516,
0.0228459835052,
0.0231201648712,
0.0349760055542,
0.0352091789246,
0.0292220115662,
0.0294299125671,
0.0253570079803,
0.0255579948425,
0.0340421199799,
0.0344381332397,
0.0261309146881,
0.0263659954071,
0.0236639976501,
0.0239071846008,
0.0239470005035,
0.0252411365509,
0.0170969963074,
0.0172920227051,
0.0214989185333,
0.0240659713745,
0.0320379734039,
0.0324718952179,
0.0304288864136,
0.031359910965,
0.0309789180756,
0.0320041179657,
0.0254468917847,
0.0264329910278,
0.0321490764618,
0.0335609912872,
0.0378279685974,
0.0381031036377,
0.0470399856567,
0.0475611686707,
0.0328462123871,
0.0331020355225,
0.0382738113403,
0.0385818481445,
0.0369758605957,
0.0371840000153,
0.0453338623047,
0.0459339618683,
0.0363929271698,
0.0369379520416,
0.0399959087372,
0.0408477783203,
0.0310060977936,
0.0315771102905,
0.0290808677673,
0.0292720794678,
0.0277149677277,
0.0279109477997,
0.0261538028717,
0.0263350009918,
0.033607006073,
0.0338640213013,
0.0470390319824,
0.0477340221405,
0.0286810398102,
0.0288851261139,
0.0250749588013,
0.0265419483185,
0.0404839515686,
0.040944814682,
0.030079126358,
0.0303821563721,
0.0297119617462,
0.0299119949341,
0.0296440124512,
0.029972076416,
0.0272791385651,
0.0274620056152,
0.0279800891876,
0.028165102005,
0.0232229232788,
0.0234930515289,
0.0330691337585,
0.0336649417877,
0.0383307933807,
0.0534138679504,
0.0371408462524,
0.0373878479004,
0.0304539203644,
0.0306339263916,
0.0243718624115,
0.0246179103851,
0.0292439460754,
0.0294389724731,
0.0405781269073,
0.0408701896667,
0.0310778617859,
0.0313999652863,
0.0308558940887,
0.0311529636383,
0.0309720039368,
0.0313000679016,
0.038871049881,
0.0391941070557,
0.0343861579895,
0.0352640151978,
0.0291781425476,
0.0293979644775,
0.0298910140991,
0.0300989151001,
0.0247900485992,
0.0250520706177,
0.0310969352722,
0.0313339233398,
0.0356237888336,
0.036906003952,
0.0285151004791,
0.0293221473694,
0.0259408950806,
0.0265898704529,
0.0305290222168,
0.0314559936523,
0.0308449268341,
0.0318119525909,
0.0307769775391,
0.0317878723145,
0.014368057251,
0.0153241157532,
0.0289480686188,
0.0303871631622,
0.0374348163605,
0.0386569499969,
0.0328631401062,
0.0339729785919,
0.0230920314789,
0.023992061615,
0.0363299846649,
0.037740945816,
0.0330770015717,
0.0335369110107,
0.0332610607147,
0.034068107605,
0.0304470062256,
0.0316300392151,
0.0327610969543,
0.0337378978729,
0.0273289680481,
0.0284168720245,
0.0321750640869,
0.0331318378448,
0.039393901825,
0.0402460098267,
0.0378448963165,
0.0422658920288,
0.028333902359,
0.0290479660034,
0.0256590843201,
0.0266690254211,
0.0273249149323,
0.0281798839569,
0.035768032074,
0.037045955658,
0.0306830406189,
0.0343871116638,
0.0260322093964,
0.0267741680145,
0.0345368385315,
0.0357840061188,
0.022439956665,
0.0238599777222,
0.0333681106567,
0.034576177597,
0.037467956543,
0.0486280918121,
0.0403270721436,
0.0442800521851,
0.0368161201477,
0.0375361442566,
0.0422329902649,
0.0428121089935,
0.0308170318604,
0.0324249267578,
0.035392999649,
0.0367360115051,
0.0317311286926,
0.0323359966278,
0.0310750007629,
0.0320670604706,
0.0400080680847,
0.040235042572,
0.0275042057037,
0.0277531147003,
0.0233640670776,
0.0236659049988,
0.0234141349792,
0.0236620903015,
0.0330328941345,
0.0340948104858,
0.0234839916229,
0.0237510204315,
0.0278689861298,
0.0284469127655,
0.0217130184174,
0.0219268798828,
0.0224070549011,
0.0226378440857,
0.0227420330048,
0.0229949951172,
0.0239799022675,
0.024246931076,
0.0258100032806,
0.0261719226837,
0.0249161720276,
0.0251979827881,
0.0314359664917,
0.0317358970642,
0.0256500244141,
0.0258829593658,
0.0268421173096,
0.0274410247803,
0.0247790813446,
0.0256590843201,
0.0278251171112,
0.028256893158,
0.026841878891,
0.0273640155792,
0.0356409549713,
0.0360119342804,
0.0223050117493,
0.0232288837433,
0.0343317985535,
0.0350558757782,
0.0431699752808,
0.0434949398041,
0.0264780521393,
0.0267088413239,
0.0220720767975,
0.0224690437317,
0.0210819244385,
0.0213398933411,
0.0367350578308,
0.0372040271759,
0.03084897995,
0.0324420928955,
0.0300509929657,
0.0303609371185,
0.0347828865051,
0.035178899765,
0.0344059467316,
0.0353949069977,
0.0220129489899,
0.0222001075745,
0.026251077652,
0.0264918804169,
0.0285828113556,
0.0294208526611,
0.0263020992279,
0.0273740291595,
0.0225310325623,
0.0227711200714,
0.0221221446991,
0.0223319530487,
0.0219440460205,
0.0221481323242,
0.0434019565582,
0.0437579154968,
0.0309979915619,
0.0312070846558,
0.0373198986053,
0.0375380516052,
0.0300648212433,
0.0303039550781,
0.0257370471954,
0.0259480476379,
0.0287411212921,
0.0291709899902,
0.0338490009308,
0.0349819660187,
0.0295610427856,
0.030601978302,
0.0342679023743,
0.0352399349213,
0.0328068733215,
0.033499956131,
0.036660194397,
0.0375940799713,
0.0380160808563,
0.0388400554657,
0.0459461212158,
0.046539068222,
0.0301461219788,
0.0309710502625,
0.0338859558105,
0.0348899364471,
0.0380289554596,
0.0388450622559,
0.0309829711914,
0.0316138267517,
0.0360858440399,
0.0366430282593,
0.0342400074005,
0.0347208976746,
0.0372819900513,
0.0381181240082,
0.0305180549622,
0.0313789844513,
0.0362439155579,
0.0374889373779,
0.0269131660461,
0.0276281833649,
0.0313699245453,
0.0320999622345,
0.0370018482208,
0.0377178192139,
0.0306189060211,
0.031674861908,
0.0405278205872,
0.0414249897003,
0.0413310527802,
0.0421311855316,
0.0440380573273,
0.0446410179138,
0.0307660102844,
0.0314321517944,
0.0348999500275,
0.0355689525604,
0.0353729724884,
0.0362939834595,
0.0320780277252,
0.0333769321442,
0.0305650234222,
0.0315937995911,
0.0321431159973,
0.0326640605927,
0.0313990116119,
0.0320198535919,
0.0426008701324,
0.0443739891052,
0.0345818996429,
0.0348148345947,
0.0214648246765,
0.0224180221558,
0.0279068946838,
0.0284039974213,
0.0251929759979,
0.0261449813843,
0.0238120555878,
0.0243721008301,
0.033411026001,
0.0336220264435,
0.0262110233307,
0.0264511108398,
0.028028011322,
0.0283098220825,
0.0255839824677,
0.0258190631866,
0.0241270065308,
0.0243699550629,
0.0344729423523,
0.0348138809204,
0.0363581180573,
0.0366189479828,
0.0328412055969,
0.0331490039825,
0.0262849330902,
0.027163028717,
0.0294191837311,
0.0304429531097,
0.025374174118,
0.0256960391998,
0.0273640155792,
0.0276710987091,
0.0275299549103,
0.0278918743134,
0.0286920070648,
0.0298008918762,
0.0217518806458,
0.0224590301514,
0.0275402069092,
0.0277500152588,
0.0316269397736,
0.0319340229034,
0.0270619392395,
0.0273759365082,
0.0372037887573,
0.0391938686371,
0.0305860042572,
0.0308477878571,
0.0270838737488,
0.0273468494415,
0.0283691883087,
0.029027223587,
0.0321300029755,
0.0330121517181,
0.0231668949127,
0.0234289169312,
0.0307559967041,
0.0310859680176,
0.027116060257,
0.0275139808655,
0.0228261947632,
0.0230090618134,
0.0225310325623,
0.0227901935577,
0.0266590118408,
0.0268409252167,
0.0232439041138,
0.0234990119934,
0.046108007431,
0.0466599464417,
0.0627951622009,
0.0631470680237,
0.0314121246338,
0.0321829319,
0.0365211963654,
0.037388086319,
0.0273580551147,
0.0284979343414,
0.0285568237305,
0.0295178890228,
0.0300829410553,
0.0310180187225,
0.0229949951172,
0.023444890976,
0.0393121242523,
0.0395309925079,
0.0270299911499,
0.0274291038513,
0.0254230499268,
0.0262620449066,
0.0218880176544,
0.0220999717712,
0.0261669158936,
0.0264139175415,
0.0220379829407,
0.0222980976105,
0.034481048584,
0.0351030826569,
0.0269269943237,
0.0272901058197,
0.0257980823517,
0.0263822078705,
0.0267441272736,
0.0278301239014,
0.0281889438629,
0.0289828777313,
0.0299060344696,
0.0307939052582,
0.0239129066467,
0.0247459411621,
0.0217700004578,
0.0226101875305,
0.031350851059,
0.0317058563232,
0.0321209430695,
0.0329167842865,
0.025475025177,
0.0257489681244,
0.0252759456635,
0.0255398750305,
0.0301702022552,
0.0306010246277,
0.0361511707306,
0.036395072937,
0.0344049930573,
0.0345990657806,
0.0295650959015,
0.0298030376434,
0.0366790294647,
0.0377190113068,
0.0321161746979,
0.0329120159149,
0.0272490978241,
0.0274431705475,
0.0341668128967,
0.0343987941742,
0.025365114212,
0.0258340835571,
0.028126001358,
0.0285031795502,
0.0273458957672,
0.0275809764862,
0.0240030288696,
0.0243279933929,
0.0434598922729,
0.0438199043274,
0.0275030136108,
0.0276980400085,
0.0280759334564,
0.0282731056213,
0.027911901474,
0.0281488895416,
0.0335268974304,
0.0339879989624,
0.0364871025085,
0.0367791652679,
0.0316650867462,
0.0319199562073,
0.0364818572998,
0.0371630191803,
0.0246369838715,
0.0248920917511,
0.0283980369568,
0.0293290615082,
0.0205128192902,
0.0207438468933,
0.0252301692963,
0.0255510807037,
0.0226149559021,
0.0228397846222,
0.0250389575958,
0.0255749225616,
0.0235857963562,
0.0243389606476,
0.0289530754089,
0.0297100543976,
0.0267951488495,
0.027083158493,
0.0223209857941,
0.0225758552551,
0.0340619087219,
0.0344049930573,
0.0251049995422,
0.0255379676819,
0.0253219604492,
0.0258328914642,
0.0279381275177,
0.0282340049744,
0.0215260982513,
0.0217831134796,
0.0241978168488,
0.0244948863983,
0.0242710113525,
0.0245020389557,
0.0214650630951,
0.0217409133911,
0.0264010429382,
0.0269751548767,
0.0257170200348,
0.0258810520172,
0.0300970077515,
0.0307779312134,
0.0247240066528,
0.0257260799408,
0.034078836441,
0.0343389511108,
0.024649143219,
0.0249810218811,
0.0276930332184,
0.0280368328094,
0.0249319076538,
0.0255138874054,
0.0257928371429,
0.0269889831543,
0.0286319255829,
0.0295579433441,
0.038852930069,
0.0394999980927,
0.0264708995819,
0.0267419815063,
0.0354120731354,
0.0357699394226,
0.0277490615845,
0.0279910564423,
0.0329189300537,
0.0345098972321,
0.0337619781494,
0.0339601039886,
0.0278370380402,
0.0280351638794,
0.0292940139771,
0.0294840335846,
0.0374782085419,
0.0382950305939,
0.0371010303497,
0.0373759269714,
0.0305709838867,
0.0307579040527,
0.0276341438293,
0.027850151062,
0.0289118289948,
0.029709815979,
0.0265700817108,
0.0267901420593,
0.0263650417328,
0.0267930030823,
0.0268549919128,
0.0270960330963,
0.0267908573151,
0.0279688835144,
0.0322070121765,
0.0323960781097,
0.0217380523682,
0.021980047226,
0.021950006485,
0.0222339630127,
0.0264189243317,
0.0266129970551,
0.0205938816071,
0.02086186409,
0.0290868282318,
0.0295808315277,
0.0244710445404,
0.0254290103912,
0.0267310142517,
0.0274758338928,
0.0307929515839,
0.0314431190491,
0.0306808948517,
0.030914068222,
0.0272839069366,
0.0277509689331,
0.0233159065247,
0.0235459804535,
0.0223078727722,
0.0225958824158,
0.0311131477356,
0.0313489437103,
0.0231680870056,
0.0233469009399,
0.0241198539734,
0.0243458747864,
0.0286641120911,
0.0289671421051,
0.0265278816223,
0.0267558097839,
0.0314819812775,
0.0317618846893,
0.0231330394745,
0.0235230922699,
0.0226559638977,
0.0229120254517,
0.0300748348236,
0.0303139686584,
0.0288259983063,
0.0290920734406,
0.0288479328156,
0.0293347835541,
0.0286948680878,
0.029000043869,
0.0374438762665,
0.0377388000488,
0.0294809341431,
0.0296669006348,
0.0324969291687,
0.032763004303,
0.0304329395294,
0.0307500362396,
0.0299999713898,
0.0303108692169,
0.0219428539276,
0.0223488807678,
0.0292148590088,
0.0293869972229,
0.0206611156464,
0.0209300518036,
0.0272889137268,
0.0275781154633,
0.0311920642853,
0.0313799381256,
0.0310950279236,
0.03133893013,
0.0305359363556,
0.0313229560852,
0.0342700481415,
0.035875082016,
0.098335981369,
0.0993270874023,
0.0278520584106,
0.0281360149384,
0.0299410820007,
0.0301730632782,
0.0316038131714,
0.032007932663,
0.0235469341278,
0.0238969326019,
0.0251450538635,
0.0254831314087,
0.028370141983,
0.0289590358734,
0.0247030258179,
0.0253140926361,
0.0328409671783,
0.0334501266479,
0.0252549648285,
0.0255219936371,
0.0250298976898,
0.0252618789673,
0.0240550041199,
0.0242807865143,
0.0244238376617,
0.024621963501,
0.0228538513184,
0.0232548713684,
0.0245871543884,
0.0251262187958,
0.0240571498871,
0.024346113205,
0.0288021564484,
0.0293312072754,
0.0240731239319,
0.0249571800232,
0.0258188247681,
0.0260767936707,
0.0312581062317,
0.0314919948578,
0.0265049934387,
0.0275409221649,
0.0218300819397,
0.0220839977264,
0.0320448875427,
0.0322580337524,
0.0271439552307,
0.0273940563202,
0.0272369384766,
0.0274381637573,
0.0313038825989,
0.0317330360413,
0.0194730758667,
0.0198631286621,
0.0335969924927,
0.033891916275,
0.0280458927155,
0.028342962265,
0.0214140415192,
0.0216691493988,
0.0290570259094,
0.0293021202087,
0.0290248394012,
0.0293228626251,
0.0283110141754,
0.0285120010376,
0.0242648124695,
0.0244519710541,
0.0356979370117,
0.0360300540924,
0.0277619361877,
0.0281538963318,
0.0293440818787,
0.0296421051025,
0.0292000770569,
0.0293989181519,
0.0316569805145,
0.0325541496277,
0.0260350704193,
0.027596950531,
0.0283319950104,
0.0292301177979,
0.0276658535004,
0.0286428928375,
0.0245730876923,
0.0254249572754,
0.0240278244019,
0.0250818729401,
0.0243780612946,
0.0252530574799,
0.0231440067291,
0.0240261554718,
0.0305659770966,
0.0315251350403,
0.0269989967346,
0.0271718502045,
0.0273418426514,
0.0276429653168,
0.032557964325,
0.0328259468079,
0.0228180885315,
0.0230510234833,
0.0260200500488,
0.0263919830322,
0.023236989975,
0.0236129760742,
0.0337860584259,
0.0347709655762,
0.0294618606567,
0.0301048755646,
0.0282270908356,
0.0284669399261,
0.0210819244385,
0.0214838981628,
0.0249111652374,
0.0251851081848,
0.0348279476166,
0.0361371040344,
0.0230669975281,
0.0233280658722,
0.0300149917603,
0.0309031009674,
0.03276014328,
0.0334601402283,
0.0266759395599,
0.0269520282745,
0.0250680446625,
0.0257349014282,
0.0285601615906,
0.0304200649261,
0.0263919830322,
0.026839017868,
0.0233697891235,
0.0236999988556,
0.0317749977112,
0.0320529937744,
0.0266180038452,
0.0271558761597,
0.0294070243835,
0.0300691127777,
0.0283648967743,
0.0286350250244,
0.0286450386047,
0.0288789272308,
0.0271890163422,
0.0274791717529,
0.0264418125153,
0.0267038345337,
0.0226860046387,
0.0229349136353,
0.0300409793854,
0.0303199291229,
0.0247519016266,
0.0250020027161,
0.0343389511108,
0.0346529483795,
0.0222871303558,
0.0225141048431,
0.0210440158844,
0.0212678909302,
0.0224761962891,
0.0227251052856,
0.0264110565186,
0.0266389846802,
0.0420098304749,
0.0425100326538,
0.0322542190552,
0.0326070785522,
0.0545878410339,
0.0550458431244,
0.0335369110107,
0.0338659286499,
0.02654504776,
0.026880979538,
0.0320308208466,
0.0322458744049,
0.0358839035034,
0.0361979007721,
0.0358629226685,
0.0360770225525,
0.0590889453888,
0.0595200061798,
0.0246529579163,
0.0248739719391,
0.0283639431,
0.0286309719086,
0.0261540412903,
0.0263960361481,
0.0258619785309,
0.0261740684509,
0.0256519317627,
0.0259070396423,
0.040657043457,
0.0409650802612,
0.0323729515076,
0.03262591362,
0.0309669971466,
0.0312240123749,
0.0306711196899,
0.0309360027313,
0.037360906601,
0.0375599861145,
0.0315141677856,
0.0317981243134,
0.0306868553162,
0.0309238433838,
0.0338020324707,
0.0343208312988,
0.0332970619202,
0.0337541103363,
0.0283830165863,
0.0305941104889,
0.0282340049744,
0.0283920764923,
0.0291740894318,
0.0294170379639,
0.0282709598541,
0.028491973877,
0.0263419151306,
0.0265429019928,
0.0285511016846,
0.0287652015686,
0.0290060043335,
0.0292479991913,
0.0246169567108,
0.0248160362244,
0.0224661827087,
0.0231070518494,
0.0283641815186,
0.02858710289,
0.0278770923615,
0.0280849933624,
0.0226860046387,
0.0229659080505,
0.0341780185699,
0.0348498821259,
0.0274670124054,
0.0277380943298,
0.036031961441,
0.0362460613251,
0.0467040538788,
0.0469219684601,
0.0264639854431,
0.0267188549042,
0.0256209373474,
0.0258929729462,
0.0253169536591,
0.025554895401,
0.029797077179,
0.0310680866241,
0.0356020927429,
0.0364220142365,
0.0356090068817,
0.0367221832275,
0.0461418628693,
0.0463490486145,
0.0346059799194,
0.0348968505859,
0.0313758850098,
0.0316269397736,
0.0281710624695,
0.028923034668,
0.0274260044098,
0.0277180671692,
0.0293118953705,
0.0296730995178,
0.0232200622559,
0.0235049724579,
0.0251040458679,
0.0253410339355,
0.0272400379181,
0.0275700092316,
0.0372500419617,
0.0390539169312,
0.0278518199921,
0.0284190177917,
0.0309419631958,
0.0312941074371,
0.0276570320129,
0.0283958911896,
0.0278921127319,
0.0290532112122,
0.030158996582,
0.0304479598999,
0.0291719436646,
0.0298380851746,
0.030198097229,
0.0304570198059,
0.0293769836426,
0.0296990871429,
0.0224289894104,
0.0226759910583,
0.0244569778442,
0.0247209072113,
0.0271079540253,
0.0275888442993,
0.0286848545074,
0.0289378166199,
0.0279009342194,
0.0294589996338,
0.0425629615784,
0.0436871051788,
0.0399429798126,
0.0401840209961,
0.0242650508881,
0.0251450538635,
0.0287368297577,
0.0294549465179,
0.0245890617371,
0.0256309509277,
0.054948091507,
0.0562541484833,
0.0258491039276,
0.0266010761261,
0.0326638221741,
0.0337128639221,
0.0446820259094,
0.044881105423,
0.0327389240265,
0.0329129695892,
0.023885011673,
0.0240700244904,
0.0268449783325,
0.0270850658417,
0.0265469551086,
0.0267450809479,
0.0240650177002,
0.0245349407196,
0.0266661643982,
0.0269341468811,
0.0260119438171,
0.026211977005,
0.0284049510956,
0.0286810398102,
0.0311200618744,
0.0315461158752,
0.026214838028,
0.0266118049622,
0.0298449993134,
0.0304670333862,
0.0378761291504,
0.0384690761566,
0.0284759998322,
0.0288090705872,
0.0273079872131,
0.028107881546,
0.034322977066,
0.0350768566132,
0.0281758308411,
0.0290999412537,
0.0311529636383,
0.0319859981537,
0.0338540077209,
0.034903049469,
0.0324771404266,
0.0327122211456,
0.0251610279083,
0.025367975235,
0.0315861701965,
0.0322260856628,
0.0307841300964,
0.0314390659332,
0.0283977985382,
0.0287408828735,
0.0231349468231,
0.0233631134033,
0.0231158733368,
0.0237619876862,
0.0311410427094,
0.0330920219421,
0.0230088233948,
0.024178981781,
0.0211930274963,
0.0437219142914,
0.078339099884,
0.0788481235504,
0.0299949645996,
0.0303058624268,
0.0368750095367,
0.0371310710907,
0.0291459560394,
0.0294160842896,
0.0372669696808,
0.037672996521,
0.0273411273956,
0.0282871723175,
0.0311479568481,
0.0318429470062,
0.0289301872253,
0.0299961566925,
0.0245800018311,
0.0259099006653,
0.0302360057831,
0.0304200649261,
0.0547058582306,
0.0550408363342,
0.0254321098328,
0.0267651081085,
0.0403890609741,
0.0412399768829,
0.0302920341492,
0.0308170318604,
0.0238559246063,
0.0259480476379,
0.026636838913,
0.0277638435364,
0.0273928642273,
0.0280699729919,
0.0320000648499,
0.0321872234344,
0.0281620025635,
0.0291500091553,
0.0430500507355,
0.0432939529419,
0.0221109390259,
0.0223541259766,
0.0277388095856,
0.0279438495636,
0.0262289047241,
0.02965092659,
0.0491979122162,
0.050518989563,
0.0623569488525,
0.0636048316956,
0.0448570251465,
0.0460021495819,
0.0360870361328,
0.0373010635376,
0.0383930206299,
0.0385990142822,
0.0639810562134,
0.0644371509552,
0.0302579402924,
0.0306730270386,
0.0319538116455,
0.032331943512,
0.0293569564819,
0.0295379161835,
0.0263659954071,
0.0265810489655,
0.0329210758209,
0.033627986908,
0.0327560901642,
0.0334401130676,
0.0395801067352,
0.0398471355438,
0.0225229263306,
0.0227530002594,
0.0412840843201,
0.0414981842041,
0.0352139472961,
0.035413980484,
0.0469100475311,
0.0473380088806,
0.0294559001923,
0.0296339988708,
0.0252568721771,
0.0255320072174,
0.0231750011444,
0.023668050766,
0.0159769058228,
0.0251688957214,
0.0274729728699,
0.0277359485626,
0.0361459255219,
0.0364849567413,
0.0445458889008,
0.0448989868164,
0.0542750358582,
0.0545980930328,
0.0497081279755,
0.0499491691589,
0.0584170818329,
0.0599570274353,
0.0443420410156,
0.0449979305267,
0.0289261341095,
0.029256105423,
0.0380051136017,
0.0382590293884,
0.0272688865662,
0.027557849884,
0.0449190139771,
0.045215845108,
0.0368709564209,
0.0372679233551,
0.037092924118,
0.0377299785614,
0.0544500350952,
0.0550580024719,
0.0432548522949,
0.0439729690552,
0.0469219684601,
0.047504901886,
0.0431427955627,
0.043693780899,
0.0312759876251,
0.0323648452759,
0.0490388870239,
0.0493500232697,
0.0345849990845,
0.034982919693,
0.0241940021515,
0.0245089530945,
0.0219030380249,
0.0221650600433,
0.0212540626526,
0.0214660167694,
0.0221951007843,
0.0225069522858,
0.0213899612427,
0.0223369598389,
0.0238199234009,
0.0239999294281,
0.0255689620972,
0.0258169174194,
0.0240919589996,
0.0243880748749,
0.0309739112854,
0.0311660766602,
0.0332629680634,
0.0338521003723,
0.0320539474487,
0.032350063324,
0.0271091461182,
0.0273520946503,
0.02623295784,
0.026487827301,
0.0311110019684,
0.0313611030579,
0.0240399837494,
0.0243089199066,
0.0255811214447,
0.0258481502533,
0.0266239643097,
0.0268948078156,
0.0272700786591,
0.0275940895081,
0.0220601558685,
0.0224070549011,
0.0305500030518,
0.0320138931274,
0.0302169322968,
0.0310769081116,
0.0290369987488,
0.0292448997498,
0.0346701145172,
0.0353012084961,
0.0298550128937,
0.0300312042236,
0.0240018367767,
0.0242388248444,
0.0271968841553,
0.0274538993835,
0.0291800498962,
0.0294170379639,
0.0331330299377,
0.0333859920502,
0.0230629444122,
0.0232920646667,
0.0339050292969,
0.0362410545349,
0.0269598960876,
0.0277760028839,
0.0258979797363,
0.0270051956177,
0.0258960723877,
0.0260829925537,
0.0322721004486,
0.0324730873108,
0.0276448726654,
0.0282080173492,
0.0337970256805,
0.0344159603119,
0.0258269309998,
0.0261311531067,
0.0264341831207,
0.0273711681366,
0.0331420898438,
0.0333790779114,
0.0279059410095,
0.0281879901886,
0.0163538455963,
0.0303418636322,
0.0433158874512,
0.0436339378357,
0.0231530666351,
0.0233919620514,
0.023041009903,
0.0232520103455,
0.0281898975372,
0.0284390449524,
0.0218760967255,
0.0220830440521,
0.0253608226776,
0.0255439281464,
0.0403940677643,
0.0406641960144,
0.0276830196381,
0.0279278755188,
0.02800822258,
0.0282921791077,
0.0398769378662,
0.0402128696442,
0.0315220355988,
0.0317859649658,
0.0310180187225,
0.0312838554382,
0.0214991569519,
0.0217220783234,
0.0275990962982,
0.027890920639,
0.032977104187,
0.0332369804382,
0.0360190868378,
0.0363202095032,
0.0328900814056,
0.0331749916077,
0.0322930812836,
0.0325109958649,
0.0332088470459,
0.033942937851,
0.0309348106384,
0.0316460132599,
0.0429451465607,
0.0435791015625,
0.0212359428406,
0.0219030380249,
0.0304110050201,
0.0311319828033,
0.0270900726318,
0.0280120372772,
0.0317990779877,
0.032378911972,
0.0368320941925,
0.0376801490784,
0.0371530056,
0.0381009578705,
0.0337710380554,
0.0353200435638,
0.040374994278,
0.0412769317627,
0.0464169979095,
0.0484080314636,
0.0278689861298,
0.0290219783783,
0.0562109947205,
0.063618183136,
0.0295419692993,
0.0298719406128,
0.0256679058075,
0.0260689258575,
0.0257148742676,
0.0265629291534,
0.03071808815,
0.0310430526733,
0.0278000831604,
0.0282490253448,
0.0284559726715,
0.0290288925171,
0.0325357913971,
0.0328359603882,
0.0307519435883,
0.0312008857727,
0.0341820716858,
0.0344450473785,
0.0274710655212,
0.0277101993561,
0.0235002040863,
0.0237431526184,
0.0362968444824,
0.0373969078064,
0.0426061153412,
0.0432040691376,
0.0356788635254,
0.0365428924561,
0.0306951999664,
0.0318250656128,
0.0345120429993,
0.0348181724548,
0.0220789909363,
0.0223190784454,
0.0226900577545,
0.0229649543762,
0.0340909957886,
0.0344109535217,
0.0247957706451,
0.0259058475494,
0.0277421474457,
0.0279829502106,
0.029599905014,
0.0298640727997,
0.0280349254608,
0.0284059047699,
0.0242240428925,
0.0244519710541,
0.0280067920685,
0.0283169746399,
0.0231370925903,
0.0242731571198,
0.0301568508148,
0.0303859710693,
0.0332088470459,
0.0335228443146,
0.0251228809357,
0.025337934494,
0.0289549827576,
0.0292658805847,
0.035050868988,
0.0354578495026,
0.0388820171356,
0.0391640663147,
0.0305621623993,
0.0309951305389,
0.0304448604584,
0.0306580066681,
0.0333271026611,
0.0335841178894,
0.0283529758453,
0.0286500453949,
0.0293231010437,
0.0296130180359,
0.0457649230957,
0.0467491149902,
0.0275230407715,
0.0284180641174,
0.03963804245,
0.0398371219635,
0.0440130233765,
0.0442190170288,
0.027480840683,
0.0276608467102,
0.0299360752106,
0.0301351547241,
0.0296230316162,
0.0298480987549,
0.0324940681458,
0.0326771736145,
0.0279688835144,
0.0281858444214,
0.0452628135681,
0.0463228225708,
0.0334100723267,
0.0345230102539,
0.0403921604156,
0.0407071113586,
0.0243289470673,
0.0245659351349,
0.0280208587646,
0.0282537937164,
0.0372350215912,
0.0382010936737,
0.0308480262756,
0.0314290523529,
0.0301549434662,
0.0310959815979,
0.0218839645386,
0.022796869278,
0.0340540409088,
0.0351419448853,
0.0314798355103,
0.03768491745,
0.0349459648132,
0.0360291004181,
0.0315141677856,
0.032172203064,
0.0411338806152,
0.0427079200745,
0.0343599319458,
0.0356819629669,
0.035336971283,
0.0363171100616,
0.0380749702454,
0.0385611057281,
0.0429790019989,
0.0432958602905,
0.0279479026794,
0.0281529426575,
0.021910905838,
0.0221650600433,
0.0221948623657,
0.0224118232727,
0.0241630077362,
0.0247900485992,
0.0268199443817,
0.0273969173431,
0.0315890312195,
0.0323910713196,
0.0373849868774,
0.0383398532867,
0.0415930747986,
0.0422489643097,
0.0274310112,
0.0282559394836,
0.0350089073181,
0.0356180667877,
0.0360980033875,
0.0413007736206,
0.0278370380402,
0.0344638824463,
0.0349338054657,
0.0351779460907,
0.0298869609833,
0.0300939083099,
0.0271260738373,
0.0273351669312,
0.0231580734253,
0.0234291553497,
0.0318608283997,
0.0320808887482,
0.0259349346161,
0.0262868404388,
0.0290751457214,
0.0293710231781,
0.0387368202209,
0.0392570495605,
0.0330748558044,
0.0334038734436,
0.0265557765961,
0.0268249511719,
0.0477111339569,
0.0481281280518,
0.0230209827423,
0.023323059082,
0.0268640518188,
0.0271689891815,
0.0266439914703,
0.0269200801849,
0.034551858902,
0.0355060100555,
0.0289177894592,
0.0291349887848,
0.0228040218353,
0.0231139659882,
0.0205528736115,
0.020763874054,
0.0285720825195,
0.0287599563599,
0.0274059772491,
0.0276470184326,
0.0256199836731,
0.0266830921173,
0.0270040035248,
0.0280351638794,
0.0377471446991,
0.0379221439362,
0.0246751308441,
0.0249221324921,
0.0255601406097,
0.0257849693298,
0.0339329242706,
0.0343120098114,
0.0331060886383,
0.0344839096069,
0.0305149555206,
0.0311989784241,
0.0344128608704,
0.0346739292145,
0.0310800075531,
0.0316939353943,
0.0352201461792,
0.0362529754639,
0.025162935257,
0.0374898910522,
0.0223121643066,
0.0228090286255,
0.0330998897552,
0.0333769321442,
0.0286428928375,
0.0290930271149,
0.0271399021149,
0.0273749828339,
0.0263659954071,
0.0266540050507,
0.0331819057465,
0.0342330932617,
0.0307731628418,
0.0338881015778,
0.0297570228577,
0.0300140380859,
0.0322051048279,
0.0326631069183,
0.0142629146576,
0.0321807861328,
0.0317070484161,
0.0322790145874,
0.0268018245697,
0.0280959606171,
0.0304279327393,
0.0311210155487,
0.0210559368134,
0.0223259925842,
0.0186698436737,
0.0345039367676,
0.0262792110443,
0.0264801979065,
0.037181854248,
0.0374329090118,
0.035640001297,
0.0359199047089,
0.0332200527191,
0.0335440635681,
0.0294198989868,
0.0298488140106,
0.0550711154938,
0.055419921875,
0.0226020812988,
0.0228390693665,
0.0275540351868,
0.0278010368347,
0.0290789604187,
0.0293390750885,
0.0288939476013,
0.0291509628296,
0.0284650325775,
0.0287990570068,
0.0271229743958,
0.0273139476776,
0.0284700393677,
0.0287299156189,
0.0249059200287,
0.0253398418427,
0.0265610218048,
0.0267360210419,
0.0289988517761,
0.0292589664459,
0.0229210853577,
0.0232210159302,
0.0303950309753,
0.0306701660156,
0.0287601947784,
0.0289621353149,
0.0266721248627,
0.0271501541138,
0.0282859802246,
0.0284810066223,
0.0243120193481,
0.0246298313141,
0.0270380973816,
0.0272290706635,
0.0259330272675,
0.0261099338531,
0.0285329818726,
0.0288100242615,
0.0242519378662,
0.0244610309601,
0.0238399505615,
0.0240731239319,
0.0298330783844,
0.0300090312958,
0.030168056488,
0.0303769111633,
0.0344541072845,
0.0347380638123,
0.0349090099335,
0.0350999832153,
0.027734041214,
0.0280160903931,
0.0257520675659,
0.0260000228882,
0.0276849269867,
0.0279469490051,
0.0285909175873,
0.0288238525391,
0.0277698040009,
0.0280208587646,
0.0328509807587,
0.0330440998077,
0.0298380851746,
0.0302011966705,
0.0283150672913,
0.0285329818726,
0.0283560752869,
0.0286819934845,
0.0322451591492,
0.0324771404266,
0.0310409069061,
0.0312860012054,
0.0304682254791,
0.0306830406189,
0.0299768447876,
0.0301668643951,
0.0436961650848,
0.0438821315765,
0.0312621593475,
0.0314719676971,
0.0239500999451,
0.0241219997406,
0.0287208557129,
0.0289678573608,
0.0310080051422,
0.0311720371246,
0.0301549434662,
0.030366897583,
0.0216920375824,
0.0223209857941,
0.0291149616241,
0.0293190479279,
0.025475025177,
0.0257179737091,
0.0239479541779,
0.024199962616,
0.0260279178619,
0.0262818336487,
0.0369379520416,
0.037565946579,
0.0307269096375,
0.0309319496155,
0.0320379734039,
0.0322508811951,
0.0334310531616,
0.0337281227112,
0.0284779071808,
0.028697013855,
0.0281450748444,
0.0284340381622,
0.0312609672546,
0.0314841270447,
0.0295848846436,
0.0299069881439,
0.0276780128479,
0.0280618667603,
0.0236887931824,
0.0244429111481,
0.0231041908264,
0.023912191391,
0.0259149074554,
0.0268778800964,
0.0245800018311,
0.0254940986633,
0.0293710231781,
0.030492067337,
0.0286800861359,
0.0297679901123,
0.0313692092896,
0.0327501296997,
0.0404322147369,
0.0407731533051,
0.030131816864,
0.030601978302,
0.0277080535889,
0.0279979705811,
0.0384459495544,
0.0397019386292,
0.036199092865,
0.0369961261749,
0.0450670719147,
0.0453560352325,
0.0246319770813,
0.025829076767,
0.0328660011292,
0.0331130027771,
0.0401420593262,
0.0404481887817,
0.0245909690857,
0.0248460769653,
0.0279610157013,
0.0282199382782,
0.0261650085449,
0.0264329910278,
0.028548002243,
0.0288350582123,
0.0280618667603,
0.0285589694977,
0.0347619056702,
0.035041809082,
0.0279979705811,
0.0281939506531,
0.0305669307709,
0.030946969986,
0.022166967392,
0.0233430862427,
0.027202129364,
0.0277020931244,
0.0288820266724,
0.0293200016022,
0.0404498577118,
0.0450799465179,
0.0396678447723,
0.0400860309601,
0.0296249389648,
0.0298509597778,
0.0310349464417,
0.0320699214935,
0.0423719882965,
0.0434548854828,
0.0276148319244,
0.0279858112335,
0.0328929424286,
0.033282995224,
0.0418570041656,
0.0422399044037,
0.0285069942474,
0.0287919044495,
0.0275709629059,
0.0277979373932,
0.0273499488831,
0.0275850296021,
0.0266849994659,
0.0269460678101,
0.0304388999939,
0.0307528972626,
0.0257959365845,
0.0261299610138,
0.0300300121307,
0.0308330059052,
0.0260307788849,
0.0268929004669,
0.0397748947144,
0.040510892868,
0.0353450775146,
0.0355579853058,
0.0230507850647,
0.0232977867126,
0.0264940261841,
0.0267119407654,
0.0285890102386,
0.0292060375214,
0.0259709358215,
0.0266070365906,
0.0301280021667,
0.0303490161896,
0.0389831066132,
0.0391969680786,
0.0259690284729,
0.026230096817,
0.0292539596558,
0.0296521186829,
0.044517993927,
0.0460619926453,
0.0247259140015,
0.0259408950806,
0.0310130119324,
0.0324199199677,
0.0413808822632,
0.0427289009094,
0.0308558940887,
0.0311079025269,
0.0310401916504,
0.0313081741333,
0.0261478424072,
0.0268919467926,
0.0298929214478,
0.0305619239807,
0.0224730968475,
0.0232911109924,
0.033821105957,
0.0345120429993,
0.0221629142761,
0.0229349136353,
0.0229189395905,
0.0236110687256,
0.0235080718994,
0.0241079330444,
0.0229570865631,
0.0236480236053,
0.0322148799896,
0.0328848361969,
0.0276510715485,
0.0284869670868,
0.034873008728,
0.0365490913391,
0.0226829051971,
0.0236618518829,
0.0259070396423,
0.0261468887329,
0.031681060791,
0.033607006073,
0.0317919254303,
0.0333750247955,
0.0274541378021,
0.0277230739594,
0.0250880718231,
0.0252981185913,
0.0229818820953,
0.0231699943542,
0.0264930725098,
0.0268828868866,
0.0228850841522,
0.0231399536133,
0.0267128944397,
0.0269560813904,
0.0449769496918,
0.0459859371185,
0.032744884491,
0.0337560176849,
0.0289540290833,
0.0292458534241,
0.0286421775818,
0.0289561748505,
0.0413410663605,
0.0447909832001,
0.0350430011749,
0.0354537963867,
0.0345551967621,
0.0348510742188,
0.0404500961304,
0.0407371520996,
0.0245869159698,
0.0248110294342,
0.0241169929504,
0.0243229866028,
0.112122058868,
0.112609148026,
0.0265460014343,
0.0267858505249,
0.0255789756775,
0.0257880687714,
0.0352251529694,
0.0356550216675,
0.0346899032593,
0.0349018573761,
0.0345039367676,
0.0349631309509,
0.0338559150696,
0.0341658592224,
0.0274188518524,
0.0276200771332,
0.0311260223389,
0.0315129756927,
0.0350511074066,
0.0352430343628,
0.037495136261,
0.0378181934357,
0.0342571735382,
0.0354340076447,
0.0243351459503,
0.0249900817871,
0.0361998081207,
0.0364580154419,
0.0284159183502,
0.0296969413757,
0.0293571949005,
0.0298130512238,
0.0338490009308,
0.0340549945831,
0.0308990478516,
0.0311012268066,
0.0359969139099,
0.0366499423981,
0.0262160301208,
0.0264570713043,
0.0518321990967,
0.0521211624146,
0.0236849784851,
0.0239191055298,
0.0354850292206,
0.036003112793,
0.0302629470825,
0.0304529666901,
0.0322380065918,
0.0324580669403,
0.0312459468842,
0.0314841270447,
0.0268511772156,
0.0270869731903,
0.035267829895,
0.0356090068817,
0.0440909862518,
0.0443789958954,
0.0245699882507,
0.0249848365784,
0.0337228775024,
0.0351088047028,
0.0386471748352,
0.0390501022339,
0.0333869457245,
0.0336570739746,
0.0433459281921,
0.0436880588531,
0.0446469783783,
0.0449678897858,
0.0231320858002,
0.0233581066132,
0.0323760509491,
0.0332210063934,
0.0342688560486,
0.0346188545227,
0.0228328704834,
0.0234789848328,
0.0242168903351,
0.0250680446625,
0.0278780460358,
0.0281581878662,
0.0225329399109,
0.0227839946747,
0.0271100997925,
0.0275421142578,
0.0295670032501,
0.0297949314117,
0.0828239917755,
0.0850250720978,
0.0288059711456,
0.0291171073914,
0.0292820930481,
0.0295629501343,
0.0293400287628,
0.0295839309692,
0.0405919551849,
0.0411169528961,
0.0156059265137,
0.0158050060272,
0.0287058353424,
0.02889585495,
0.0318779945374,
0.0323798656464,
0.0287461280823,
0.0296730995178,
0.0251839160919,
0.0259568691254,
0.0268578529358,
0.0278158187866,
0.0332770347595,
0.0338530540466,
0.0466320514679,
0.0468919277191,
0.0260169506073,
0.0262689590454,
0.0235788822174,
0.0239319801331,
0.0264019966125,
0.0266220569611,
0.0222430229187,
0.0224900245667,
0.0329549312592,
0.0331699848175,
0.0271608829498,
0.0273728370667,
0.0277681350708,
0.0282380580902,
0.0281491279602,
0.0283770561218,
0.0380868911743,
0.038409948349,
0.0265839099884,
0.0268130302429,
0.0299549102783,
0.0302290916443,
0.0285530090332,
0.0288209915161,
0.0280840396881,
0.0282649993896,
0.0236461162567,
0.0239040851593,
0.0347759723663,
0.0351159572601,
0.026328086853,
0.0266489982605,
0.0236601829529,
0.0239210128784,
0.025153875351,
0.0254538059235,
0.0418519973755,
0.0421760082245,
0.0295879840851,
0.029895067215,
0.0255839824677,
0.0257968902588,
0.0292439460754,
0.0297868251801,
0.030375957489,
0.0307950973511,
0.0306780338287,
0.0310659408569,
0.1252348423,
0.126852989197,
0.0277421474457,
0.0287930965424,
0.0338671207428,
0.034873008728,
0.0363609790802,
0.0376331806183,
0.0732140541077,
0.0734889507294,
0.0262517929077,
0.0264718532562,
0.0229630470276,
0.0231499671936,
0.0232260227203,
0.0235018730164,
0.032585144043,
0.0328180789948,
0.0252780914307,
0.025505065918,
0.0288050174713,
0.0291390419006,
0.0315678119659,
0.0318558216095,
0.0325820446014,
0.0329010486603,
0.03165102005,
0.0320320129395,
0.0323569774628,
0.0325968265533,
0.0320868492126,
0.0323889255524,
0.0235891342163,
0.0238161087036,
0.0214600563049,
0.021656036377,
0.0314319133759,
0.0319049358368,
0.0244669914246,
0.0250089168549,
0.0265800952911,
0.027410030365,
0.0323300361633,
0.0329010486603,
0.0304050445557,
0.0310111045837,
0.0304670333862,
0.0306761264801,
0.029923915863,
0.0301718711853,
0.0221719741821,
0.022362947464,
0.0247120857239,
0.0255129337311,
0.0278379917145,
0.0285651683807,
0.0257790088654,
0.0265169143677,
0.0281920433044,
0.0292348861694,
0.0309040546417,
0.0313501358032,
0.0400261878967,
0.0402250289917,
0.0163879394531,
0.0166449546814,
0.0310959815979,
0.0313229560852,
0.0227150917053,
0.0233910083771,
0.0288820266724,
0.0292398929596,
0.0322179794312,
0.0325648784637,
0.0433101654053,
0.0442981719971,
0.0265598297119,
0.0267629623413,
0.0217809677124,
0.0221879482269,
0.0238008499146,
0.0240199565887,
0.0374360084534,
0.0377459526062,
0.0467441082001,
0.047021150589,
0.0382540225983,
0.0388131141663,
0.0305738449097,
0.0308020114899,
0.0396449565887,
0.0399239063263,
0.0283200740814,
0.0285341739655,
0.0390868186951,
0.0394887924194,
0.0320270061493,
0.0324709415436,
0.0228998661041,
0.0232038497925,
0.0374751091003,
0.0377550125122,
0.0404868125916,
0.0423879623413,
0.0274620056152,
0.0277149677277,
0.0225460529327,
0.0227510929108,
0.0645890235901,
0.0647838115692,
0.0275919437408,
0.0278420448303,
0.0245118141174,
0.0248579978943,
0.0252091884613,
0.0254530906677,
0.0220110416412,
0.0223028659821,
0.0275020599365,
0.0285170078278,
0.0261631011963,
0.0264050960541,
0.0248219966888,
0.0256419181824,
0.0138149261475,
0.0341339111328,
0.0384149551392,
0.0390560626984,
0.0426280498505,
0.0429430007935,
0.0300889015198,
0.