0.0234920978546,
0.0237441062927,
0.030711889267,
0.0309829711914,
0.0254890918732,
0.0260820388794,
0.032201051712,
0.0329229831696,
0.0312161445618,
0.0319352149963,
0.0267369747162,
0.0275239944458,
0.0407619476318,
0.0454831123352,
0.039736032486,
0.0401880741119,
0.0397322177887,
0.040381193161,
0.0302879810333,
0.0309729576111,
0.0337359905243,
0.0347230434418,
0.0312900543213,
0.0321018695831,
0.0344941616058,
0.0357229709625,
0.0296111106873,
0.0303390026093,
0.0340478420258,
0.0355010032654,
0.0314311981201,
0.0319490432739,
0.026967048645,
0.0278069972992,
0.027055978775,
0.0278079509735,
0.0397500991821,
0.0407249927521,
0.0319941043854,
0.0325570106506,
0.0350079536438,
0.038831949234,
0.0542650222778,
0.0548090934753,
0.0223979949951,
0.0233409404755,
0.0336802005768,
0.0339291095734,
0.023490190506,
0.0237741470337,
0.0427370071411,
0.0435009002686,
0.0390179157257,
0.0399010181427,
0.0899631977081,
0.0904340744019,
0.0409760475159,
0.0411860942841,
0.0289788246155,
0.0291650295258,
0.0366470813751,
0.0369079113007,
0.0283920764923,
0.0286300182343,
0.0293328762054,
0.029886007309,
0.0320739746094,
0.0330150127411,
0.0369350910187,
0.0371520519257,
0.0271158218384,
0.0275127887726,
0.0373048782349,
0.0376229286194,
0.0303199291229,
0.0305440425873,
0.0260150432587,
0.0266969203949,
0.0300860404968,
0.0308401584625,
0.0355169773102,
0.0366408824921,
0.0237948894501,
0.0239889621735,
0.0332689285278,
0.0335719585419,
0.0425109863281,
0.0427029132843,
0.0300581455231,
0.0303771495819,
0.0469779968262,
0.0472609996796,
0.0451800823212,
0.0453860759735,
0.0592310428619,
0.0614590644836,
0.0319559574127,
0.0322279930115,
0.0460600852966,
0.0466220378876,
0.041640996933,
0.0421121120453,
0.0447609424591,
0.0459868907928,
0.0534398555756,
0.054370880127,
0.0325801372528,
0.0333449840546,
0.0240459442139,
0.0247578620911,
0.0272669792175,
0.0484609603882,
0.0315940380096,
0.0322399139404,
0.0364699363708,
0.0370919704437,
0.0263919830322,
0.0268220901489,
0.0341651439667,
0.0407481193542,
0.0316481590271,
0.0324580669403,
0.0750341415405,
0.0753300189972,
0.0410680770874,
0.0412690639496,
0.0390191078186,
0.0392019748688,
0.0511898994446,
0.051374912262,
0.0588040351868,
0.0593070983887,
0.0256590843201,
0.0259170532227,
0.0302939414978,
0.0304698944092,
0.0219449996948,
0.0222170352936,
0.0231149196625,
0.0233640670776,
0.0319728851318,
0.0323100090027,
0.0283291339874,
0.0286831855774,
0.0349850654602,
0.0360200405121,
0.0335779190063,
0.0379989147186,
0.0446281433105,
0.0452241897583,
0.0270400047302,
0.0275180339813,
0.0270299911499,
0.0277090072632,
0.0292928218842,
0.0297319889069,
0.0295310020447,
0.0303330421448,
0.0306079387665,
0.031368970871,
0.0431270599365,
0.0440020561218,
0.0214021205902,
0.0218830108643,
0.0287179946899,
0.0288829803467,
0.0313310623169,
0.0315849781036,
0.033360004425,
0.0336451530457,
0.0140681266785,
0.0263161659241,
0.027960062027,
0.0281999111176,
0.0217552185059,
0.0220131874084,
0.0239219665527,
0.0241639614105,
0.0238790512085,
0.0240631103516,
0.0221018791199,
0.0223958492279,
0.0245409011841,
0.0254127979279,
0.0261859893799,
0.0263819694519,
0.0281939506531,
0.0283780097961,
0.0220129489899,
0.0222609043121,
0.0283010005951,
0.0284869670868,
0.0226271152496,
0.0228669643402,
0.0339479446411,
0.034120798111,
0.0373368263245,
0.0419769287109,
0.0254058837891,
0.0256950855255,
0.0250389575958,
0.0252449512482,
0.0302789211273,
0.0306429862976,
0.0232558250427,
0.0239598751068,
0.0222969055176,
0.0231781005859,
0.0319340229034,
0.0321159362793,
0.031662940979,
0.0319378376007,
0.0326881408691,
0.0328979492188,
0.0215418338776,
0.0218348503113,
0.0285270214081,
0.0288329124451,
0.0233211517334,
0.0235259532928,
0.0258519649506,
0.0261380672455,
0.0272779464722,
0.0274519920349,
0.0236580371857,
0.0239360332489,
0.0291500091553,
0.029363155365,
0.0276048183441,
0.0278398990631,
0.0274829864502,
0.0278499126434,
0.0233931541443,
0.0244309902191,
0.025398015976,
0.0270338058472,
0.024405002594,
0.0246520042419,
0.0224030017853,
0.0226318836212,
0.0245380401611,
0.0247609615326,
0.0242729187012,
0.0245158672333,
0.0267989635468,
0.0272719860077,
0.0329902172089,
0.0334651470184,
0.0294790267944,
0.0304610729218,
0.0338890552521,
0.0342121124268,
0.0273158550262,
0.0275368690491,
0.0271780490875,
0.0274209976196,
0.0312399864197,
0.0314450263977,
0.0280499458313,
0.0282800197601,
0.0229520797729,
0.0238921642303,
0.0219130516052,
0.0233461856842,
0.0344779491425,
0.0353097915649,
0.0256450176239,
0.0464630126953,
0.0416309833527,
0.0426049232483,
0.0319390296936,
0.0321459770203,
0.0276138782501,
0.0285289287567,
0.0305669307709,
0.0316069126129,
0.0280861854553,
0.0283870697021,
0.0420200824738,
0.0423240661621,
0.0299429893494,
0.0301258563995,
0.0324690341949,
0.0330560207367,
0.0267560482025,
0.0311031341553,
0.021684885025,
0.0218939781189,
0.0178971290588,
0.0187890529633,
0.0660960674286,
0.0670199394226,
0.142611026764,
0.143190145493,
0.119111061096,
0.120069026947,
0.124356985092,
0.124858140945,
0.0306711196899,
0.0315141677856,
0.0238080024719,
0.0261690616608,
0.0221750736237,
0.0233340263367,
0.0280170440674,
0.0284948348999,
0.0296261310577,
0.0298399925232,
0.0276618003845,
0.0279088020325,
0.0290451049805,
0.0292630195618,
0.0275089740753,
0.0276820659637,
0.0259602069855,
0.0261580944061,
0.0197930335999,
0.0200350284576,
0.0282528400421,
0.0295879840851,
0.0555038452148,
0.0574779510498,
0.0369470119476,
0.0371811389923,
0.0377840995789,
0.0384299755096,
0.0317060947418,
0.0430331230164,
0.0234551429749,
0.0236752033234,
0.0464820861816,
0.0467419624329,
0.0262150764465,
0.02645611763,
0.0530300140381,
0.0540020465851,
0.0372018814087,
0.0376420021057,
0.0674331188202,
0.0687279701233,
0.0630989074707,
0.0644609928131,
0.0362110137939,
0.0364141464233,
0.0523178577423,
0.0525269508362,
0.0488209724426,
0.0508930683136,
0.0224769115448,
0.0227079391479,
0.0292840003967,
0.0295600891113,
0.0291180610657,
0.0293118953705,
0.0245368480682,
0.024729013443,
0.0326979160309,
0.0329120159149,
0.0269620418549,
0.0272891521454,
0.026508808136,
0.0267028808594,
0.0289142131805,
0.0291430950165,
0.030501127243,
0.031455039978,
0.0240788459778,
0.0250248908997,
0.0246620178223,
0.0252420902252,
0.0243880748749,
0.0252349376678,
0.0229630470276,
0.0241370201111,
0.029314994812,
0.0303010940552,
0.0274331569672,
0.0279941558838,
0.0359690189362,
0.0368030071259,
0.030345916748,
0.0313038825989,
0.029452085495,
0.0297808647156,
0.036817073822,
0.0371150970459,
0.0287621021271,
0.0291001796722,
0.0220911502838,
0.0231750011444,
0.0212938785553,
0.0215909481049,
0.0228450298309,
0.0230460166931,
0.0268759727478,
0.0273880958557,
0.0293469429016,
0.0301871299744,
0.0420589447021,
0.042811870575,
0.0375349521637,
0.0386888980865,
0.0283291339874,
0.0290830135345,
0.0384161472321,
0.0389831066132,
0.0371110439301,
0.0423669815063,
0.0360550880432,
0.037584066391,
0.0350849628448,
0.0401649475098,
0.0230829715729,
0.024405002594,
0.0291390419006,
0.0304729938507,
0.0319678783417,
0.0330309867859,
0.0398671627045,
0.0413060188293,
0.0260059833527,
0.0268290042877,
0.029372215271,
0.0306420326233,
0.0329539775848,
0.033900976181,
0.0297729969025,
0.0302050113678,
0.0290050506592,
0.0293309688568,
0.0348541736603,
0.0351099967957,
0.0462100505829,
0.055468082428,
0.0562260150909,
0.0565750598907,
0.0316128730774,
0.0318269729614,
0.0332410335541,
0.0341529846191,
0.0242688655853,
0.0250880718231,
0.0373389720917,
0.0375330448151,
0.0364258289337,
0.037003993988,
0.0385758876801,
0.0395560264587,
0.0342378616333,
0.03502202034,
0.0395328998566,
0.0399580001831,
0.028223991394,
0.02854180336,
0.0366339683533,
0.0368390083313,
0.0361649990082,
0.0364079475403,
0.0289659500122,
0.0291798114777,
0.0365052223206,
0.0366811752319,
0.0309841632843,
0.0312860012054,
0.0279250144958,
0.0281119346619,
0.0244081020355,
0.0247111320496,
0.0229530334473,
0.0232801437378,
0.0324959754944,
0.0327529907227,
0.0324239730835,
0.0328800678253,
0.0559139251709,
0.056174993515,
0.0210230350494,
0.0212409496307,
0.0229620933533,
0.0232200622559,
0.0210700035095,
0.021301984787,
0.0232779979706,
0.0237121582031,
0.0303330421448,
0.0306160449982,
0.0262219905853,
0.0265398025513,
0.0236330032349,
0.0239119529724,
0.03688788414,
0.0376908779144,
0.0283250808716,
0.0287220478058,
0.0255100727081,
0.0259571075439,
0.0305500030518,
0.0315499305725,
0.0271778106689,
0.0280418395996,
0.027988910675,
0.0286738872528,
0.0360589027405,
0.0365240573883,
0.0275928974152,
0.0285909175873,
0.0368070602417,
0.0376861095428,
0.0273559093475,
0.0283210277557,
0.0233399868011,
0.023952960968,
0.0288667678833,
0.0292148590088,
0.0227360725403,
0.0234081745148,
0.0267100334167,
0.0270080566406,
0.0395729541779,
0.0401759147644,
0.0349168777466,
0.0351839065552,
0.0607821941376,
0.0617890357971,
0.11052107811,
0.11093211174,
0.0968651771545,
0.0972321033478,
0.0277750492096,
0.0281209945679,
0.0345258712769,
0.0348570346832,
0.0212359428406,
0.0214259624481,
0.0234470367432,
0.0237329006195,
0.0255160331726,
0.0257830619812,
0.0275177955627,
0.0278389453888,
0.0299861431122,
0.0303130149841,
0.0235161781311,
0.0239050388336,
0.0251009464264,
0.0253338813782,
0.0246970653534,
0.0248730182648,
0.0224289894104,
0.0227110385895,
0.0265460014343,
0.0268700122833,
0.0282011032104,
0.028461933136,
0.0288219451904,
0.0291121006012,
0.0258510112762,
0.02610206604,
0.0278949737549,
0.0282049179077,
0.0270478725433,
0.0277569293976,
0.0232479572296,
0.0234429836273,
0.034332036972,
0.0347011089325,
0.0357069969177,
0.0360329151154,
0.04225897789,
0.0425951480865,
0.0532031059265,
0.0533850193024,
0.0701591968536,
0.0717170238495,
0.0411520004272,
0.0419991016388,
0.0529489517212,
0.0538580417633,
0.0842528343201,
0.0851559638977,
0.0454370975494,
0.0476939678192,
0.0320439338684,
0.0323791503906,
0.0280179977417,
0.0283749103546,
0.0282871723175,
0.0286619663239,
0.0277330875397,
0.0279469490051,
0.0218350887299,
0.0220830440521,
0.0236830711365,
0.0238780975342,
0.0281360149384,
0.0284769535065,
0.0268168449402,
0.0271189212799,
0.026153087616,
0.0263950824738,
0.0283179283142,
0.0285239219666,
0.0265960693359,
0.0268311500549,
0.0283179283142,
0.0285379886627,
0.0265598297119,
0.0267999172211,
0.0343749523163,
0.0346109867096,
0.0267150402069,
0.0269339084625,
0.0208129882812,
0.0210599899292,
0.0365581512451,
0.0368580818176,
0.0292701721191,
0.0295832157135,
0.0247919559479,
0.0250999927521,
0.0249700546265,
0.0252480506897,
0.0272490978241,
0.0275449752808,
0.023129940033,
0.0241839885712,
0.027538061142,
0.0277919769287,
0.0306668281555,
0.0309348106384,
0.0297019481659,
0.0327961444855,
0.0274550914764,
0.0277459621429,
0.0278627872467,
0.0280618667603,
0.0224649906158,
0.022716999054,
0.0281422138214,
0.0286250114441,
0.0274209976196,
0.0284471511841,
0.028932094574,
0.0296001434326,
0.0337920188904,
0.035089969635,
0.0361890792847,
0.036406993866,
0.040265083313,
0.0405859947205,
0.022155046463,
0.0223660469055,
0.0265920162201,
0.0268380641937,
0.0289840698242,
0.0296051502228,
0.0318748950958,
0.0325438976288,
0.0243988037109,
0.024876832962,
0.0312719345093,
0.0315670967102,
0.0269351005554,
0.0272610187531,
0.0210709571838,
0.0214807987213,
0.0312049388885,
0.0316350460052,
0.0221581459045,
0.022469997406,
0.0335359573364,
0.0347290039062,
0.0256650447845,
0.0258951187134,
0.0274939537048,
0.0277030467987,
0.0258650779724,
0.026309967041,
0.0318460464478,
0.0321199893951,
0.028263092041,
0.028480052948,
0.0298330783844,
0.0300240516663,
0.0236577987671,
0.0240919589996,
0.0280590057373,
0.0282900333405,
0.0262479782104,
0.0264449119568,
0.034334897995,
0.0345408916473,
0.0282609462738,
0.0284290313721,
0.0264489650726,
0.0267329216003,
0.0284209251404,
0.0286059379578,
0.0273530483246,
0.0276010036469,
0.0290279388428,
0.0292599201202,
0.0272090435028,
0.0273950099945,
0.0361249446869,
0.0363819599152,
0.0339078903198,
0.0343370437622,
0.0279858112335,
0.0282340049744,
0.0242640972137,
0.0245490074158,
0.0284700393677,
0.0287079811096,
0.0238349437714,
0.0242600440979,
0.0283000469208,
0.0285220146179,
0.0270781517029,
0.0274829864502,
0.0227789878845,
0.0229589939117,
0.0247521400452,
0.0250310897827,
0.0357148647308,
0.036465883255,
0.0258319377899,
0.0260629653931,
0.033627986908,
0.0338230133057,
0.0329828262329,
0.0335669517517,
0.0420508384705,
0.0425968170166,
0.0365500450134,
0.0389709472656,
0.0313651561737,
0.0320000648499,
0.0301051139832,
0.0313980579376,
0.0216190814972,
0.0224430561066,
0.0610411167145,
0.0622401237488,
0.0840899944305,
0.085079908371,
0.0523159503937,
0.0572497844696,
0.0509550571442,
0.0515232086182,
0.0749220848083,
0.075973033905,
0.102116823196,
0.103142976761,
0.0409760475159,
0.0417139530182,
0.0641741752625,
0.0644631385803,
0.183672904968,
0.184782028198,
0.133603811264,
0.134219884872,
0.0599200725555,
0.060583114624,
0.0637450218201,
0.0647811889648,
0.0488481521606,
0.0496850013733,
0.0514109134674,
0.0523118972778,
0.0567240715027,
0.0573439598083,
0.0742928981781,
0.075297832489,
0.0305829048157,
0.0311839580536,
0.0465400218964,
0.0471360683441,
0.0804131031036,
0.0810821056366,
0.0278599262238,
0.028715133667,
0.0294721126556,
0.0308859348297,
0.0246520042419,
0.0259101390839,
0.031327009201,
0.0322749614716,
0.027116060257,
0.0278699398041,
0.022362947464,
0.0234589576721,
0.0236949920654,
0.0240230560303,
0.0387568473816,
0.0393218994141,
0.0330770015717,
0.0338571071625,
0.0483651161194,
0.0492329597473,
0.0397560596466,
0.0400531291962,
0.0320498943329,
0.0328049659729,
0.0399780273438,
0.0403821468353,
0.03755402565,
0.0378489494324,
0.0309898853302,
0.0314979553223,
0.0254640579224,
0.025682926178,
0.0255181789398,
0.02614402771,
0.0485918521881,
0.0489130020142,
0.039293050766,
0.0396461486816,
0.0234909057617,
0.0245208740234,
0.0341069698334,
0.0349688529968,
0.0496680736542,
0.0502469539642,
0.0508289337158,
0.0512409210205,
0.0564532279968,
0.0567350387573,
0.0496051311493,
0.0500841140747,
0.0279052257538,
0.0287392139435,
0.0332670211792,
0.033548116684,
0.0287449359894,
0.0295639038086,
0.0351400375366,
0.036406993866,
0.0323140621185,
0.0332891941071,
0.0263121128082,
0.0270349979401,
0.037780046463,
0.0386080741882,
0.0378620624542,
0.0385179519653,
0.0373990535736,
0.0380871295929,
0.0371661186218,
0.0379199981689,
0.0298750400543,
0.0303099155426,
0.0298960208893,
0.0310690402985,
0.0347039699554,
0.0349159240723,
0.026526927948,
0.0273659229279,
0.0268821716309,
0.0274150371552,
0.027930021286,
0.0288779735565,
0.0244159698486,
0.0254600048065,
0.0328669548035,
0.0331149101257,
0.0254058837891,
0.0261650085449,
0.0284180641174,
0.0295519828796,
0.0243268013,
0.0254058837891,
0.0253410339355,
0.0261750221252,
0.0233390331268,
0.0249400138855,
0.0202090740204,
0.020632982254,
0.0296800136566,
0.0305650234222,
0.0290420055389,
0.0292720794678,
0.0247330665588,
0.0249350070953,
0.0207109451294,
0.0211129188538,
0.0267689228058,
0.0270519256592,
0.0303409099579,
0.0307919979095,
0.028589963913,
0.0295789241791,
0.0613398551941,
0.0623588562012,
0.072380065918,
0.0734329223633,
0.0258858203888,
0.0271890163422,
0.025740146637,
0.0266530513763,
0.0254809856415,
0.0265011787415,
0.0226459503174,
0.0239820480347,
0.02663397789,
0.02783203125,
0.0296788215637,
0.0311958789825,
0.0283799171448,
0.0291419029236,
0.0229771137238,
0.0239181518555,
0.0262298583984,
0.0275437831879,
0.037780046463,
0.0380318164825,
0.0310969352722,
0.031289100647,
0.0281729698181,
0.028373003006,
0.0279920101166,
0.0292069911957,
0.0297679901123,
0.0306448936462,
0.0285680294037,
0.0287411212921,
0.0277991294861,
0.0281059741974,
0.0355250835419,
0.0362639427185,
0.0336921215057,
0.0339670181274,
0.0334432125092,
0.0343811511993,
0.0387909412384,
0.0445120334625,
0.0304601192474,
0.0307190418243,
0.0410599708557,
0.0413508415222,
0.0329020023346,
0.0333449840546,
0.0312061309814,
0.0314211845398,
0.0329959392548,
0.0331828594208,
0.0366690158844,
0.0368480682373,
0.0314719676971,
0.031653881073,
0.0267310142517,
0.0270919799805,
0.0259430408478,
0.0263171195984,
0.0288069248199,
0.0294189453125,
0.0278918743134,
0.0281839370728,
0.0351409912109,
0.0353779792786,
0.0342020988464,
0.0344679355621,
0.0353171825409,
0.0360641479492,
0.0229451656342,
0.023264169693,
0.021998167038,
0.0222539901733,
0.0331749916077,
0.0334870815277,
0.030534029007,
0.0308108329773,
0.0285458564758,
0.0288038253784,
0.0228641033173,
0.023157119751,
0.0342741012573,
0.0345859527588,
0.0288619995117,
0.0294489860535,
0.03639793396,
0.036700963974,
0.0247530937195,
0.0249819755554,
0.0522501468658,
0.0524640083313,
0.0292232036591,
0.0296461582184,
0.0705950260162,
0.0715079307556,
0.0248620510101,
0.0251312255859,
0.0212888717651,
0.0215129852295,
0.0239188671112,
0.0246489048004,
0.0289790630341,
0.0296878814697,
0.0229589939117,
0.0235121250153,
0.0325841903687,
0.0329871177673,
0.0299079418182,
0.0301918983459,
0.0258851051331,
0.0268249511719,
0.0592319965363,
0.0594828128815,
0.0484540462494,
0.0487389564514,
0.0357520580292,
0.0359508991241,
0.0306107997894,
0.0316739082336,
0.0327570438385,
0.0364301204681,
0.0151350498199,
0.0387589931488,
0.03697514534,
0.0373120307922,
0.0254979133606,
0.0257279872894,
0.0418241024017,
0.0421249866486,
0.0243999958038,
0.0245759487152,
0.0426471233368,
0.0429890155792,
0.0302851200104,
0.0305860042572,
0.0300860404968,
0.0303108692169,
0.0632348060608,
0.0660648345947,
0.0594389438629,
0.0627310276031,
0.0352718830109,
0.036612033844,
0.0652949810028,
0.0673129558563,
0.0482068061829,
0.0500597953796,
0.0276980400085,
0.0287771224976,
0.0483958721161,
0.0491569042206,
0.052848815918,
0.053151845932,
0.0294959545135,
0.0297400951385,
0.124037027359,
0.124928951263,
0.0338749885559,
0.0346820354462,
0.0318670272827,
0.0326781272888,
0.0306560993195,
0.0312941074371,
0.040360212326,
0.0411469936371,
0.0360310077667,
0.0369699001312,
0.0385899543762,
0.0394089221954,
0.0362770557404,
0.0370440483093,
0.0207970142365,
0.0444579124451,
0.0227370262146,
0.0229890346527,
0.0232908725739,
0.0235638618469,
0.0282158851624,
0.0284850597382,
0.024178981781,
0.0249700546265,
0.0299270153046,
0.0312740802765,
0.0263350009918,
0.0269939899445,
0.0141842365265,
0.0143620967865,
0.0281689167023,
0.0287280082703,
0.0367939472198,
0.0380749702454,
0.0244700908661,
0.0254249572754,
0.0313220024109,
0.0319769382477,
0.0304400920868,
0.0311369895935,
0.0282790660858,
0.0291740894318,
0.0352280139923,
0.0364060401917,
0.0339801311493,
0.0346140861511,
0.0351781845093,
0.0362260341644,
0.0349400043488,
0.0358810424805,
0.0337619781494,
0.0343978404999,
0.0390520095825,
0.0404250621796,
0.0314440727234,
0.0323600769043,
0.0460469722748,
0.0475480556488,
0.0381429195404,
0.0384540557861,
0.0261490345001,
0.0264070034027,
0.026330947876,
0.026538848877,
0.0286159515381,
0.0288209915161,
0.0251190662384,
0.0253159999847,
0.0236690044403,
0.0239241123199,
0.0220370292664,
0.0222940444946,
0.0272669792175,
0.0274941921234,
0.0389630794525,
0.050008058548,
0.0296561717987,
0.0304479598999,
0.0243179798126,
0.0252838134766,
0.0401520729065,
0.0403912067413,
0.0296630859375,
0.029904127121,
0.0219759941101,
0.0222029685974,
0.0261800289154,
0.0263550281525,
0.0295271873474,
0.0299940109253,
0.0296659469604,
0.0306060314178,
0.0259709358215,
0.0263659954071,
0.0219061374664,
0.0222370624542,
0.0302329063416,
0.0307288169861,
0.0229411125183,
0.0236999988556,
0.0282530784607,
0.0284509658813,
0.0350430011749,
0.0357201099396,
0.0368070602417,
0.0376958847046,
0.0256719589233,
0.026309967041,
0.031583070755,
0.0323951244354,
0.0466511249542,
0.0472750663757,
0.0452198982239,
0.0454587936401,
0.0558660030365,
0.0562429428101,
0.0274209976196,
0.0280508995056,
0.0464420318604,
0.0467009544373,
0.0540699958801,
0.0546488761902,
0.0549569129944,
0.0559089183807,
0.0249788761139,
0.0259289741516,
0.0674560070038,
0.0688719749451,
0.0502998828888,
0.0514199733734,
0.166270017624,
0.166891098022,
0.027468919754,
0.0281109809875,
0.0595109462738,
0.0598258972168,
0.0951838493347,
0.0956249237061,
0.0577790737152,
0.0597240924835,
0.0877499580383,
0.0883989334106,
0.044065952301,
0.0445411205292,
0.0358879566193,
0.0362319946289,
0.0317671298981,
0.0325930118561,
0.0310881137848,
0.0314090251923,
0.0311510562897,
0.0317740440369,
0.0275690555573,
0.0292429924011,
0.0235800743103,
0.0244538784027,
0.0281090736389,
0.0286600589752,
0.0327129364014,
0.0336980819702,
0.0268640518188,
0.0277850627899,
0.0300559997559,
0.0311231613159,
0.0297100543976,
0.0301358699799,
0.0222489833832,
0.022490978241,
0.0340969562531,
0.0345680713654,
0.0213119983673,
0.0215430259705,
0.0221481323242,
0.0225760936737,
0.0285618305206,
0.0288989543915,
0.0275840759277,
0.0282869338989,
0.0248420238495,
0.0259191989899,
0.0320889949799,
0.0332450866699,
0.0288000106812,
0.0298728942871,
0.0269839763641,
0.0276710987091,
0.0375859737396,
0.0378699302673,
0.0243730545044,
0.0260920524597,
0.0239651203156,
0.0248000621796,
0.0308890342712,
0.0328638553619,
0.0280070304871,
0.0288500785828,
0.0340580940247,
0.0347170829773,
0.0326781272888,
0.0335581302643,
0.0279290676117,
0.0290582180023,
0.0262620449066,
0.0271849632263,
0.0262379646301,
0.0269641876221,
0.026880979538,
0.0273768901825,
0.0271849632263,
0.0274679660797,
0.0238680839539,
0.0247321128845,
0.0353949069977,
0.0363130569458,
0.0262889862061,
0.0272889137268,
0.0337119102478,
0.0339870452881,
0.0223190784454,
0.0225930213928,
0.0223581790924,
0.0239942073822,
0.0251679420471,
0.0260090827942,
0.0411839485168,
0.0422778129578,
0.0264809131622,
0.0273630619049,
0.0456831455231,
0.0465660095215,
0.0217618942261,
0.0388178825378,
0.0460638999939,
0.04656291008,
0.0347888469696,
0.0360748767853,
0.0537948608398,
0.0542578697205,
0.0370740890503,
0.0376119613647,
0.0328199863434,
0.0336720943451,
0.0372061729431,
0.0375010967255,
0.0489270687103,
0.0491180419922,
0.0724608898163,
0.0736618041992,
0.058856010437,
0.0590698719025,
0.0697360038757,
0.0702500343323,
0.0572118759155,
0.0574269294739,
0.041757106781,
0.0420849323273,
0.0251500606537,
0.025365114212,
0.0312309265137,
0.0319499969482,
0.0382800102234,
0.039155960083,
0.0271029472351,
0.0277910232544,
0.0282669067383,
0.0292329788208,
0.0260829925537,
0.0275058746338,
0.0336818695068,
0.0350689888,
0.0348789691925,
0.0357820987701,
0.0467848777771,
0.0475258827209,
0.0461030006409,
0.0466289520264,
0.0312449932098,
0.0321199893951,
0.0443539619446,
0.0451850891113,
0.033910036087,
0.0359048843384,
0.0331740379333,
0.0339810848236,
0.0279819965363,
0.0288059711456,
0.0389409065247,
0.0404019355774,
0.0275430679321,
0.0289340019226,
0.026792049408,
0.0276031494141,
0.0422151088715,
0.0429949760437,
0.0259881019592,
0.0264761447906,
0.0368971824646,
0.0378201007843,
0.0365810394287,
0.0367660522461,
0.0263690948486,
0.0265800952911,
0.027400970459,
0.0276899337769,
0.0307021141052,
0.0308859348297,
0.0318050384521,
0.0319759845734,
0.0270800590515,
0.0272948741913,
0.0313000679016,
0.0322048664093,
0.0360550880432,
0.0372431278229,
0.0289919376373,
0.0291790962219,
0.0284819602966,
0.0287041664124,
0.021861076355,
0.0221118927002,
0.0253739356995,
0.0255689620972,
0.0312190055847,
0.03169298172,
0.0309221744537,
0.0330760478973,
0.0332779884338,
0.0336999893188,
0.0257480144501,
0.0259618759155,
0.0295300483704,
0.0297529697418,
0.0367619991302,
0.0371739864349,
0.0365891456604,
0.0367870330811,
0.0297150611877,
0.0299029350281,
0.0305018424988,
0.0306968688965,
0.0282368659973,
0.0284829139709,
0.0305640697479,
0.0307550430298,
0.0257279872894,
0.0259339809418,
0.0249481201172,
0.0251369476318,
0.0334429740906,
0.0336339473724,
0.0389380455017,
0.0391461849213,
0.028774023056,
0.0300049781799,
0.0384159088135,
0.0386049747467,
0.0354931354523,
0.0359539985657,
0.0296339988708,
0.0300898551941,
0.021115064621,
0.0214998722076,
0.0323750972748,
0.0329170227051,
0.0320279598236,
0.0324060916901,
0.0271282196045,
0.0295171737671,
0.0308151245117,
0.0312230587006,
0.0279200077057,
0.0282468795776,
0.0277979373932,
0.0280358791351,
0.0294978618622,
0.0306620597839,
0.0292291641235,
0.0300152301788,
0.0374419689178,
0.0382499694824,
0.0364289283752,
0.0365941524506,
0.0328178405762,
0.0330638885498,
0.0288820266724,
0.0300350189209,
0.0333819389343,
0.0346329212189,
0.0327188968658,
0.0339589118958,
0.0357179641724,
0.0367720127106,
0.0313739776611,
0.0323979854584,
0.0393800735474,
0.0396580696106,
0.0338799953461,
0.0344789028168,
0.0320100784302,
0.0322070121765,
0.0556111335754,
0.0581979751587,
0.0434000492096,
0.0435919761658,
0.030385017395,
0.0306339263916,
0.0258719921112,
0.0261220932007,
0.0354590415955,
0.0357940196991,
0.0289418697357,
0.0292179584503,
0.0320727825165,
0.0328478813171,
0.0280499458313,
0.0288779735565,
0.0274729728699,
0.0282168388367,
0.0266959667206,
0.0270130634308,
0.0301930904388,
0.0304110050201,
0.0219810009003,
0.0226888656616,
0.0337240695953,
0.0348520278931,
0.0275399684906,
0.0285639762878,
0.0418770313263,
0.0421960353851,
0.044949054718,
0.0451529026031,
0.0286021232605,
0.0288150310516,
0.0282638072968,
0.028440952301,
0.0250899791718,
0.0253419876099,
0.042699098587,
0.0429890155792,
0.0422580242157,
0.0426261425018,
0.0324800014496,
0.0326998233795,
0.0251770019531,
0.0253710746765,
0.0486288070679,
0.0490598678589,
0.0229501724243,
0.0231759548187,
0.0417809486389,
0.042289018631,
0.0301170349121,
0.030925989151,
0.036159992218,
0.0399329662323,
0.0258061885834,
0.0274710655212,
0.030778169632,
0.0309860706329,
0.0318789482117,
0.032075881958,
0.0260510444641,
0.0263321399689,
0.0240788459778,
0.0249099731445,
0.0417320728302,
0.0423090457916,
0.025349855423,
0.0260179042816,
0.0276479721069,
0.0279901027679,
0.0319979190826,
0.0321769714355,
0.122796773911,
0.123034954071,
0.0371561050415,
0.0373640060425,
0.0367579460144,
0.0369820594788,
0.0376219749451,
0.0379550457001,
0.0349209308624,
0.0352239608765,
0.0342612266541,
0.0344610214233,
0.0217409133911,
0.0219209194183,
0.0285038948059,
0.0287299156189,
0.029098033905,
0.0293309688568,
0.0342938899994,
0.0345809459686,
0.0361568927765,
0.0374109745026,
0.0270388126373,
0.0272908210754,
0.0343220233917,
0.0346219539642,
0.0300850868225,
0.0303449630737,
0.0295398235321,
0.0298218727112,
0.0290968418121,
0.0294599533081,
0.0401439666748,
0.0406789779663,
0.0314412117004,
0.0317370891571,
0.0276110172272,
0.0279037952423,
0.041296005249,
0.0415689945221,
0.0410900115967,
0.0415658950806,
0.0272991657257,
0.0305001735687,
0.0411069393158,
0.041393995285,
0.0323579311371,
0.0325419902802,
0.0328781604767,
0.0331511497498,
0.0440311431885,
0.0442631244659,
0.0516228675842,
0.0521638393402,
0.031270980835,
0.031681060791,
0.036819934845,
0.037367105484,
0.0287528038025,
0.029091835022,
0.0540189743042,
0.0544319152832,
0.023020029068,
0.0232610702515,
0.0467040538788,
0.0470130443573,
0.0248761177063,
0.0252540111542,
0.0437269210815,
0.0441670417786,
0.0340130329132,
0.0342020988464,
0.0421588420868,
0.0425260066986,
0.0277290344238,
0.0279440879822,
0.0324060916901,
0.0327548980713,
0.026584148407,
0.026967048645,
0.0304479598999,
0.0308320522308,
0.0312161445618,
0.0315570831299,
0.0322849750519,
0.0325570106506,
0.0216019153595,
0.0218269824982,
0.0295569896698,
0.0298728942871,
0.0294859409332,
0.0298008918762,
0.0349960327148,
0.0352311134338,
0.029746055603,
0.0299179553986,
0.0254020690918,
0.0256359577179,
0.0342059135437,
0.0344071388245,
0.0217950344086,
0.022304058075,
0.0326871871948,
0.0329191684723,
0.0263137817383,
0.0268938541412,
0.033686876297,
0.0341658592224,
0.0317540168762,
0.0319828987122,
0.0334060192108,
0.0336439609528,
0.0318629741669,
0.032723903656,
0.0302639007568,
0.0310640335083,
0.0244550704956,
0.0250279903412,
0.029736995697,
0.0302419662476,
0.0392229557037,
0.0399699211121,
0.0241038799286,
0.0244948863983,
0.0319600105286,
0.0321769714355,
0.0282959938049,
0.0285239219666,
0.0261571407318,
0.0263659954071,
0.0328090190887,
0.0332908630371,
0.0264949798584,
0.0267908573151,
0.0299677848816,
0.0301628112793,
0.0287370681763,
0.0289831161499,
0.0267140865326,
0.0269510746002,
0.0263459682465,
0.026624917984,
0.0225949287415,
0.0228600502014,
0.0648670196533,
0.0663459300995,
0.0400989055634,
0.0408158302307,
0.0270760059357,
0.0273339748383,
0.0276219844818,
0.0282311439514,
0.0314738750458,
0.0317769050598,
0.0280358791351,
0.0289790630341,
0.0216500759125,
0.0226640701294,
0.02854180336,
0.0295169353485,
0.0910511016846,
0.0914649963379,
0.0519030094147,
0.0528481006622,
0.0387289524078,
0.0393221378326,
0.0528957843781,
0.0531017780304,
0.0292448997498,
0.0298030376434,
0.0257248878479,
0.0265870094299,
0.0284969806671,
0.0289471149445,
0.0279920101166,
0.0282490253448,
0.0266199111938,
0.0268859863281,
0.0294470787048,
0.0297219753265,
0.0238120555878,
0.0250051021576,
0.0282609462738,
0.0284578800201,
0.028972864151,
0.02965092659,
0.0317690372467,
0.0326528549194,
0.0244541168213,
0.0254881381989,
0.0246069431305,
0.0248658657074,
0.0220608711243,
0.0231649875641,
0.0317668914795,
0.0331289768219,
0.0276708602905,
0.030916929245,
0.0372631549835,
0.0380702018738,
0.0273900032043,
0.0281801223755,
0.0403590202332,
0.0405979156494,
0.0595109462738,
0.059711933136,
0.0361359119415,
0.0375468730927,
0.0223958492279,
0.0226140022278,
0.0333161354065,
0.0341131687164,
0.0307080745697,
0.0313770771027,
0.0426490306854,
0.0432441234589,
0.0274658203125,
0.0281269550323,
0.0308179855347,
0.0314159393311,
0.0260019302368,
0.0268728733063,
0.0297780036926,
0.0308508872986,
0.0298399925232,
0.0307629108429,
0.0379719734192,
0.0387609004974,
0.0332069396973,
0.0343019962311,
0.037230014801,
0.0375699996948,
0.050901889801,
0.051097869873,
0.0305619239807,
0.030779838562,
0.0320320129395,
0.0327980518341,
0.0314888954163,
0.0330069065094,
0.0265190601349,
0.026759147644,
0.0251369476318,
0.0260269641876,
0.0330810546875,
0.0337162017822,
0.0328071117401,
0.0337560176849,
0.0291318893433,
0.0302259922028,
0.0350048542023,
0.0366849899292,
0.0281319618225,
0.0292520523071,
0.0319769382477,
0.0322530269623,
0.0410120487213,
0.0412080287933,
0.0318138599396,
0.0321500301361,
0.0312578678131,
0.031439781189,
0.0278217792511,
0.0281138420105,
0.0278220176697,
0.0280690193176,
0.0354042053223,
0.0357480049133,
0.0388290882111,
0.0392570495605,
0.0279719829559,
0.0285739898682,
0.108489990234,
0.109058141708,
0.0375640392303,
0.037985086441,
0.0491878986359,
0.0494890213013,
0.0398871898651,
0.0400831699371,
0.0524549484253,
0.0528960227966,
0.0297479629517,
0.0299968719482,
0.0336589813232,
0.0338900089264,
0.0411319732666,
0.0416569709778,
0.0281760692596,
0.0289270877838,
0.0409848690033,
0.0415449142456,
0.0323770046234,
0.033488035202,
0.0356979370117,
0.0362119674683,
0.0371899604797,
0.0381860733032,
0.0300259590149,
0.0306689739227,
0.0403850078583,
0.0411760807037,
0.0357959270477,
0.0362989902496,
0.0367050170898,
0.0374889373779,
0.0282199382782,
0.02960896492,
0.0419759750366,
0.043398141861,
0.0284879207611,
0.0291650295258,
0.0351498126984,
0.0358519554138,
0.0365800857544,
0.0379271507263,
0.0282349586487,
0.0288650989532,
0.0287749767303,
0.0302431583405,
0.0175130367279,
0.01775598526,
0.0262768268585,
0.0267460346222,
0.0593400001526,
0.0598731040955,
0.0262079238892,
0.0270788669586,
0.0535609722137,
0.0544769763947,
0.0289990901947,
0.0292589664459,
0.0277538299561,
0.0279350280762,
0.0330948829651,
0.0333540439606,
0.0289599895477,
0.0292029380798,
0.0356748104095,
0.0360629558563,
0.0503470897675,
0.0508141517639,
0.0265500545502,
0.0268530845642,
0.0296421051025,
0.0298731327057,
0.0267210006714,
0.0273778438568,
0.0270349979401,
0.0278108119965,
0.0347671508789,
0.0358681678772,
0.0282537937164,
0.0296628475189,
0.0346660614014,
0.035441160202,
0.0498490333557,
0.0506670475006,
0.0506789684296,
0.0508639812469,
0.0409951210022,
0.0412199497223,
0.04918384552,
0.0498168468475,
0.0277299880981,
0.0280010700226,
0.0258378982544,
0.0264530181885,
0.0253908634186,
0.0263929367065,
0.0324239730835,
0.0334270000458,
0.0583801269531,
0.0586400032043,
0.0350170135498,
0.0353310108185,
0.0318899154663,
0.0322477817535,
0.0389840602875,
0.039174079895,
0.0311088562012,
0.0314328670502,
0.0293140411377,
0.0295178890228,
0.0325129032135,
0.0327548980713,
0.0318510532379,
0.0323040485382,
0.0346310138702,
0.0378971099854,
0.0286870002747,
0.029317855835,
0.0313868522644,
0.0346739292145,
0.0264389514923,
0.0266468524933,
0.0229678153992,
0.0236468315125,
0.0306451320648,
0.0308411121368,
0.0245480537415,
0.0248520374298,
0.027724981308,
0.0279321670532,
0.0321500301361,
0.0323879718781,
0.0372190475464,
0.0395901203156,
0.0230779647827,
0.0233500003815,
0.0293531417847,
0.0296070575714,
0.0285320281982,
0.0288369655609,
0.0315220355988,
0.0317251682281,
0.0269029140472,
0.0270919799805,
0.0336589813232,
0.0338521003723,
0.0265707969666,
0.0268819332123,
0.0263271331787,
0.0268099308014,
0.0288360118866,
0.0290999412537,
0.0292298793793,
0.0297839641571,
0.0263080596924,
0.0265510082245,
0.0251498222351,
0.0253348350525,
0.0211889743805,
0.0214648246765,
0.026762008667,
0.0271019935608,
0.0298120975494,
0.0302350521088,
0.0276138782501,
0.0310919284821,
0.0390977859497,
0.0396938323975,
0.04603099823,
0.048280954361,
0.0283288955688,
0.0287580490112,
0.0259351730347,
0.0261380672455,
0.0288410186768,
0.0296669006348,
0.0272018909454,
0.0277678966522,
0.0300419330597,
0.0305888652802,
0.0325548648834,
0.0339047908783,
0.0285730361938,
0.0289330482483,
0.0234651565552,
0.0241260528564,
0.0249228477478,
0.0251920223236,
0.0264019966125,
0.0266771316528,
0.0268750190735,
0.0271270275116,
0.0235538482666,
0.0239918231964,
0.0255899429321,
0.0258448123932,
0.036523103714,
0.0367770195007,
0.0377440452576,
0.0390160083771,
0.0231320858002,
0.0241410732269,
0.043888092041,
0.0442359447479,
0.024619102478,
0.0248341560364,
0.0417490005493,
0.0420129299164,
0.0237128734589,
0.0245139598846,
0.0370888710022,
0.0378258228302,
0.0401260852814,
0.0423889160156,
0.0355131626129,
0.0368201732635,
0.0315229892731,
0.0419030189514,
0.0461578369141,
0.0464129447937,
0.0335750579834,
0.0337860584259,
0.0583460330963,
0.0586380958557,
0.0254590511322,
0.0260088443756,
0.0362629890442,
0.0365781784058,
0.0237410068512,
0.0244400501251,
0.0478129386902,
0.048751115799,
0.0466561317444,
0.0505781173706,
0.0306601524353,
0.0360071659088,
0.0466001033783,
0.046914100647,
0.0290839672089,
0.0293290615082,
0.0250861644745,
0.0253360271454,
0.0272841453552,
0.0274991989136,
0.0277590751648,
0.0279970169067,
0.0272200107574,
0.027410030365,
0.0213630199432,
0.0216410160065,
0.024974822998,
0.0252637863159,
0.028037071228,
0.0282180309296,
0.0238471031189,
0.0242640972137,
0.0224869251251,
0.0227251052856,
0.0237140655518,
0.0239520072937,
0.0257968902588,
0.0260629653931,
0.0250999927521,
0.0253229141235,
0.0239748954773,
0.0241749286652,
0.0306901931763,
0.0317440032959,
0.0240919589996,
0.0243599414825,
0.0281751155853,
0.0284030437469,
0.0232939720154,
0.0235939025879,
0.034590959549,
0.0355930328369,
0.0287120342255,
0.0289940834045,
0.0265748500824,
0.0267779827118,
0.0248188972473,
0.0251100063324,
0.0278079509735,
0.0280208587646,
0.026909828186,
0.0271949768066,
0.0266659259796,
0.0268728733063,
0.0210540294647,
0.0213139057159,
0.0338461399078,
0.0451421737671,
0.0283350944519,
0.0292720794678,
0.0375459194183,
0.0383808612823,
0.021607875824,
0.0223200321198,
0.0335102081299,
0.0344400405884,
0.0351281166077,
0.0358941555023,
0.0464310646057,
0.0471081733704,
0.036819934845,
0.037013053894,
0.0297858715057,
0.030277967453,
0.0260848999023,
0.0267188549042,
0.0313460826874,
0.0316030979156,
0.0255649089813,
0.0309920310974,
0.0315799713135,
0.0337409973145,
0.0311939716339,
0.0328969955444,
0.0375339984894,
0.0380809307098,
0.0375850200653,
0.0380110740662,
0.0296990871429,
0.0299201011658,
0.0304441452026,
0.0306241512299,
0.0369398593903,
0.0372648239136,
0.0254609584808,
0.0257439613342,
0.0320661067963,
0.0322680473328,
0.022821187973,
0.0234591960907,
0.0213830471039,
0.021879196167,
0.0322351455688,
0.0329329967499,
0.0278458595276,
0.0285089015961,
0.0224900245667,
0.0253889560699,
0.0250890254974,
0.0253310203552,
0.0263390541077,
0.0266411304474,
0.0298299789429,
0.0300459861755,
0.030415058136,
0.0305988788605,
0.0392150878906,
0.0394909381866,
0.0331630706787,
0.0333571434021,
0.0276329517365,
0.028037071228,
0.0458168983459,
0.0461359024048,
0.0265140533447,
0.027538061142,
0.0373919010162,
0.0388309955597,
0.0376241207123,
0.0380771160126,
0.0238208770752,
0.0242109298706,
0.0347909927368,
0.0352749824524,
0.0379800796509,
0.0388350486755,
0.0229179859161,
0.0237250328064,
0.0955131053925,
0.0976049900055,
0.0274550914764,
0.0283560752869,
0.0389969348907,
0.0392310619354,
0.0358879566193,
0.0362441539764,
0.0249271392822,
0.0261011123657,
0.109481096268,
0.11061000824,
0.0250809192657,
0.0257029533386,
0.0256481170654,
0.0265510082245,
0.0467958450317,
0.0478508472443,
0.0385961532593,
0.0394811630249,
0.0403490066528,
0.0410540103912,
0.0153241157532,
0.0157661437988,
0.0317978858948,
0.0321438312531,
0.0230798721313,
0.0238168239594,
0.0223679542542,
0.0230839252472,
0.0486590862274,
0.0496981143951,
0.0428910255432,
0.0437669754028,
0.0265610218048,
0.027400970459,
0.0391778945923,
0.0399889945984,
0.0271649360657,
0.0278398990631,
0.0396180152893,
0.0402371883392,
0.0338280200958,
0.034765958786,
0.0481269359589,
0.0489718914032,
0.0355429649353,
0.036554813385,
0.0420029163361,
0.0424339771271,
0.0233809947968,
0.0237250328064,
0.0268959999084,
0.0272128582001,
0.047355890274,
0.053454875946,
0.0212359428406,
0.0214970111847,
0.023952960968,
0.0243430137634,
0.037346124649,
0.037693977356,
0.0439369678497,
0.0444490909576,
0.0477387905121,
0.0483949184418,
0.0370371341705,
0.0373499393463,
0.0666878223419,
0.0670928955078,
0.0505511760712,
0.051420211792,
0.0334589481354,
0.0340240001678,
0.0275070667267,
0.0291929244995,
0.0320188999176,
0.032191991806,
0.0279500484467,
0.0282330513,
0.0273680686951,
0.0276470184326,
0.0399370193481,
0.0401690006256,
0.0234110355377,
0.0241420269012,
0.0283350944519,
0.0296621322632,
0.0279359817505,
0.0286459922791,
0.0276219844818,
0.0282900333405,
0.0272130966187,
0.0278420448303,
0.0326321125031,
0.0329840183258,
0.0255281925201,
0.0263030529022,
0.0309770107269,
0.0316228866577,
0.0295808315277,
0.0306618213654,
0.0452020168304,
0.0527091026306,
0.024603843689,
0.0253858566284,
0.0399858951569,
0.047385931015,
0.0361959934235,
0.0364530086517,
0.0307989120483,
0.0310709476471,
0.0269858837128,
0.0278899669647,
0.0355479717255,
0.0357811450958,
0.0316848754883,
0.0320188999176,
0.0393002033234,
0.040372133255,
0.0238301753998,
0.0242431163788,
0.0266389846802,
0.0277378559113,
0.0286450386047,
0.0288209915161,
0.0260479450226,
0.0263180732727,
0.0240948200226,
0.0243279933929,
0.0286030769348,
0.0288901329041,
0.0232770442963,
0.0235319137573,
0.0333590507507,
0.0336480140686,
0.0355911254883,
0.0357739925385,
0.0287461280823,
0.0289721488953,
0.0228178501129,
0.0230419635773,
0.023185968399,
0.0234348773956,
0.0283970832825,
0.0286121368408,
0.0311059951782,
0.0324728488922,
0.0330228805542,
0.0333158969879,
0.0341851711273,
0.0344300270081,
0.0350120067596,
0.0353372097015,
0.0270998477936,
0.0278398990631,
0.0165638923645,
0.0320789813995,
0.0315268039703,
0.0327320098877,
0.0373311042786,
0.0380501747131,
0.0375881195068,
0.0389909744263,
0.0367908477783,
0.0380859375,
0.0374228954315,
0.046648979187,
0.0400049686432,
0.0401630401611,
0.0358378887177,
0.0360848903656,
0.0345981121063,
0.034863948822,
0.0302410125732,
0.0306460857391,
0.0352931022644,
0.0356271266937,
0.024934053421,
0.0253350734711,
0.0382649898529,
0.0434319972992,
0.0350139141083,
0.0362899303436,
0.0291690826416,
0.0302531719208,
0.0418207645416,
0.0434408187866,
0.0283939838409,
0.0295829772949,
0.0319249629974,
0.0334289073944,
0.035710811615,
0.0368399620056,
0.0264208316803,
0.0269799232483,
0.026223897934,
0.0268750190735,
0.0168690681458,
0.0170640945435,
0.0305509567261,
0.030720949173,
0.0309090614319,
0.0317370891571,
0.0288369655609,
0.0292899608612,
0.0542640686035,
0.0544431209564,
0.0305800437927,
0.0307729244232,
0.0252449512482,
0.0255019664764,
0.0264809131622,
0.0268459320068,
0.0336620807648,
0.0339539051056,
0.0264360904694,
0.0272679328918,
0.0437219142914,
0.0454649925232,
0.0501599311829,
0.0518939495087,
0.0552430152893,
0.0563750267029,
0.0590710639954,
0.0600490570068,
0.049161195755,
0.0501101016998,
0.0566251277924,
0.0589020252228,
0.0390629768372,
0.040116071701,
0.0315380096436,
0.0326480865479,
0.0296669006348,
0.0311329364777,
0.0304498672485,
0.0315809249878,
0.0308659076691,
0.0373940467834,
0.0369529724121,
0.0383710861206,
0.0289371013641,
0.0303599834442,
0.0361540317535,
0.037101984024,
0.0288600921631,
0.0300459861755,
0.0294418334961,
0.0308020114899,
0.0330541133881,
0.0341980457306,
0.0472750663757,
0.0482420921326,
0.0382978916168,
0.0431818962097,
0.0364480018616,
0.037456035614,
0.0336918830872,
0.0345709323883,
0.0267050266266,
0.0277171134949,
0.0343341827393,
0.0353081226349,
0.0361800193787,
0.0367150306702,
0.0315029621124,
0.0324170589447,
0.0294840335846,
0.0305669307709,
0.028382062912,
0.0290870666504,
0.0277678966522,
0.0283880233765,
0.0258481502533,
0.0267901420593,
0.0286591053009,
0.0293669700623,
0.02414894104,
0.0247910022736,
0.0272970199585,
0.0276219844818,
0.0260112285614,
0.026242017746,
0.0268199443817,
0.0270819664001,
0.0265548229218,
0.0268318653107,
0.0221960544586,
0.0368781089783,
0.0348629951477,
0.0352098941803,
0.0303947925568,
0.0308909416199,
0.0237259864807,
0.0243928432465,
0.0250499248505,
0.0253400802612,
0.0278658866882,
0.028107881546,
0.0269069671631,
0.0277578830719,
0.0238890647888,
0.0244550704956,
0.0254600048065,
0.025820016861,
0.0314650535583,
0.0317900180817,
0.0255250930786,
0.0257651805878,
0.0234310626984,
0.0236320495605,
0.0212740898132,
0.0215401649475,
0.0270729064941,
0.027272939682,
0.0283961296082,
0.0286500453949,
0.0278098583221,
0.028107881546,
0.025899887085,
0.0261337757111,
0.0261859893799,
0.0264329910278,
0.0292308330536,
0.0299429893494,
0.0269680023193,
0.0277709960938,
0.024747133255,
0.0253682136536,
0.0270519256592,
0.0274658203125,
0.0233898162842,
0.0243308544159,
0.0326640605927,
0.0332779884338,
0.0265130996704,
0.0268030166626,
0.0262899398804,
0.0268149375916,
0.0419869422913,
0.0422859191895,
0.0268340110779,
0.0270659923553,
0.0481901168823,
0.0484640598297,
0.0352110862732,
0.0355250835419,
0.0422990322113,
0.0425860881805,
0.0403380393982,
0.0406868457794,
0.031763792038,
0.0319957733154,
0.0296230316162,
0.0301041603088,
0.0238928794861,
0.0241508483887,
0.0218160152435,
0.0220549106598,
0.0522530078888,
0.0525510311127,
0.0397498607635,
0.0406198501587,
0.0236659049988,
0.024570941925,
0.027941942215,
0.0285909175873,
0.0250661373138,
0.0256459712982,
0.0355999469757,
0.0368230342865,
0.033665895462,
0.0338318347931,
0.0229880809784,
0.0236420631409,
0.0312979221344,
0.0320010185242,
0.0401649475098,
0.0403709411621,
0.0258910655975,
0.0260889530182,
0.0283989906311,
0.0285830497742,
0.0277669429779,
0.0279438495636,
0.0313901901245,
0.0316581726074,
0.0273721218109,
0.0276389122009,
0.0231790542603,
0.0251750946045,
0.0271079540253,
0.0277278423309,
0.0325059890747,
0.0327651500702,
0.0311419963837,
0.0317230224609,
0.0322978496552,
0.0325038433075,
0.0311601161957,
0.0315289497375,
0.0393898487091,
0.0395748615265,
0.0257019996643,
0.0259509086609,
0.0349249839783,
0.0351500511169,
0.0422241687775,
0.0424311161041,
0.0302929878235,
0.0305001735687,
0.0253350734711,
0.0255990028381,
0.0244429111481,
0.0246958732605,
0.0625548362732,
0.0630779266357,
0.0290801525116,
0.0292861461639,
0.030081987381,
0.0303800106049,
0.027988910675,
0.0282649993896,
0.05046916008,
0.0507230758667,
0.0408389568329,
0.0410308837891,
0.0540652275085,
0.0543169975281,
0.0464241504669,
0.0466170310974,
0.0589718818665,
0.0591640472412,
0.0506410598755,
0.0508360862732,
0.0392990112305,
0.0401179790497,
0.0445950031281,
0.0448310375214,
0.057412147522,
0.0575950145721,
0.0902211666107,
0.0910902023315,
0.108197927475,
0.108397006989,
0.0397820472717,
0.0403320789337,
0.0420911312103,
0.0424690246582,
0.0326480865479,
0.0329239368439,
0.0716471672058,
0.0721430778503,
0.0396518707275,
0.0398559570312,
0.029415845871,
0.0297849178314,
0.0579907894135,
0.0588538646698,
0.033234834671,
0.0334470272064,
0.0484821796417,
0.0494601726532,
0.0547680854797,
0.0555350780487,
0.0787000656128,
0.0799000263214,
0.0549130439758,
0.0573718547821,
0.0844960212708,
0.0862329006195,
0.0444450378418,
0.0468618869781,
0.0772800445557,
0.0778148174286,
0.0242371559143,
0.0249991416931,
0.0353119373322,
0.0403189659119,
0.0311970710754,
0.0318560600281,
0.0306639671326,
0.0464298725128,
0.0391139984131,
0.0405259132385,
0.0136499404907,
0.0300781726837,
0.0194580554962,
0.020213842392,
0.021968126297,
0.0221700668335,
0.0230839252472,
0.0232789516449,
0.021763086319,
0.0220019817352,
0.0231230258942,
0.0244901180267,
0.0292851924896,
0.0295600891113,
0.0222189426422,
0.0224649906158,
0.0264151096344,
0.0267119407654,
0.021430015564,
0.0218191146851,
0.0237200260162,
0.0240039825439,
0.0226221084595,
0.0228021144867,
0.0256991386414,
0.0259990692139,
0.0239369869232,
0.0243511199951,
0.0260038375854,
0.0272829532623,
0.0289731025696,
0.0300149917603,
0.02947306633,
0.0305910110474,
0.030179977417,
0.0303840637207,
0.0294539928436,
0.0296869277954,
0.0333621501923,
0.0341720581055,
0.0428268909454,
0.0430328845978,
0.0265121459961,
0.0276291370392,
0.0240859985352,
0.0243330001831,
0.0282399654388,
0.0284550189972,
0.0241820812225,
0.0244100093842,
0.0228879451752,
0.0231909751892,
0.0218150615692,
0.0220739841461,
0.0281839370728,
0.0289981365204,
0.0265800952911,
0.02698802948,
0.0258848667145,
0.0261080265045,
0.0257699489594,
0.0262579917908,
0.0252909660339,
0.0263800621033,
0.0217850208282,
0.0226168632507,
0.0240499973297,
0.0251889228821,
0.0366351604462,
0.0368900299072,
0.0540840625763,
0.0543351173401,
0.0240330696106,
0.0243411064148,
0.0305759906769,
0.0308330059052,
0.0222828388214,
0.0225448608398,
0.0229449272156,
0.0232028961182,
0.0361559391022,
0.0363409519196,
0.0348269939423,
0.0351359844208,
0.0247659683228,
0.0251829624176,
0.0274438858032,
0.0277628898621,
0.0243649482727,
0.0246510505676,
0.0305790901184,
0.0308198928833,
0.0328240394592,
0.0330090522766,
0.0410749912262,
0.0414988994598,
0.0493979454041,
0.0502460002899,
0.140603065491,
0.141666889191,
0.028352022171,
0.0291128158569,
0.0600509643555,
0.0608110427856,
0.10308098793,
0.103857040405,
0.0273520946503,
0.0278420448303,
0.0242080688477,
0.0246961116791,
0.0828750133514,
0.0833778381348,
0.0493249893188,
0.0496459007263,
0.0372588634491,
0.0376369953156,
0.0284378528595,
0.028687953949,
0.0331249237061,
0.0333459377289,
0.0246889591217,
0.0249350070953,
0.0287158489227,
0.0297520160675,
0.0262038707733,
0.0264370441437,
0.0218820571899,
0.0225949287415,
0.0294971466064,
0.0297200679779,
0.0359218120575,
0.0364518165588,
0.019021987915,
0.0192511081696,
0.0233969688416,
0.0238890647888,
0.0410740375519,
0.0413551330566,
0.041216135025,
0.0418381690979,
0.0355999469757,
0.0365748405457,
0.0335450172424,
0.0340809822083,
0.030816078186,
0.0315089225769,
0.0318038463593,
0.032763004303,
0.0360200405121,
0.0366349220276,
0.0262558460236,
0.0307030677795,
0.0372841358185,
0.0392601490021,
0.0625879764557,
0.0628800392151,
0.0871620178223,
0.0884199142456,
0.0240349769592,
0.0244281291962,
0.0760171413422,
0.0772831439972,
0.0251700878143,
0.0290269851685,
0.0282890796661,
0.0392019748688,
0.0314729213715,
0.0322878360748,
0.033732175827,
0.036464214325,
0.0327110290527,
0.0338799953461,
0.0312638282776,
0.0319948196411,
0.0492520332336,
0.0500638484955,
0.029708147049,
0.0301361083984,
0.0397479534149,
0.040454864502,
0.0363261699677,
0.0368871688843,
0.0314428806305,
0.0329399108887,
0.0399119853973,
0.0409119129181,
0.0309319496155,
0.0320119857788,
0.0317988395691,
0.0324618816376,
0.0336329936981,
0.0342648029327,
0.0348739624023,
0.035649061203,
0.0297520160675,
0.0309998989105,
0.0422489643097,
0.0432000160217,
0.0371570587158,
0.0386929512024,
0.0362679958344,
0.0372841358185,
0.0320529937744,
0.0323481559753,
0.0419588088989,
0.0433340072632,
0.0412929058075,
0.0415380001068,
0.0256249904633,
0.0258140563965,
0.0285930633545,
0.0288510322571,
0.101160049438,
0.101366996765,
0.0324928760529,
0.0331900119781,
0.032016992569,
0.0326180458069,
0.0279920101166,
0.0294489860535,
0.0274748802185,
0.0277290344238,
0.0351870059967,
0.0354781150818,
0.0224919319153,
0.02277302742,
0.0284860134125,
0.0286779403687,
0.0264761447906,
0.026673078537,
0.0278208255768,
0.0287239551544,
0.0288310050964,
0.0294389724731,
0.0224659442902,
0.0227320194244,
0.0248160362244,
0.0250849723816,
0.038556098938,
0.0388820171356,
0.0427491664886,
0.0431270599365,
0.0215051174164,
0.0217299461365,
0.109165906906,
0.109549999237,
0.0349481105804,
0.0355229377747,
0.0354750156403,
0.0357050895691,
0.0430610179901,
0.0432460308075,
0.0224099159241,
0.