0.0357909202576,
0.0367851257324,
0.020318031311,
0.0218939781189,
0.0319328308105,
0.0323050022125,
0.023334980011,
0.0235910415649,
0.0225491523743,
0.0227470397949,
0.0249691009521,
0.0251860618591,
0.0268559455872,
0.0270547866821,
0.0289750099182,
0.0291771888733,
0.03329205513,
0.0341970920563,
0.0460908412933,
0.0466949939728,
0.0165460109711,
0.0266489982605,
0.042022228241,
0.0422270298004,
0.0342490673065,
0.0358700752258,
0.0312302112579,
0.0321991443634,
0.0228328704834,
0.0239868164062,
0.0279891490936,
0.0282680988312,
0.0310490131378,
0.0312399864197,
0.0321850776672,
0.03244805336,
0.0209000110626,
0.0211319923401,
0.0369379520416,
0.0371530056,
0.0274901390076,
0.0284140110016,
0.033392906189,
0.0354881286621,
0.0256450176239,
0.0263941287994,
0.026556968689,
0.0273509025574,
0.0270609855652,
0.0272400379181,
0.023588180542,
0.0243051052094,
0.0227069854736,
0.0237908363342,
0.0311949253082,
0.0322749614716,
0.0272269248962,
0.0279240608215,
0.024631023407,
0.0252811908722,
0.0243690013885,
0.0249288082123,
0.0355470180511,
0.035749912262,
0.0217151641846,
0.0219640731812,
0.0313930511475,
0.0319631099701,
0.0342102050781,
0.0344750881195,
0.0292818546295,
0.0298118591309,
0.0460648536682,
0.0469198226929,
0.035847902298,
0.0369780063629,
0.0360400676727,
0.0363240242004,
0.0246391296387,
0.0248761177063,
0.0220601558685,
0.0223309993744,
0.023353099823,
0.0236511230469,
0.0257141590118,
0.0260629653931,
0.0333518981934,
0.0336208343506,
0.0281641483307,
0.0283660888672,
0.0285620689392,
0.0290660858154,
0.027930021286,
0.0286710262299,
0.0248401165009,
0.025682926178,
0.024307012558,
0.0248889923096,
0.0266289710999,
0.0274910926819,
0.0344350337982,
0.0355880260468,
0.0371558666229,
0.037339925766,
0.0283501148224,
0.0285930633545,
0.0305500030518,
0.0309391021729,
0.0255620479584,
0.0258209705353,
0.0339720249176,
0.0344440937042,
0.0303568840027,
0.0306890010834,
0.0259330272675,
0.0270278453827,
0.0261390209198,
0.0267708301544,
0.0281360149384,
0.0284080505371,
0.0316097736359,
0.0325849056244,
0.0233600139618,
0.0239679813385,
0.0279171466827,
0.0281031131744,
0.0245819091797,
0.0247988700867,
0.0243649482727,
0.024551153183,
0.0313489437103,
0.0316398143768,
0.0267660617828,
0.026948928833,
0.0280811786652,
0.028990983963,
0.0251281261444,
0.0253851413727,
0.025074005127,
0.0254530906677,
0.0239958763123,
0.0247478485107,
0.0309221744537,
0.0314340591431,
0.0315709114075,
0.0327229499817,
0.0227210521698,
0.0237390995026,
0.026594877243,
0.0278589725494,
0.0405559539795,
0.0410079956055,
0.0295450687408,
0.0298819541931,
0.0225338935852,
0.0227370262146,
0.0234689712524,
0.023677110672,
0.0279109477997,
0.0290670394897,
0.0376191139221,
0.0379641056061,
0.0251750946045,
0.025573015213,
0.0211930274963,
0.0214459896088,
0.0319409370422,
0.0321159362793,
0.0347709655762,
0.0354909896851,
0.124193906784,
0.126697063446,
0.0294740200043,
0.0302481651306,
0.0236620903015,
0.024964094162,
0.0216679573059,
0.0218579769135,
0.0224370956421,
0.0226991176605,
0.0270810127258,
0.0280361175537,
0.0234179496765,
0.0238058567047,
0.0361819267273,
0.0368180274963,
0.0392880439758,
0.0401089191437,
0.0396749973297,
0.0401709079742,
0.0525829792023,
0.0528798103333,
0.0442910194397,
0.0445518493652,
0.0405430793762,
0.0410630702972,
0.0509879589081,
0.0516798496246,
0.049840927124,
0.0506329536438,
0.092630147934,
0.0928211212158,
0.0876069068909,
0.0884728431702,
0.0447630882263,
0.0456001758575,
0.0772120952606,
0.0779130458832,
0.0521008968353,
0.0535290241241,
0.0310878753662,
0.0313608646393,
0.0611729621887,
0.0620470046997,
0.0685579776764,
0.0694179534912,
0.031641960144,
0.0329229831696,
0.0341708660126,
0.0346658229828,
0.0485270023346,
0.0487420558929,
0.0353088378906,
0.0357329845428,
0.0276770591736,
0.0279309749603,
0.027116060257,
0.0273070335388,
0.0291411876678,
0.0293781757355,
0.0315020084381,
0.0319221019745,
0.0246920585632,
0.0344009399414,
0.0262739658356,
0.0294749736786,
0.0320389270782,
0.0434799194336,
0.0359690189362,
0.0375030040741,
0.0225620269775,
0.0368280410767,
0.0385699272156,
0.0404119491577,
0.0330770015717,
0.0341930389404,
0.0389111042023,
0.0395531654358,
0.023197889328,
0.0236709117889,
0.0230021476746,
0.0233521461487,
0.0223679542542,
0.0226609706879,
0.0369811058044,
0.038125038147,
0.0248358249664,
0.0251297950745,
0.0312809944153,
0.0327990055084,
0.0237281322479,
0.0247061252594,
0.0236339569092,
0.0258319377899,
0.0250668525696,
0.0274579524994,
0.0340101718903,
0.0356950759888,
0.0305800437927,
0.0308248996735,
0.0232589244843,
0.0238201618195,
0.0246279239655,
0.0255968570709,
0.0254900455475,
0.0258638858795,
0.0254259109497,
0.0259509086609,
0.0237989425659,
0.0252578258514,
0.0403718948364,
0.0408239364624,
0.0229470729828,
0.023344039917,
0.0229649543762,
0.0231919288635,
0.0228819847107,
0.0231440067291,
0.0270838737488,
0.027410030365,
0.0227739810944,
0.0232908725739,
0.027645111084,
0.0278739929199,
0.0287518501282,
0.0289368629456,
0.0330018997192,
0.0332980155945,
0.0344150066376,
0.0346240997314,
0.0485370159149,
0.0488519668579,
0.0303490161896,
0.0305490493774,
0.0372672080994,
0.0374979972839,
0.0358119010925,
0.0359969139099,
0.0309581756592,
0.031158208847,
0.0620810985565,
0.0624370574951,
0.0303909778595,
0.0310909748077,
0.0385739803314,
0.0388360023499,
0.0317900180817,
0.0320250988007,
0.0252819061279,
0.02556681633,
0.0226149559021,
0.0228860378265,
0.0291750431061,
0.0295221805573,
0.0359308719635,
0.0362000465393,
0.0310220718384,
0.0312550067902,
0.0310368537903,
0.0312609672546,
0.0184540748596,
0.0186882019043,
0.0218529701233,
0.0220289230347,
0.029886007309,
0.030072927475,
0.0355560779572,
0.0358791351318,
0.025799036026,
0.0262889862061,
0.0310940742493,
0.0316369533539,
0.0302019119263,
0.0311100482941,
0.0266931056976,
0.0275459289551,
0.0410430431366,
0.0421249866486,
0.0241420269012,
0.0248789787292,
0.0359439849854,
0.0373351573944,
0.0379111766815,
0.0383861064911,
0.048376083374,
0.0485551357269,
0.0244908332825,
0.0254549980164,
0.0219509601593,
0.0222239494324,
0.0254371166229,
0.025642156601,
0.0206451416016,
0.0208280086517,
0.0343220233917,
0.0345900058746,
0.0309200286865,
0.0313699245453,
0.0321340560913,
0.0323240756989,
0.0282480716705,
0.0284960269928,
0.023542881012,
0.0238029956818,
0.0297529697418,
0.029983997345,
0.0275149345398,
0.0278699398041,
0.0222449302673,
0.022528886795,
0.0283010005951,
0.028636932373,
0.0296349525452,
0.0298888683319,
0.0226781368256,
0.0229561328888,
0.037575006485,
0.0381758213043,
0.0269799232483,
0.0272479057312,
0.0232639312744,
0.0234990119934,
0.0265550613403,
0.0267679691315,
0.0244600772858,
0.0246949195862,
0.0264930725098,
0.0267391204834,
0.0290279388428,
0.0292868614197,
0.0326747894287,
0.0336008071899,
0.0266530513763,
0.027006149292,
0.0280139446259,
0.0289499759674,
0.0221199989319,
0.0236260890961,
0.0358870029449,
0.0367591381073,
0.026417016983,
0.0297260284424,
0.0344579219818,
0.0347120761871,
0.0245749950409,
0.0259599685669,
0.0235328674316,
0.02374792099,
0.0283689498901,
0.0293118953705,
0.0313940048218,
0.0320451259613,
0.0357599258423,
0.0362629890442,
0.047346830368,
0.0491359233856,
0.0363659858704,
0.0371239185333,
0.0312259197235,
0.0314350128174,
0.0343940258026,
0.0346059799194,
0.0532529354095,
0.0534338951111,
0.0299551486969,
0.0302090644836,
0.0373728275299,
0.0376348495483,
0.0303859710693,
0.0305919647217,
0.0320639610291,
0.0325999259949,
0.0340678691864,
0.0342869758606,
0.0264678001404,
0.0267708301544,
0.0268518924713,
0.027242898941,
0.0273149013519,
0.02756690979,
0.0272688865662,
0.0276389122009,
0.0355460643768,
0.039922952652,
0.0409300327301,
0.0473821163177,
0.0265781879425,
0.027547121048,
0.0402059555054,
0.0412018299103,
0.0675141811371,
0.0677590370178,
0.0364639759064,
0.0366899967194,
0.0382008552551,
0.0384969711304,
0.0617270469666,
0.0619599819183,
0.0262920856476,
0.026515007019,
0.0397980213165,
0.0400080680847,
0.0339729785919,
0.034215927124,
0.0307419300079,
0.0310230255127,
0.0276200771332,
0.0280070304871,
0.0317811965942,
0.0328049659729,
0.0249810218811,
0.0268399715424,
0.0325610637665,
0.0330610275269,
0.0402770042419,
0.0406639575958,
0.0324261188507,
0.033173084259,
0.0253331661224,
0.0255842208862,
0.0357558727264,
0.0361440181732,
0.0311198234558,
0.0320580005646,
0.0336940288544,
0.0339381694794,
0.0292589664459,
0.029531955719,
0.0284328460693,
0.0286519527435,
0.0325338840485,
0.0331089496613,
0.0310029983521,
0.0322420597076,
0.0334389209747,
0.0349309444427,
0.0331029891968,
0.0394961833954,
0.0265221595764,
0.0278861522675,
0.0286521911621,
0.0293440818787,
0.033627986908,
0.0345599651337,
0.0292699337006,
0.0303268432617,
0.027379989624,
0.0284080505371,
0.0215368270874,
0.0228018760681,
0.0278549194336,
0.0284509658813,
0.0241620540619,
0.0250079631805,
0.0233979225159,
0.0242428779602,
0.0245079994202,
0.0250880718231,
0.020742893219,
0.0215089321136,
0.0228090286255,
0.0232079029083,
0.0267879962921,
0.027037858963,
0.0275521278381,
0.0278871059418,
0.0227560997009,
0.0229449272156,
0.0229651927948,
0.0232260227203,
0.0319471359253,
0.032124042511,
0.0252559185028,
0.025801897049,
0.0234689712524,
0.0243268013,
0.0269510746002,
0.0279331207275,
0.0405371189117,
0.0408051013947,
0.0229179859161,
0.0232009887695,
0.0212450027466,
0.021418094635,
0.0224530696869,
0.0228400230408,
0.0281600952148,
0.029098033905,
0.0358271598816,
0.0387070178986,
0.0370798110962,
0.0463438034058,
0.0324730873108,
0.0336430072784,
0.037829875946,
0.0380480289459,
0.0244178771973,
0.025946855545,
0.0310490131378,
0.0317010879517,
0.0258679389954,
0.0261418819427,
0.0276439189911,
0.0279169082642,
0.0257530212402,
0.0260238647461,
0.0275239944458,
0.0277719497681,
0.022803068161,
0.0230329036713,
0.0252978801727,
0.0255289077759,
0.0252351760864,
0.0254850387573,
0.0281519889832,
0.0283780097961,
0.0362651348114,
0.0367419719696,
0.0590238571167,
0.0597488880157,
0.0521941184998,
0.0529479980469,
0.0514311790466,
0.0516510009766,
0.0364129543304,
0.0373499393463,
0.029746055603,
0.0308010578156,
0.0715508460999,
0.0727498531342,
0.0395429134369,
0.0404970645905,
0.0583550930023,
0.0585460662842,
0.0595469474792,
0.0597219467163,
0.0612621307373,
0.0615541934967,
0.0645859241486,
0.0647521018982,
0.0393841266632,
0.0396349430084,
0.0468769073486,
0.0487580299377,
0.0721950531006,
0.0738561153412,
0.0483388900757,
0.0490407943726,
0.0573389530182,
0.0575590133667,
0.0447800159454,
0.0450258255005,
0.0246729850769,
0.0248939990997,
0.028568983078,
0.0287799835205,
0.0476169586182,
0.0479309558868,
0.0417799949646,
0.0419881343842,
0.0396928787231,
0.0400190353394,
0.0823168754578,
0.0826110839844,
0.103132009506,
0.10437297821,
0.0422189235687,
0.0440797805786,
0.0233080387115,
0.0240800380707,
0.0315911769867,
0.0318570137024,
0.030620098114,
0.0314900875092,
0.0368719100952,
0.0370419025421,
0.0253808498383,
0.0258820056915,
0.0243639945984,
0.0247089862823,
0.02357006073,
0.0241830348969,
0.0341250896454,
0.0349140167236,
0.0284249782562,
0.028636932373,
0.0273420810699,
0.0275440216064,
0.0261220932007,
0.026290178299,
0.035619020462,
0.0361220836639,
0.0171840190887,
0.0173850059509,
0.0237419605255,
0.0240240097046,
0.0225129127502,
0.0227420330048,
0.0287179946899,
0.0289988517761,
0.062037229538,
0.0622270107269,
0.0293710231781,
0.0300030708313,
0.0371179580688,
0.0382709503174,
0.0414509773254,
0.0451090335846,
0.0400948524475,
0.0408079624176,
0.0606670379639,
0.0609121322632,
0.0299170017242,
0.0305769443512,
0.0323610305786,
0.0326850414276,
0.0320880413055,
0.0325939655304,
0.0334758758545,
0.0340909957886,
0.027755022049,
0.0284020900726,
0.0340609550476,
0.0346388816833,
0.0285670757294,
0.0288910865784,
0.028450012207,
0.029139995575,
0.0443468093872,
0.0449287891388,
0.0290498733521,
0.0300059318542,
0.032301902771,
0.0332090854645,
0.0271239280701,
0.0280001163483,
0.022675037384,
0.0235409736633,
0.0286178588867,
0.0295839309692,
0.0267970561981,
0.0274999141693,
0.0236909389496,
0.0245358943939,
0.0513710975647,
0.0531949996948,
0.0410070419312,
0.0413000583649,
0.0228369235992,
0.0354130268097,
0.0253591537476,
0.0260870456696,
0.0264780521393,
0.0267260074615,
0.0328550338745,
0.0330798625946,
0.0281178951263,
0.0288829803467,
0.0362510681152,
0.0365760326385,
0.0285651683807,
0.0288531780243,
0.0290470123291,
0.0292780399323,
0.0412580966949,
0.0415210723877,
0.0253930091858,
0.0255780220032,
0.0250799655914,
0.0256628990173,
0.0689380168915,
0.0691311359406,
0.0282847881317,
0.0291938781738,
0.0239760875702,
0.0252780914307,
0.0231258869171,
0.0234069824219,
0.0212528705597,
0.0214898586273,
0.0288660526276,
0.0292251110077,
0.0296421051025,
0.0298972129822,
0.0258610248566,
0.0266599655151,
0.0291957855225,
0.0298728942871,
0.0295310020447,
0.0301909446716,
0.0264229774475,
0.0267040729523,
0.0225400924683,
0.0227739810944,
0.0247669219971,
0.025053024292,
0.0332911014557,
0.0336410999298,
0.0241589546204,
0.0243780612946,
0.0261869430542,
0.0264558792114,
0.0249671936035,
0.0251841545105,
0.0322959423065,
0.0326020717621,
0.0256419181824,
0.0258700847626,
0.0281801223755,
0.0283629894257,
0.0250718593597,
0.0256628990173,
0.025249004364,
0.0258610248566,
0.0325119495392,
0.0330400466919,
0.0266051292419,
0.0275900363922,
0.0300989151001,
0.0303039550781,
0.0235900878906,
0.023894071579,
0.0265331268311,
0.0276181697845,
0.0462429523468,
0.0466020107269,
0.0381999015808,
0.0395028591156,
0.0296761989594,
0.0299952030182,
0.0341579914093,
0.0343661308289,
0.0225400924683,
0.0231621265411,
0.0354359149933,
0.0357677936554,
0.0365779399872,
0.0369958877563,
0.0310959815979,
0.0312719345093,
0.0292220115662,
0.029531955719,
0.0251030921936,
0.0264141559601,
0.0311839580536,
0.0321929454803,
0.0255670547485,
0.0268149375916,
0.0405240058899,
0.0408499240875,
0.0502800941467,
0.0506429672241,
0.0288288593292,
0.0297319889069,
0.0255320072174,
0.02623295784,
0.0275180339813,
0.0285820960999,
0.016636133194,
0.0464901924133,
0.0283300876617,
0.0287380218506,
0.0339958667755,
0.0342450141907,
0.0246870517731,
0.0249102115631,
0.0300619602203,
0.030277967453,
0.0383660793304,
0.0388910770416,
0.0270149707794,
0.0272917747498,
0.0447449684143,
0.0451099872589,
0.0280599594116,
0.0292038917542,
0.0281958580017,
0.0290768146515,
0.0269229412079,
0.0274648666382,
0.0364549160004,
0.0372760295868,
0.0288181304932,
0.0290651321411,
0.0214860439301,
0.0217440128326,
0.0331602096558,
0.0333430767059,
0.0334300994873,
0.0337228775024,
0.0274429321289,
0.0277118682861,
0.0341958999634,
0.0345048904419,
0.0473229885101,
0.0475389957428,
0.0381259918213,
0.0388331413269,
0.0376470088959,
0.0384330749512,
0.0499670505524,
0.0517311096191,
0.0277199745178,
0.0279369354248,
0.0334811210632,
0.0343689918518,
0.0320801734924,
0.0323510169983,
0.026006937027,
0.0262730121613,
0.0238521099091,
0.0240440368652,
0.0291450023651,
0.0294630527496,
0.0298261642456,
0.0300221443176,
0.0369861125946,
0.0372271537781,
0.028599023819,
0.0288279056549,
0.0256388187408,
0.0259139537811,
0.0226628780365,
0.0230150222778,
0.0295197963715,
0.0300807952881,
0.0241711139679,
0.0264101028442,
0.0261428356171,
0.0271699428558,
0.0250749588013,
0.0253448486328,
0.0272781848907,
0.027529001236,
0.0270328521729,
0.0272498130798,
0.0269958972931,
0.0272419452667,
0.0270149707794,
0.027284860611,
0.0301141738892,
0.0304870605469,
0.0246629714966,
0.0248539447784,
0.0345778465271,
0.0348799228668,
0.022628068924,
0.0229918956757,
0.0288970470428,
0.0291500091553,
0.0225491523743,
0.0227980613708,
0.0263378620148,
0.0265338420868,
0.0264048576355,
0.0266449451447,
0.0222570896149,
0.0225172042847,
0.0226390361786,
0.02286195755,
0.025003194809,
0.0262811183929,
0.0239689350128,
0.024188041687,
0.0279171466827,
0.0281620025635,
0.0280191898346,
0.0283050537109,
0.0277981758118,
0.0280179977417,
0.0233690738678,
0.0235960483551,
0.0297210216522,
0.0300431251526,
0.0234839916229,
0.0237028598785,
0.0299029350281,
0.0302119255066,
0.0298359394073,
0.0300538539886,
0.0247349739075,
0.0251400470734,
0.0296800136566,
0.0302119255066,
0.0285170078278,
0.0289409160614,
0.0329699516296,
0.0333230495453,
0.0246169567108,
0.0251019001007,
0.0463790893555,
0.0467300415039,
0.0383460521698,
0.0386009216309,
0.0260181427002,
0.0264110565186,
0.0660030841827,
0.0669581890106,
0.0685250759125,
0.069118976593,
0.0333969593048,
0.0341911315918,
0.0363550186157,
0.0372769832611,
0.0266649723053,
0.0276710987091,
0.0281019210815,
0.0290441513062,
0.0300350189209,
0.0310270786285,
0.0330059528351,
0.0332341194153,
0.0316369533539,
0.0319437980652,
0.0331220626831,
0.0336170196533,
0.0251829624176,
0.0254249572754,
0.0259828567505,
0.0264220237732,
0.0312359333038,
0.0314660072327,
0.0321700572968,
0.032487154007,
0.0273911952972,
0.0276601314545,
0.0292570590973,
0.0294771194458,
0.0253989696503,
0.0257270336151,
0.0284669399261,
0.028923034668,
0.133101940155,
0.133790016174,
0.0322518348694,
0.032830953598,
0.0353178977966,
0.0356690883636,
0.0254311561584,
0.0256490707397,
0.0290629863739,
0.0292749404907,
0.0347549915314,
0.0350339412689,
0.0344400405884,
0.0347321033478,
0.0271701812744,
0.0273931026459,
0.0351819992065,
0.0354900360107,
0.0322749614716,
0.0324990749359,
0.030571937561,
0.030827999115,
0.0236082077026,
0.0238552093506,
0.0295751094818,
0.0298180580139,
0.034784078598,
0.0350811481476,
0.028450012207,
0.0287990570068,
0.0233409404755,
0.0236148834229,
0.0311059951782,
0.0313630104065,
0.0242028236389,
0.0253868103027,
0.026572227478,
0.0268020629883,
0.0218799114227,
0.0221140384674,
0.0237879753113,
0.0240030288696,
0.0301389694214,
0.0309588909149,
0.0242969989777,
0.025218963623,
0.0289490222931,
0.0297911167145,
0.0273571014404,
0.0289831161499,
0.0315749645233,
0.0329201221466,
0.030091047287,
0.0307111740112,
0.036285161972,
0.0368790626526,
0.0337829589844,
0.0348567962646,
0.029198884964,
0.0298418998718,
0.0322020053864,
0.033066034317,
0.0308849811554,
0.0314819812775,
0.0302238464355,
0.0309739112854,
0.0304431915283,
0.0311861038208,
0.0305418968201,
0.0311818122864,
0.0311908721924,
0.0319519042969,
0.0372030735016,
0.037456035614,
0.0232939720154,
0.0234751701355,
0.0223240852356,
0.0225439071655,
0.0263118743896,
0.0271699428558,
0.0259778499603,
0.0261828899384,
0.028167963028,
0.0283768177032,
0.0279669761658,
0.0282020568848,
0.0262830257416,
0.0272510051727,
0.03697681427,
0.0380108356476,
0.029522895813,
0.0322768688202,
0.024710893631,
0.0258369445801,
0.0404617786407,
0.0414187908173,
0.0246751308441,
0.0257270336151,
0.0381000041962,
0.0384130477905,
0.0337679386139,
0.0349750518799,
0.0804250240326,
0.0810089111328,
0.0483050346375,
0.0489468574524,
0.0882039070129,
0.0887849330902,
0.0279788970947,
0.0293989181519,
0.0412220954895,
0.0421180725098,
0.05251288414,
0.0530619621277,
0.0365219116211,
0.0367319583893,
0.0544559955597,
0.0548629760742,
0.0586259365082,
0.0588138103485,
0.0341629981995,
0.0343899726868,
0.0317528247833,
0.033921957016,
0.0244858264923,
0.0248599052429,
0.0270731449127,
0.0273470878601,
0.0266959667206,
0.0278759002686,
0.0240540504456,
0.0250968933105,
0.0268290042877,
0.0282468795776,
0.0233170986176,
0.0241498947144,
0.0292298793793,
0.0303020477295,
0.0417778491974,
0.0427029132843,
0.0270619392395,
0.0278699398041,
0.0228660106659,
0.0239591598511,
0.0431759357452,
0.0451769828796,
0.108242988586,
0.108667135239,
0.0273110866547,
0.0279469490051,
0.0250730514526,
0.0256531238556,
0.0492839813232,
0.0510039329529,
0.0495898723602,
0.0505518913269,
0.0778150558472,
0.0785400867462,
0.0671811103821,
0.067360162735,
0.0347030162811,
0.0359749794006,
0.0273909568787,
0.0277149677277,
0.0279560089111,
0.028477191925,
0.0485589504242,
0.0492179393768,
0.0241351127625,
0.0249660015106,
0.0248019695282,
0.0253388881683,
0.0376679897308,
0.03790807724,
0.0282499790192,
0.0285060405731,
0.0322802066803,
0.0335659980774,
0.0262839794159,
0.0270850658417,
0.0221660137177,
0.0231640338898,
0.028468132019,
0.0286250114441,
0.0298001766205,
0.0307672023773,
0.037449836731,
0.0382499694824,
0.0239150524139,
0.0247118473053,
0.0239970684052,
0.0248301029205,
0.0256459712982,
0.0260570049286,
0.0216369628906,
0.0218729972839,
0.0275111198425,
0.027722120285,
0.0267448425293,
0.0269649028778,
0.0278458595276,
0.0280590057373,
0.030289888382,
0.0305359363556,
0.0287790298462,
0.0304300785065,
0.0252640247345,
0.0265598297119,
0.0280230045319,
0.0289580821991,
0.0329110622406,
0.0345058441162,
0.0258450508118,
0.0267169475555,
0.0543489456177,
0.0545489788055,
0.0636291503906,
0.0638310909271,
0.0407540798187,
0.0409450531006,
0.0723919868469,
0.0727169513702,
0.0489189624786,
0.0651128292084,
0.062567949295,
0.0637269020081,
0.0432798862457,
0.0445868968964,
0.0604989528656,
0.0606751441956,
0.0407710075378,
0.0418720245361,
0.0369498729706,
0.0400788784027,
0.0478990077972,
0.0482070446014,
0.0402309894562,
0.0405640602112,
0.0440499782562,
0.0451219081879,
0.0403919219971,
0.0412609577179,
0.0484261512756,
0.0486190319061,
0.0289740562439,
0.0291650295258,
0.0280630588531,
0.0283188819885,
0.0355830192566,
0.0357558727264,
0.0407679080963,
0.0409750938416,
0.0249311923981,
0.0252602100372,
0.0303740501404,
0.0306918621063,
0.0292680263519,
0.0300660133362,
0.0260760784149,
0.0266449451447,
0.0275790691376,
0.0281970500946,
0.0234560966492,
0.024316072464,
0.0259342193604,
0.0269610881805,
0.0274801254272,
0.0282790660858,
0.0430631637573,
0.0432651042938,
0.0282669067383,
0.0284750461578,
0.02068400383,
0.0209379196167,
0.0333898067474,
0.033576965332,
0.0341091156006,
0.0343329906464,
0.0310299396515,
0.031986951828,
0.0287230014801,
0.0297870635986,
0.0272378921509,
0.0284769535065,
0.0265588760376,
0.0283479690552,
0.02956199646,
0.0298020839691,
0.0421099662781,
0.0423150062561,
0.0411081314087,
0.0413792133331,
0.024010181427,
0.0247910022736,
0.0366070270538,
0.0376369953156,
0.03200507164,
0.0329489707947,
0.0296630859375,
0.0311720371246,
0.0331468582153,
0.0333678722382,
0.0326390266418,
0.0328330993652,
0.0216610431671,
0.0218739509583,
0.0277009010315,
0.0279188156128,
0.0370271205902,
0.037278175354,
0.0274310112,
0.0284750461578,
0.0518579483032,
0.0524659156799,
0.0489139556885,
0.0490760803223,
0.0393888950348,
0.0402038097382,
0.0216729640961,
0.0223431587219,
0.0292189121246,
0.0303480625153,
0.0293068885803,
0.0300140380859,
0.0337781906128,
0.0340600013733,
0.0239460468292,
0.0242409706116,
0.0263848304749,
0.0266518592834,
0.0320930480957,
0.0322890281677,
0.0264148712158,
0.0269229412079,
0.029079914093,
0.0293679237366,
0.0292789936066,
0.0296120643616,
0.0277099609375,
0.0279030799866,
0.0375418663025,
0.0378849506378,
0.0227332115173,
0.0229251384735,
0.0283150672913,
0.0285520553589,
0.0343081951141,
0.0346100330353,
0.0384960174561,
0.0388000011444,
0.0311050415039,
0.0314021110535,
0.0328459739685,
0.0333981513977,
0.0401940345764,
0.0406360626221,
0.0440118312836,
0.0449748039246,
0.0305070877075,
0.0308358669281,
0.0255811214447,
0.0258390903473,
0.0293459892273,
0.0295488834381,
0.0283758640289,
0.0287439823151,
0.0246050357819,
0.0249710083008,
0.0310170650482,
0.0319809913635,
0.0257678031921,
0.0261108875275,
0.0312778949738,
0.0316359996796,
0.0212619304657,
0.021497964859,
0.0222668647766,
0.0227298736572,
0.0331089496613,
0.0335109233856,
0.025160074234,
0.0253858566284,
0.0391879081726,
0.0394759178162,
0.0279281139374,
0.0281779766083,
0.0524392127991,
0.0526840686798,
0.0685739517212,
0.068990945816,
0.0611300468445,
0.0617659091949,
0.0327889919281,
0.0335760116577,
0.0215380191803,
0.0406579971313,
0.0319240093231,
0.0324289798737,
0.0288259983063,
0.0290598869324,
0.0291731357574,
0.0294680595398,
0.0375759601593,
0.0378060340881,
0.0306208133698,
0.0308818817139,
0.0288751125336,
0.0290629863739,
0.0285530090332,
0.0289371013641,
0.0302548408508,
0.0312130451202,
0.0384211540222,
0.0392689704895,
0.0547330379486,
0.0554649829865,
0.0432081222534,
0.0437550544739,
0.0727231502533,
0.0730490684509,
0.078999042511,
0.0796499252319,
0.0639591217041,
0.0658869743347,
0.0554919242859,
0.0568377971649,
0.0612990856171,
0.0622839927673,
0.0910470485687,
0.0920259952545,
0.0561339855194,
0.0563368797302,
0.040599822998,
0.0408928394318,
0.0388989448547,
0.0390868186951,
0.0504257678986,
0.0506098270416,
0.0341031551361,
0.0343301296234,
0.038370847702,
0.0385608673096,
0.0293879508972,
0.0295689105988,
0.0329918861389,
0.0332369804382,
0.0246670246124,
0.0248730182648,
0.028244972229,
0.0284249782562,
0.0277018547058,
0.027932882309,
0.0264720916748,
0.0267181396484,
0.0363149642944,
0.0366539955139,
0.0275628566742,
0.0277969837189,
0.0267751216888,
0.0270299911499,
0.0304598808289,
0.0307219028473,
0.0370910167694,
0.0377569198608,
0.0275628566742,
0.0287458896637,
0.0310280323029,
0.0328059196472,
0.0308780670166,
0.031574010849,
0.030659198761,
0.0309150218964,
0.0315818786621,
0.0318579673767,
0.0307760238647,
0.030974149704,
0.0275959968567,
0.027932882309,
0.0419120788574,
0.0423650741577,
0.0231320858002,
0.0234339237213,
0.024178981781,
0.0244739055634,
0.0252170562744,
0.0258700847626,
0.0255858898163,
0.0258319377899,
0.027930021286,
0.0296270847321,
0.0368709564209,
0.0372331142426,
0.0221581459045,
0.0224421024323,
0.0216138362885,
0.0218358039856,
0.0217730998993,
0.0220191478729,
0.0332229137421,
0.0335350036621,
0.0240261554718,
0.0244081020355,
0.0359590053558,
0.0365378856659,
0.0289859771729,
0.0298960208893,
0.0279788970947,
0.0281810760498,
0.0325539112091,
0.0327718257904,
0.0771260261536,
0.0774509906769,
0.0324740409851,
0.03276014328,
0.0328509807587,
0.033077955246,
0.0303370952606,
0.0306470394135,
0.0241301059723,
0.0245010852814,
0.0318398475647,
0.0320568084717,
0.0295929908752,
0.029846906662,
0.0277528762817,
0.0280199050903,
0.0371150970459,
0.0375950336456,
0.0287070274353,
0.0290360450745,
0.0323081016541,
0.0324759483337,
0.0274121761322,
0.0277149677277,
0.0325219631195,
0.0327970981598,
0.02427983284,
0.0246529579163,
0.0303609371185,
0.0305659770966,
0.0245208740234,
0.0253219604492,
0.0266571044922,
0.0272400379181,
0.0320949554443,
0.0323779582977,
0.0272119045258,
0.0273978710175,
0.0328569412231,
0.0330469608307,
0.0349910259247,
0.0352261066437,
0.0263431072235,
0.0265641212463,
0.0340800285339,
0.0344140529633,
0.0256340503693,
0.0258250236511,
0.0292019844055,
0.0294561386108,
0.0403571128845,
0.040580034256,
0.0319390296936,
0.0321271419525,
0.0296659469604,
0.0298640727997,
0.0266721248627,
0.026997089386,
0.0260219573975,
0.0262339115143,
0.0297660827637,
0.029972076416,
0.0278589725494,
0.0287680625916,
0.0294208526611,
0.0296478271484,
0.0277380943298,
0.0319380760193,
0.0403759479523,
0.0406920909882,
0.0337860584259,
0.0340240001678,
0.0519630908966,
0.0525770187378,
0.067538022995,
0.0677380561829,
0.0225880146027,
0.0231950283051,
0.0223531723022,
0.0225210189819,
0.0224421024323,
0.0229370594025,
0.0304780006409,
0.0308740139008,
0.0229971408844,
0.0236110687256,
0.0256350040436,
0.0265090465546,
0.026801109314,
0.0275599956512,
0.0245690345764,
0.0257580280304,
0.0219011306763,
0.0220801830292,
0.0255830287933,
0.0257790088654,
0.0246369838715,
0.0249481201172,
0.027440071106,
0.0276720523834,
0.0214238166809,
0.0220909118652,
0.0301740169525,
0.0309679508209,
0.031455039978,
0.0322508811951,
0.0260288715363,
0.0267789363861,
0.0211679935455,
0.021842956543,
0.0280601978302,
0.0283861160278,
0.0362060070038,
0.0364639759064,
0.0393280982971,
0.0397489070892,
0.032702922821,
0.0329151153564,
0.0457079410553,
0.0459539890289,
0.0333390235901,
0.0335469245911,
0.0405988693237,
0.0411188602448,
0.0311181545258,
0.0313060283661,
0.0226519107819,
0.0228428840637,
0.0399129390717,
0.0400969982147,
0.0388698577881,
0.0391509532928,
0.0339121818542,
0.0341980457306,
0.0572099685669,
0.0574281215668,
0.0410048961639,
0.0412569046021,
0.0389819145203,
0.0392129421234,
0.035539150238,
0.0357220172882,
0.0657579898834,
0.0659341812134,
0.0661909580231,
0.0683009624481,
0.0598509311676,
0.0606989860535,
0.0362260341644,
0.0374610424042,
0.0293788909912,
0.030385017395,
0.0490748882294,
0.049868106842,
0.0423910617828,
0.0426871776581,
0.0775129795074,
0.0781428813934,
0.0295240879059,
0.0297350883484,
0.02747797966,
0.0284349918365,
0.0311071872711,
0.0318920612335,
0.0294060707092,
0.0296580791473,
0.0315110683441,
0.0317270755768,
0.0271339416504,
0.0273549556732,
0.0338590145111,
0.0342988967896,
0.0294320583344,
0.0304009914398,
0.0254950523376,
0.0265040397644,
0.0270819664001,
0.0277309417725,
0.0409519672394,
0.0422558784485,
0.0155119895935,
0.0375118255615,
0.0343959331512,
0.035717010498,
0.0362651348114,
0.0371630191803,
0.024062871933,
0.0250499248505,
0.0334229469299,
0.0341598987579,
0.025162935257,
0.0253899097443,
0.0324659347534,
0.0327041149139,
0.0503759384155,
0.050812959671,
0.0248968601227,
0.0252549648285,
0.0274391174316,
0.0276801586151,
0.035148859024,
0.0356788635254,
0.0411732196808,
0.0416140556335,
0.0383679866791,
0.0386669635773,
0.0341701507568,
0.034383058548,
0.0287270545959,
0.0297591686249,
0.0262660980225,
0.0273230075836,
0.0369291305542,
0.0374960899353,
0.0304019451141,
0.0307030677795,
0.0249979496002,
0.0252819061279,
0.0326960086823,
0.0332639217377,
0.0290489196777,
0.0301740169525,
0.0226590633392,
0.0233631134033,
0.052864074707,
0.0541250705719,
0.0313301086426,
0.0324420928955,
0.0471639633179,
0.0484848022461,
0.0335311889648,
0.0347571372986,
0.0403029918671,
0.0412259101868,
0.0283789634705,
0.0295648574829,
0.037486076355,
0.0384249687195,
0.0501840114594,
0.0508251190186,
0.0450458526611,
0.0461208820343,
0.0385291576385,
0.0396480560303,
0.0322051048279,
0.0334331989288,
0.0323581695557,
0.0332679748535,
0.0293579101562,
0.0300509929657,
0.0373010635376,
0.037948846817,
0.0325179100037,
0.0334630012512,
0.0311849117279,
0.0321979522705,
0.028913974762,
0.0297341346741,
0.0261659622192,
0.0274748802185,
0.0326759815216,
0.0335130691528,
0.0273060798645,
0.0277969837189,
0.027764081955,
0.0287799835205,
0.0424349308014,
0.0428230762482,
0.0270030498505,
0.027291059494,
0.0327379703522,
0.0329749584198,
0.0245490074158,
0.0247919559479,
0.0229959487915,
0.0232849121094,
0.0295829772949,
0.0303869247437,
0.0253009796143,
0.0256481170654,
0.0261759757996,
0.0263600349426,
0.0324280261993,
0.0326590538025,
0.0211811065674,
0.0214581489563,
0.0252158641815,
0.0255198478699,
0.0314879417419,
0.0317659378052,
0.0274701118469,
0.0277240276337,
0.0289771556854,
0.0291700363159,
0.0214908123016,
0.0216839313507,
0.0277678966522,
0.0280210971832,
0.0241029262543,
0.0251228809357,
0.0217700004578,
0.0227689743042,
0.0218138694763,
0.0220549106598,
0.0232100486755,
0.0234160423279,
0.0224339962006,
0.022686958313,
0.0368189811707,
0.0370659828186,
0.0276489257812,
0.0278220176697,
0.0284600257874,
0.0293979644775,
0.0329139232635,
0.0334680080414,
0.0349040031433,
0.0350759029388,
0.0540120601654,
0.0549340248108,
0.0434279441833,
0.0436880588531,
0.0420439243317,
0.0422439575195,
0.0729060173035,
0.0732088088989,
0.0470230579376,
0.0516819953918,
0.0474369525909,
0.0477471351624,
0.0544350147247,
0.0546259880066,
0.0407450199127,
0.0409898757935,
0.0494878292084,
0.0496900081635,
0.0577042102814,
0.0592360496521,
0.0399050712585,
0.0406351089478,
0.0229461193085,
0.0231771469116,
0.0407848358154,
0.0411968231201,
0.0219497680664,
0.0222067832947,
0.0253808498383,
0.0263199806213,
0.0238189697266,
0.0240659713745,
0.0272741317749,
0.0274600982666,
0.0262269973755,
0.0264809131622,
0.0209760665894,
0.0212519168854,
0.0215001106262,
0.0217099189758,
0.02818608284,
0.028459072113,
0.0253360271454,
0.0256769657135,
0.025306224823,
0.025514125824,
0.0249428749084,
0.0251460075378,
0.0234949588776,
0.0237050056458,
0.0290520191193,
0.0294148921967,
0.0307810306549,
0.0309669971466,
0.0285968780518,
0.0288119316101,
0.0208740234375,
0.0211191177368,
0.0283889770508,
0.0285909175873,
0.0216488838196,
0.0218930244446,
0.0276601314545,
0.0278820991516,
0.0339789390564,
0.034245967865,
0.028568983078,
0.0289349555969,
0.0239319801331,
0.0252029895782,
0.0258650779724,
0.0260379314423,
0.0282790660858,
0.0285589694977,
0.0268239974976,
0.0272271633148,
0.0285408496857,
0.029688835144,
0.0289120674133,
0.0300240516663,
0.0279271602631,
0.0282130241394,
0.0257461071014,
0.0269491672516,
0.0283739566803,
0.0291509628296,
0.0276999473572,
0.028697013855,
0.0273568630219,
0.0280919075012,
0.0270619392395,
0.0280680656433,
0.0281031131744,
0.0283031463623,
0.0337569713593,
0.0339949131012,
0.0289840698242,
0.030296087265,
0.0264110565186,
0.0272400379181,
0.0352840423584,
0.0360062122345,
0.0508921146393,
0.0516180992126,
0.0867559909821,
0.0878958702087,
0.07985496521,
0.0802609920502,
0.0909881591797,
0.0917000770569,
0.0342030525208,
0.0345230102539,
0.0497109889984,
0.049996137619,
0.0405859947205,
0.0409078598022,
0.0511147975922,
0.0513579845428,
0.0371639728546,
0.0375649929047,
0.0318379402161,
0.0325469970703,
0.0391628742218,
0.0397050380707,
0.0341129302979,
0.0342929363251,
0.0223340988159,
0.0225741863251,
0.044440984726,
0.0454630851746,
0.0326671600342,
0.0339040756226,
0.0258190631866,
0.0264229774475,
0.0349597930908,
0.0360748767853,
0.0336611270905,
0.033998966217,
0.0321888923645,
0.0324509143829,
0.0237069129944,
0.0239059925079,
0.0333549976349,
0.0335628986359,
0.0530710220337,
0.0534150600433,
0.0250010490417,
0.0252618789673,
0.0239179134369,
0.0241718292236,
0.0229120254517,
0.0231809616089,
0.0213420391083,
0.0217518806458,
0.0283720493317,
0.028697013855,
0.031044960022,
0.0316739082336,
0.0385310649872,
0.0395460128784,
0.0656039714813,
0.0678069591522,
0.0563697814941,
0.0573439598083,
0.0335590839386,
0.0337250232697,
0.0286288261414,
0.0288398265839,
0.0748279094696,
0.0759379863739,
0.0283489227295,
0.0288510322571,
0.0255570411682,
0.0257940292358,
0.0305218696594,
0.0310549736023,
0.0480680465698,
0.0495128631592,
0.052099943161,
0.0526609420776,
0.0278301239014,
0.0285210609436,
0.0248141288757,
0.0256550312042,
0.0270810127258,
0.0277268886566,
0.033459186554,
0.0341060161591,
0.0272369384766,
0.0281088352203,
0.0310659408569,
0.0317168235779,
0.0351259708405,
0.0359580516815,
0.0295040607452,
0.0298700332642,
0.0328669548035,
0.0331199169159,
0.0375070571899,
0.0381360054016,
0.0319180488586,
0.0321061611176,
0.0227670669556,
0.0234079360962,
0.0273559093475,
0.0284008979797,
0.0286729335785,
0.0289998054504,
0.0295307636261,
0.0297129154205,
0.028373003006,
0.0286860466003,
0.0300579071045,
0.0311620235443,
0.0363049507141,
0.0369279384613,
0.0363800525665,
0.0382959842682,
0.0330898761749,
0.0338990688324,
0.0424709320068,
0.0443069934845,
0.0243430137634,
0.0246348381042,
0.0400660037994,
0.040561914444,
0.0267999172211,
0.0278429985046,
0.0265998840332,
0.027419090271,
0.0455889701843,
0.046117067337,
0.0286860466003,
0.0291590690613,
0.024717092514,
0.0250990390778,
0.0370671749115,
0.037584066391,
0.0399770736694,
0.0401809215546,
0.0352110862732,
0.0354280471802,
0.0340831279755,
0.0344989299774,
0.0257611274719,
0.0261480808258,
0.0383009910583,
0.0399808883667,
0.0244040489197,
0.025444984436,
0.0332498550415,
0.0343949794769,
0.0336110591888,
0.0339629650116,
0.0435109138489,
0.0439050197601,
0.0406551361084,
0.0408520698547,
0.0225729942322,
0.0227770805359,
0.0378570556641,
0.0386271476746,
0.0245079994202,
0.0247540473938,
0.0303170681,
0.0304989814758,
0.0322329998016,
0.0324108600616,
0.0260050296783,
0.026242017746,
0.0257849693298,
0.0260379314423,
0.0234220027924,
0.0236251354218,
0.0228297710419,
0.0230529308319,
0.0176630020142,
0.0179188251495,
0.0335509777069,
0.033802986145,
0.0298788547516,
0.030492067337,
0.0513789653778,
0.0582611560822,
0.0353989601135,
0.0363230705261,
0.0206568241119,
0.0459589958191,
0.027508020401,
0.0277390480042,
0.0233778953552,
0.0239310264587,
0.0460660457611,
0.0500311851501,
0.034481048584,
0.0352070331573,
0.0442140102386,
0.0462138652802,
0.0393741130829,
0.0410749912262,
0.0501110553741,
0.0513989925385,
0.0361249446869,
0.0363729000092,
0.0292720794678,
0.02952003479,
0.0249350070953,
0.0251638889313,
0.0415210723877,
0.0417459011078,
0.0316181182861,
0.0319020748138,
0.0376801490784,
0.0383892059326,
0.0266819000244,
0.0273249149323,
0.0271618366241,
0.0280668735504,
0.0287110805511,
0.0319800376892,
0.0334839820862,
0.0391979217529,
0.043447971344,
0.0442159175873,
0.0416619777679,
0.0418820381165,
0.0227289199829,
0.0229980945587,
0.0343267917633,
0.0358419418335,
0.0220820903778,
0.0227310657501,
0.0478100776672,
0.048691034317,
0.0236949920654,
0.0239610671997,
0.0428140163422,
0.0430819988251,
0.0280981063843,
0.0282990932465,
0.024866104126,
0.0250689983368,
0.024493932724,
0.0247268676758,
0.0252208709717,
0.0262229442596,
0.0276589393616,
0.0288610458374,
0.0273230075836,
0.0282480716705,
0.0305218696594,
0.0314610004425,
0.0260698795319,
0.026930809021,
0.0289039611816,
0.0296561717987,
0.0315840244293,
0.031772851944,
0.0400400161743,
0.0415179729462,
0.0320560932159,
0.03289103508,
0.0333461761475,
0.0344130992889,
0.0264689922333,
0.0272099971771,
0.0264108181,
0.0272068977356,
0.0262830257416,
0.0292329788208,
0.0324380397797,
0.0335638523102,
0.0335590839386,
0.0344400405884,
0.0234670639038,
0.024435043335,
0.0281538963318,
0.0291519165039,
0.0333681106567,
0.0341191291809,
0.040894985199,
0.0413949489594,
0.0305390357971,
0.0313839912415,
0.0307171344757,
0.031800031662,
0.0284459590912,
0.0296010971069,
0.033313035965,
0.0346050262451,
0.0316379070282,
0.0319399833679,
0.0326609611511,
0.0330240726471,
0.0347681045532,
0.0349810123444,
0.0256941318512,
0.0265431404114,
0.0281958580017,
0.0283718109131,
0.0220849514008,
0.0223350524902,
0.0224289894104,
0.0228190422058,
0.0221219062805,
0.0225570201874,
0.0226678848267,
0.0336270332336,
0.0424900054932,
0.04372215271,
0.0366580486298,
0.0374419689178,
0.0287718772888,
0.029205083847,
0.0318539142609,
0.0322260856628,
0.031769990921,
0.0323960781097,
0.0342180728912,
0.0349481105804,
0.0271620750427,
0.0274591445923,
0.0227689743042,
0.0229849815369,
0.0276749134064,
0.0278370380402,
0.0225441455841,
0.0232560634613,
0.0252499580383,
0.0265710353851,
0.027960062027,
0.029027223587,
0.0288128852844,
0.0290188789368,
0.037565946579,
0.0381150245667,
0.0310509204865,
0.03178191185,
0.0405411720276,
0.0449340343475,
0.0374329090118,
0.038195848465,
0.0337300300598,
0.0345280170441,
0.0257320404053,
0.0266489982605,
0.0325770378113,
0.0327789783478,
0.021143913269,
0.0213439464569,
0.0228631496429,
0.0231161117554,
0.0277209281921,
0.0279660224915,
0.0264229774475,
0.0271339416504,
0.0238239765167,
0.0240380764008,
0.0261809825897,
0.0264339447021,
0.0282778739929,
0.028538942337,
0.0260720252991,
0.0263268947601,
0.0242829322815,
0.0245251655579,
0.0312671661377,
0.0314750671387,
0.0276739597321,
0.0278849601746,
0.0223870277405,
0.0225868225098,
0.0214068889618,
0.022068977356,
0.0292890071869,
0.0295171737671,
0.0286459922791,
0.0288600921631,
0.0281989574432,
0.0283739566803,
0.0320580005646,
0.0352640151978,
0.0251369476318,
0.0253739356995,
0.0235569477081,
0.0237817764282,
0.0289661884308,
0.0291481018066,
0.0278618335724,
0.0281410217285,
0.0268521308899,
0.027724981308,
0.0272309780121,
0.0282649993896,
0.0328640937805,
0.0330770015717,
0.0246748924255,
0.0249989032745,
0.0282900333405,
0.028501033783,
0.0288209915161,
0.029116153717,
0.0248448848724,
0.0253670215607,
0.030965089798,
0.0321850776672,
0.0285031795502,
0.0287551879883,
0.0261781215668,
0.0264182090759,
0.0288908481598,
0.0291578769684,
0.0275158882141,
0.0277290344238,
0.0305860042572,
0.0308010578156,
0.0293800830841,
0.0296640396118,
0.0261299610138,
0.0263769626617,
0.0255589485168,
0.0258140563965,
0.0250771045685,
0.0253450870514,
0.0306951999664,
0.0313651561737,
0.0266869068146,
0.0280330181122,
0.0273821353912,
0.0280029773712,
0.0250449180603,
0.0252850055695,
0.037211894989,
0.0378439426422,
0.0354099273682,
0.0364878177643,
0.0291690826416,
0.030266046524,
0.0214760303497,
0.0225939750671,
0.034040927887,
0.0343549251556,
0.0309319496155,
0.0312230587006,
0.0299849510193,
0.0301949977875,
0.029571056366,
0.0298361778259,
0.0278699398041,
0.0284428596497,
0.0234341621399,
0.0244719982147,
0.0323181152344,
0.0326051712036,
0.0285511016846,
0.0287818908691,
0.0277271270752,
0.027909040451,
0.0318911075592,
0.0329871177673,
0.023176908493,
0.0238721370697,
0.0240359306335,
0.0242810249329,
0.0244109630585,
0.0247468948364,
0.0297150611877,
0.0299689769745,
0.0245289802551,
0.0247559547424,
0.0271589756012,
0.0274069309235,
0.0319631099701,
0.0321619510651,
0.0236821174622,
0.0240659713745,
0.0314078330994,
0.0316779613495,
0.0226449966431,
0.0229189395905,
0.0263319015503,
0.0268630981445,
0.0269639492035,
0.0271968841553,
0.0341289043427,
0.0343608856201,
0.0280959606171,
0.0288519859314,
0.0227370262146,
0.0232770442963,
0.0209119319916,
0.0217759609222,
0.0288109779358,
0.0297799110413,
0.0233480930328,
0.0241351127625,
0.0402009487152,
0.040452003479,
0.0214469432831,
0.0218138694763,
0.0246069431305,
0.0249330997467,
0.0229580402374,
0.0231640338898,
0.03289103508,
0.0330998897552,
0.026291847229,
0.0273678302765,
0.0247149467468,
0.0258030891418,
0.0283908843994,
0.02885389328,
0.0269548892975,
0.027174949646,
0.0283541679382,
0.02858710289,
0.0280411243439,
0.0282940864563,
0.0221171379089,
0.0223801136017,
0.0281291007996,
0.0284101963043,
0.0282001495361,
0.0284190177917,
0.0246870517731,
0.0251531600952,
0.0285501480103,
0.0287570953369,
0.0227329730988,
0.022989988327,
0.0267939567566,
0.027195930481,
0.0240218639374,
0.0248420238495,
0.0252170562744,
0.0257370471954,
0.0301868915558,
0.0307030677795,
0.0283761024475,
0.029335975647,
0.0383751392365,
0.039192199707,
0.0447697639465,
0.0457677841187,
0.0353269577026,
0.0364580154419,
0.0336861610413,
0.0344409942627,
0.0369129180908,
0.0379109382629,
0.0312020778656,
0.0323340892792,
0.0270581245422,
0.0276651382446,
0.049663066864,
0.0500881671906,
0.0318400859833,
0.032105922699,
0.0343701839447,
0.0346810817719,
0.0433230400085,
0.0436449050903,
0.0212571620941,
0.0218601226807,
0.0232360363007,
0.0242140293121,
0.0405550003052,
0.0409049987793,
0.0303959846497,
0.0306470394135,
0.0330448150635,
0.0334448814392,
0.0245451927185,
0.0248250961304,
0.0216851234436,
0.0219910144806,
0.0258150100708,
0.0264539718628,
0.029088973999,
0.0297651290894,
0.0334191322327,
0.0336949825287,
0.0330419540405,
0.0342209339142,
0.0427579879761,
0.0434939861298,
0.0269241333008,
0.0281059741974,
0.0329201221466,
0.0337491035461,
0.064493894577,
0.0653548240662,
0.0766761302948,
0.0778520107269,
0.0453860759735,
0.0456590652466,
0.0312898159027,
0.031564950943,
0.0272130966187,
0.0274920463562,
0.0364689826965,
0.0367388725281,
0.0266849994659,
0.0269920825958,
0.0345380306244,
0.0347399711609,
0.0254969596863,
0.0257589817047,
0.0468668937683,
0.0473349094391,
0.0393390655518,
0.0396111011505,
0.0263381004333,
0.0266230106354,
0.0353391170502,
0.035542011261,
0.0396540164948,
0.0399739742279,
0.030326128006,
0.030818939209,
0.02996301651,
0.0302360057831,
0.0242807865143,
0.0244598388672,
0.02827501297,
0.0285089015961,
0.0322921276093,
0.0324859619141,
0.0268411636353,
0.027092218399,
0.0252301692963,
0.0260701179504,
0.0275959968567,
0.0281660556793,
0.0217230319977,
0.0219669342041,
0.0231671333313,
0.0240089893341,
0.0279071331024,
0.0287230014801,
0.0302228927612,
0.0304470062256,
0.0310578346252,
0.0314388275146,
0.0265409946442,
0.026750087738,
0.0305261611938,
0.031307220459,
0.0451519489288,
0.046746969223,
0.0270600318909,
0.0272488594055,
0.027379989624,
0.0281422138214,
0.026792049408,
0.0279130935669,
0.0264360904694,
0.0270190238953,
0.0390291213989,
0.0393218994141,
0.0264849662781,
0.0267589092255,
0.0284008979797,
0.0286240577698,
0.0229940414429,
0.0232701301575,
0.0262489318848,
0.0269379615784,
0.0703821182251,
0.0708451271057,
0.0318388938904,
0.0322949886322,
0.0547611713409,
0.0628600120544,
0.0381751060486,
0.0389351844788,
0.0565221309662,
0.0566871166229,
0.0511448383331,
0.0514528751373,
0.0407378673553,
0.0419478416443,
0.0293841362,
0.0300009250641,
0.0286030769348,
0.0288939476013,
0.0275180339813,
0.027859210968,
0.031023979187,
0.0314121246338,
0.0302209854126,
0.0310649871826,
0.0300722122192,
0.0305991172791,
0.0325698852539,
0.0336618423462,
0.0342597961426,
0.0351958274841,
0.0252940654755,
0.0259780883789,
0.0292599201202,
0.0298850536346,
0.0299429893494,
0.0302550792694,
0.0358209609985,
0.0360159873962,
0.0423080921173,
0.0425789356232,
0.0356059074402,
0.0359680652618,
0.026556968689,
0.0267691612244,
0.034255027771,
0.0344851016998,
0.0301818847656,
0.0304307937622,
0.0209131240845,
0.02117395401,
0.0289270877838,
0.0295491218567,
0.0265228748322,
0.0272789001465,
0.025918006897,
0.0268919467926,
0.0288841724396,
0.0291061401367,
0.0222949981689,
0.0225780010223,
0.0288569927216,
0.0291090011597,
0.0276641845703,
0.0278811454773,
0.023656129837,
0.0239219665527,
0.026566028595,
0.0267639160156,
0.027862071991,
0.0288500785828,
0.0352530479431,
0.0354359149933,
0.0570828914642,
0.0572798252106,
0.0502469539642,
0.0507929325104,
0.035444021225,
0.0364029407501,
0.0339710712433,
0.0356090068817,
0.0387978553772,
0.0395460128784,
0.0230810642242,
0.026319026947,
0.0445189476013,
0.0457429885864,
0.0408201217651,
0.0411319732666,
0.0221819877625,
0.035138130188,
0.029011964798,
0.0292229652405,
0.0214860439301,
0.0225801467896,
0.0281941890717,
0.0291330814362,
0.0621590614319,
0.0631759166718,
0.0299410820007,
0.0301949977875,
0.0275549888611,
0.027773141861,
0.0336859226227,
0.034099817276,
0.0258328914642,
0.0260410308838,
0.0279290676117,
0.0283010005951,
0.0232129096985,
0.02374792099,
0.0288829803467,
0.0294020175934,
0.0574638843536,
0.057657957077,
0.0346438884735,
0.0348238945007,
0.0380251407623,
0.0383291244507,
0.0461101531982,
0.0463190078735,
0.0312249660492,
0.0315370559692,
0.034154176712,
0.0343799591064,
0.0310640335083,
0.0312440395355,
0.0400521755219,
0.0404291152954,
0.0312030315399,
0.0315141677856,
0.0253460407257,
0.0257802009583,
0.0290880203247,
0.0292999744415,
0.0263028144836,
0.0264999866486,
0.0281281471252,
0.0284991264343,
0.030632019043,
0.0311079025269,
0.0436880588531,
0.0442051887512,
0.0251910686493,
0.0258438587189,
0.0320720672607,
0.0330221652985,
0.0306849479675,
0.0309228897095,
0.0285329818726,
0.0287899971008,
0.0437660217285,
0.0442130565643,
0.0304009914398,
0.0308210849762,
0.0222480297089,
0.0224730968475,
0.0252289772034,
0.026242017746,
0.0267679691315,
0.0282301902771,
0.0292148590088,
0.0293998718262,
0.0230338573456,
0.0238399505615,
0.0233790874481,
0.0242149829865,
0.0276911258698,
0.0283710956573,
0.0329430103302,
0.0339181423187,
0.029354095459,
0.0303030014038,
0.0357840061188,
0.0359790325165,
0.0281450748444,
0.028412103653,
0.0303020477295,
0.0305070877075,
0.0344309806824,
0.0346791744232,
0.0298638343811,
0.0301098823547,
0.0331149101257,
0.0333850383759,
0.0398690700531,
0.0400950908661,
0.0359690189362,
0.0361790657043,
0.0336630344391,
0.0338790416718,
0.0481190681458,
0.0483021736145,
0.0288939476013,
0.0291230678558,
0.0244169235229,
0.0246090888977,
0.0254590511322,
0.0256810188293,
0.0266280174255,
0.0268678665161,
0.0302298069,
0.0304908752441,
0.0259351730347,
0.0261611938477,
0.0263390541077,
0.0266299247742,
0.0353760719299,
0.0356109142303,
0.0390260219574,
0.0393660068512,
0.0294609069824,
0.0296790599823,
0.0457859039307,
0.0465140342712,
0.0330030918121,
0.033793926239,
0.0303819179535,
0.0317289829254,
0.032084941864,
0.0326919555664,
0.0241889953613,
0.0245659351349,
0.0235269069672,
0.0242559909821,
0.0222570896149,
0.0224859714508,
0.0336151123047,
0.0344641208649,
0.0611109733582,
0.0624258518219,
0.0336198806763,
0.0343828201294,
0.0531530380249,
0.0537619590759,
0.051421880722,
0.0519609451294,
0.0321750640869,
0.0329639911652,
0.0258810520172,
0.0266940593719,
0.0275259017944,
0.0281949043274,
0.0175309181213,
0.0405089855194,
0.0307822227478,
0.0315952301025,
0.0265190601349,
0.0266799926758,
0.0473730564117,
0.0478959083557,
0.0929601192474,
0.0936951637268,
0.0363450050354,
0.0369791984558,
0.0262880325317,
0.026556968689,
0.037290096283,
0.0383241176605,
0.05326795578,
0.0548219680786,
0.0581629276276,
0.0592489242554,
0.0319211483002,
0.03671002388,
0.0571050643921,
0.0573740005493,
0.0619988441467,
0.0622599124908,
0.0687639713287,
0.0689821243286,
0.0256669521332,
0.0259368419647,
0.0279879570007,
0.0282218456268,
0.0278580188751,
0.0280458927155,
0.0274820327759,
0.0277390480042,
0.0374209880829,
0.0377578735352,
0.0567209720612,
0.0569250583649,
0.0294959545135,
0.0297720432281,
0.0283231735229,
0.0285170078278,
0.0247719287872,
0.0256788730621,
0.0277979373932,
0.0280048847198,
0.0355949401855,
0.0395839214325,
0.0350570678711,
0.0368719100952,
0.0212008953094,
0.0214309692383,
0.03235912323,
0.0326111316681,
0.0232229232788,
0.0234549045563,
0.0382170677185,
0.0386190414429,
0.10554599762,
0.105746984482,
0.0300459861755,
0.0303928852081,
0.0287029743195,
0.0289478302002,
0.0258450508118,
0.0262150764465,
0.0300929546356,
0.0311119556427,
0.0274980068207,
0.0281798839569,
0.06874203