0.0622928142548,
0.0633459091187,
0.0382900238037,
0.0385549068451,
0.0491700172424,
0.050537109375,
0.0354650020599,
0.0463781356812,
0.0388751029968,
0.039605140686,
0.038449048996,
0.0387051105499,
0.0328199863434,
0.0330021381378,
0.0321350097656,
0.0324518680573,
0.0502519607544,
0.0504388809204,
0.0339059829712,
0.034126996994,
0.0342028141022,
0.0345799922943,
0.0327200889587,
0.0330829620361,
0.0327761173248,
0.033087015152,
0.028431892395,
0.0287230014801,
0.0229930877686,
0.023234128952,
0.0273258686066,
0.0275838375092,
0.0261628627777,
0.0265679359436,
0.0323009490967,
0.0325269699097,
0.0294108390808,
0.0296080112457,
0.0253701210022,
0.0255770683289,
0.0247759819031,
0.025593996048,
0.0276780128479,
0.0281319618225,
0.0240318775177,
0.0247569084167,
0.0296990871429,
0.0306329727173,
0.0348310470581,
0.0357730388641,
0.034031867981,
0.0357449054718,
0.0277609825134,
0.0288400650024,
0.0218319892883,
0.0230350494385,
0.0352129936218,
0.0364689826965,
0.0320448875427,
0.0333800315857,
0.0392620563507,
0.0409071445465,
0.0355470180511,
0.0369699001312,
0.0370290279388,
0.0385930538177,
0.0405471324921,
0.0417890548706,
0.0229640007019,
0.0237238407135,
0.0291769504547,
0.0306789875031,
0.0273928642273,
0.0285449028015,
0.0362691879272,
0.0377130508423,
0.0295488834381,
0.0305469036102,
0.0301260948181,
0.0315790176392,
0.0336019992828,
0.0349049568176,
0.0451371669769,
0.0466861724854,
0.0420579910278,
0.0437099933624,
0.0324101448059,
0.0331280231476,
0.0224130153656,
0.0226800441742,
0.027281999588,
0.0277101993561,
0.0319840908051,
0.0324819087982,
0.0249660015106,
0.0255770683289,
0.0233609676361,
0.0240569114685,
0.0323240756989,
0.0325400829315,
0.034924030304,
0.0351829528809,
0.0236840248108,
0.0243709087372,
0.0297570228577,
0.0308239459991,
0.0260021686554,
0.02774310112,
0.0405399799347,
0.0407390594482,
0.0468199253082,
0.0474779605865,
0.0640330314636,
0.0651512145996,
0.0264689922333,
0.0266740322113,
0.0216729640961,
0.0218849182129,
0.0285840034485,
0.028804063797,
0.0234038829803,
0.0244998931885,
0.0438919067383,
0.0455088615417,
0.0254511833191,
0.0266292095184,
0.0457398891449,
0.0460798740387,
0.0293490886688,
0.0302200317383,
0.0309660434723,
0.032674074173,
0.0366170406342,
0.0372860431671,
0.0240280628204,
0.0247960090637,
0.021684885025,
0.0222330093384,
0.0254628658295,
0.0268659591675,
0.0279548168182,
0.0284600257874,
0.0324010848999,
0.032998085022,
0.040620803833,
0.0416967868805,
0.0342469215393,
0.0358598232269,
0.0446929931641,
0.0449430942535,
0.0481839179993,
0.049623966217,
0.0418238639832,
0.0429267883301,
0.0333030223846,
0.0345470905304,
0.125319004059,
0.126863002777,
0.0844790935516,
0.0847780704498,
0.024621963501,
0.0248939990997,
0.0625340938568,
0.0627319812775,
0.0530009269714,
0.0533120632172,
0.0696048736572,
0.0705020427704,
0.0902872085571,
0.0911111831665,
0.0503838062286,
0.0518369674683,
0.0285849571228,
0.0300459861755,
0.033725976944,
0.0347549915314,
0.0314991474152,
0.0322360992432,
0.0869951248169,
0.0891752243042,
0.0392889976501,
0.0449178218842,
0.030268907547,
0.030611038208,
0.0283670425415,
0.0287590026855,
0.0237069129944,
0.02414894104,
0.0304698944092,
0.0306830406189,
0.0350790023804,
0.0352628231049,
0.0306520462036,
0.0309491157532,
0.0294809341431,
0.0297868251801,
0.0369789600372,
0.0372998714447,
0.036367893219,
0.0365829467773,
0.0318598747253,
0.0322048664093,
0.0213131904602,
0.0215911865234,
0.0268759727478,
0.0273849964142,
0.0348610877991,
0.0355749130249,
0.0303471088409,
0.0305159091949,
0.0256659984589,
0.0258750915527,
0.0314598083496,
0.0317559242249,
0.0264058113098,
0.0266499519348,
0.0258271694183,
0.0261731147766,
0.0309870243073,
0.0312008857727,
0.0211570262909,
0.0213968753815,
0.0212671756744,
0.0292840003967,
0.0311858654022,
0.0317740440369,
0.0358731746674,
0.0365090370178,
0.0370669364929,
0.0384910106659,
0.0531780719757,
0.0535409450531,
0.0439741611481,
0.044361114502,
0.0410549640656,
0.0418791770935,
0.0449850559235,
0.0456750392914,
0.0441620349884,
0.0443391799927,
0.0369760990143,
0.0377750396729,
0.0316059589386,
0.0326809883118,
0.0415179729462,
0.041825056076,
0.0280959606171,
0.0285110473633,
0.0256478786469,
0.0258688926697,
0.0351779460907,
0.0362918376923,
0.0415289402008,
0.043792963028,
0.035117149353,
0.0390520095825,
0.0361361503601,
0.0440711975098,
0.0282521247864,
0.0289840698242,
0.026004076004,
0.0271060466766,
0.0336129665375,
0.0352621078491,
0.0405061244965,
0.0409150123596,
0.0276629924774,
0.0281119346619,
0.0237691402435,
0.0240740776062,
0.0215368270874,
0.0220198631287,
0.0397591590881,
0.040472984314,
0.0222418308258,
0.0229330062866,
0.0247991085052,
0.0256149768829,
0.0257189273834,
0.0258898735046,
0.0283432006836,
0.0285270214081,
0.0241219997406,
0.0242969989777,
0.0223209857941,
0.0225689411163,
0.0223779678345,
0.0226578712463,
0.0230209827423,
0.0232319831848,
0.0248780250549,
0.0250749588013,
0.0230720043182,
0.0233111381531,
0.0250790119171,
0.0253200531006,
0.021516084671,
0.0222930908203,
0.0460841655731,
0.0489799976349,
0.050733089447,
0.0515580177307,
0.0464339256287,
0.0478038787842,
0.0656318664551,
0.0689618587494,
0.0929539203644,
0.0932040214539,
0.0264029502869,
0.0274610519409,
0.0469779968262,
0.0523021221161,
0.0409488677979,
0.0417029857635,
0.0337190628052,
0.0345661640167,
0.129104137421,
0.131443977356,
0.0455179214478,
0.0459508895874,
0.0347011089325,
0.0358409881592,
0.0318660736084,
0.0330839157104,
0.042906999588,
0.0468049049377,
0.0350940227509,
0.0352940559387,
0.0262279510498,
0.0272529125214,
0.028450012207,
0.0293378829956,
0.0447499752045,
0.0464041233063,
0.0547459125519,
0.0550830364227,
0.0284810066223,
0.0288848876953,
0.0553438663483,
0.0555338859558,
0.0238468647003,
0.0241050720215,
0.0295548439026,
0.0298628807068,
0.0397589206696,
0.0400569438934,
0.0393640995026,
0.0397028923035,
0.0213878154755,
0.0216019153595,
0.0430490970612,
0.0435979366302,
0.0241060256958,
0.0248391628265,
0.0252909660339,
0.0259680747986,
0.0318291187286,
0.0321938991547,
0.0311961174011,
0.0314021110535,
0.0326800346375,
0.0331180095673,
0.0403699874878,
0.0406270027161,
0.0533440113068,
0.0541648864746,
0.0464220046997,
0.0473129749298,
0.0289769172668,
0.0298750400543,
0.0336990356445,
0.0351209640503,
0.071946144104,
0.0726721286774,
0.0306620597839,
0.0390920639038,
0.0386250019073,
0.0400688648224,
0.0350170135498,
0.0359451770782,
0.0364918708801,
0.037978887558,
0.0367081165314,
0.0383629798889,
0.0367720127106,
0.0378589630127,
0.0290679931641,
0.0297830104828,
0.0515968799591,
0.0533418655396,
0.0253441333771,
0.0263290405273,
0.0361878871918,
0.0367908477783,
0.023365020752,
0.0243852138519,
0.0384769439697,
0.0395610332489,
0.0265171527863,
0.0273480415344,
0.025573015213,
0.0262198448181,
0.0348119735718,
0.035619020462,
0.0282959938049,
0.0285031795502,
0.0278589725494,
0.0280549526215,
0.0293338298798,
0.0295979976654,
0.0261647701263,
0.026407957077,
0.025906085968,
0.026113986969,
0.0218122005463,
0.0220160484314,
0.0252370834351,
0.0254199504852,
0.0302929878235,
0.0304658412933,
0.0275568962097,
0.0278408527374,
0.0273149013519,
0.0275058746338,
0.02738904953,
0.0275781154633,
0.0273580551147,
0.027617931366,
0.0269920825958,
0.0271790027618,
0.023041009903,
0.0233190059662,
0.0229921340942,
0.0232779979706,
0.0235071182251,
0.0237829685211,
0.02374792099,
0.0246469974518,
0.0308010578156,
0.03156208992,
0.0373771190643,
0.0379459857941,
0.0474860668182,
0.048623085022,
0.0268769264221,
0.0270848274231,
0.0261170864105,
0.0263609886169,
0.0240981578827,
0.0242631435394,
0.0304889678955,
0.0306768417358,
0.0326039791107,
0.0328390598297,
0.0323619842529,
0.0325450897217,
0.0288920402527,
0.0296061038971,
0.0365250110626,
0.0372591018677,
0.0318078994751,
0.032881975174,
0.0313289165497,
0.0319728851318,
0.0255839824677,
0.0262429714203,
0.0294909477234,
0.0312690734863,
0.0327658653259,
0.0338709354401,
0.0279049873352,
0.028599023819,
0.03551197052,
0.0369431972504,
0.0318222045898,
0.0330131053925,
0.0325348377228,
0.0333738327026,
0.0296928882599,
0.0320580005646,
0.0277700424194,
0.0287618637085,
0.0321400165558,
0.0328869819641,
0.0398161411285,
0.0411779880524,
0.104179859161,
0.104439020157,
0.0295190811157,
0.0297410488129,
0.0320589542389,
0.032418012619,
0.0273079872131,
0.0275189876556,
0.0268609523773,
0.0271608829498,
0.033273935318,
0.0335698127747,
0.0331988334656,
0.0341639518738,
0.024493932724,
0.0250608921051,
0.032084941864,
0.0326919555664,
0.0301971435547,
0.031063079834,
0.0251607894897,
0.0261268615723,
0.0295381546021,
0.0306160449982,
0.0362930297852,
0.0373401641846,
0.0353610515594,
0.0362160205841,
0.033903837204,
0.0348608493805,
0.0364489555359,
0.0376009941101,
0.0658249855042,
0.0662589073181,
0.0490708351135,
0.0492668151855,
0.030669927597,
0.030914068222,
0.0354089736938,
0.0357320308685,
0.0414378643036,
0.0416250228882,
0.0439529418945,
0.0441379547119,
0.0827348232269,
0.0829219818115,
0.040452003479,
0.0408320426941,
0.0285110473633,
0.0289440155029,
0.0347230434418,
0.0421152114868,
0.0283510684967,
0.029205083847,
0.0269739627838,
0.0275640487671,
0.025505065918,
0.026349067688,
0.0254929065704,
0.0263738632202,
0.0231540203094,
0.0238580703735,
0.0234670639038,
0.0243670940399,
0.0288259983063,
0.0298101902008,
0.0207149982452,
0.021381855011,
0.0265309810638,
0.0273160934448,
0.0246448516846,
0.0254230499268,
0.0299110412598,
0.0303099155426,
0.0227980613708,
0.0234789848328,
0.0280539989471,
0.0282621383667,
0.0262558460236,
0.0264959335327,
0.0286679267883,
0.028951883316,
0.0230798721313,
0.0238268375397,
0.0316588878632,
0.0318479537964,
0.0446541309357,
0.0496430397034,
0.0328750610352,
0.0342650413513,
0.0415132045746,
0.0422451496124,
0.040050983429,
0.0428462028503,
0.0902359485626,
0.0904200077057,
0.0502920150757,
0.0507950782776,
0.105435848236,
0.106364011765,
0.026526927948,
0.0267579555511,
0.0442090034485,
0.0448889732361,
0.0341830253601,
0.0353081226349,
0.0514028072357,
0.053023815155,
0.0377991199493,
0.0389099121094,
0.0529701709747,
0.0540890693665,
0.0285828113556,
0.0297749042511,
0.0634610652924,
0.0639989376068,
0.0280969142914,
0.0294549465179,
0.0289700031281,
0.030387878418,
0.0257320404053,
0.027575969696,
0.0411410331726,
0.0413210391998,
0.0620589256287,
0.0625197887421,
0.0883760452271,
0.0889039039612,
0.0387859344482,
0.0394239425659,
0.0857038497925,
0.086324930191,
0.0216488838196,
0.0228550434113,
0.0277531147003,
0.0282790660858,
0.0377950668335,
0.0383961200714,
0.0269899368286,
0.0272679328918,
0.023148059845,
0.0243039131165,
0.0299470424652,
0.0322260856628,
0.027232170105,
0.0289850234985,
0.0329899787903,
0.0414998531342,
0.0405960083008,
0.0408380031586,
0.0228290557861,
0.0236279964447,
0.0279438495636,
0.0285549163818,
0.0251049995422,
0.0257639884949,
0.0327949523926,
0.0336990356445,
0.0136971473694,
0.032289981842,
0.030730009079,
0.031035900116,
0.0750470161438,
0.0757639408112,
0.0368888378143,
0.0377759933472,
0.0737340450287,
0.0747079849243,
0.0283300876617,
0.0289349555969,
0.0524139404297,
0.0542788505554,
0.0231409072876,
0.0237770080566,
0.0460350513458,
0.0471000671387,
0.0409939289093,
0.0412428379059,
0.0350799560547,
0.0360269546509,
0.0281240940094,
0.034175157547,
0.0266151428223,
0.0272982120514,
0.0408580303192,
0.0491819381714,
0.0315201282501,
0.0327229499817,
0.0310790538788,
0.0318229198456,
0.0321371555328,
0.0353181362152,
0.0306370258331,
0.0313868522644,
0.0442328453064,
0.0450620651245,
0.0187079906464,
0.0198729038239,
0.0371119976044,
0.0378220081329,
0.0287289619446,
0.0300810337067,
0.0448398590088,
0.0456190109253,
0.0353229045868,
0.0364689826965,
0.0250570774078,
0.0252380371094,
0.0479769706726,
0.0481541156769,
0.0342829227448,
0.0345160961151,
0.0319089889526,
0.0320909023285,
0.0310389995575,
0.0312139987946,
0.0271248817444,
0.0273349285126,
0.0345778465271,
0.0378799438477,
0.0322971343994,
0.0359511375427,
0.0378160476685,
0.0384540557861,
0.0290780067444,
0.029913187027,
0.0475149154663,
0.0512130260468,
0.0353610515594,
0.0372040271759,
0.0356950759888,
0.0361790657043,
0.0292119979858,
0.031406879425,
0.0314469337463,
0.0325410366058,
0.0267918109894,
0.0277268886566,
0.0331809520721,
0.034786939621,
0.0287120342255,
0.0293090343475,
0.0823800563812,
0.083514213562,
0.0511701107025,
0.0539910793304,
0.0521609783173,
0.0529868602753,
0.0839669704437,
0.0847270488739,
0.050626039505,
0.0508420467377,
0.0317718982697,
0.0319769382477,
0.0233519077301,
0.0238120555878,
0.0316791534424,
0.0319559574127,
0.0285398960114,
0.0288150310516,
0.0341730117798,
0.0357949733734,
0.0310108661652,
0.0330150127411,
0.0361909866333,
0.0370719432831,
0.0281610488892,
0.0295760631561,
0.031023979187,
0.0320839881897,
0.0427541732788,
0.0459871292114,
0.0235579013824,
0.0421929359436,
0.03297996521,
0.0340528488159,
0.0300309658051,
0.0327708721161,
0.0316989421844,
0.0329201221466,
0.0366208553314,
0.037682056427,
0.0421440601349,
0.0435791015625,
0.046511888504,
0.0478720664978,
0.0653522014618,
0.0662682056427,
0.0447640419006,
0.0459630489349,
0.0767278671265,
0.0782899856567,
0.0504088401794,
0.0508899688721,
0.117918968201,
0.118563175201,
0.0338540077209,
0.03422498703,
0.0297079086304,
0.0300090312958,
0.0293891429901,
0.0305202007294,
0.0348958969116,
0.0351128578186,
0.0257999897003,
0.0260760784149,
0.0348279476166,
0.0350651741028,
0.0246748924255,
0.0253269672394,
0.0228359699249,
0.0235180854797,
0.0278460979462,
0.028156042099,
0.0366160869598,
0.0367960929871,
0.026820898056,
0.0270318984985,
0.0282299518585,
0.0284490585327,
0.0421738624573,
0.0424258708954,
0.0264101028442,
0.0276620388031,
0.0363318920135,
0.0391218662262,
0.0220170021057,
0.0230169296265,
0.0313901901245,
0.0315890312195,
0.0336470603943,
0.033851146698,
0.029853105545,
0.0300621986389,
0.0291180610657,
0.029797077179,
0.0333390235901,
0.0337810516357,
0.0357601642609,
0.0369431972504,
0.036190032959,
0.0373511314392,
0.0316941738129,
0.0325469970703,
0.0457489490509,
0.0459890365601,
0.026006937027,
0.0263640880585,
0.0281500816345,
0.0283849239349,
0.0405838489532,
0.0409297943115,
0.0328969955444,
0.0332298278809,
0.0653550624847,
0.0655491352081,
0.0329041481018,
0.0330879688263,
0.0267720222473,
0.0272748470306,
0.0301089286804,
0.0303390026093,
0.023444890976,
0.0236930847168,
0.023325920105,
0.0235600471497,
0.0273721218109,
0.0280349254608,
0.0237929821014,
0.0242629051208,
0.0391609668732,
0.0394461154938,
0.0371389389038,
0.0374050140381,
0.0311441421509,
0.033164024353,
0.0378830432892,
0.0417010784149,
0.0410451889038,
0.0426731109619,
0.0284860134125,
0.0286860466003,
0.0373950004578,
0.0375838279724,
0.0366678237915,
0.0368888378143,
0.0351960659027,
0.0354239940643,
0.0380618572235,
0.0388708114624,
0.0239820480347,
0.024209022522,
0.0278470516205,
0.0280930995941,
0.0237908363342,
0.0240778923035,
0.0238490104675,
0.0242109298706,
0.0281810760498,
0.029139995575,
0.0281839370728,
0.0290250778198,
0.0240800380707,
0.0249209403992,
0.0233540534973,
0.0237350463867,
0.0270819664001,
0.0273427963257,
0.0268759727478,
0.0272090435028,
0.033401966095,
0.03391289711,
0.0330619812012,
0.0332570075989,
0.0323331356049,
0.0326039791107,
0.0397758483887,
0.0402929782867,
0.0334539413452,
0.0339040756226,
0.0328779220581,
0.0332639217377,
0.0363569259644,
0.0366199016571,
0.0335321426392,
0.034567117691,
0.0299441814423,
0.030709028244,
0.0242938995361,
0.0253190994263,
0.0199539661407,
0.048369884491,
0.0380439758301,
0.0382459163666,
0.030690908432,
0.0308749675751,
0.0155391693115,
0.0315730571747,
0.0388150215149,
0.039076089859,
0.022766828537,
0.0230469703674,
0.0398049354553,
0.0401139259338,
0.0243048667908,
0.0252740383148,
0.0398859977722,
0.0445940494537,
0.0369439125061,
0.0371298789978,
0.0486578941345,
0.0495948791504,
0.0470929145813,
0.0473079681396,
0.0226600170135,
0.0228869915009,
0.0266618728638,
0.0274119377136,
0.0282318592072,
0.0294790267944,
0.0224268436432,
0.0231268405914,
0.0320210456848,
0.0322289466858,
0.026034116745,
0.0263421535492,
0.0222780704498,
0.0225491523743,
0.0218920707703,
0.0221319198608,
0.0279829502106,
0.0282061100006,
0.0381460189819,
0.0389680862427,
0.0572650432587,
0.0576980113983,
0.0258529186249,
0.029541015625,
0.0504939556122,
0.0507569313049,
0.0217299461365,
0.0219688415527,
0.0224158763885,
0.022607088089,
0.0284230709076,
0.028792142868,
0.0235381126404,
0.0237441062927,
0.0290729999542,
0.0293819904327,
0.0242030620575,
0.0244219303131,
0.0307469367981,
0.0309629440308,
0.0308620929718,
0.0310959815979,
0.0370330810547,
0.0381441116333,
0.0244970321655,
0.0248548984528,
0.0269560813904,
0.0277950763702,
0.0330328941345,
0.0332369804382,
0.0340929031372,
0.0343129634857,
0.0344820022583,
0.034793138504,
0.0219559669495,
0.0222380161285,
0.0214238166809,
0.0217390060425,
0.0327658653259,
0.0329639911652,
0.0380871295929,
0.038330078125,
0.0776000022888,
0.0783450603485,
0.0626819133759,
0.0642139911652,
0.0421059131622,
0.04314494133,
0.0240089893341,
0.024395942688,
0.0245780944824,
0.0251121520996,
0.0205798149109,
0.0207810401917,
0.0323340892792,
0.0331969261169,
0.0339019298553,
0.0352818965912,
0.0373630523682,
0.038241147995,
0.0286719799042,
0.0291738510132,
0.0358748435974,
0.0361669063568,
0.0266680717468,
0.026869058609,
0.0345470905304,
0.0348920822144,
0.0244188308716,
0.024612903595,
0.0260119438171,
0.0262899398804,
0.0273840427399,
0.0276019573212,
0.0275609493256,
0.0277800559998,
0.0268959999084,
0.0270731449127,
0.0371160507202,
0.0376529693604,
0.0299627780914,
0.0306220054626,
0.0292270183563,
0.0295059680939,
0.0227041244507,
0.0229921340942,
0.0314970016479,
0.0320599079132,
0.0325701236725,
0.0334610939026,
0.0217618942261,
0.0221090316772,
0.0290951728821,
0.0293791294098,
0.0311648845673,
0.031436920166,
0.0259819030762,
0.0261840820312,
0.0297708511353,
0.0299530029297,
0.0297210216522,
0.0300168991089,
0.0401611328125,
0.0427830219269,
0.0435771942139,
0.0443332195282,
0.0291180610657,
0.0300350189209,
0.0505659580231,
0.0508840084076,
0.0272688865662,
0.0280959606171,
0.0657598972321,
0.0672459602356,
0.0652470588684,
0.0656991004944,
0.107640981674,
0.108092784882,
0.0561649799347,
0.056648015976,
0.027617931366,
0.0278120040894,
0.0328810214996,
0.0330989360809,
0.0291719436646,
0.0296120643616,
0.0269050598145,
0.0271511077881,
0.022570848465,
0.0228269100189,
0.0271618366241,
0.0273449420929,
0.0267519950867,
0.0270020961761,
0.0226728916168,
0.0229279994965,
0.0264768600464,
0.0267817974091,
0.0292799472809,
0.0294678211212,
0.0368180274963,
0.037605047226,
0.0244240760803,
0.0250649452209,
0.0243120193481,
0.0252130031586,
0.0230350494385,
0.0238111019135,
0.0230319499969,
0.0240430831909,
0.0309898853302,
0.0320558547974,
0.0340449810028,
0.0372021198273,
0.0356872081757,
0.0359590053558,
0.0548799037933,
0.0553209781647,
0.0312049388885,
0.0313799381256,
0.0712049007416,
0.0715570449829,
0.0331089496613,
0.0333299636841,
0.0352108478546,
0.0354368686676,
0.0422368049622,
0.0426709651947,
0.0266649723053,
0.0268950462341,
0.030867099762,
0.0317730903625,
0.0281190872192,
0.0292809009552,
0.0348060131073,
0.035609960556,
0.0326101779938,
0.0327951908112,
0.0369489192963,
0.0371479988098,
0.0355668067932,
0.0357739925385,
0.0274579524994,
0.0276808738708,
0.0641369819641,
0.0648379325867,
0.0448770523071,
0.0465021133423,
0.0306961536407,
0.03089594841,
0.0314910411835,
0.032830953598,
0.0332481861115,
0.0343341827393,
0.0371150970459,
0.0380880832672,
0.0529448986053,
0.0536870956421,
0.0262680053711,
0.0275819301605,
0.0303270816803,
0.0605449676514,
0.0560779571533,
0.0564339160919,
0.0900819301605,
0.0902590751648,
0.0219829082489,
0.0226299762726,
0.0996129512787,
0.10341501236,
0.0307099819183,
0.0316321849823,
0.0525939464569,
0.0541369915009,
0.0636229515076,
0.0643219947815,
0.045706987381,
0.0472130775452,
0.0392110347748,
0.0394439697266,
0.0254290103912,
0.0259261131287,
0.0274457931519,
0.0278317928314,
0.0219528675079,
0.022882938385,
0.025584936142,
0.0258178710938,
0.0279250144958,
0.0290341377258,
0.0268471240997,
0.0281410217285,
0.026477098465,
0.0283091068268,
0.0302138328552,
0.0304539203644,
0.0317268371582,
0.032408952713,
0.0422489643097,
0.044303894043,
0.0369200706482,
0.037162065506,
0.0281920433044,
0.0293650627136,
0.0283839702606,
0.0285930633545,
0.0490641593933,
0.0493450164795,
0.0302839279175,
0.0304698944092,
0.0261888504028,
0.0264508724213,
0.0704889297485,
0.0711798667908,
0.0335171222687,
0.0345461368561,
0.0339131355286,
0.035952091217,
0.0240030288696,
0.0246419906616,
0.0344529151917,
0.03484582901,
0.0227828025818,
0.0230548381805,
0.0262439250946,
0.0275480747223,
0.0243830680847,
0.0252048969269,
0.0277531147003,
0.0280029773712,
0.0273499488831,
0.0275449752808,
0.023374080658,
0.0236370563507,
0.023285150528,
0.0237281322479,
0.0319230556488,
0.0321362018585,
0.0271940231323,
0.0276658535004,
0.0269539356232,
0.027147769928,
0.0229110717773,
0.0231630802155,
0.0266561508179,
0.0268859863281,
0.022125005722,
0.0223619937897,
0.0284600257874,
0.0286710262299,
0.0232269763947,
0.0242049694061,
0.0379700660706,
0.0383360385895,
0.0309388637543,
0.0362160205841,
0.0355529785156,
0.0369389057159,
0.0312550067902,
0.0319640636444,
0.0310270786285,
0.0327501296997,
0.0326120853424,
0.033350944519,
0.0308709144592,
0.0311679840088,
0.0249559879303,
0.0263478755951,
0.0243480205536,
0.026654958725,
0.0230078697205,
0.0240828990936,
0.0218389034271,
0.0230259895325,
0.0259778499603,
0.0263497829437,
0.0282130241394,
0.0286118984222,
0.0243430137634,
0.0255098342896,
0.0267579555511,
0.0282318592072,
0.0335710048676,
0.0350430011749,
0.0348539352417,
0.0357239246368,
0.0326390266418,
0.0329439640045,
0.0298080444336,
0.0308220386505,
0.0215680599213,
0.0218060016632,
0.0360209941864,
0.0362391471863,
0.0283470153809,
0.0286540985107,
0.0275599956512,
0.0283069610596,
0.0213119983673,
0.0221328735352,
0.0232880115509,
0.0235109329224,
0.0223350524902,
0.0225961208344,
0.0346510410309,
0.0357429981232,
0.0365431308746,
0.0374400615692,
0.0292751789093,
0.0294661521912,
0.0371980667114,
0.03737616539,
0.0325679779053,
0.032860994339,
0.0314259529114,
0.0457220077515,
0.0296101570129,
0.0298931598663,
0.0218899250031,
0.0221810340881,
0.026682138443,
0.0269060134888,
0.0237009525299,
0.0241990089417,
0.0280079841614,
0.0282537937164,
0.0302059650421,
0.0304210186005,
0.0384650230408,
0.0393710136414,
0.0212309360504,
0.0214619636536,
0.0334899425507,
0.0337390899658,
0.0292251110077,
0.0297141075134,
0.0271730422974,
0.0273520946503,
0.0318858623505,
0.0320899486542,
0.0274760723114,
0.0276930332184,
0.0270311832428,
0.0272150039673,
0.0374460220337,
0.0384519100189,
0.0224270820618,
0.0232589244843,
0.0254130363464,
0.0261669158936,
0.0242459774017,
0.0249691009521,
0.0264940261841,
0.0268659591675,
0.0226299762726,
0.0229258537292,
0.0280649662018,
0.0285558700562,
0.0222270488739,
0.0224809646606,
0.0225059986115,
0.0227620601654,
0.0284299850464,
0.0286419391632,
0.0288980007172,
0.0293259620667,
0.0285699367523,
0.0288939476013,
0.0245499610901,
0.0247900485992,
0.0281319618225,
0.0289399623871,
0.0250718593597,
0.0262458324432,
0.0337390899658,
0.0340051651001,
0.022243976593,
0.0224320888519,
0.0318500995636,
0.032623052597,
0.0295689105988,
0.0300500392914,
0.0346210002899,
0.0348072052002,
0.028822183609,
0.029018163681,
0.0296878814697,
0.0300090312958,
0.0271620750427,
0.027487039566,
0.028431892395,
0.0286200046539,
0.0278420448303,
0.028107881546,
0.0291409492493,
0.030464887619,
0.0258240699768,
0.0267670154572,
0.0297110080719,
0.0308408737183,
0.0234580039978,
0.0245599746704,
0.034059047699,
0.0350561141968,
0.0291359424591,
0.0300459861755,
0.0284690856934,
0.0295701026917,
0.0312418937683,
0.0320470333099,
0.034451007843,
0.0347001552582,
0.0281419754028,
0.028370141983,
0.04381108284,
0.0450029373169,
0.0430130958557,
0.0437080860138,
0.115720033646,
0.11692404747,
0.0407478809357,
0.0413188934326,
0.0931651592255,
0.0952110290527,
0.066890001297,
0.0675518512726,
0.0270581245422,
0.0272381305695,
0.0245459079742,
0.0247869491577,
0.0278677940369,
0.0280869007111,
0.0224640369415,
0.0227341651917,
0.0337030887604,
0.0339930057526,
0.0449318885803,
0.0457208156586,
0.044075012207,
0.0447428226471,
0.0273640155792,
0.0279259681702,
0.0432150363922,
0.0437610149384,
0.027107000351,
0.0272829532623,
0.0444090366364,
0.044685125351,
0.0366101264954,
0.0375139713287,
0.0237159729004,
0.0239751338959,
0.022794008255,
0.023029088974,
0.0278458595276,
0.0281720161438,
0.027939081192,
0.0281171798706,
0.0249619483948,
0.0252680778503,
0.0275180339813,
0.0285620689392,
0.0238661766052,
0.0248820781708,
0.0274648666382,
0.0283470153809,
0.0269031524658,
0.0271360874176,
0.0313060283661,
0.0316081047058,
0.0282709598541,
0.0284831523895,
0.0225689411163,
0.0229949951172,
0.0420939922333,
0.0423979759216,
0.0331509113312,
0.0338900089264,
0.0324630737305,
0.0332100391388,
0.0519099235535,
0.0530569553375,
0.0975630283356,
0.0978350639343,
0.029807806015,
0.0300278663635,
0.0389149188995,
0.0394699573517,
0.0344488620758,
0.0348100662231,
0.0783309936523,
0.0790510177612,
0.0333452224731,
0.0335490703583,
0.0339739322662,
0.034187078476,
0.0280289649963,
0.0283949375153,
0.0361981391907,
0.0367109775543,
0.0471789836884,
0.0474939346313,
0.0346558094025,
0.0348439216614,
0.0336439609528,
0.0339779853821,
0.0476160049438,
0.0477919578552,
0.0303640365601,
0.0306050777435,
0.035856962204,
0.0365989208221,
0.0380799770355,
0.0386819839478,
0.0397889614105,
0.0404119491577,
0.0329961776733,
0.0332889556885,
0.0392279624939,
0.0397479534149,
0.0311179161072,
0.0321080684662,
0.0269289016724,
0.0279049873352,
0.0279648303986,
0.0283069610596,
0.0214929580688,
0.0227069854736,
0.023090839386,
0.0242269039154,
0.0296230316162,
0.0308611392975,
0.0355169773102,
0.0375988483429,
0.0282928943634,
0.0285038948059,
0.025976896286,
0.0262157917023,
0.0314528942108,
0.0316948890686,
0.0228750705719,
0.0231239795685,
0.0268609523773,
0.0273370742798,
0.0298779010773,
0.0300738811493,
0.0407078266144,
0.0410130023956,
0.0271418094635,
0.0273859500885,
0.0347189903259,
0.0349209308624,
0.0344128608704,
0.0346460342407,
0.0352778434753,
0.0361080169678,
0.0329010486603,
0.0341539382935,
0.0323519706726,
0.0325620174408,
0.0388689041138,
0.0390529632568,
0.0307810306549,
0.030944108963,
0.0226490497589,
0.0229048728943,
0.034273147583,
0.035444021225,
0.0266120433807,
0.0279221534729,
0.0234088897705,
0.023640871048,
0.0341701507568,
0.0353100299835,
0.027125120163,
0.0283720493317,
0.0331649780273,
0.0333559513092,
0.0231900215149,
0.0233821868896,
0.026880979538,
0.0273039340973,
0.0575239658356,
0.0578079223633,
0.0258510112762,
0.0261340141296,
0.0307021141052,
0.0309960842133,
0.024698972702,
0.0251939296722,
0.0612299442291,
0.0614330768585,
0.0428910255432,
0.0432739257812,
0.035973072052,
0.03630900383,
0.0501141548157,
0.0502891540527,
0.0349750518799,
0.035187959671,
0.03662109375,
0.0368719100952,
0.0357739925385,
0.0359840393066,
0.0267119407654,
0.0270471572876,
0.025444984436,
0.02570104599,
0.0285110473633,
0.0286910533905,
0.026340007782,
0.0267248153687,
0.043349981308,
0.0449190139771,
0.0268490314484,
0.0277440547943,
0.0264041423798,
0.0276069641113,
0.0369200706482,
0.0376009941101,
0.020751953125,
0.0213439464569,
0.0337710380554,
0.0340740680695,
0.0233709812164,
0.0236539840698,
0.0250918865204,
0.025367975235,
0.024719953537,
0.0249428749084,
0.0311329364777,
0.0314319133759,
0.027529001236,
0.0277459621429,
0.036285161972,
0.0402040481567,
0.0276248455048,
0.0279479026794,
0.0237720012665,
0.0239579677582,
0.0273938179016,
0.0276119709015,
0.0250618457794,
0.0252568721771,
0.0223140716553,
0.0226171016693,
0.0241940021515,
0.0244619846344,
0.027811050415,
0.0281498432159,
0.0484530925751,
0.0488040447235,
0.0228810310364,
0.023176908493,
0.0808339118958,
0.0810880661011,
0.0969247817993,
0.0970799922943,
0.0170600414276,
0.0183529853821,
0.0238270759583,
0.024808883667,
0.02414894104,
0.0244200229645,
0.0219550132751,
0.0222899913788,
0.0259370803833,
0.0262079238892,
0.0214788913727,
0.0222208499908,
0.0297999382019,
0.0305950641632,
0.0320289134979,
0.0334408283234,
0.0275161266327,
0.0286991596222,
0.0276000499725,
0.028470993042,
0.0273249149323,
0.0283298492432,
0.0222980976105,
0.0232610702515,
0.0304219722748,
0.0313160419464,
0.0336039066315,
0.0345430374146,
0.0389008522034,
0.0397229194641,
0.0300929546356,
0.0303928852081,
0.031476020813,
0.0316560268402,
0.0325589179993,
0.0327429771423,
0.0277070999146,
0.0279190540314,
0.0229568481445,
0.0233628749847,
0.0333781242371,
0.0345230102539,
0.0285501480103,
0.0292971134186,
0.195223093033,
0.209933042526,
0.0245630741119,
0.0257399082184,
0.0351209640503,
0.036159992218,
0.0247731208801,
0.0255920886993,
0.0307919979095,
0.031622171402,
0.0389728546143,
0.0392210483551,
0.0307919979095,
0.0310468673706,
0.0258741378784,
0.0267899036407,
0.0276980400085,
0.0278761386871,
0.0215630531311,
0.0218341350555,
0.0295689105988,
0.03014087677,
0.0298960208893,
0.031327009201,
0.0246410369873,
0.0248911380768,
0.0277898311615,
0.0280017852783,
0.0233011245728,
0.0240819454193,
0.0603759288788,
0.060986995697,
0.0328781604767,
0.0331420898438,
0.0362930297852,
0.0365018844604,
0.0622789859772,
0.0625030994415,
0.0615680217743,
0.062301158905,
0.0217640399933,
0.0219621658325,
0.0277900695801,
0.0279750823975,
0.0247709751129,
0.025013923645,
0.0254309177399,
0.025682926178,
0.0297939777374,
0.0304718017578,
0.0755479335785,
0.0765120983124,
0.0373711585999,
0.037994146347,
0.0481750965118,
0.0486450195312,
0.0332520008087,
0.0362911224365,
0.0300271511078,
0.030513048172,
0.0259189605713,
0.0268149375916,
0.0297958850861,
0.0304498672485,
0.0320918560028,
0.0328738689423,
0.0308179855347,
0.0318479537964,
0.0386509895325,
0.04012799263,
0.0272901058197,
0.0275208950043,
0.0229377746582,
0.0231549739838,
0.0232961177826,
0.0236179828644,
0.0229079723358,
0.0238420963287,
0.0306560993195,
0.0315489768982,
0.0274331569672,
0.0281422138214,
0.0310411453247,
0.0321490764618,
0.0226249694824,
0.0234348773956,
0.027291059494,
0.028284072876,
0.0268449783325,
0.0277650356293,
0.0266301631927,
0.0276739597321,
0.194159030914,
0.194922208786,
0.0282728672028,
0.0293748378754,
0.0216209888458,
0.0225059986115,
0.0294299125671,
0.029659986496,
0.0229151248932,
0.0231621265411,
0.0217499732971,
0.0220098495483,
0.0249969959259,
0.0259339809418,
0.0586090087891,
0.0595848560333,
0.0696160793304,
0.0708611011505,
0.0262660980225,
0.0276641845703,
0.0272090435028,
0.0281910896301,
0.0306801795959,
0.0314810276031,
0.0328710079193,
0.0340459346771,
0.0266890525818,
0.0277988910675,
0.0327100753784,
0.0337581634521,
0.0328688621521,
0.0340478420258,
0.0401890277863,
0.0451209545135,
0.0322389602661,
0.0325889587402,
0.0482540130615,
0.0492811203003,
0.0329079627991,
0.0337200164795,
0.0323421955109,
0.032543182373,
0.027755022049,
0.0280520915985,
0.0718550682068,
0.0724360942841,
0.0639088153839,
0.0644898414612,
0.0591239929199,
0.0606119632721,
0.0916678905487,
0.0922639369965,
0.0425009727478,
0.0434517860413,
0.0712950229645,
0.0719521045685,
0.0584888458252,
0.058737039566,
0.0264019966125,
0.0265951156616,
0.0357120037079,
0.0367407798767,
0.0396139621735,
0.0519421100616,
0.0357179641724,
0.0363729000092,
0.0329341888428,
0.0338940620422,
0.0357308387756,
0.0363798141479,
0.0283541679382,
0.0285580158234,
0.0253489017487,
0.0256319046021,
0.0294659137726,
0.0298178195953,
0.0250880718231,
0.0253789424896,
0.0363471508026,
0.0366711616516,
0.0421319007874,
0.0423169136047,
0.0254518985748,
0.0257458686829,
0.0309109687805,
0.0311150550842,
0.0306761264801,
0.0308721065521,
0.0694358348846,
0.0696649551392,
0.0273900032043,
0.0276198387146,
0.0231308937073,
0.0233891010284,
0.0353119373322,
0.0365960597992,
0.0272431373596,
0.0285420417786,
0.0253348350525,
0.0257039070129,
0.0397710800171,
0.0404329299927,
0.0270020961761,
0.027204990387,
0.0286200046539,
0.0288949012756,
0.032408952713,
0.0326311588287,
0.0308911800385,
0.031800031662,
0.0258688926697,
0.0260820388794,
0.0503399372101,
0.0505518913269,
0.0297589302063,
0.0299639701843,
0.0258650779724,
0.0263979434967,
0.0330419540405,
0.0333340167999,
0.0276260375977,
0.0285551548004,
0.033417224884,
0.0348660945892,
0.0313091278076,
0.0323100090027,
0.0301139354706,
0.0378410816193,
0.0374410152435,
0.0378739833832,
0.0266590118408,
0.0268521308899,
0.0240058898926,
0.0241940021515,
0.0246000289917,
0.024847984314,
0.0402479171753,
0.040559053421,
0.0278677940369,
0.0287549495697,
0.0278670787811,
0.0281479358673,
0.027734041214,
0.0279569625854,
0.0299320220947,
0.0304470062256,
0.0242559909821,
0.0244719982147,
0.0402960777283,
0.0407059192657,
0.0226559638977,
0.0228521823883,
0.0431740283966,
0.0433709621429,
0.0793340206146,
0.0795328617096,
0.0746610164642,
0.0748879909515,
0.0352580547333,
0.0356171131134,
0.0341730117798,
0.0347459316254,
0.0252850055695,
0.0259239673615,
0.0301251411438,
0.0306210517883,
0.0279738903046,
0.0283539295197,
0.023050069809,
0.0233199596405,
0.0430581569672,
0.0433130264282,
0.024108171463,
0.0243511199951,
0.0262131690979,
0.0264670848846,
0.0328898429871,
0.0336649417877,
0.0261058807373,
0.0270059108734,
0.0260179042816,
0.0267188549042,
0.024600982666,
0.0258059501648,
0.0241720676422,
0.0252029895782,
0.0237278938293,
0.0248510837555,
0.0245580673218,
0.0254390239716,
0.125782012939,
0.127687931061,
0.0403559207916,
0.0407309532166,
0.0336389541626,
0.0347149372101,
0.0234100818634,
0.0236220359802,
0.0341448783875,
0.0345320701599,
0.0246272087097,
0.0249280929565,
0.0285449028015,
0.0292980670929,
0.0267298221588,
0.0280268192291,
0.0321960449219,
0.0328350067139,
0.116859197617,
0.118974208832,
0.124794006348,
0.125428915024,
0.0448260307312,
0.0450220108032,
0.0721609592438,
0.0724709033966,
0.0398850440979,
0.0401699542999,
0.0313730239868,
0.0317528247833,
0.0268740653992,
0.0271239280701,
0.0378861427307,
0.0381281375885,
0.0305490493774,
0.0307319164276,
0.0411958694458,
0.0419759750366,
0.0416460037231,
0.0439469814301,
0.0507638454437,
0.0509297847748,
0.0746319293976,
0.074816942215,
0.0684010982513,
0.0685901641846,
0.0417029857635,
0.047397851944,
0.0285539627075,
0.029422044754,
0.0371499061584,
0.0381519794464,
0.0303919315338,
0.0313289165497,
0.0340781211853,
0.0349631309509,
0.0313079357147,
0.0321309566498,
0.0225129127502,
0.0231189727783,
0.0239608287811,
0.0247538089752,
0.0268709659576,
0.0274670124054,
0.0272889137268,
0.0288801193237,
0.0400829315186,
0.0411050319672,
0.0412650108337,
0.0426430702209,
0.0278079509735,
0.0285501480103,
0.0336787700653,
0.0345318317413,
0.0370738506317,
0.0378258228302,
0.025801897049,
0.0262069702148,
0.0239181518555,
0.0248811244965,
0.0242779254913,
0.0254790782928,
0.030867099762,
0.0311169624329,
0.0236830711365,
0.0245840549469,
0.0403838157654,
0.0406529903412,
0.0310490131378,
0.0318419933319,
0.0218920707703,
0.022527217865,
0.0251469612122,
0.0253629684448,
0.0270190238953,
0.0272810459137,
0.0242400169373,
0.0244510173798,
0.0266509056091,
0.027813911438,
0.0288419723511,
0.0295479297638,
0.0388998985291,
0.0442459583282,
0.0318758487701,
0.032084941864,
0.0262408256531,
0.0274159908295,
0.0309669971466,
0.0323090553284,
0.0247478485107,
0.0249860286713,
0.0234749317169,
0.0237078666687,
0.0230710506439,
0.0232920646667,
0.0255770683289,
0.025857925415,
0.0753190517426,
0.0760450363159,
0.0391919612885,
0.0400218963623,
0.0350351333618,
0.0363399982452,
0.0286650657654,
0.0289840698242,
0.0430181026459,
0.0432000160217,
0.0263559818268,
0.0270640850067,
0.0460832118988,
0.0464150905609,
0.0900509357452,
0.0903239250183,
0.0356631278992,
0.0359680652618,
0.0379428863525,
0.0388488769531,
0.0226221084595,
0.022999048233,
0.0286290645599,
0.029394865036,
0.0327279567719,
0.0338959693909,
0.0455520153046,
0.0461919307709,
0.0289940834045,
0.029326915741,
0.0326681137085,
0.0329611301422,
0.0334730148315,
0.0336439609528,
0.0273749828339,
0.0280020236969,
0.0308320522308,
0.0332059860229,
0.0298118591309,
0.031044960022,
0.0231170654297,
0.0239391326904,
0.0330400466919,
0.0334661006927,
0.0844459533691,
0.084969997406,
0.0345351696014,
0.0354681015015,
0.0880351066589,
0.0886750221252,
0.15983915329,
0.161226987839,
0.114234924316,
0.11447095871,
0.039482831955,
0.0397720336914,
0.022353887558,
0.0225830078125,
0.0464038848877,
0.0478549003601,
0.0288021564484,
0.0298550128937,
0.0294079780579,
0.0312349796295,
0.0287039279938,
0.0290098190308,
0.0272099971771,
0.0275208950043,
0.0282979011536,
0.0285058021545,
0.0235090255737,
0.0242130756378,
0.0304379463196,
0.0315010547638,
0.0330121517181,
0.0342609882355,
0.0243220329285,
0.0252840518951,
0.040944814682,
0.0411539077759,
0.0254340171814,
0.0261790752411,
0.0237090587616,
0.02472615242,
0.0294721126556,
0.0300409793854,
0.0308978557587,
0.0312478542328,
0.0229001045227,
0.0238111019135,
0.0269250869751,
0.0278100967407,
0.0257558822632,
0.0263328552246,
0.0238890647888,
0.0242729187012,
0.0294709205627,
0.0297818183899,
0.0261480808258,
0.0263531208038,
0.0222308635712,
0.0230078697205,
0.0213348865509,
0.0219678878784,
0.0296339988708,
0.0298669338226,
0.0357398986816,
0.036120891571,
0.0320889949799,
0.0323801040649,
0.0310299396515,
0.0313889980316,
0.0261790752411,
0.0263612270355,
0.0290870666504,
0.0293200016022,
0.0266180038452,
0.0270521640778,
0.0324900150299,
0.0327010154724,
0.0314359664917,
0.0317089557648,
0.0325498580933,
0.0327830314636,
0.0234429836273,
0.0238490104675,
0.032958984375,
0.0331461429596,
0.0326750278473,
0.0328729152679,
0.0362520217896,
0.03644490242,
0.0656371116638,
0.0658459663391,
0.0325980186462,
0.0329370498657,
0.0309419631958,
0.0311291217804,
0.0336849689484,
0.0339159965515,
0.0389001369476,
0.0395481586456,
0.0235421657562,
0.0237629413605,
0.0238871574402,
0.0241160392761,
0.0335278511047,
0.0337839126587,
0.0304818153381,
0.030809879303,
0.0352990627289,
0.0358080863953,
0.0407209396362,
0.0411400794983,
0.075306892395,
0.075679063797,
0.0358519554138,
0.0365378856659,
0.0402579307556,
0.040442943573,
0.0280730724335,
0.028911113739,
0.0508530139923,
0.0510311126709,
0.0404050350189,
0.0412540435791,
0.0822958946228,
0.0839200019836,
0.038360118866,
0.0397679805756,
0.0382828712463,
0.0389728546143,
0.0555438995361,
0.0564560890198,
0.0582671165466,
0.0584650039673,
0.0840299129486,
0.084333896637,
0.0376009941101,
0.0377819538116,
0.0587770938873,
0.0590651035309,
0.0308680534363,
0.0313899517059,
0.0552871227264,
0.0556061267853,
0.029629945755,
0.0376060009003,
0.0356130599976,
0.0364410877228,
0.0265939235687,
0.027813911438,
0.0441398620605,
0.0454318523407,
0.035117149353,
0.0355989933014,
0.0382380485535,
0.0386729240417,
0.0367450714111,
0.037248134613,
0.022824048996,
0.0238919258118,
0.032970905304,
0.0333368778229,
0.0311200618744,
0.0315189361572,
0.0338671207428,
0.0341520309448,
0.0301480293274,
0.0305078029633,
0.0269331932068,
0.0272071361542,
0.0247220993042,
0.0254800319672,
0.036299943924,
0.0369019508362,
0.0323688983917,
0.0335040092468,
0.0286440849304,
0.0296730995178,
0.0317349433899,
0.0326910018921,
0.0350449085236,
0.0358879566193,
0.0364680290222,
0.0374960899353,
0.0233430862427,
0.0244081020355,
0.0246140956879,
0.0256960391998,
0.0291359424591,
0.0293979644775,
0.0271430015564,
0.0276849269867,
0.0302219390869,
0.0304670333862,
0.0820951461792,
0.0824341773987,
0.0368709564209,
0.0371558666229,
0.0300261974335,
0.0302140712738,
0.039577960968,
0.0403590202332,
0.0258090496063,
0.0267369747162,
0.0291850566864,
0.0302951335907,
0.0254890918732,
0.0257980823517,
0.0223739147186,
0.0226798057556,
0.0261390209198,
0.026468038559,
0.0222010612488,
0.022439956665,
0.0261337757111,
0.0263428688049,
0.0255320072174,
0.025778055191,
0.0226609706879,
0.0229089260101,
0.02707695961,
0.0274920463562,
0.0328679084778,
0.0332040786743,
0.0323820114136,
0.033497095108,
0.0223879814148,
0.0226290225983,
0.0286800861359,
0.0291521549225,
0.0238289833069,
0.024649143219,
0.0230209827423,
0.0239188671112,
0.0249571800232,
0.0251929759979,
0.0368440151215,
0.0374369621277,
0.090204000473,
0.0911250114441,
0.0361020565033,
0.0362939834595,
0.02920794487,
0.0294098854065,
0.0287220478058,
0.0302970409393,
0.029284954071,
0.030445098877,
0.0264520645142,
0.0278689861298,
0.0247139930725,
0.0259029865265,
0.0435101985931,
0.0438230037689,
0.0220620632172,
0.022362947464,
0.0309979915619,
0.0312898159027,
0.0339868068695,
0.034167766571,
0.0259919166565,
0.0273330211639,
0.0321359634399,
0.0336298942566,
0.0371141433716,
0.0373730659485,
0.0336139202118,
0.0339169502258,
0.024071931839,
0.0244109630585,
0.0288419723511,
0.0297849178314,
0.0308561325073,
0.0315780639648,
0.0354468822479,
0.0363519191742,
0.0250649452209,
0.0253469944,
0.0316200256348,
0.0323719978333,
0.0287909507751,
0.029748916626,
0.0291409492493,
0.0297808647156,
0.0316331386566,
0.0323450565338,
0.0353090763092,
0.0356910228729,
0.0234110355377,
0.0235919952393,
0.0301668643951,
0.0304279327393,
0.0217638015747,
0.0220129489899,
0.0252280235291,
0.0254781246185,
0.0250508785248,
0.0253319740295,
0.0309128761292,
0.0310959815979,
0.0320651531219,
0.0324430465698,
0.0217409133911,
0.0219578742981,
0.0264308452606,
0.0268228054047,
0.0245280265808,
0.0248568058014,
0.0286688804626,
0.0288529396057,
0.0233199596405,
0.023509979248,
0.0245079994202,
0.0252301692963,
0.131595849991,
0.131917953491,
0.034637928009,
0.0356998443604,
0.0256929397583,
0.0260188579559,
0.0272688865662,
0.027587890625,
0.0248169898987,
0.0250618457794,
0.0274910926819,
0.0276830196381,
0.0269548892975,
0.0271708965302,
0.0338912010193,
0.0355911254883,
0.0324709415436,
0.0328929424286,
0.0623288154602,
0.0625510215759,
0.0286159515381,
0.0288650989532,
0.0320019721985,
0.0323081016541,
0.0532131195068,
0.0534272193909,
0.0266139507294,
0.0268168449402,
0.0315279960632,
0.0317800045013,
0.0668151378632,
0.0676469802856,
0.0264849662781,
0.02707695961,
0.0295209884644,
0.0297060012817,
0.0429151058197,
0.0431730747223,
0.0302951335907,
0.0305700302124,
0.0344479084015,
0.0346810817719,
0.0354568958282,
0.036013841629,
0.0220990180969,
0.0228869915009,
0.023815870285,
0.0249888896942,
0.0311460494995,
0.0327451229095,
0.0227470397949,
0.0233938694,
0.0418071746826,
0.0426700115204,
0.0281600952148,
0.0283529758453,
0.0393531322479,
0.0422511100769,
0.0748729705811,
0.0751900672913,
0.0234718322754,
0.0237460136414,
0.0332689285278,
0.0334868431091,
0.0266580581665,
0.0269820690155,
0.0383710861206,
0.0385429859161,
0.0411741733551,
0.0414710044861,
0.0261869430542,
0.0264811515808,
0.0259740352631,
0.0262701511383,
0.0536079406738,
0.0549609661102,
0.0501539707184,
0.0505139827728,
0.0294308662415,
0.0307960510254,
0.0287389755249,
0.0296349525452,
0.02867603302,
0.02956199646,
0.0325858592987,
0.0329668521881,
0.0287349224091,
0.0293860435486,
0.0140380859375,
0.0249831676483,
0.0249919891357,
0.0252039432526,
0.0347979068756,
0.035003900528,
0.024701833725,
0.0253019332886,
0.0240871906281,
0.0245909690857,
0.0289161205292,
0.0291299819946,
0.0225110054016,
0.0227489471436,
0.022763967514,
0.0230479240417,
0.024206161499,
0.0244541168213,
0.023787021637,
0.0240349769592,
0.0223588943481,
0.0226020812988,
0.0262150764465,
0.0264720916748,
0.0220699310303,
0.0228068828583,
0.0239942073822,
0.0250570774078,
0.023472070694,
0.0236880779266,
0.023384809494,
0.0236120223999,
0.0274369716644,
0.0276720523834,
0.0278959274292,
0.0280759334564,
0.0271208286285,
0.0273878574371,
0.0345001220703,
0.0347459316254,
0.0245778560638,
0.0253188610077,
0.0323581695557,
0.032534122467,
0.0278220176697,
0.0280430316925,
0.0285949707031,
0.0287778377533,
0.0240159034729,
0.0242691040039,
0.0290060043335,
0.0303471088409,
0.0275809764862,
0.0284888744354,
0.0287652015686,
0.0289931297302,
0.0281989574432,
0.0284569263458,
0.03253698349,
0.0328350067139,
0.0319488048553,
0.0321848392487,
0.0235328674316,
0.0238440036774,
0.0251939296722,
0.0254378318787,
0.0225560665131,
0.0228011608124,
0.0218260288239,
0.022068977356,
0.0236859321594,
0.0240530967712,
0.0584509372711,
0.064101934433,
0.0315339565277,
0.0324058532715,
0.0324048995972,
0.0328378677368,
0.0251049995422,
0.0253310203552,
0.027999162674,
0.0282671451569,
0.0289790630341,
0.029158115387,
0.0242440700531,
0.0245311260223,
0.0258479118347,
0.0260820388794,
0.0226149559021,
0.02290391922,
0.0369341373444,
0.0380551815033,
0.0448899269104,
0.0454931259155,
0.0756740570068,
0.0759589672089,
0.0426151752472,
0.0430819988251,
0.0970401763916,
0.0976581573486,
0.0376670360565,
0.037966966629,
0.0432250499725,
0.0438539981842,
0.0302529335022,
0.0321390628815,
0.0267651081085,
0.0273299217224,
0.0334479808807,
0.0341401100159,
0.026839017868,
0.027694940567,
0.0281431674957,
0.0283689498901,
0.0256469249725,
0.0262999534607,
0.0298140048981,
0.0310897827148,
0.0282700061798,
0.0290539264679,
0.0310659408569,
0.0320980548859,
0.0244839191437,
0.0246698856354,
0.0310349464417,
0.031683921814,
0.0445301532745,
0.04474401474,
0.0214660167694,
0.0217168331146,
0.0835998058319,
0.0888910293579,
0.032154083252,
0.0323379039764,
0.0503180027008,
0.0505330562592,
0.0311410427094,
0.0313129425049,
0.0497028827667,
0.0498847961426,
0.028568983078,
0.0288460254669,
0.0583920478821,
0.0585720539093,
0.0348789691925,
0.0350780487061,
0.0272541046143,
0.0275011062622,
0.0311369895935,
0.0314469337463,
0.0267570018768,
0.027006149292,
0.0274791717529,
0.0276761054993,
0.0256907939911,
0.0272209644318,
0.0291669368744,
0.0301079750061,
0.023628950119,
0.0247540473938,
0.0359299182892,
0.0372860431671,
0.0338060855865,
0.0348961353302,
0.0299460887909,
0.0312860012054,
0.0390739440918,
0.044783115387,
0.0290849208832,
0.0300590991974,
0.0372250080109,
0.0386600494385,
0.0335350036621,
0.0348339080811,
0.0288808345795,
0.0299348831177,
0.0336349010468,
0.0350768566132,
0.0320930480957,
0.0329229831696,
0.0336570739746,
0.0347020626068,
0.0258059501648,
0.026458978653,
0.0236070156097,
0.0242929458618,
0.0265409946442,
0.0268518924713,
0.0235340595245,
0.0241010189056,
0.0272707939148,
0.0274729728699,
0.024462223053,
0.0256090164185,
0.0246939659119,
0.0249321460724,
0.0319411754608,
0.0322051048279,
0.0219619274139,
0.0222020149231,
0.0284819602966,
0.0293519496918,
0.0229270458221,
0.0239062309265,
0.0297260284424,
0.0308020114899,
0.024286031723,
0.0254511833191,
0.0233998298645,
0.0250849723816,
0.0360119342804,
0.0381219387054,
0.0323770046234,
0.0325949192047,
0.0231189727783,
0.0233500003815,
0.0278511047363,
0.0280470848083,
0.0270648002625,
0.0273199081421,
0.028520822525,
0.0287239551544,
0.0277769565582,
0.0279569625854,
0.0311470031738,
0.0313909053802,
0.0607719421387,
0.0613288879395,
0.0229561328888,
0.023255109787,
0.039412021637,
0.0398650169373,
0.0770800113678,
0.0781800746918,
0.0408689975739,
0.0416150093079,
0.0609219074249,
0.0614109039307,
0.0246419906616,
0.0253920555115,
0.048691034317,
0.0500049591064,
0.0228297710419,
0.0235829353333,
0.0644478797913,
0.0652649402618,
0.0333290100098,
0.0346081256866,
0.0461611747742,
0.0468711853027,
0.0351400375366,
0.0358140468597,
0.026547908783,
0.0275321006775,
0.0284330844879,
0.0286500453949,
0.0276629924774,
0.0278859138489,
0.0261270999908,
0.0263199806213,
0.0283169746399,
0.0285007953644,
0.0218119621277,
0.0220060348511,
0.0262768268585,
0.0265529155731,
0.0251178741455,
0.0253069400787,
0.0267770290375,
0.0271332263947,
0.0259590148926,
0.0262980461121,
0.101207017899,
0.101463079453,
0.0252749919891,
0.0255711078644,
0.0277218818665,
0.0286908149719,
0.0233218669891,
0.0248138904572,
0.0381898880005,
0.0391919612885,
0.0373909473419,
0.0391328334808,
0.0309388637543,
0.0320920944214,
0.0288679599762,
0.0298030376434,
0.029314994812,
0.0304760932922,
0.0321340560913,
0.0324130058289,
0.0248198509216,
0.0250449180603,
0.0209808349609,
0.0211977958679,
0.025680065155,
0.0264909267426,
0.0281419754028,
0.0291450023651,
0.0285801887512,
0.0288491249084,
0.0285620689392,
0.028804063797,
0.0396900177002,
0.0402150154114,
0.0237441062927,
0.0239479541779,
0.0222220420837,
0.0224459171295,
0.022567987442,
0.0228178501129,
0.0250279903412,
0.0252819061279,
0.029923915863,
0.0302228927612,
0.0276629924774,
0.0278420448303,
0.0277941226959,
0.0289039611816,
0.0270349979401,
0.0282928943634,
0.0352420806885,
0.0357191562653,
0.0232090950012,
0.024169921875,
0.0309278964996,
0.0313129425049,
0.0307900905609,
0.0309860706329,
0.0313558578491,
0.0316410064697,
0.027862071991,
0.0280780792236,
0.0261011123657,
0.0263361930847,
0.022999048233,
0.0233490467072,
0.0290009975433,
0.0292840003967,
0.0234351158142,
0.0240941047668,
0.109569072723,
0.110097169876,
0.0304319858551,
0.031149148941,
0.0344460010529,
0.0358309745789,
0.0287590026855,
0.0292909145355,
0.0227720737457,
0.0234799385071,
0.025575876236,
0.0265078544617,
0.0367131233215,
0.0374541282654,
0.0306768417358,
0.0312960147858,
0.0313241481781,
0.0317070484161,
0.023964881897,
0.0241680145264,
0.0248310565948,
0.025083065033,
0.0364890098572,
0.0377898216248,
0.0225768089294,
0.022805929184,
0.028227090835