0.0274801254272
0.0281429290771
0.0285720825195
0.0288829803467
0.0294079780579
0.0295991897583
0.0300741195679
0.0306119918823
0.0308711528778
0.031093120575
0.0439469814301
0.0441069602966
0.0442409515381
0.0443770885468
0.0445070266724
0.0340790748596
0.0343151092529
0.0345470905304
0.0348410606384
0.0352149009705
0.038125038147
0.0385019779205
0.0388739109039
0.0392599105835
0.0396289825439
0.0217928886414
0.0349369049072
0.0354208946228
0.0356998443604
0.0359308719635
0.033411026001
0.0339660644531
0.0346529483795
0.0354518890381
0.0360651016235
0.0385730266571
0.0406730175018
0.0449261665344
0.0461699962616
0.0474720001221
0.0326988697052
0.0334479808807
0.0341310501099
0.034863948822
0.035523891449
0.0395910739899
0.0402219295502
0.040766954422
0.0412909984589
0.0418138504028
0.0265460014343
0.0276980400085
0.0284450054169
0.0293099880219
0.029993057251
0.0376689434052
0.0378379821777
0.0379939079285
0.0381441116333
0.0383050441742
0.0288548469543
0.0290429592133
0.0292007923126
0.0293579101562
0.0295119285583
0.0259480476379
0.0262150764465
0.0264310836792
0.0267050266266
0.0270731449127
0.0262250900269
0.0264549255371
0.026654958725
0.0268940925598
0.0271050930023
0.0297160148621
0.0299279689789
0.0301067829132
0.030277967453
0.0304679870605
0.0295498371124
0.0297269821167
0.0298819541931
0.0300409793854
0.0303399562836
0.031182050705
0.0313801765442
0.0315630435944
0.0317399501801
0.0319230556488
0.0311758518219
0.0316188335419
0.0320270061493
0.0323529243469
0.0326819419861
0.0226900577545
0.0229229927063
0.0231289863586
0.0233480930328
0.0235531330109
0.0415029525757
0.0417120456696
0.0419039726257
0.0420889854431
0.0422821044922
0.0340919494629
0.0343079566956
0.0345180034637
0.0356440544128
0.0360600948334
0.0283460617065
0.0285921096802
0.0289740562439
0.0296289920807
0.0302851200104
0.0331571102142
0.0340690612793
0.0351331233978
0.0361280441284
0.0371510982513
0.0273060798645
0.0275540351868
0.0277800559998
0.028018951416
0.0282490253448
0.0307908058167
0.0310649871826
0.0316569805145
0.0322709083557
0.0328018665314
0.0274791717529
0.0277562141418
0.0279750823975
0.0285022258759
0.0294589996338
0.0287439823151
0.0289359092712
0.0291278362274
0.0293459892273
0.0295178890228
0.0239479541779
0.0241160392761
0.0242638587952
0.0244109630585
0.0245518684387
0.031240940094
0.0320489406586
0.0332660675049
0.0347049236298
0.0357871055603
0.0372939109802
0.038064956665
0.0387959480286
0.0398778915405
0.0412499904633
0.0284831523895
0.0298480987549
0.0309250354767
0.0319111347198
0.032958984375
0.0305850505829
0.0346050262451
0.0367329120636
0.0377838611603
0.0386419296265
0.0258510112762
0.0260329246521
0.0261950492859
0.0263609886169
0.0265209674835
0.0230040550232
0.0232050418854
0.0233829021454
0.0235638618469
0.0237488746643
0.0341079235077
0.0343129634857
0.0345788002014
0.0347828865051
0.034970998764
0.0353350639343
0.0355229377747
0.0356760025024
0.0358221530914
0.0361580848694
0.0336201190948
0.0346131324768
0.0357160568237
0.0415182113647
0.0429091453552
0.0327699184418
0.0331969261169
0.0342178344727
0.0353779792786
0.0360918045044
0.0278010368347
0.0282618999481
0.0286929607391
0.0290670394897
0.0294530391693
0.0315659046173
0.032075881958
0.0323739051819
0.0326199531555
0.0328578948975
0.022008895874
0.0227029323578
0.0233840942383
0.0240569114685
0.0248520374298
0.0281610488892
0.0288481712341
0.0295021533966
0.0301451683044
0.0307950973511
0.0266950130463
0.0268819332123
0.0270690917969
0.0272350311279
0.0273909568787
0.0264399051666
0.0266718864441
0.0274000167847
0.0283010005951
0.0290520191193
0.0317571163177
0.0328071117401
0.0337960720062
0.0346751213074
0.0354850292206
0.0385241508484
0.0393371582031
0.0405039787292
0.0414500236511
0.0422420501709
0.035425901413
0.0357489585876
0.0359988212585
0.0362339019775
0.036465883255
0.0328230857849
0.0330009460449
0.0331540107727
0.0333070755005
0.0335159301758
0.0305058956146
0.0306768417358
0.030827999115
0.0309708118439
0.0311179161072
0.02596783638
0.0261988639832
0.0264019966125
0.0265998840332
0.02681183815
0.0299808979034
0.0303649902344
0.0309519767761
0.0314528942108
0.0317149162292
0.0250029563904
0.0257830619812
0.0267720222473
0.0280258655548
0.0289030075073
0.0348250865936
0.0357830524445
0.0367422103882
0.0376000404358
0.0384230613708
0.0373010635376
0.0375070571899
0.0376951694489
0.037899017334
0.0380902290344
0.029228925705
0.0298070907593
0.0303299427032
0.0308470726013
0.0313539505005
0.0239589214325
0.0241799354553
0.024365901947
0.0245308876038
0.0248649120331
0.0283880233765
0.0289120674133
0.0291020870209
0.0292670726776
0.0294361114502
0.0270109176636
0.0271880626678
0.0273499488831
0.0275869369507
0.0279519557953
0.0446331501007
0.0449991226196
0.0452210903168
0.045511007309
0.0457310676575
0.0322589874268
0.0325310230255
0.0327799320221
0.033017873764
0.0332610607147
0.0309820175171
0.0312559604645
0.031466960907
0.0318169593811
0.0320858955383
0.0379269123077
0.0382468700409
0.0384788513184
0.0386979579926
0.0389058589935
0.0373558998108
0.0376899242401
0.037985086441
0.0382699966431
0.0385558605194
0.0361709594727
0.0363388061523
0.0364899635315
0.0366349220276
0.0367789268494
0.045804977417
0.0459949970245
0.0461618900299
0.0463309288025
0.0465219020844
0.028571844101
0.0287408828735
0.0289170742035
0.0291469097137
0.0294060707092
0.0308449268341
0.0310459136963
0.0312368869781
0.0314209461212
0.0316259860992
0.0556409358978
0.0558240413666
0.0559661388397
0.0561120510101
0.0562551021576
0.0424048900604
0.0426740646362
0.042918920517
0.0431849956512
0.0434238910675
0.0340659618378
0.0343909263611
0.0348830223083
0.0353598594666
0.0358579158783
0.0213949680328
0.0216071605682
0.0219931602478
0.0224530696869
0.022696018219
0.0227048397064
0.0228579044342
0.0230050086975
0.0231668949127
0.0233118534088
0.0298709869385
0.0301868915558
0.0305027961731
0.030818939209
0.031121969223
0.0332000255585
0.0340578556061
0.0346570014954
0.0349369049072
0.035434961319
0.0239889621735
0.024631023407
0.0251948833466
0.0257580280304
0.0260798931122
0.0360510349274
0.0365889072418
0.0370719432831
0.0372869968414
0.0376279354095
0.0400331020355
0.0402610301971
0.0406000614166
0.040796995163
0.0409700870514
0.0303909778595
0.0305840969086
0.0309360027313
0.0311689376831
0.0315458774567
0.0320081710815
0.0324699878693
0.0332140922546
0.0336401462555
0.0340490341187
0.0400638580322
0.0402250289917
0.0403759479523
0.0405189990997
0.0406670570374
0.027535200119
0.0277941226959
0.0280220508575
0.0282821655273
0.0285401344299
0.0261480808258
0.0263979434967
0.0265810489655
0.026743888855
0.0269119739532
0.0301880836487
0.0308320522308
0.0317599773407
0.0324740409851
0.0332570075989
0.0286269187927
0.0294389724731
0.0302600860596
0.0308780670166
0.0315330028534
0.0288579463959
0.0297298431396
0.030699968338
0.0317249298096
0.0327470302582
0.0396430492401
0.0411858558655
0.0426118373871
0.0438549518585
0.0447809696198
0.0281279087067
0.0283019542694
0.0284690856934
0.0286340713501
0.0287940502167
0.0415101051331
0.0418410301208
0.0421590805054
0.0424480438232
0.0427341461182
0.0288650989532
0.0290801525116
0.0292670726776
0.0294241905212
0.0295732021332
0.026859998703
0.0270771980286
0.0272710323334
0.0274910926819
0.0279359817505
0.0302219390869
0.0304341316223
0.0306160449982
0.0307900905609
0.0336930751801
0.0319998264313
0.0323450565338
0.0326628684998
0.0329329967499
0.033185005188
0.0267078876495
0.0268769264221
0.0270619392395
0.0272200107574
0.0273759365082
0.0208640098572
0.0212030410767
0.0214040279388
0.0216548442841
0.0218560695648
0.0267860889435
0.0269641876221
0.0271232128143
0.027312040329
0.0275192260742
0.0224139690399
0.0225789546967
0.0227439403534
0.0229001045227
0.0242381095886
0.0252819061279
0.0260620117188
0.0268521308899
0.0278570652008
0.0288450717926
0.0343239307404
0.0355319976807
0.0367469787598
0.038097858429
0.0393378734589
0.0339469909668
0.0342450141907
0.0344882011414
0.0380411148071
0.0383241176605
0.0341880321503
0.0355820655823
0.035915851593
0.0369439125061
0.037143945694
0.0455420017242
0.0457539558411
0.045923948288
0.0460948944092
0.0462598800659
0.0373117923737
0.0380878448486
0.0388538837433
0.0413379669189
0.0436079502106
0.0257539749146
0.0267271995544
0.0276200771332
0.0283770561218
0.0291311740875
0.0397989749908
0.0400350093842
0.0402190685272
0.0403890609741
0.0405521392822
0.028067111969
0.0289580821991
0.0297849178314
0.0305449962616
0.031270980835
0.027529001236
0.0303528308868
0.0360608100891
0.0372219085693
0.0379037857056
0.0274219512939
0.0281920433044
0.0288949012756
0.0295100212097
0.0301949977875
0.0283679962158
0.0290789604187
0.0297648906708
0.0304079055786
0.0314598083496
0.03511095047
0.0362260341644
0.037360906601
0.0383808612823
0.0435168743134
0.0216250419617
0.0227961540222
0.0237472057343
0.0248491764069
0.0263290405273
0.0304751396179
0.0321991443634
0.0334401130676
0.0346260070801
0.0358059406281
0.0505180358887
0.0511140823364
0.0516769886017
0.0524971485138
0.0530600547791
0.0487990379333
0.0490019321442
0.0491850376129
0.0493669509888
0.0497250556946
0.0311090946198
0.0312979221344
0.0314679145813
0.0316479206085
0.0318119525909
0.0321888923645
0.0324449539185
0.0326647758484
0.0329267978668
0.0331659317017
0.0152628421783
0.0154738426208
0.0156669616699
0.0158529281616
0.0162279605865
0.0304918289185
0.0307049751282
0.0308890342712
0.0311050415039
0.031299829483
0.0299789905548
0.0301730632782
0.0303559303284
0.0305290222168
0.030720949173
0.0332541465759
0.0334479808807
0.033616065979
0.0338160991669
0.0339741706848
0.0251750946045
0.0256068706512
0.0258650779724
0.0261149406433
0.0263628959656
0.0284869670868
0.0288019180298
0.0290508270264
0.029237985611
0.029412984848
0.023638010025
0.0238690376282
0.0241069793701
0.0243120193481
0.0245378017426
0.0316140651703
0.0317981243134
0.0319609642029
0.0321230888367
0.0322980880737
0.0307819843292
0.0313611030579
0.0315608978271
0.0317471027374
0.0319249629974
0.0278639793396
0.0280909538269
0.0282979011536
0.028795003891
0.0292119979858
0.0254020690918
0.0261619091034
0.0268099308014
0.0278210639954
0.0294070243835
0.028067111969
0.0293300151825
0.0300331115723
0.0307600498199
0.0315611362457
0.0317521095276
0.0325469970703
0.0332911014557
0.034040927887
0.0347909927368
0.0386579036713
0.0388660430908
0.0390319824219
0.0391719341278
0.0393118858337
0.0328059196472
0.0337028503418
0.0344970226288
0.0353348255157
0.0359778404236
0.0257411003113
0.0264899730682
0.0300920009613
0.0308771133423
0.0315260887146
0.036593914032
0.0369019508362
0.0371990203857
0.0374808311462
0.0377039909363
0.03040599823
0.0305860042572
0.0307400226593
0.0308859348297
0.0310499668121
0.029876947403
0.0300679206848
0.0302290916443
0.0303909778595
0.0305690765381
0.0321049690247
0.0323510169983
0.0326149463654
0.0328369140625
0.0330491065979
0.031455039978
0.0316710472107
0.0318729877472
0.0321249961853
0.0325908660889
0.0282700061798
0.0289199352264
0.0295689105988
0.0301358699799
0.0307810306549
0.0214660167694
0.0221312046051
0.0230951309204
0.0236170291901
0.0244901180267
0.0323810577393
0.0326480865479
0.0328781604767
0.0331239700317
0.0337090492249
0.0316100120544
0.0324189662933
0.033194065094
0.0339908599854
0.0347039699554
0.0416040420532
0.0425260066986
0.0433700084686
0.0441899299622
0.0449430942535
0.0361158847809
0.0367138385773
0.0373558998108
0.0377368927002
0.0382928848267
0.0330979824066
0.0338921546936
0.0346601009369
0.035432100296
0.0362210273743
0.0226731300354
0.0234279632568
0.0241260528564
0.0248689651489
0.0256810188293
0.0306959152222
0.0308859348297
0.0310468673706
0.0312249660492
0.0313880443573
0.0316359996796
0.0318119525909
0.0319690704346
0.0321249961853
0.0322811603546
0.0255901813507
0.025838136673
0.0260682106018
0.0263102054596
0.0265290737152
0.0268549919128
0.0270459651947
0.0272190570831
0.0274050235748
0.0276050567627
0.0289080142975
0.0292160511017
0.0295360088348
0.0298340320587
0.0301220417023
0.02867603302
0.0290079116821
0.0291709899902
0.0293228626251
0.0294668674469
0.0370900630951
0.0372850894928
0.0374629497528
0.0376470088959
0.0378251075745
0.0326149463654
0.0334310531616
0.0341770648956
0.0349380970001
0.035551071167
0.0250980854034
0.0259709358215
0.0302178859711
0.0310590267181
0.031867980957
0.0231740474701
0.0261399745941
0.0504291057587
0.0515661239624
0.0523431301117
0.0266349315643
0.0270168781281
0.0273787975311
0.0278069972992
0.0282068252563
0.039186000824
0.0394809246063
0.03968501091
0.0398879051208
0.0403690338135
0.0288820266724
0.0290920734406
0.0292670726776
0.0294239521027
0.0296030044556
0.0318751335144
0.0321710109711
0.0325720310211
0.0330140590668
0.033271074295
0.0381579399109
0.0387849807739
0.0424058437347
0.0431499481201
0.0438339710236
0.0340659618378
0.0346779823303
0.0352439880371
0.0357608795166
0.0362830162048
0.0291340351105
0.0298571586609
0.0305821895599
0.0313491821289
0.0396270751953
0.0499560832977
0.0507040023804
0.0512809753418
0.0519349575043
0.052286863327
0.0290670394897
0.0293321609497
0.029589176178
0.0297701358795
0.0299680233002
0.0284881591797
0.0290360450745
0.0297300815582
0.0302059650421
0.0307381153107
0.0266480445862
0.0277080535889
0.0289268493652
0.029629945755
0.030357837677
0.0345849990845
0.0365219116211
0.0378799438477
0.0391008853912
0.0402657985687
0.0241239070892
0.0244889259338
0.0248839855194
0.0252509117126
0.0256290435791
0.0274560451508
0.0277910232544
0.0281419754028
0.0284779071808
0.0288178920746
0.0313601493835
0.0318350791931
0.0322360992432
0.0326240062714
0.0330080986023
0.0310080051422
0.0314109325409
0.0317480564117
0.0320329666138
0.0322270393372
0.0361700057983
0.0372049808502
0.0379161834717
0.0385310649872
0.0392169952393
0.0270891189575
0.0278449058533
0.0285749435425
0.0291740894318
0.0298619270325
0.0400199890137
0.0410308837891
0.0419900417328
0.0468690395355
0.0474710464478
0.0235641002655
0.0242600440979
0.0248899459839
0.0255210399628
0.0261461734772
0.0266938209534
0.0273938179016
0.0280029773712
0.0285968780518
0.0291838645935
0.0453109741211
0.0464849472046
0.0475499629974
0.0487010478973
0.0500390529633
0.0312731266022
0.0320529937744
0.0328350067139
0.0335969924927
0.0346601009369
0.0415418148041
0.0425519943237
0.0434799194336
0.0444869995117
0.0454788208008
0.0452709197998
0.0454909801483
0.0456838607788
0.0458629131317
0.0460479259491
0.0344820022583
0.0346629619598
0.0348200798035
0.0349819660187
0.0351459980011
0.0227990150452
0.0230088233948
0.0231909751892
0.0233898162842
0.0235698223114
0.0274958610535
0.0277440547943
0.0279848575592
0.0284569263458
0.0287868976593
0.025689125061
0.0261170864105
0.0266380310059
0.0268211364746
0.0269770622253
0.0281949043274
0.0289118289948
0.0297358036041
0.0304169654846
0.0313758850098
0.0291340351105
0.0296030044556
0.0299949645996
0.0303690433502
0.0308389663696
0.037223815918
0.0376980304718
0.0384149551392
0.039036989212
0.0396640300751
0.0283310413361
0.0285589694977
0.030809879303
0.0310819149017
0.0313940048218
0.027932882309
0.0282869338989
0.029109954834
0.0297060012817
0.0307168960571
0.0346829891205
0.034875869751
0.0350348949432
0.0351848602295
0.0353410243988
0.0315899848938
0.0327498912811
0.0338609218597
0.0349798202515
0.0364639759064
0.0265820026398
0.0272879600525
0.0279550552368
0.0286228656769
0.0294010639191
0.0251548290253
0.0258190631866
0.0264668464661
0.0271098613739
0.027755022049
0.0295128822327
0.0303959846497
0.0311889648438
0.0319900512695
0.032830953598
0.0318131446838
0.0324010848999
0.0329360961914
0.0334520339966
0.033961057663
0.0304188728333
0.0306279659271
0.0308129787445
0.0311989784241
0.0316588878632
0.0266947746277
0.0274307727814
0.028146982193
0.0288598537445
0.0297408103943
0.0255720615387
0.0266659259796
0.0277669429779
0.0287311077118
0.0296659469604
0.0370569229126
0.037633895874
0.0381979942322
0.0387270450592
0.0396900177002
0.0234298706055
0.0240859985352
0.0247118473053
0.025337934494
0.0259590148926
0.0305368900299
0.0312368869781
0.0319058895111
0.0325639247894
0.033273935318
0.0299508571625
0.0306270122528
0.0317749977112
0.0330228805542
0.0339629650116
0.03329205513
0.0338909626007
0.0345349311829
0.0350649356842
0.0356149673462
0.0255470275879
0.0262160301208
0.0268700122833
0.0274801254272
0.02809715271
0.034882068634
0.0350961685181
0.0352880954742
0.0354900360107
0.0356721878052
0.0348579883575
0.0351538658142
0.0354509353638
0.035710811615
0.0359778404236
0.0232388973236
0.0234379768372
0.0235998630524
0.0237579345703
0.0239210128784
0.028559923172
0.0287370681763
0.028892993927
0.0290689468384
0.0292420387268
0.0280530452728
0.0284810066223
0.0288641452789
0.0292239189148
0.0295901298523
0.0266859531403
0.0269310474396
0.027163028717
0.027382850647
0.0275919437408
0.0300540924072
0.0302119255066
0.0303571224213
0.030503988266
0.0306420326233
0.0324051380157
0.0334589481354
0.034373998642
0.0352890491486
0.0361380577087
0.0237188339233
0.0247988700867
0.0258460044861
0.0270328521729
0.031909942627
0.0297310352325
0.0305740833282
0.0314321517944
0.0323700904846
0.0332350730896
0.0369138717651
0.0371220111847
0.0373129844666
0.037535905838
0.0377640724182
0.0268189907074
0.0270040035248
0.027202129364
0.0273590087891
0.0275180339813
0.0309309959412
0.0312039852142
0.0314390659332
0.031672000885
0.0320911407471
0.0313141345978
0.0315749645233
0.0320119857788
0.0324251651764
0.0329070091248
0.0363337993622
0.0368888378143
0.0374879837036
0.038076877594
0.0388729572296
0.0373380184174
0.0379149913788
0.0380980968475
0.0382750034332
0.0384330749512
0.0435938835144
0.0437669754028
0.0439279079437
0.0440859794617
0.0442399978638
0.025356054306
0.0255830287933
0.0257821083069
0.0259871482849
0.0261831283569
0.0311188697815
0.03142786026
0.0317468643188
0.0320429801941
0.0323388576508
0.0347309112549
0.0349750518799
0.0352129936218
0.0354418754578
0.0356850624084
0.0302891731262
0.0306131839752
0.0309321880341
0.0312430858612
0.0315480232239
0.0323481559753
0.0331501960754
0.0339200496674
0.0346779823303
0.0357501506805
0.028825044632
0.0291750431061
0.0293831825256
0.0295810699463
0.0299789905548
0.0331361293793
0.0333061218262
0.0334711074829
0.0336270332336
0.0337901115417
0.0212500095367
0.0217130184174
0.0221090316772
0.0224878787994
0.022873878479
0.0354528427124
0.0356879234314
0.0359079837799
0.0361609458923
0.0363638401031
0.0259430408478
0.0262200832367
0.0264201164246
0.0265920162201
0.0267519950867
0.0236439704895
0.0238149166107
0.0239689350128
0.0241189002991
0.0242908000946
0.0347950458527
0.0350329875946
0.0352420806885
0.0354800224304
0.0356931686401
0.0339648723602
0.03422498703
0.0345139503479
0.0347518920898
0.0359139442444
0.0324850082397
0.0332610607147
0.03364610672
0.0342750549316
0.034991979599
0.0267269611359
0.0269680023193
0.0271949768066
0.0273940563202
0.0275971889496
0.0278348922729
0.0285079479218
0.0288739204407
0.0294718742371
0.0469098091125
0.0326969623566
0.0329489707947
0.0331671237946
0.033411026001
0.0336191654205
0.0322721004486
0.0324420928955
0.0325980186462
0.0327560901642
0.03293800354
0.0324869155884
0.0326709747314
0.0328238010406
0.03306889534
0.0334839820862
0.0273380279541
0.0275039672852
0.02765583992
0.0278189182281
0.0279710292816
0.0247130393982
0.0249059200287
0.0250799655914
0.0252540111542
0.0254390239716
0.0255630016327
0.0260360240936
0.0271110534668
0.0278251171112
0.0284199714661
0.0272221565247
0.0277650356293
0.0287930965424
0.0295741558075
0.0340940952301
0.0290620326996
0.0296258926392
0.0301620960236
0.0312330722809
0.0325410366058
0.0338280200958
0.0350589752197
0.0367019176483
0.0377941131592
0.0388278961182
0.0225350856781
0.022714138031
0.0229210853577
0.0230860710144
0.023264169693
0.0250380039215
0.0255949497223
0.0261828899384
0.0267629623413
0.0270249843597
0.0260109901428
0.0268459320068
0.0276160240173
0.0282828807831
0.028972864151
0.0438041687012
0.0451261997223
0.0462191104889
0.0472462177277
0.0483181476593
0.0369718074799
0.037880897522
0.038715839386
0.0433809757233
0.0444278717041
0.0495338439941
0.0498018264771
0.0500710010529
0.050323009491
0.0505828857422
0.025545835495
0.0257408618927
0.0259199142456
0.0260939598083
0.0262868404388
0.0450551509857
0.0455071926117
0.045951128006
0.0467660427094
0.0478310585022
0.0296587944031
0.0299978256226
0.030250787735
0.0305089950562
0.0307569503784
0.028214931488
0.0290470123291
0.0298049449921
0.0305609703064
0.0313129425049
0.0311779975891
0.0314121246338
0.0316059589386
0.0317959785461
0.0322291851044
0.0333821773529
0.0337121486664
0.0343091487885
0.0350470542908
0.0355141162872
0.0360360145569
0.0371809005737
0.0382390022278
0.0394380092621
0.0404608249664
0.0363280773163
0.0365831851959
0.0367829799652
0.0370571613312
0.0372641086578
0.0246360301971
0.0249228477478
0.0251638889313
0.0254058837891
0.0262138843536
0.0319490432739
0.0323379039764
0.0325520038605
0.0327439308167
0.0329298973083
0.0306839942932
0.0309209823608
0.0311319828033
0.0313768386841
0.0315959453583
0.0263779163361
0.027293920517
0.0281739234924
0.0289740562439
0.0297439098358
0.0274319648743
0.0284998416901
0.029501914978
0.0303449630737
0.03528881073
0.0261080265045
0.0268759727478
0.0275750160217
0.028382062912
0.0289771556854
0.0358259677887
0.0361089706421
0.0363748073578
0.0367109775543
0.0371758937836
0.0257580280304
0.0259380340576
0.0261080265045
0.0262880325317
0.0266139507294
0.0530300140381
0.0532629489899
0.0534679889679
0.0536980628967
0.0539059638977
0.0282409191132
0.0284168720245
0.0285739898682
0.0287299156189
0.0288858413696
0.0404288768768
0.0405988693237
0.0407559871674
0.0409109592438
0.0410578250885
0.0243902206421
0.0245661735535
0.0247280597687
0.0249061584473
0.025074005127
0.0314528942108
0.0316970348358
0.0319299697876
0.0321359634399
0.032341003418
0.0350830554962
0.0353391170502
0.0355710983276
0.0358080863953
0.0360300540924
0.0346050262451
0.0348670482635
0.0351259708405
0.035325050354
0.0355219841003
0.0325660705566
0.0327551364899
0.0329160690308
0.0330970287323
0.0332942008972
0.0333888530731
0.0337860584259
0.0341289043427
0.0348699092865
0.036269903183
0.0287101268768
0.0295991897583
0.0305161476135
0.0315392017365
0.0323841571808
0.0320451259613
0.032653093338
0.0351691246033
0.0359671115875
0.0366950035095
0.0317940711975
0.0328869819641
0.0339231491089
0.034882068634
0.0358180999756
0.0413649082184
0.0416331291199
0.0418620109558
0.0420949459076
0.0423209667206
0.0273649692535
0.0280129909515
0.0286130905151
0.0313079357147
0.0318670272827
0.0274140834808
0.0277631282806
0.0281021595001
0.0284321308136
0.0287699699402
0.0263500213623
0.0270848274231
0.0278589725494
0.0285258293152
0.0292809009552
0.0345358848572
0.0351917743683
0.0358188152313
0.0364968776703
0.0373759269714
0.0286591053009
0.0299401283264
0.0310819149017
0.0321209430695
0.0331840515137
0.0309090614319
0.0316889286041
0.0324380397797
0.0332341194153
0.0337970256805
0.0320439338684
0.0323338508606
0.032616853714
0.0334248542786
0.0340638160706
0.025593996048
0.0262870788574
0.0271029472351
0.0276219844818
0.0281069278717
0.0280351638794
0.0286700725555
0.0289120674133
0.0293221473694
0.0299270153046
0.034973859787
0.0358810424805
0.0367078781128
0.037565946579
0.0385119915009
0.0288019180298
0.0290789604187
0.029373884201
0.0295958518982
0.0298058986664
0.0274119377136
0.0276930332184
0.0278770923615
0.0280680656433
0.0284941196442
0.0278220176697
0.0282490253448
0.0286319255829
0.0290310382843
0.0294578075409
0.032684803009
0.032958984375
0.0331449508667
0.0333819389343
0.0335648059845
0.0276138782501
0.0279219150543
0.0281810760498
0.028431892395
0.0286300182343
0.0376260280609
0.037887096405
0.0380461215973
0.0382490158081
0.0384349822998
0.0303831100464
0.030641078949
0.0308880805969
0.0310640335083
0.0312368869781
0.0349278450012
0.0352199077606
0.0355429649353
0.0358338356018
0.0361227989197
0.0283319950104
0.0286478996277
0.0289468765259
0.0292270183563
0.0295000076294
0.0267488956451
0.0270709991455
0.0273869037628
0.0276939868927
0.0279929637909
0.0242199897766
0.0244429111481
0.0246350765228
0.0250399112701
0.0252349376678
0.0392761230469
0.040137052536
0.04079413414
0.0432550907135
0.0452170372009
0.0238239765167
0.0246589183807
0.0254509449005
0.0261700153351
0.0269169807434
0.0384049415588
0.0395309925079
0.0402228832245
0.0410978794098
0.0419609546661
0.0287199020386
0.0288817882538
0.0290658473969
0.029219865799
0.0293788909912
0.030907869339
0.0313658714294
0.0316019058228
0.0319788455963
0.0322089195251
0.0389180183411
0.0392200946808
0.0415232181549
0.041689157486
0.0419490337372
0.0243389606476
0.0246269702911
0.0249161720276
0.0252351760864
0.0256161689758
0.0314009189606
0.031585931778
0.0317749977112
0.0319418907166
0.0320949554443
0.032191991806
0.0323750972748
0.0325911045074
0.032811164856
0.0330572128296
0.0368721485138
0.0370600223541
0.0372312068939
0.0374190807343
0.0375912189484
0.031830072403
0.0320620536804
0.0322661399841
0.0325009822845
0.0327100753784
0.0268728733063
0.0270719528198
0.0272469520569
0.0274407863617
0.027617931366
0.0285890102386
0.0287508964539
0.028892993927
0.0290420055389
0.0291850566864
0.0256640911102
0.0259311199188
0.0260891914368
0.0262370109558
0.0265500545502
0.0226988792419
0.0228838920593
0.0230460166931
0.0232141017914
0.0233750343323
0.0327959060669
0.0333878993988
0.0335960388184
0.033793926239
0.034795999527
0.0290870666504
0.0292720794678
0.0294589996338
0.0296421051025
0.0300800800323
0.0408670902252
0.0418059825897
0.0426509380341
0.0436840057373
0.0445740222931
0.0309839248657
0.0319859981537
0.0327320098877
0.0335369110107
0.0346899032593
0.036712884903
0.03733086586
0.0380020141602
0.0386259555817
0.0392899513245
0.0384509563446
0.0391159057617
0.0396389961243
0.0401549339294
0.0406727790833
0.0235831737518
0.0247430801392
0.0258700847626
0.0268931388855
0.0277721881866
0.0279769897461
0.0284609794617
0.0288360118866
0.0292608737946
0.0297870635986
0.0296111106873
0.0301780700684
0.0304529666901
0.0306529998779
0.0308051109314
0.030562877655
0.0307569503784
0.0309360027313
0.0311138629913
0.0312957763672
0.0328800678253
0.0330500602722
0.0332000255585
0.0333459377289
0.0335249900818
0.0353059768677
0.0356171131134
0.0359330177307
0.0362379550934
0.0365331172943
0.0267271995544
0.0273330211639
0.0278081893921
0.028400182724
0.0289831161499
0.0303180217743
0.0313050746918
0.0321969985962
0.0332660675049
0.0341761112213
0.0295181274414
0.0302350521088
0.0308699607849
0.03107213974
0.031259059906
0.0369679927826
0.0380280017853
0.0383660793304
0.0388469696045
0.0395021438599
0.024749994278
0.0253000259399
0.025728225708
0.026319026947
0.0267372131348
0.0256941318512
0.0263459682465
0.0269401073456
0.027930021286
0.0286381244659
0.0295469760895
0.0301859378815
0.0307149887085
0.0317828655243
0.0326128005981
0.021509885788
0.0220201015472
0.0222840309143
0.0225329399109
0.022784948349
0.0288970470428
0.0292241573334
0.0300271511078
0.0311710834503
0.0323100090027
0.0288560390472
0.0292439460754
0.0295569896698
0.0298261642456
0.0309901237488
0.027428150177
0.0281500816345
0.0289790630341
0.0299260616302
0.0308871269226
0.0318138599396
0.0325899124146
0.0333068370819
0.0341439247131
0.0349659919739
0.028548002243
0.029333114624
0.030088186264
0.0309829711914
0.0316140651703
0.0409750938416
0.0448310375214
0.0456669330597
0.0465490818024
0.0473260879517
0.0369510650635
0.0378389358521
0.0387010574341
0.0399279594421
0.0407681465149
0.0340230464935
0.0348811149597
0.0357429981232
0.0365121364594
0.0373010635376
0.023138999939
0.023864030838
0.0245280265808
0.0257580280304
0.0265619754791
0.0450291633606
0.0452990531921
0.0455310344696
0.0457661151886
0.0459890365601
0.0244739055634
0.0246438980103
0.0248019695282
0.0249600410461
0.0251550674438
0.030266046524
0.0304348468781
0.0305950641632
0.0307459831238
0.0309009552002
0.0343208312988
0.0345017910004
0.0346639156342
0.0348269939423
0.0350959300995
0.0418310165405
0.0419890880585
0.0421290397644
0.042270898819
0.042445898056
0.0373909473419
0.0378108024597
0.0382068157196
0.038596868515
0.0389778614044
0.0291020870209
0.0294210910797
0.0298671722412
0.0303530693054
0.0308701992035
0.0275549888611
0.0279388427734
0.028312921524
0.0284898281097
0.0286500453949
0.0241820812225
0.0247621536255
0.0252959728241
0.0255899429321
0.0260369777679
0.0270659923553
0.0272560119629
0.0274360179901
0.0278050899506
0.0284931659698
0.0348370075226
0.0353229045868
0.0358059406281
0.0360469818115
0.0364668369293
0.0250940322876
0.0257019996643
0.0263240337372
0.0269320011139
0.0274481773376
0.028028011322
0.0282459259033
0.0284180641174
0.0285840034485
0.0289549827576
0.0214400291443
0.021723985672
0.0219740867615
0.02237200737
0.0226471424103
0.0235459804535
0.0241529941559
0.0246880054474
0.0252242088318
0.0257580280304
0.0296840667725
0.0303330421448
0.030935049057
0.0315251350403
0.0321199893951
0.02108502388
0.0218439102173
0.0225419998169
0.0232379436493
0.0239338874817
0.0280520915985
0.0287351608276
0.0293610095978
0.0299890041351
0.0306119918823
0.0273089408875
0.0279178619385
0.0285110473633
0.029098033905
0.0296409130096
0.0293219089508
0.0301840305328
0.0310168266296
0.0318520069122
0.0326778888702
0.0311360359192
0.0318329334259
0.0324840545654
0.0331180095673
0.0337450504303
0.0270760059357
0.0278499126434
0.0285930633545
0.0293340682983
0.0300920009613
0.0254170894623
0.0262370109558
0.0270080566406
0.0277800559998
0.0285520553589
0.0273931026459
0.0282671451569
0.0291340351105
0.0299921035767
0.0309679508209
0.0277619361877
0.0286929607391
0.0295989513397
0.0304918289185
0.0313959121704
0.0310609340668
0.0325038433075
0.0368618965149
0.0378630161285
0.0387828350067
0.0280737876892
0.0291328430176
0.0300798416138
0.0311818122864
0.0320978164673
0.0289759635925
0.0297899246216
0.0307319164276
0.0315818786621
0.0323498249054
0.0289928913116
0.0297660827637
0.0305950641632
0.0318260192871
0.0326669216156
0.0279479026794
0.0285880565643
0.0290169715881
0.0294580459595
0.030070066452
0.0351510047913
0.0366370677948
0.0377430915833
0.0389010906219
0.0402481555939
0.0329530239105
0.033684015274
0.0342879295349
0.0350780487061
0.0356740951538
0.0316200256348
0.0324399471283
0.0348649024963
0.0356588363647
0.0367770195007
0.0519428253174
0.0525839328766
0.0530347824097
0.0535027980804
0.0538818836212
0.0560359954834
0.0563540458679
0.0566370487213
0.056941986084
0.0574870109558
0.0267279148102
0.0272748470306
0.0275409221649
0.0277590751648
0.0282199382782
0.0242059230804
0.025053024292
0.0258319377899
0.0266060829163
0.0273621082306
0.0367939472198
0.0375978946686
0.0382719039917
0.0391159057617
0.0399649143219
0.0293419361115
0.0299489498138
0.0305140018463
0.0310509204865
0.0315928459167
0.0280339717865
0.0287890434265
0.0293600559235
0.0299050807953
0.0304520130157
0.025053024292
0.025808095932
0.0263910293579
0.0269529819489
0.027508020401
0.027487039566
0.02809715271
0.029000043869
0.0300660133362
0.0312719345093
0.0436270236969
0.0448160171509
0.0460619926453
0.0483248233795
0.0494108200073
0.0493459701538
0.0504910945892
0.0517339706421
0.0527019500732
0.0537509918213
0.0220069885254
0.0229308605194
0.0235998630524
0.0243678092957
0.0250129699707
0.0431289672852
0.0433180332184
0.0434801578522
0.043653011322
0.04381108284
0.0163769721985
0.0292279720306
0.0294470787048
0.0296010971069
0.029755115509
0.0449481010437
0.0451910495758
0.0453929901123
0.0455331802368
0.0456740856171
0.024022102356
0.0244669914246
0.0248849391937
0.0252010822296
0.0254209041595
0.0304341316223
0.0314559936523
0.03235912323
0.0331811904907
0.0400002002716
0.0367488861084
0.0377378463745
0.0386478900909
0.0395538806915
0.0408539772034
0.0415530204773
0.0418810844421
0.0421230792999
0.04234790802
0.042552947998
0.0271761417389
0.0274369716644
0.0276300907135
0.0278389453888
0.0284810066223
0.0259609222412
0.0264899730682
0.0270729064941
0.027379989624
0.0277698040009
0.028617143631
0.0291380882263
0.0294191837311
0.029883146286
0.0301280021667
0.0320570468903
0.0323030948639
0.0325360298157
0.032763004303
0.0329940319061
0.0220189094543
0.022449016571
0.0227060317993
0.023185968399
0.0234980583191
0.0275149345398
0.0281479358673
0.0305440425873
0.0327558517456
0.0337588787079
0.0301029682159
0.0308520793915
0.033175945282
0.034040927887
0.0347859859467
0.0292971134186
0.0305290222168
0.0317730903625
0.0330390930176
0.0340549945831
0.0324671268463
0.0332779884338
0.0340881347656
0.0351040363312
0.0359241962433
0.0311651229858
0.0322649478912
0.0334379673004
0.0345931053162
0.0357291698456
0.0276470184326
0.0284230709076
0.029205083847
0.0315260887146
0.0324010848999
0.0458958148956
0.0461988449097
0.0464799404144
0.0467479228973
0.0470209121704
0.0286219120026
0.028813123703
0.0289881229401
0.0292699337006
0.0299570560455
0.0295219421387
0.031142950058
0.0345351696014
0.0352809429169
0.0360209941864
0.0477139949799
0.0488619804382
0.0500380992889
0.0511269569397
0.0522570610046
0.0592420101166
0.0598349571228
0.0602450370789
0.0606670379639
0.0610811710358
0.0879909992218
0.0888600349426
0.0968818664551
0.0983760356903
0.0994498729706
0.0353970527649
0.0362210273743
0.037143945694
0.0380160808563
0.0398709774017
0.0336828231812
0.0347228050232
0.0356137752533
0.0396728515625
0.0404608249664
0.0331020355225
0.0337560176849
0.0344500541687
0.0349779129028
0.0360460281372
0.0343699455261
0.0352458953857
0.0361049175262
0.0369679927826
0.0382180213928
0.024078130722
0.0387020111084
0.0393371582031
0.0397231578827
0.0428040027618
0.0360651016235
0.0367500782013
0.0376510620117
0.0387761592865
0.0395610332489
0.0370769500732
0.03799700737
0.0389339923859
0.0396339893341
0.0402529239655
0.0245831012726
0.025337934494
0.0260388851166
0.02672290802
0.0274078845978
0.0262060165405
0.0268588066101
0.0274708271027
0.0280790328979
0.0286848545074
0.0292439460754
0.0299320220947
0.0305500030518
0.0311570167542
0.031760931015
0.0366370677948
0.0375061035156
0.0383410453796
0.0386271476746
0.0389280319214
0.0282728672028
0.0293049812317
0.0303249359131
0.031219959259
0.032114982605
0.0235371589661
0.0241501331329
0.0245840549469
0.025386095047
0.0260701179504
0.0367820262909
0.0377740859985
0.0385661125183
0.0396280288696
0.0403680801392
0.0257258415222
0.0288138389587
0.0357389450073
0.036406993866
0.0371248722076
0.0248129367828
0.0250420570374
0.0252430438995
0.0254580974579
0.0256509780884
0.0280909538269
0.0282738208771
0.0284368991852
0.0286099910736
0.0287628173828
0.0321280956268
0.0323369503021
0.0325169563293
0.032702922821
0.032879114151
0.027126789093
0.0275549888611
0.028196811676
0.0287699699402
0.0296318531036
0.0321590900421
0.0328571796417
0.0334720611572
0.0341930389404
0.0348870754242
0.0605261325836
0.0608060359955
0.0609791278839
0.0611381530762
0.0616290569305
0.0300998687744
0.0304660797119
0.0307719707489
0.031063079834
0.0315370559692
0.0359709262848
0.03733086586
0.0382828712463
0.0393738746643
0.0404689311981
0.0333561897278
0.0340399742126
0.0343761444092
0.0346460342407
0.0354561805725
0.0404191017151
0.0407571792603
0.0409660339355
0.0411760807037
0.041374206543
0.0474359989166
0.0477349758148
0.0479938983917
0.0482420921326
0.0484869480133
0.0523130893707
0.0531120300293
0.0544319152832
0.0559689998627
0.0570130348206
0.025533914566
0.0258779525757
0.0262160301208
0.0265419483185
0.0268709659576
0.0344722270966
0.0348691940308
0.0355331897736
0.0370681285858
0.0384311676025
0.0281760692596
0.0289809703827
0.0296750068665
0.0323510169983
0.0336949825287
0.0263710021973
0.0275328159332
0.0283229351044
0.0291249752045
0.0298459529877
0.0269038677216
0.0279729366302
0.0290229320526
0.0301280021667
0.0311138629913
0.027449131012
0.028373003006
0.0295441150665
0.0305910110474
0.031601190567
0.0275979042053
0.0286350250244
0.0293900966644
0.0300920009613
0.0307590961456
0.0290110111237
0.0295989513397
0.0301790237427
0.0307130813599
0.0312430858612
0.0525088310242
0.0531678199768
0.0537488460541
0.0543618202209
0.054958820343
0.0325911045074
0.0333161354065
0.0340161323547
0.0347440242767
0.0354461669922
0.0269310474396
0.0277299880981
0.0285680294037
0.02943110466
0.0302410125732
0.0252130031586
0.0254890918732
0.0256772041321
0.0261080265045
0.0271470546722
0.0230910778046
0.0233101844788
0.0235111713409
0.0237481594086
0.0240590572357
0.0249671936035
0.0251591205597
0.0253350734711
0.0255172252655
0.0258600711823
0.0271139144897
0.0272979736328
0.027489900589
0.0279920101166
0.0282039642334
0.0291919708252
0.0293939113617
0.0295898914337
0.0297679901123
0.0320467948914
0.0270349979401
0.0272109508514
0.0273771286011
0.0275781154633
0.0280780792236
0.0282940864563
0.028491973877
0.0286650657654
0.0288228988647
0.0290069580078
0.0270369052887
0.0273900032043
0.0280508995056
0.0292520523071
0.0303571224213
0.0276570320129
0.0284850597382
0.029149055481
0.0300271511078
0.0310320854187
0.0325560569763
0.0335710048676
0.0344350337982
0.0353062152863
0.0361521244049
0.0289928913116
0.0291850566864
0.0295889377594
0.0300390720367
0.0304419994354
0.0276851654053
0.028412103653
0.0292460918427
0.0298960208893
0.0305061340332
0.0388920307159
0.0401730537415
0.0411279201508
0.0418500900269
0.0425209999084
0.0374109745026
0.0383958816528
0.0396590232849
0.0406699180603
0.0417909622192
0.0330109596252
0.0337731838226
0.034471988678
0.0352330207825
0.0358800888062
0.0263891220093
0.0274150371552
0.0283570289612
0.0298051834106
0.0305171012878
0.0355081558228
0.0358030796051
0.0360209941864
0.0362350940704
0.0364429950714
0.0211579799652
0.0219979286194
0.022805929184
0.0236818790436
0.024570941925
0.0187571048737
0.0189499855042
0.0191311836243
0.0193309783936
0.0195000171661
0.0355460643768
0.0357229709625
0.0358860492706
0.0360770225525
0.0362350940704
0.0275318622589
0.0279550552368
0.028333902359
0.0289959907532
0.0299189090729
0.0230929851532
0.0240950584412
0.0249311923981
0.0257530212402
0.0264801979065
0.0465838909149
0.0469148159027
0.047159910202
0.0473968982697
0.0486760139465
0.0272450447083
0.0274310112
0.0276470184326
0.027930021286
0.0281140804291
0.042200088501
0.0423829555511
0.0425341129303
0.0426769256592
0.042839050293
0.0262198448181
0.0263948440552
0.0265510082245
0.0267119407654
0.0270309448242
0.0279591083527
0.0284061431885
0.0290920734406
0.029648065567
0.0302011966705
0.023090839386
0.0233099460602
0.023491859436
0.0236699581146
0.023864030838
0.0280289649963
0.0284759998322
0.0288679599762
0.0293741226196
0.0296139717102
0.027508020401
0.0279018878937
0.0284039974213
0.0285739898682
0.028736114502
0.0243680477142
0.0245900154114
0.025013923645
0.0253410339355
0.0258030891418
0.0382890701294
0.0388841629028
0.0394351482391
0.0421240329742
0.0428111553192
0.0549740791321
0.0561771392822
0.0573811531067
0.0586810112
0.0599341392517
0.0903930664062
0.0905690193176
0.0907251834869
0.0908830165863
0.0910770893097
0.0390758514404
0.0393650531769
0.0396089553833
0.0398519039154
0.0400919914246
0.0674431324005
0.069540977478
0.072282075882
0.0732851028442
0.0743069648743
0.04336810112
0.0435960292816
0.0438151359558
0.0440280437469
0.0443081855774
0.0357658863068
0.0359699726105
0.0361559391022
0.0363249778748
0.0366139411926
0.0238149166107
0.0241389274597
0.0244789123535
0.0247910022736
0.0251441001892
0.0328168869019
0.0330410003662
0.0332279205322
0.0335450172424
0.0338089466095
0.0292701721191
0.0299770832062
0.0301699638367
0.0303630828857
0.0305600166321
0.0358691215515
0.036562204361
0.0368530750275
0.0372321605682
0.0377991199493
0.0369069576263
0.0386888980865
0.0400779247284
0.0446400642395
0.0459461212158
0.0300607681274
0.0313668251038
0.0325179100037
0.0337278842926
0.0349609851837
0.0592248439789
0.0594358444214
0.0596289634705
0.0598158836365
0.0599918365479
0.0596389770508
0.0598378181458
0.0600349903107
0.0602159500122
0.0604000091553
0.0368440151215
0.0370750427246
0.037278175354
0.0374691486359
0.0376601219177
0.0529298782349
0.0531158447266
0.0533008575439
0.0534708499908
0.0536417961121
0.0457649230957
0.0460870265961
0.0464088916779
0.0486369132996
0.0499730110168
0.0357151031494
0.0359570980072
0.0361201763153
0.036288022995
0.0364692211151
0.039479970932
0.0397579669952
0.0400760173798
0.0403499603271
0.0406491756439
0.0385499000549
0.0388097763062
0.0390508174896
0.0392849445343
0.0395069122314
0.0246131420135
0.0248250961304
0.0250351428986
0.0252270698547
0.0254099369049
0.0301740169525
0.0303919315338
0.0305979251862
0.0307841300964
0.0309729576111
0.0377089977264
0.0382969379425
0.0387558937073
0.0391888618469
0.0394289493561
0.0234808921814
0.0243179798126
0.0249300003052
0.0253958702087
0.0258500576019
0.0302438735962
0.0307259559631
0.0311789512634
0.0314328670502
0.0325388908386
0.0290570259094
0.0292689800262
0.0294570922852
0.0296320915222
0.0298080444336
0.0265929698944
0.0268039703369
0.026969909668
0.0271289348602
0.0272879600525
0.0255539417267
0.0263428688049
0.0271289348602
0.0278370380402
0.0285618305206
0.0298728942871
0.030592918396
0.0311160087585
0.0316338539124
0.0321528911591
0.0281541347504
0.0287899971008
0.0294041633606
0.0300130844116
0.0306241512299
0.025810956955
0.0266230106354
0.0273540019989
0.0280909538269
0.0286209583282
0.0237991809845
0.0244901180267
0.0251619815826
0.0258979797363
0.0265870094299
0.02721118927
0.0282890796661
0.0294830799103
0.0307040214539
0.031750202179
0.0478079319
0.0487260818481
0.0495080947876
0.0502688884735
0.0510060787201
0.0434641838074
0.0441851615906
0.0448760986328
0.045606136322
0.0468320846558
0.0275781154633
0.0277719497681
0.0279469490051
0.0281140804291
0.02827501297
0.0276100635529
0.027811050415
0.027999162674
0.0281879901886
0.0283591747284
0.0267488956451
0.0270309448242
0.0272560119629
0.0274789333344
0.0276889801025
0.0255870819092
0.0258150100708
0.0260410308838
0.026242017746
0.0264461040497
0.0388271808624
0.0401082038879
0.0410861968994
0.0467851161957
0.047963142395
0.0407660007477
0.0409281253815
0.0410759449005
0.0412399768829
0.0414280891418
0.029149055481
0.0296840667725
0.0302641391754
0.0308032035828
0.031375169754
0.0309607982635
0.0319278240204
0.0326387882233
0.0331788063049
0.0337328910828
0.045392036438
0.0455830097198
0.0457561016083
0.0459289550781
0.046108007431
0.0221409797668
0.0225560665131
0.0230510234833
0.0237529277802
0.0245130062103
0.0308730602264
0.031455039978
0.0320022106171
0.0325222015381
0.0330400466919
0.0228381156921
0.0237240791321
0.0245270729065
0.025327205658
0.0261261463165
0.029403924942
0.029983997345
0.0305478572845
0.0311079025269
0.0316638946533
0.0240290164948
0.02468085289
0.0253119468689
0.0259509086609
0.0265879631042
0.0269000530243
0.02756690979
0.0282199382782
0.028874874115
0.0296409130096
0.0296869277954
0.0305800437927
0.0316979885101
0.0330798625946
0.0342478752136
0.0594940185547
0.0603930950165
0.0613029003143
0.0622789859772
0.0670700073242
0.0583539009094
0.0585429668427
0.058718919754
0.058886051178
0.059054851532
0.084774017334
0.0849530696869
0.0851080417633
0.08527302742
0.0854258537292
0.0286040306091
0.0292439460754
0.0300478935242
0.0305368900299
0.0310049057007
0.0382831096649
0.038467168808
0.0386290550232
0.0387890338898
0.0389530658722
0.029137134552
0.0293810367584
0.0295789241791
0.0297651290894
0.0299530029297
0.0463449954987
0.0465428829193
0.0467188358307
0.0468847751617
0.0470559597015
0.0355200767517
0.0368599891663
0.0372710227966
0.037789106369
0.0381801128387
0.0308289527893
0.031054019928
0.0312728881836
0.0314719676971
0.0316820144653
0.0268030166626
0.0274519920349
0.0279431343079
0.0283861160278
0.0287711620331
0.0351040363312
0.0360670089722
0.0364511013031
0.0369601249695
0.0377171039581
0.0346848964691
0.0352110862732
0.0357739925385
0.0360388755798
0.0368499755859
0.030946969986
0.031124830246
0.0312860012054
0.0314509868622
0.0316138267517
0.023983001709
0.0252599716187
0.0267360210419
0.0282769203186
0.0297029018402
0.035450220108
0.0362319946289
0.0375220775604
0.0387802124023
0.0403361320496
0.0231719017029
0.0244739055634
0.02552485466
0.0301878452301
0.031124830246
0.0357978343964
0.0367250442505
0.0375428199768
0.0385558605194
0.0396909713745
0.0301480293274
0.0308270454407
0.0314409732819
0.0321199893951
0.0327279567719
0.0234589576721
0.0240571498871
0.0246510505676
0.0249559879303
0.0251829624176
0.0307788848877
0.0313739776611
0.0318899154663
0.0323748588562
0.0326368808746
0.0306630134583
0.0309901237488
0.0312459468842
0.0314829349518
0.0317280292511
0.0276050567627
0.0279490947723
0.0283589363098
0.0288100242615
0.0290179252625
0.0310618877411
0.031555891037
0.0319678783417
0.0323519706726
0.0325598716736
0.0254688262939
0.0259017944336
0.0263078212738
0.0267488956451
0.0270159244537
0.0288980007172
0.0297219753265
0.0304968357086
0.0312929153442
0.0322329998016
0.0277681350708
0.0284180641174
0.0290441513062
0.029666185379
0.030394077301
0.0329689979553
0.0340569019318
0.0348629951477
0.0360379219055
0.0369348526001
0.0240299701691
0.0247709751129
0.0256080627441
0.0264909267426
0.0274388790131
0.0283679962158
0.0291759967804
0.0298941135406
0.0307309627533
0.0315210819244
0.0392670631409
0.0410959720612
0.0420899391174
0.0429821014404
0.0438289642334
0.0324821472168
0.0331389904022
0.0337882041931
0.0351130962372
0.0373060703278
0.0318701267242
0.0320370197296
0.0321850776672
0.0323259830475
0.0325040817261
0.0348188877106
0.0350189208984
0.035187959671
0.0353858470917
0.0355608463287
0.0238819122314
0.0255420207977
0.0268678665161
0.0280249118805
0.0289859771729
0.0309100151062
0.0316250324249
0.0323550701141
0.0330519676208
0.0338699817657
0.033303976059
0.0335149765015
0.0336968898773
0.0338618755341
0.0340278148651
0.0320119857788
0.032732963562
0.033607006073
0.0342330932617
0.0349159240723
0.0310518741608
0.0321140289307
0.0331509113312
0.0338759422302
0.0348188877106
0.0367710590363
0.0377199649811
0.0385100841522
0.0394198894501
0.0405089855194
0.028153181076
0.0294229984283
0.0301191806793
0.0315899848938
0.0327560901642
0.0405039787292
0.0407359600067
0.0409429073334
0.0411169528961
0.0412938594818
0.0289499759674
0.0291628837585
0.0293669700623
0.0295488834381
0.0297298431396
0.0322680473328
0.0325908660889
0.0329148769379
0.0332069396973
0.0335009098053
0.0257961750031
0.0259730815887
0.0261511802673
0.0263180732727
0.0264761447906
0.0252010822296
0.0253729820251
0.0255501270294
0.0257170200348
0.0258719921112
0.0296461582184
0.029993057251
0.0302450656891
0.0304000377655
0.0305440425873
0.0291049480438
0.0292630195618
0.029403924942
0.0295689105988
0.0297100543976
0.0328040122986
0.0330049991608
0.0332100391388
0.0334060192108
0.033576965332
0.0259499549866
0.0261149406433
0.0262589454651
0.0264389514923
0.0265970230103
0.0267651081085
0.0276939868927
0.0285739898682
0.029510974884
0.0303471088409
0.0404229164124
0.0405938625336
0.0407738685608
0.0409278869629
0.0412249565125
0.0393090248108
0.0394809246063
0.0396389961243
0.0397908687592
0.0399348735809
0.0377779006958
0.0379388332367
0.0381348133087
0.038284778595
0.038489818573
0.0326859951019
0.0329759120941
0.0333018302917
0.0335988998413
0.0338978767395
0.0333189964294
0.0335009098053
0.0336618423462
0.0338218212128
0.033980846405
0.0310750007629
0.0312950611115
0.0314779281616
0.0316619873047
0.0318369865417
0.0279438495636
0.0281829833984
0.0284068584442
0.0286200046539
0.0288269519806
0.0285451412201
0.0287230014801
0.0288879871368
0.029060125351
0.0292191505432
0.039491891861
0.0396978855133
0.0398948192596
0.0400748252869
0.0402510166168
0.0315458774567
0.0317778587341
0.0319859981537
0.0322849750519
0.0325698852539
0.0293509960175
0.0296938419342
0.0301268100739
0.0304238796234
0.0306668281555
0.0299458503723
0.0301229953766
0.0306549072266
0.0312378406525
0.0317599773407
0.0262470245361
0.0274550914764
0.0287721157074
0.0299620628357
0.0310029983521
0.0245411396027
0.0252220630646
0.0260150432587
0.0266001224518
0.027153968811
0.0270118713379
0.0276350975037
0.0282270908356
0.0288269519806
0.0294170379639
0.0357699394226
0.0369989871979
0.0382709503174
0.0397429466248
0.0407998561859
0.0260500907898
0.0270218849182
0.0279140472412
0.0288228988647
0.0297129154205
0.0352880954742
0.036416053772
0.0374550819397
0.0384609699249
0.0397789478302
0.0335299968719
0.0338730812073
0.0346751213074
0.035343170166
0.0360560417175
0.0275809764862
0.0281760692596
0.0287799835205
0.0293021202087
0.0298731327057
0.0332000255585
0.0340549945831
0.0348618030548
0.0356228351593
0.0366358757019
0.032851934433
0.0340299606323
0.0352320671082
0.0365998744965
0.0378630161285
0.0270819664001
0.0389308929443
0.0401520729065
0.0413389205933
0.0425229072571
0.0399429798126
0.0405349731445
0.0408689975739
0.0411849021912
0.0430598258972
0.0325741767883
0.0327620506287
0.0329411029816
0.0331060886383
0.0332701206207
0.0380370616913
0.0382280349731
0.038388967514
0.0385479927063
0.0387029647827
0.0337820053101
0.0339529514313
0.034126996994
0.034285068512
0.0344359874725
0.0377180576324
0.037889957428
0.0380609035492
0.038223028183
0.0383749008179
0.044105052948
0.0455389022827
0.0468709468842
0.0481688976288
0.0496828556061
0.0621309280396
0.0624358654022
0.0627150535583
0.0630209445953
0.0633008480072
0.0360538959503
0.0365350246429
0.0369830131531
0.0374279022217
0.0378868579865
0.0396640300751
0.0398390293121
0.0400021076202
0.0401601791382
0.0403161048889
0.0294680595398
0.0304238796234
0.0312778949738
0.0320520401001
0.0328049659729
0.0287230014801
0.0291268825531
0.0295279026031
0.0299279689789
0.0303900241852
0.0344429016113
0.034786939621
0.035101890564
0.0354220867157
0.035756111145
0.0319480895996
0.0324349403381
0.0328810214996
0.0334959030151
0.0341711044312
0.0257790088654
0.0262467861176
0.0267078876495
0.0269978046417
0.0271718502045
0.0242450237274
0.0248351097107
0.0253930091858
0.0256941318512
0.0261721611023
0.0305280685425
0.0307130813599
0.0308690071106
0.031023979187
0.0311810970306
0.0288600921631
0.029599905014
0.0300669670105
0.030385017395
0.0306169986725
0.0322289466858
0.0326759815216
0.0331449508667
0.0335638523102
0.034022808075
0.0292229652405
0.0296900272369
0.0303089618683
0.0307011604309
0.0311989784241
0.0369849205017
0.0374639034271
0.0381140708923
0.0385649204254
0.0398309230804
0.0352160930634
0.0358901023865
0.0365450382233
0.0375430583954
0.0387270450592
0.0417289733887
0.0428810119629
0.043869972229
0.0450358390808
0.0465350151062
0.0357539653778
0.0373659133911
0.0391159057617
0.0403599739075
0.0414299964905
0.030571937561
0.0312960147858
0.0320520401001
0.0353779792786
0.0366439819336
0.0340969562531
0.0348970890045
0.0356600284576
0.0362930297852
0.0370330810547
0.0347812175751
0.034951210022
0.0351030826569
0.0354290008545
0.0355792045593
0.0211029052734
0.0212750434875
0.0214190483093
0.0215919017792
0.021735906601
0.0231561660767
0.023430109024
0.0236911773682
0.0239479541779
0.0242021083832
0.0265510082245
0.0267169475555
0.0268769264221
0.0270409584045
0.0271809101105
0.025160074234
0.0253388881683
0.0255188941956
0.0256659984589
0.0258069038391
0.0269119739532
0.0270829200745
0.0272669792175
0.0274169445038
0.0275638103485
0.0223360061646
0.0225300788879
0.0227310657501
0.0228960514069
0.0230510234833
0.0236339569092
0.0238080024719
0.0239861011505
0.0241441726685
0.0242941379547
0.0312178134918
0.0315549373627
0.0318388938904
0.0321028232574
0.0323488712311
0.0254909992218
0.0256578922272
0.0258119106293
0.025955915451
0.0261039733887
0.0251579284668
0.025367975235
0.0255711078644
0.0257461071014
0.0259239673615
0.0236768722534
0.0240058898926
0.0244839191437
0.0247099399567
0.0249049663544
0.0313229560852
0.0319130420685
0.0324518680573
0.032970905304
0.0335369110107
0.0327429771423
0.0334670543671
0.0341589450836
0.0348520278931
0.0355451107025
0.0220139026642
0.0227649211884
0.0234010219574
0.0250849723816
0.0259718894958
0.0303928852081
0.0306420326233
0.0308058261871
0.0309498310089
0.0310950279236
0.0256338119507
0.0259168148041
0.0261108875275
0.0265328884125
0.0270419120789
0.0452671051025
0.0458130836487
0.0463130474091
0.046952009201
0.0474181175232
0.0401298999786
0.0403139591217
0.0404620170593
0.0406110286713
0.0407559871674
0.0418829917908
0.042053937912
0.0422310829163
0.0423901081085
0.0425469875336
0.0275859832764
0.0277569293976
0.0279188156128
0.0280759334564
0.028223991394
0.0301039218903
0.0303030014038
0.0304899215698
0.0306599140167
0.0308299064636
0.0297749042511
0.0300259590149
0.0302238464355
0.0304200649261
0.0306940078735
0.0292150974274
0.0295331478119
0.0297300815582
0.0298960208893
0.0300481319427
0.0289239883423
0.0291669368744
0.0293619632721
0.0295460224152
0.0297350883484
0.028235912323
0.0284910202026
0.0287189483643
0.0289299488068
0.0291419029236
0.0350849628448
0.0354080200195
0.0356750488281
0.0359270572662
0.0361800193787
0.0372579097748
0.0375709533691
0.0378608703613
0.0382418632507
0.0388848781586
0.0423121452332
0.0442790985107
0.0481150150299
0.0488111972809
0.0521740913391
0.0361399650574
0.0369110107422
0.0375819206238
0.0382809638977
0.0389668941498
0.0643520355225
0.0648789405823
0.0652179718018
0.0658729076385
0.066251039505
0.0325741767883
0.0337750911713
0.0348172187805
0.0359761714935
0.037052154541
0.0359449386597
0.0367650985718
0.0377240180969
0.0385980606079
0.0393929481506
0.0353291034698
0.0365219116211
0.0378420352936
0.0389909744263
0.0400969982147
0.0319268703461
0.0327999591827
0.0335099697113
0.0341408252716
0.0349578857422
0.0340700149536
0.0351758003235
0.0361778736115
0.0374648571014
0.0383658409119
0.032203912735
0.0324380397797
0.0326569080353
0.0329430103302
0.0331699848175
0.0327889919281
0.0330679416656
0.0332560539246
0.0334298610687
0.0336060523987
0.0335011482239
0.0338189601898
0.0341410636902
0.0347130298615
0.0358500480652
0.0328500270844
0.0334968566895
0.035542011261
0.036453962326
0.0379598140717
0.0316240787506
0.0323231220245
0.0331590175629
0.0343430042267
0.0350589752197
0.0232970714569
0.0246150493622
0.0254831314087
0.0265929698944
0.0284719467163
0.031986951828
0.0328979492188
0.034322977066
0.0356290340424
0.0365998744965
0.0340139865875
0.0347499847412
0.0355098247528
0.0361058712006
0.0368928909302
0.0519301891327
0.0521631240845
0.0523262023926
0.0524861812592
0.0526630878448
0.0261790752411
0.0264341831207
0.0266160964966
0.026792049408
0.0269591808319
0.0391159057617
0.0393319129944
0.0395338535309
0.039715051651
0.0399010181427
0.0364890098572
0.036698102951
0.0368580818176
0.0370180606842
0.0372259616852
0.0237739086151
0.0239589214325
0.0241267681122
0.0242879390717
0.0256299972534
0.0335800647736
0.0343561172485
0.0350940227509
0.0359261035919
0.0367801189423
0.0282030105591
0.0291421413422
0.0300140380859
0.0307359695435
0.0315489768982
0.024747133255
0.0255122184753
0.0261981487274
0.0268590450287
0.0276930332184
0.0276930332184
0.0284879207611
0.0292611122131
0.0308170318604
0.0345001220703
0.0355641841888
0.0364890098572
0.0372681617737
0.0380220413208
0.0388290882111
0.0237078666687
0.0245089530945
0.0252809524536
0.0260589122772
0.0286328792572
0.0313069820404
0.0321638584137
0.0329477787018
0.0337870121002
0.0346817970276
0.0313589572906
0.0325100421906
0.0333850383759
0.0341520309448
0.0349600315094
0.0410420894623
0.0412349700928
0.0413870811462
0.0415320396423
0.0417051315308
0.0294148921967
0.030054807663
0.0305387973785
0.0310308933258
0.0317208766937
0.0237720012665
0.0245089530945
0.0256140232086
0.0266079902649
0.0279700756073
0.0313370227814
0.0321390628815
0.033164024353
0.0338990688324
0.0348370075226
0.0331749916077
0.033430814743
0.0336267948151
0.0339539051056
0.0342669487
0.0378530025482
0.0388040542603
0.0397369861603
0.0408320426941
0.0427861213684
0.0246050357819
0.0248019695282
0.0249869823456
0.0251679420471
0.0253429412842
0.0278859138489
0.0281059741974
0.0282959938049
0.0284910202026
0.0286810398102
0.0250890254974
0.0253450870514
0.0255331993103
0.0257081985474
0.0258891582489
0.0222578048706
0.0224959850311
0.0226809978485
0.0228657722473
0.0230498313904
0.028990983963
0.0292019844055
0.0294599533081
0.0296521186829
0.029834985733
0.02623295784
0.0264019966125
0.026547908783
0.0266969203949
0.0269999504089
0.0310790538788
0.0313289165497
0.0315840244293
0.0318250656128
0.0320270061493
0.0289130210876
0.029109954834
0.029284954071
0.0294470787048
0.0296130180359
0.0311651229858
0.0314121246338
0.0315821170807
0.0317680835724
0.0322210788727
0.031965970993
0.0321810245514
0.0323600769043
0.0325858592987
0.0327780246735
0.0276918411255
0.0279138088226
0.0280959606171
0.0283348560333
0.0285818576813
0.0295188426971
0.0297379493713
0.0299208164215
0.0318429470062
0.0320489406586
0.0276689529419
0.0278670787811
0.0280680656433
0.028244972229
0.0284221172333
0.0270571708679
0.0272731781006
0.0274469852448
0.0276191234589
0.0277881622314
0.0222690105438
0.0224969387054
0.0226829051971
0.0228700637817
0.0230488777161
0.0275590419769
0.02774310112
0.0279061794281
0.028067111969
0.0282251834869
0.0219130516052
0.023087978363
0.023962020874
0.0247390270233
0.0255479812622
0.0377368927002
0.0386838912964
0.0395398139954
0.0404489040375
0.0413048267365
0.0357301235199
0.036612033844
0.0376870632172
0.0388920307159
0.0400800704956
0.0292410850525
0.0300731658936
0.0308592319489
0.0316061973572
0.032341003418
0.0577659606934
0.0585310459137
0.0592310428619
0.0600590705872
0.0615410804749
0.0270760059357
0.0272860527039
0.0274679660797
0.0276448726654
0.0278129577637
0.0257720947266
0.0259871482849
0.0261831283569
0.0263769626617
0.0265669822693
0.0267589092255
0.0269730091095
0.0271348953247
0.027302980423
0.0274639129639
0.0350449085236
0.0352418422699
0.0354368686676
0.0355899333954
0.0357429981232
0.0326709747314
0.0328929424286
0.0330848693848
0.0332448482513
0.0333988666534
0.0285038948059
0.0287089347839
0.0288820266724
0.0290548801422
0.0292258262634
0.0260810852051
0.0272550582886
0.0283479690552
0.0295720100403
0.0308539867401
0.0295989513397
0.0305578708649
0.0314910411835
0.032516002655
0.0338618755341
0.0316278934479
0.0318210124969
0.0319879055023
0.0321400165558
0.0323178768158
0.0276298522949
0.0278429985046
0.0280179977417
0.0281848907471
0.0283460617065
0.0240669250488
0.0242869853973
0.0244779586792
0.0246598720551
0.024829864502
0.0311460494995
0.0319249629974
0.0324749946594
0.0330049991608
0.0340399742126
0.0217831134796
0.0220379829407
0.0222671031952
0.0227110385895
0.023845911026
0.0658869743347
0.0661749839783
0.066831111908
0.0676109790802
0.0685210227966
0.0394260883331
0.0396671295166
0.0398380756378
0.0400071144104
0.0401630401611
0.0335919857025
0.0344340801239
0.0359029769897
0.0374810695648
0.0388770103455
0.0318460464478
0.0328381061554
0.0336110591888
0.0343589782715
0.03502202034
0.0294120311737
0.0306689739227
0.0317959785461
0.0331099033356
0.0341470241547
0.035964012146
0.0368399620056
0.0377440452576
0.0415968894958
0.0426478385925
0.0313949584961
0.0323588848114
0.0331869125366
0.0339450836182
0.0347480773926
0.0266668796539
0.0280790328979
0.0297260284424
0.0313000679016
0.0324280261993
0.0379440784454
0.0390739440918
0.0401320457458
0.0411491394043
0.0425350666046
0.0382928848267
0.0393497943878
0.0402748584747
0.0411558151245
0.0420179367065
0.0329229831696
0.0337219238281
0.03457903862
0.0353538990021
0.0362520217896
0.0334000587463
0.0346040725708
0.0354990959167
0.037101984024
0.0382540225983
0.0322639942169
0.033438205719
0.0384821891785
0.0422170162201
0.0432419776917
0.0360238552094
0.0372939109802
0.038547039032
0.0398368835449
0.040561914444
0.0291140079498
0.0299599170685
0.0310599803925
0.0319740772247
0.0328719615936
0.0379610061646
0.0389440059662
0.0397338867188
0.0405240058899
0.0412018299103
0.0438899993896
0.0446751117706
0.0454330444336
0.046108007431
0.0468859672546
0.0370259284973
0.0379269123077
0.0385808944702
0.0393619537354
0.0401248931885
0.0306940078735
0.0317678451538
0.0327019691467
0.033656835556
0.0346930027008
0.0302350521088
0.0304880142212
0.0306730270386
0.0308451652527
0.0310430526733
0.0277259349823
0.027941942215
0.0281240940094
0.0282819271088
0.0284271240234
0.0273079872131
0.0275478363037
0.027704000473
0.0278489589691
0.0279979705811
0.013787984848
0.0149049758911
0.0150890350342
0.0152568817139
0.0159358978271
0.0281591415405
0.0287799835205
0.0292251110077
0.0294289588928
0.029629945755
0.0316259860992
0.0318450927734
0.0320479869843
0.0322160720825
0.0323760509491
0.0371479988098
0.0373251438141
0.0375039577484
0.0376670360565
0.0378241539001
0.0251460075378
0.02561211586
0.0258419513702
0.0260429382324
0.0262260437012
0.0279541015625
0.0284559726715
0.0292291641235
0.0299470424652
0.0311131477356
0.0299830436707
0.0311281681061
0.0323619842529
0.0335130691528
0.0350570678711
0.0266270637512
0.0276260375977
0.0285310745239
0.029100894928
0.0299339294434
0.0343811511993
0.0353691577911
0.0364079475403
0.0375480651855
0.0385069847107
0.0300569534302
0.031772851944
0.0331540107727
0.0404670238495
0.0420598983765
0.02481508255
0.0254461765289
0.0262629985809
0.0271370410919
0.028037071228
0.0239410400391
0.0246441364288
0.0251309871674
0.0258340835571
0.0267221927643
0.0207200050354
0.0209348201752
0.0342299938202
0.0347819328308
0.0359859466553
0.0309760570526
0.0311961174011
0.0313680171967
0.0315229892731
0.0316760540009
0.0386350154877
0.0388059616089
0.0389919281006
0.0391418933868
0.0392899513245
0.0296170711517
0.0298330783844
0.0300040245056
0.030177116394
0.0303540229797
0.0240390300751
0.024337053299
0.0248639583588
0.0255739688873
0.0260660648346
0.0290050506592
0.0292110443115
0.0293741226196
0.0295300483704
0.0296850204468
0.0300788879395
0.0303349494934
0.0305860042572
0.0307469367981
0.0309100151062
0.0345139503479
0.0355498790741
0.0368399620056
0.0377328395844
0.0386068820953
0.0337340831757
0.0341041088104
0.0343680381775
0.034658908844
0.0349769592285
0.0259439945221
0.0261509418488
0.0263168811798
0.0264799594879
0.0267150402069
0.029196023941
0.0296430587769
0.0299232006073
0.0301852226257
0.0304110050201
0.0398509502411
0.0401051044464
0.0402789115906
0.0404589176178
0.0408470630646
0.0321478843689
0.0325019359589
0.0327849388123
0.0330369472504
0.0336949825287
0.0273170471191
0.0279450416565
0.0285179615021
0.0290989875793
0.0297379493713
0.034077167511
0.035560131073
0.0371952056885
0.0387251377106
0.0401301383972
0.0274930000305
0.0287511348724
0.0300140380859
0.0313761234283
0.0325200557709
0.0358610153198
0.036926984787
0.0377700328827
0.0385999679565
0.0393679141998
0.027960062027
0.0292370319366
0.0302250385284
0.0309951305389
0.0318081378937
0.044487953186
0.0451037883759
0.0459008216858
0.0464289188385
0.0469517707825
0.0277309417725
0.0284819602966
0.0292129516602
0.0299370288849
0.0306549072266
0.0292770862579
0.0299530029297
0.0306210517883
0.0313029289246
0.0329880714417
0.0389750003815
0.0401511192322
0.0412471294403
0.0422902107239
0.0431151390076
0.0358951091766
0.0366280078888
0.037220954895
0.0377750396729
0.0383009910583
0.0337960720062
0.0341289043427
0.0344200134277
0.0347130298615
0.0356938838959
0.0242459774017
0.0246419906616
0.0249869823456
0.025486946106
0.0277330875397
0.0278429985046
0.0280208587646
0.0281908512115
0.0283439159393
0.0284998416901
0.0280320644379
0.0282299518585
0.0283949375153
0.028557062149
0.0287210941315
0.0240638256073
0.0246889591217
0.0289409160614
0.0295798778534
0.0302228927612
0.030033826828
0.0309119224548
0.0317189693451
0.0324928760529
0.0381669998169
0.037602186203
0.0386891365051
0.0400099754333
0.0414199829102
0.0427711009979
0.0292191505432
0.0294551849365
0.029648065567
0.0298380851746
0.0300221443176
0.0276958942413
0.0279588699341
0.0281829833984
0.0307528972626
0.0309789180756
0.0277998447418
0.028294801712
0.0287418365479
0.0291957855225
0.0296938419342
0.0280301570892
0.0291259288788
0.030513048172
0.0320100784302
0.0331220626831
0.0361049175262
0.0367228984833
0.0373229980469
0.0379178524017
0.0385088920593
0.0294690132141
0.0300199985504
0.0305559635162
0.0310840606689
0.0316159725189
0.0281000137329
0.0289788246155
0.0298068523407
0.030877828598
0.0369009971619
0.0364458560944
0.0378220081329
0.0390758514404
0.0406448841095
0.0422358512878
0.0514988899231
0.0525469779968
0.0539448261261
0.0555369853973
0.0564730167389
0.0356161594391
0.0357820987701
0.0359380245209
0.0360910892487
0.0364789962769
0.0240168571472
0.0244388580322
0.0248579978943
0.0252640247345
0.0259249210358
0.0234351158142
0.0237381458282
0.0239810943604
0.0242102146149
0.0244221687317
0.0252962112427
0.0256230831146
0.0258250236511
0.0259971618652
0.0261662006378
0.0278630256653
0.0281858444214
0.0305199623108
0.0319788455963
0.0326018333435
0.0266990661621
0.0274798870087
0.0281839370728
0.0288829803467
0.0296149253845
0.0304529666901
0.0313580036163
0.0329730510712
0.0342478752136
0.0352010726929
0.0251958370209
0.0258519649506
0.0264849662781
0.0271089076996
0.0277378559113
0.028774023056
0.0293989181519
0.029736995697
0.0299479961395
0.0304229259491
0.0319998264313
0.0348370075226
0.0389120578766
0.0399160385132
0.0408818721771
0.0307049751282
0.0308690071106
0.031023979187
0.0311770439148
0.0313248634338
0.0270748138428
0.027664899826
0.0288829803467
0.0299849510193
0.0311620235443
0.0221400260925
0.0231630802155
0.0242240428925
0.0251100063324
0.0259749889374
0.0347158908844
0.0359599590302
0.0369648933411
0.0377938747406
0.038596868515
0.0284380912781
0.0294589996338
0.0323929786682
0.0337371826172
0.0373570919037
0.0239191055298
0.024521112442
0.0251061916351
0.0257380008698
0.0262830257416
0.0382118225098
0.0384788513184
0.0389809608459
0.0392639636993
0.0397098064423
0.0233960151672
0.0236251354218
0.0238270759583
0.024022102356
0.0242080688477
0.0280759334564
0.0283498764038
0.0285940170288
0.0288348197937
0.0293898582458
0.0231370925903
0.023332118988
0.0234789848328
0.0236270427704
0.0237729549408
0.0798590183258
0.0809381008148
0.081775188446
0.0826411247253
0.083752155304
0.023206949234
0.0233919620514
0.0235948562622
0.0240468978882
0.0253469944
0.0360188484192
0.0364508628845
0.0368268489838
0.0371959209442
0.0375628471375
0.0415139198303
0.0417199134827
0.0418920516968
0.0420570373535
0.0422220230103
0.0339751243591
0.034234046936
0.0344660282135
0.0346970558167
0.0349209308624
0.0424430370331
0.0428969860077
0.0430729389191
0.0432279109955
0.0433878898621
0.0316348075867
0.0334568023682
0.0345458984375
0.035383939743
0.0364968776703
0.0287990570068
0.0294749736786
0.0300738811493
0.0306758880615
0.0312469005585
0.0382571220398
0.0393431186676
0.0405471324921
0.0420570373535
0.0438661575317
0.0316600799561
0.0328390598297
0.0341091156006
0.0351459980011
0.0361940860748
0.0412487983704
0.0423967838287
0.0431609153748
0.0438787937164
0.0447039604187
0.0368440151215
0.0371339321136
0.0374488830566
0.0377559661865
0.0380799770355
0.0280599594116
0.0282719135284
0.0284390449524
0.028599023819
0.0287590026855
0.0305202007294
0.0307831764221
0.0310020446777
0.0311861038208
0.031378030777
0.0322711467743
0.0325260162354
0.0327229499817
0.0329220294952
0.033105134964
0.0293409824371
0.0295231342316
0.0296881198883
0.0298509597778
0.0300090312958
0.0367529392242
0.0371448993683
0.0374109745026
0.0376679897308
0.0379159450531
0.0310199260712
0.0318808555603
0.0326309204102
0.0334658622742
0.0345020294189
0.0262379646301
0.0269520282745
0.0278239250183
0.0291638374329
0.0300049781799
0.044401884079
0.0450570583344
0.045686006546
0.0462880134583
0.0469279289246
0.0303101539612
0.0311639308929
0.0322139263153
0.0329740047455
0.0338339805603
0.0308570861816
0.0332500934601
0.0352580547333
0.0358891487122
0.0367660522461
0.0317380428314
0.0328850746155
0.0339081287384
0.038666009903
0.0399181842804
0.0382771492004
0.0406551361084
0.041365146637
0.042160987854
0.0428309440613
0.0236001014709
0.0244121551514
0.0251860618591
0.025945186615
0.0266790390015
0.0233929157257
0.0236098766327
0.0237939357758
0.0240190029144
0.0243949890137
0.0234229564667
0.023640871048
0.0238299369812
0.0240139961243
0.02419090271
0.0275440216064
0.0277500152588
0.0278971195221
0.0280349254608
0.0281779766083
0.033185005188
0.0337550640106
0.0341010093689
0.0344281196594
0.0348019599915
0.0308949947357
0.0312960147858
0.0318040847778
0.0322639942169
0.0327711105347
0.0273458957672
0.0281388759613
0.0288879871368
0.034245967865
0.0356068611145
0.0351309776306
0.0356819629669
0.0361659526825
0.0366690158844
0.0370519161224
0.0259921550751
0.0262091159821
0.026407957077
0.0265920162201
0.0267779827118
0.0273420810699
0.0275590419769
0.0277369022369
0.0279049873352
0.0283238887787
0.032252073288
0.0333521366119
0.0345211029053
0.0357320308685
0.0367631912231
0.0296478271484
0.0305528640747
0.0314939022064
0.0323028564453
0.0330989360809
0.0295009613037
0.0302820205688
0.0309760570526
0.0316579341888
0.032350063324
0.0300710201263
0.0304279327393
0.0307548046112
0.0310900211334
0.0314319133759
0.0293591022491
0.0297601222992
0.0301361083984
0.0305051803589
0.0308771133423
0.0314650535583
0.0325231552124
0.0334639549255
0.0341920852661
0.0352129936218
0.0259740352631
0.0264930725098
0.0271401405334
0.0279929637909
0.0284450054169
0.0222098827362
0.0227718353271
0.0234248638153
0.0241048336029
0.0250608921051
0.0250768661499
0.0258460044861
0.0268030166626
0.0315458774567
0.0324249267578
0.0324730873108
0.0326781272888
0.0328719615936
0.0333330631256
0.0343790054321
0.0231151580811
0.0232901573181
0.0234491825104
0.0236041545868
0.0237550735474
0.039981842041
0.0405650138855
0.0413129329681
0.0420019626617
0.0430028438568
0.0254809856415
0.0258529186249
0.026535987854
0.0277409553528
0.0289590358734
0.0338528156281
0.0347008705139
0.0353379249573
0.036041021347
0.0367708206177
0.0294489860535
0.0304889678955
0.0315370559692
0.0327780246735
0.0338540077209
0.0416970252991
0.0427899360657
0.0438508987427
0.0564880371094
0.0579450130463
0.0447261333466
0.0449359416962
0.0451309680939
0.0453269481659
0.0455119609833
0.0309660434723
0.0318818092346
0.032753944397
0.0337359905243
0.0345389842987
0.0353679656982
0.0362658500671
0.037055015564
0.0379388332367
0.0387649536133
0.053188085556
0.0536589622498
0.0540950298309
0.0545380115509
0.0549650192261
0.0357799530029
0.0359749794006
0.0362730026245
0.036915063858
0.0373730659485
0.0306539535522
0.0309319496155
0.0311708450317
0.0315430164337
0.0318958759308
0.0262069702148
0.0267050266266
0.02716588974
0.0274200439453
0.0276379585266
0.0267140865326
0.0274820327759
0.0280070304871
0.0286240577698
0.0291059017181
0.0401949882507
0.0409879684448
0.0421268939972
0.0428638458252
0.0434939861298
0.0230839252472
0.0232710838318
0.023432970047
0.0235919952393
0.0267939567566
0.0314400196075
0.0318269729614
0.0321609973907
0.0324909687042
0.0328130722046
0.022262096405
0.0224840641022
0.0227210521698
0.0229179859161
0.0232589244843
0.0256199836731
0.0259799957275
0.0262999534607
0.0266311168671
0.0269238948822
0.0278658866882
0.0281348228455
0.0283539295197
0.0323679447174
0.0326628684998
0.0314362049103
0.0327000617981
0.0341510772705
0.0354220867157
0.036553144455
0.045970916748
0.0470650196075
0.0479688644409
0.0488860607147
0.0497159957886
0.0331680774689
0.034255027771
0.0352900028229
0.036434173584
0.0374791622162
0.0366790294647
0.0373709201813
0.0380530357361
0.0387089252472
0.0393469333649
0.0320339202881
0.0331020355225
0.0338778495789
0.034649848938
0.0355908870697
0.0235698223114
0.0243279933929
0.0250639915466
0.0258038043976
0.0265409946442
0.0301179885864
0.0309290885925
0.0318281650543
0.0325870513916
0.0333249568939
0.0217850208282
0.0224659442902
0.0231189727783
0.023768901825
0.0245130062103
0.0291500091553
0.0298991203308
0.0306079387665
0.0312759876251
0.0319919586182
0.026802778244
0.0270237922668
0.0272088050842
0.0296549797058
0.0298459529877
0.0216679573059
0.0219039916992
0.0221118927002
0.0223150253296
0.0225160121918
0.0275011062622
0.0276811122894
0.0278551578522
0.0281081199646
0.0286979675293
0.0243577957153
0.0245997905731
0.0248448848724
0.0250749588013
0.0253279209137
0.029807806015
0.0299828052521
0.0301458835602
0.0303018093109
0.0304579734802
0.0406830310822
0.0409860610962
0.0411789417267
0.0415840148926
0.042060136795
0.0229499340057
0.023157119751
0.0233399868011
0.0235259532928
0.0237109661102
0.0260260105133
0.0266098976135
0.0269088745117
0.0274639129639
0.0277428627014
0.0285232067108
0.0287501811981
0.0289351940155
0.0292360782623
0.0297400951385
0.0242159366608
0.0248069763184
0.025426864624
0.0258688926697
0.0263090133667
0.0205979347229
0.0212647914886
0.0219190120697
0.0225629806519
0.0232119560242
0.0293469429016
0.0299849510193
0.0305659770966
0.0310988426208
0.0316309928894
0.0321569442749
0.0329320430756
0.0335969924927
0.034264087677
0.0349590778351
0.0274851322174
0.0281519889832
0.0288069248199
0.0294561386108
0.0301179885864
0.0307259559631
0.0314319133759
0.0321209430695
0.0328018665314
0.0334877967834
0.0257539749146
0.0265629291534
0.0273561477661
0.0281429290771
0.0289371013641
0.0299792289734
0.0302050113678
0.0304012298584
0.0305950641632
0.0308001041412
0.0262968540192
0.0265259742737
0.0267038345337
0.0268847942352
0.0270609855652
0.0325000286102
0.0327570438385
0.0329880714417
0.0332300662994
0.0334670543671
0.0234689712524
0.0236880779266
0.023864030838
0.0240380764008
0.0244588851929
0.0575520992279
0.0581209659576
0.0586540699005
0.0591661930084
0.0594491958618
0.0304670333862
0.0309710502625
0.0325119495392
0.0347371101379
0.0349769592285
0.0771751403809
0.0786111354828
0.0800640583038
0.0814211368561
0.0828030109406
0.038743019104
0.0400021076202
0.0413310527802
0.0476520061493
0.0488719940186
0.0343039035797
0.0348079204559
0.0350210666656
0.0353639125824
0.035758972168
0.0248889923096
0.0251009464264
0.0253069400787
0.0254628658295
0.0256078243256
0.0306150913239
0.0310339927673
0.03125
0.0314180850983
0.0317599773407
0.0278091430664
0.0288319587708
0.0297870635986
0.0305700302124
0.0315291881561
0.0254039764404
0.025573015213
0.0257289409637
0.025887966156
0.0264520645142
0.0228581428528
0.0230820178986
0.023285150528
0.0234861373901
0.0236780643463
0.0251479148865
0.0255348682404
0.0258548259735
0.0261619091034
0.0264630317688
0.0301740169525
0.0307710170746
0.0314779281616
0.0321850776672
0.0328629016876
0.0319151878357
0.0323281288147
0.0329921245575
0.0339040756226
0.034126996994
0.0485999584198
0.0492849349976
0.0499498844147
0.0506188869476
0.0512928962708
0.0252499580383
0.0260300636292
0.0265848636627
0.0271439552307
0.0276968479156
0.032595872879
0.0328879356384
0.0335500240326
0.034040927887
0.0344669818878
0.0472569465637
0.0474967956543
0.0478777885437
0.0482668876648
0.0484869480133
0.0369989871979
0.0382459163666
0.0389881134033
0.039694070816
0.0404739379883
0.0354819297791
0.0356540679932
0.0358109474182
0.0359690189362
0.0361258983612
0.0284390449524
0.028783082962
0.0291249752045
0.0294890403748
0.029855966568
0.0324258804321
0.0326108932495
0.0327849388123
0.0329539775848
0.0335030555725
0.0306031703949
0.0312449932098
0.0319039821625
0.0325269699097
0.0331521034241
0.0236670970917
0.0248191356659
0.0260200500488
0.02707695961
0.0277831554413
0.0295031070709
0.0303249359131
0.0310130119324
0.0317080020905
0.0324449539185
0.0318119525909
0.0320789813995
0.032280921936
0.0325391292572
0.0328509807587
0.0255908966064
0.0259249210358
0.0262517929077
0.0265669822693
0.0268728733063
0.0241410732269
0.0244650840759
0.0247089862823
0.0249531269073
0.0251731872559
0.0311760902405
0.0315260887146
0.0318520069122
0.0321350097656
0.0324351787567
0.0278990268707
0.028284072876
0.0285971164703
0.0289170742035
0.0294630527496
0.0278630256653
0.0289990901947
0.0301389694214
0.0314381122589
0.0327830314636
0.0292398929596
0.0294609069824
0.0296618938446
0.0298659801483
0.0300848484039
0.0294790267944
0.0304579734802
0.0311150550842
0.0317978858948
0.0321879386902
0.0293569564819
0.0296809673309
0.0300068855286
0.0303230285645
0.0306398868561
0.0323431491852
0.0325720310211
0.0327560901642
0.0329279899597
0.0331001281738
0.0445761680603
0.0454280376434
0.0460860729218
0.0466601848602
0.0472099781036
0.0304341316223
0.0306870937347
0.0309081077576
0.0310921669006
0.0312650203705
0.0433549880981
0.0437841415405
0.0441710948944
0.0445849895477
0.0448160171509
0.0492608547211
0.0500798225403
0.0503587722778
0.0505359172821
0.0507018566132
0.0376439094543
0.0382900238037
0.038911819458
0.0395979881287
0.0402607917786
0.0309920310974
0.0317108631134
0.0323779582977
0.03306889534
0.0337200164795
0.0408639907837
0.0416309833527
0.0423829555511
0.0431258678436
0.0438039302826
0.0278379917145
0.0284371376038
0.0292081832886
0.0297350883484
0.0305271148682
0.0273590087891
0.0275399684906
0.0276989936829
0.0278568267822
0.0280129909515
0.0219252109528
0.0221340656281
0.0223162174225
0.0225059986115
0.0226790904999
0.0262839794159
0.0264930725098
0.0266418457031
0.0267808437347
0.0269238948822
0.0310459136963
0.0312399864197
0.031406879425
0.0315680503845
0.0336909294128
0.027391910553
0.0276019573212
0.0277848243713
0.0279579162598
0.0281369686127
0.028126001358
0.0284569263458
0.0287268161774
0.0290088653564
0.0292890071869
0.0320098400116
0.0328919887543
0.0337619781494
0.0349509716034
0.0364577770233
0.0291302204132
0.0302851200104
0.0311100482941
0.0320541858673
0.0332260131836
0.0318219661713
0.0341250896454
0.0362019538879
0.0377469062805
0.0389499664307
0.0286340713501
0.0297231674194
0.0310800075531
0.0326681137085
0.034252166748
0.0332839488983
0.0343360900879
0.0350940227509
0.0371758937836
0.0383059978485
0.0354199409485
0.0373768806458
0.0376088619232
0.0378088951111
0.0380020141602
0.0310819149017
0.0314269065857
0.0316660404205
0.0318849086761
0.03209400177
0.0272219181061
0.0274178981781
0.0275928974152
0.0277590751648
0.0279169082642
0.0273859500885
0.0276877880096
0.0281867980957
0.0287849903107
0.0291328430176
0.0253729820251
0.0256249904633
0.0258450508118
0.0260000228882
0.0262389183044
0.0277390480042
0.0279269218445
0.0280840396881
0.0282349586487
0.0284330844879
0.0264110565186
0.0267810821533
0.0271580219269
0.0275259017944
0.0278859138489
0.0361261367798
0.0362939834595
0.0364480018616
0.036600112915
0.036749124527
0.0344958305359
0.0348129272461
0.0351037979126
0.0353829860687
0.0359778404236
0.0284049510956
0.0295910835266
0.0303790569305
0.0309920310974
0.031