0.0270359516144,
0.0282559394836,
0.022567987442,
0.0229737758636,
0.0297179222107,
0.0302600860596,
0.0341749191284,
0.0349500179291,
0.0419900417328,
0.0426001548767,
0.0257110595703,
0.0263590812683,
0.0336110591888,
0.0341250896454,
0.0241141319275,
0.0247631072998,
0.0283350944519,
0.0291321277618,
0.0235030651093,
0.0244240760803,
0.0363590717316,
0.0370190143585,
0.0325407981873,
0.033478975296,
0.0327939987183,
0.0337650775909,
0.0342190265656,
0.035416841507,
0.0306301116943,
0.0313301086426,
0.0350120067596,
0.0356659889221,
0.0319678783417,
0.0333988666534,
0.0373950004578,
0.0385758876801,
0.0309398174286,
0.0321450233459,
0.0368680953979,
0.0382671356201,
0.0326521396637,
0.0339510440826,
0.0323741436005,
0.0325710773468,
0.0213069915771,
0.0215170383453,
0.0268177986145,
0.0271139144897,
0.0280869007111,
0.0283460617065,
0.0242559909821,
0.0256440639496,
0.0224010944366,
0.0227079391479,
0.0223171710968,
0.0226471424103,
0.0233988761902,
0.0237488746643,
0.0303280353546,
0.0305769443512,
0.0315721035004,
0.0323700904846,
0.0260088443756,
0.0270810127258,
0.0314078330994,
0.0316708087921,
0.0271670818329,
0.0274291038513,
0.0256099700928,
0.0272569656372,
0.0158801078796,
0.0296680927277,
0.0290298461914,
0.0293929576874,
0.0277650356293,
0.0280840396881,
0.0273001194,
0.0276341438293,
0.0235719680786,
0.0237720012665,
0.0277318954468,
0.0281939506531,
0.0235910415649,
0.0239939689636,
0.0317289829254,
0.0320007801056,
0.0280070304871,
0.0282988548279,
0.0272290706635,
0.0274670124054,
0.023246049881,
0.0237829685211,
0.0234229564667,
0.024621963501,
0.0346529483795,
0.0348949432373,
0.0245921611786,
0.0258650779724,
0.0390589237213,
0.0399298667908,
0.0286710262299,
0.0289061069489,
0.0268740653992,
0.027184009552,
0.0362010002136,
0.036453962326,
0.0319061279297,
0.0321390628815,
0.0272672176361,
0.0275871753693,
0.0282900333405,
0.0287702083588,
0.024178981781,
0.0249469280243,
0.0219750404358,
0.0222368240356,
0.0714898109436,
0.0732009410858,
0.0348689556122,
0.0357058048248,
0.022360086441,
0.023365020752,
0.0200769901276,
0.0330970287323,
0.0172488689423,
0.0176548957825,
0.0280649662018,
0.0283939838409,
0.0296568870544,
0.0299229621887,
0.0325689315796,
0.0327780246735,
0.0218110084534,
0.0221750736237,
0.0404069423676,
0.0447249412537,
0.0332028865814,
0.0342888832092,
0.0284690856934,
0.0297231674194,
0.024276971817,
0.0258400440216,
0.0361471176147,
0.0377721786499,
0.0236210823059,
0.0241811275482,
0.0490679740906,
0.0498418807983,
0.0453817844391,
0.0461559295654,
0.0421807765961,
0.0437870025635,
0.0291302204132,
0.0305950641632,
0.109901189804,
0.110923051834,
0.0385019779205,
0.0397930145264,
0.0340549945831,
0.0342710018158,
0.0223021507263,
0.0227761268616,
0.0227830410004,
0.0230309963226,
0.0264530181885,
0.0267379283905,
0.0398619174957,
0.0401787757874,
0.0279099941254,
0.0281879901886,
0.0241899490356,
0.0249271392822,
0.0247919559479,
0.0260708332062,
0.0272259712219,
0.0274560451508,
0.0243349075317,
0.0256469249725,
0.0258758068085,
0.0260770320892,
0.0250210762024,
0.0253341197968,
0.0285069942474,
0.0287170410156,
0.0238380432129,
0.0242309570312,
0.0271821022034,
0.0275750160217,
0.021849155426,
0.0222420692444,
0.0305280685425,
0.0309329032898,
0.030580997467,
0.0313830375671,
0.0311870574951,
0.0319969654083,
0.0430750846863,
0.0437071323395,
0.0434720516205,
0.0442750453949,
0.024759054184,
0.0254640579224,
0.0324769020081,
0.0333380699158,
0.0264739990234,
0.0276920795441,
0.0294871330261,
0.0302541255951,
0.0228779315948,
0.0231258869171,
0.0225720405579,
0.0228428840637,
0.0261759757996,
0.0264508724213,
0.0299279689789,
0.0301668643951,
0.0341789722443,
0.0344839096069,
0.0314199924469,
0.0321068763733,
0.0304081439972,
0.0314900875092,
0.0331959724426,
0.0334620475769,
0.0323069095612,
0.0332288742065,
0.02956199646,
0.0305771827698,
0.0305469036102,
0.031448841095,
0.029265165329,
0.0300891399384,
0.0276660919189,
0.0279059410095,
0.0264179706573,
0.0268120765686,
0.0275418758392,
0.027734041214,
0.0255222320557,
0.0261280536652,
0.0235860347748,
0.0238070487976,
0.0261259078979,
0.0264248847961,
0.0291528701782,
0.0295388698578,
0.0215539932251,
0.0218179225922,
0.0252230167389,
0.0255379676819,
0.0266771316528,
0.0270841121674,
0.0215709209442,
0.0218548774719,
0.0259509086609,
0.0263741016388,
0.02161693573,
0.0219898223877,
0.0260751247406,
0.0263290405273,
0.0255789756775,
0.0258817672729,
0.031543970108,
0.0317139625549,
0.0246279239655,
0.0248649120331,
0.028354883194,
0.0288498401642,
0.0320088863373,
0.0325410366058,
0.0226180553436,
0.0228271484375,
0.0299048423767,
0.030699968338,
0.027713060379,
0.0285370349884,
0.0279819965363,
0.0290470123291,
0.025340795517,
0.0263948440552,
0.0237579345703,
0.024092912674,
0.0260579586029,
0.0264048576355,
0.0263659954071,
0.0265960693359,
0.0286378860474,
0.0288648605347,
0.0217719078064,
0.022665977478,
0.0501470565796,
0.051265001297,
0.0397498607635,
0.0401880741119,
0.0227160453796,
0.0230228900909,
0.0371110439301,
0.0373890399933,
0.0263659954071,
0.0269989967346,
0.0311801433563,
0.0314421653748,
0.0222728252411,
0.0227339267731,
0.0237760543823,
0.0242209434509,
0.022714138031,
0.0230331420898,
0.0244178771973,
0.0247309207916,
0.0217859745026,
0.022020816803,
0.0213351249695,
0.0216829776764,
0.0248091220856,
0.0250461101532,
0.0210390090942,
0.021537065506,
0.0288329124451,
0.0306041240692,
0.0240211486816,
0.0246341228485,
0.0224268436432,
0.0231199264526,
0.0300500392914,
0.0310618877411,
0.0303449630737,
0.0312781333923,
0.0398008823395,
0.0407018661499,
0.024181842804,
0.0254619121552,
0.0311839580536,
0.0326161384583,
0.026664018631,
0.0278329849243,
0.0350170135498,
0.0359060764313,
0.019611120224,
0.0335431098938,
0.0328829288483,
0.033725976944,
0.039234161377,
0.0407431125641,
0.0305349826813,
0.0312969684601,
0.0279161930084,
0.0285811424255,
0.0273711681366,
0.0281791687012,
0.029196023941,
0.0300121307373,
0.0325810909271,
0.032870054245,
0.0265657901764,
0.0268549919128,
0.0221841335297,
0.0226130485535,
0.0241229534149,
0.0243427753448,
0.0286231040955,
0.0294899940491,
0.0302159786224,
0.0305190086365,
0.0353629589081,
0.0356209278107,
0.0295209884644,
0.0297100543976,
0.0290689468384,
0.0295000076294,
0.0318548679352,
0.032066822052,
0.0258040428162,
0.0268151760101,
0.0217180252075,
0.0219531059265,
0.0205140113831,
0.0210709571838,
0.0309250354767,
0.0311601161957,
0.0370018482208,
0.0374009609222,
0.038253068924,
0.0385479927063,
0.0237390995026,
0.0241720676422,
0.0265030860901,
0.0267419815063,
0.0280327796936,
0.0283908843994,
0.030287027359,
0.0310690402985,
0.0324831008911,
0.0341379642487,
0.0143818855286,
0.0148208141327,
0.0257709026337,
0.026223897934,
0.0247838497162,
0.0251770019531,
0.0248889923096,
0.025199174881,
0.0214488506317,
0.0217049121857,
0.0243759155273,
0.0246779918671,
0.0236999988556,
0.0241060256958,
0.0235300064087,
0.0243399143219,
0.0221030712128,
0.0239169597626,
0.0313110351562,
0.0326919555664,
0.0137670040131,
0.111467123032,
0.0384819507599,
0.0387480258942,
0.0357260704041,
0.0360021591187,
0.0225641727448,
0.0229020118713,
0.0275468826294,
0.0282719135284,
0.0332050323486,
0.0335741043091,
0.0238628387451,
0.0240788459778,
0.0271241664886,
0.0276131629944,
0.0333998203278,
0.0344269275665,
0.0275781154633,
0.0277650356293,
0.0141232013702,
0.0143301486969,
0.0304629802704,
0.0307660102844,
0.0404510498047,
0.0406639575958,
0.03360414505,
0.0338950157166,
0.0300061702728,
0.0309782028198,
0.0233309268951,
0.0237460136414,
0.0290031433105,
0.0294280052185,
0.0231771469116,
0.0235469341278,
0.021703004837,
0.0219578742981,
0.0232439041138,
0.0234620571136,
0.0238080024719,
0.0241198539734,
0.0219480991364,
0.0222151279449,
0.0237200260162,
0.0251450538635,
0.0277478694916,
0.0285930633545,
0.0266299247742,
0.027734041214,
0.0261220932007,
0.0263550281525,
0.0431590080261,
0.043487071991,
0.0567631721497,
0.0579400062561,
0.0766949653625,
0.0773899555206,
0.095782995224,
0.0967960357666,
0.0220320224762,
0.0232830047607,
0.0222070217133,
0.0226519107819,
0.0249309539795,
0.0252349376678,
0.0253260135651,
0.0256180763245,
0.0237138271332,
0.0239579677582,
0.0320179462433,
0.0324709415436,
0.0392510890961,
0.039834022522,
0.0354950428009,
0.0357978343964,
0.0242080688477,
0.0247530937195,
0.0801351070404,
0.0804669857025,
0.0342519283295,
0.0346729755402,
0.0402710437775,
0.0406122207642,
0.0238609313965,
0.0240838527679,
0.0339019298553,
0.0342099666595,
0.0292139053345,
0.0295169353485,
0.0250260829926,
0.0253031253815,
0.0247869491577,
0.0249810218811,
0.0221979618073,
0.0224208831787,
0.0373301506042,
0.0377140045166,
0.0365960597992,
0.0372121334076,
0.0311479568481,
0.0371921062469,
0.0289261341095,
0.0295419692993,
0.027979850769,
0.028568983078,
0.0233471393585,
0.0241100788116,
0.0350790023804,
0.0360238552094,
0.0352959632874,
0.0364401340485,
0.0395710468292,
0.0407500267029,
0.033536195755,
0.0349371433258,
0.0354599952698,
0.0366008281708,
0.0286629199982,
0.0296931266785,
0.0338101387024,
0.0351250171661,
0.0306248664856,
0.0316560268402,
0.0339078903198,
0.035059928894,
0.0244719982147,
0.0247368812561,
0.0342168807983,
0.0347518920898,
0.0254101753235,
0.025642156601,
0.0260910987854,
0.0262849330902,
0.0334808826447,
0.0339069366455,
0.0414440631866,
0.0417630672455,
0.0297069549561,
0.0305790901184,
0.0269999504089,
0.0280089378357,
0.0351769924164,
0.0365340709686,
0.0332899093628,
0.0345928668976,
0.0234580039978,
0.0236611366272,
0.0268890857697,
0.0271890163422,
0.0265548229218,
0.0267558097839,
0.0222759246826,
0.0228569507599,
0.0266110897064,
0.026908159256,
0.0319650173187,
0.032233953476,
0.0189378261566,
0.0205678939819,
0.0280790328979,
0.0288560390472,
0.0294420719147,
0.0296499729156,
0.0264410972595,
0.0269401073456,
0.0291469097137,
0.0295300483704,
0.0327100753784,
0.0329210758209,
0.0236210823059,
0.02406001091,
0.0230851173401,
0.0235161781311,
0.0263369083405,
0.0267958641052,
0.0216341018677,
0.0218300819397,
0.0318880081177,
0.0325589179993,
0.030632019043,
0.0316460132599,
0.0293991565704,
0.0299761295319,
0.0254008769989,
0.0263669490814,
0.0287630558014,
0.0290141105652,
0.0309870243073,
0.0312359333038,
0.0173869132996,
0.0183520317078,
0.033323764801,
0.0337138175964,
0.026349067688,
0.0267260074615,
0.0246450901031,
0.025053024292,
0.0261549949646,
0.0268640518188,
0.0246598720551,
0.0256397724152,
0.0312011241913,
0.0327100753784,
0.0317389965057,
0.0327229499817,
0.0352818965912,
0.0364210605621,
0.035835981369,
0.0383191108704,
0.0353691577911,
0.0363681316376,
0.0392940044403,
0.042839050293,
0.0304639339447,
0.0316460132599,
0.0379090309143,
0.0391161441803,
0.0318341255188,
0.034392118454,
0.0326950550079,
0.034471988678,
0.01877784729,
0.0418379306793,
0.0208809375763,
0.0213708877563,
0.02947306633,
0.0303981304169,
0.0341081619263,
0.0357320308685,
0.038890838623,
0.0403339862823,
0.031553030014,
0.0325520038605,
0.0245440006256,
0.0253169536591,
0.0317261219025,
0.0330610275269,
0.0260000228882,
0.0263440608978,
0.0303699970245,
0.0313949584961,
0.0265998840332,
0.0275688171387,
0.0225739479065,
0.0235679149628,
0.0431528091431,
0.0442028045654,
0.0346040725708,
0.0357210636139,
0.0346701145172,
0.0354359149933,
0.0260519981384,
0.0269310474396,
0.0253779888153,
0.0262770652771,
0.022469997406,
0.023444890976,
0.0155789852142,
0.0288121700287,
0.0364480018616,
0.0374221801758,
0.0793499946594,
0.0804269313812,
0.029942035675,
0.0302360057831,
0.0304338932037,
0.0308089256287,
0.0326268672943,
0.0332088470459,
0.0306642055511,
0.0310251712799,
0.030296087265,
0.0307052135468,
0.0245769023895,
0.0248148441315,
0.0375108718872,
0.0378310680389,
0.0258281230927,
0.0261051654816,
0.02485704422,
0.0251128673553,
0.0649349689484,
0.0652780532837,
0.0382189750671,
0.03875207901,
0.0264480113983,
0.0267040729523,
0.0272970199585,
0.0275509357452,
0.0305960178375,
0.0310890674591,
0.0221660137177,
0.0225570201874,
0.0617220401764,
0.0621440410614,
0.0246951580048,
0.0249500274658,
0.0328741073608,
0.0331921577454,
0.0421049594879,
0.0423219203949,
0.0298850536346,
0.0309262275696,
0.0266060829163,
0.0277769565582,
0.0243258476257,
0.024493932724,
0.0321049690247,
0.0323951244354,
0.0284578800201,
0.0286819934845,
0.0353448390961,
0.0356478691101,
0.0247800350189,
0.0262668132782,
0.0291249752045,
0.0300018787384,
0.0393550395966,
0.0405030250549,
0.0276620388031,
0.0288760662079,
0.0296730995178,
0.0299770832062,
0.0229680538177,
0.0232229232788,
0.0258619785309,
0.0269899368286,
0.0283699035645,
0.0295820236206,
0.0226619243622,
0.02290391922,
0.0269019603729,
0.0272059440613,
0.0340859889984,
0.0351490974426,
0.0257480144501,
0.0268580913544,
0.0319030284882,
0.0334739685059,
0.0193121433258,
0.0326571464539,
0.034569978714,
0.0352311134338,
0.037899017334,
0.0386250019073,
0.0358059406281,
0.0371389389038,
0.0334930419922,
0.0343890190125,
0.0310518741608,
0.0315108299255,
0.0357961654663,
0.0364670753479,
0.0327391624451,
0.0340240001678,
0.0331521034241,
0.0340049266815,
0.0310909748077,
0.0317950248718,
0.0259110927582,
0.0267431735992,
0.023227930069,
0.0242018699646,
0.0263509750366,
0.0266001224518,
0.0345118045807,
0.0349478721619,
0.0270309448242,
0.0273630619049,
0.0329079627991,
0.0336229801178,
0.0277328491211,
0.0287699699402,
0.02747797966,
0.028422832489,
0.0261008739471,
0.0274350643158,
0.0264689922333,
0.0273580551147,
0.0249998569489,
0.0257358551025,
0.0233190059662,
0.0241329669952,
0.0403761863708,
0.040577173233,
0.028000831604,
0.0284039974213,
0.0218389034271,
0.0221080780029,
0.0238139629364,
0.0241219997406,
0.0217549800873,
0.0219810009003,
0.023708820343,
0.0241079330444,
0.0277490615845,
0.0279870033264,
0.0219690799713,
0.022304058075,
0.0237600803375,
0.0240249633789,
0.0282809734344,
0.02867603302,
0.0238671302795,
0.0243411064148,
0.025937795639,
0.0262439250946,
0.0238239765167,
0.0240569114685,
0.0276691913605,
0.0285031795502,
0.0225570201874,
0.022824048996,
0.0219790935516,
0.0227060317993,
0.0224139690399,
0.0333960056305,
0.0232310295105,
0.0235998630524,
0.025151014328,
0.0258831977844,
0.0223231315613,
0.0225992202759,
0.0257921218872,
0.0260190963745,
0.033814907074,
0.0345559120178,
0.0252339839935,
0.02543592453,
0.0214040279388,
0.0218620300293,
0.0246560573578,
0.0250959396362,
0.0222449302673,
0.0233659744263,
0.0334210395813,
0.0345449447632,
0.0295889377594,
0.0304861068726,
0.0331189632416,
0.0339829921722,
0.0294868946075,
0.030914068222,
0.0357918739319,
0.0367870330811,
0.0250051021576,
0.0271091461182,
0.031653881073,
0.0325999259949,
0.0278561115265,
0.0294411182404,
0.0261359214783,
0.0280499458313,
0.0309159755707,
0.0320839881897,
0.0368340015411,
0.0386619567871,
0.0335991382599,
0.0344891548157,
0.0312221050262,
0.0322411060333,
0.0347700119019,
0.0362300872803,
0.0302929878235,
0.0320270061493,
0.0369250774384,
0.038008928299,
0.0337679386139,
0.0349400043488,
0.0310640335083,
0.0326809883118,
0.0348570346832,
0.0374879837036,
0.0366578102112,
0.038311958313,
0.0336730480194,
0.0350608825684,
0.0268158912659,
0.0281820297241,
0.023833990097,
0.0246551036835,
0.0226969718933,
0.0235550403595,
0.026093006134,
0.0270109176636,
0.02401304245,
0.0243411064148,
0.0266668796539,
0.0270049571991,
0.0253040790558,
0.025505065918,
0.0273430347443,
0.0280330181122,
0.0237240791321,
0.0250611305237,
0.0390598773956,
0.0395288467407,
0.0286440849304,
0.0288581848145,
0.165256023407,
0.165623903275,
0.0248718261719,
0.02552485466,
0.0252840518951,
0.0264329910278,
0.0245630741119,
0.0251278877258,
0.0308969020844,
0.0315549373627,
0.0245680809021,
0.0256700515747,
0.0278401374817,
0.0287179946899,
0.0276339054108,
0.028312921524,
0.030445098877,
0.0309669971466,
0.0223009586334,
0.0226099491119,
0.024482011795,
0.024796962738,
0.0273420810699,
0.0275881290436,
0.0341818332672,
0.0349419116974,
0.0332839488983,
0.0341348648071,
0.0245668888092,
0.0248508453369,
0.0290610790253,
0.0293750762939,
0.0236070156097,
0.0239820480347,
0.0299119949341,
0.0302550792694,
0.0324289798737,
0.0326480865479,
0.0227210521698,
0.0230400562286,
0.0229578018188,
0.0232298374176,
0.0331420898438,
0.0336380004883,
0.0233070850372,
0.0235149860382,
0.0251059532166,
0.0253200531006,
0.0285649299622,
0.0288550853729,
0.0218641757965,
0.0220901966095,
0.0240330696106,
0.0246980190277,
0.0304439067841,
0.0307068824768,
0.0288858413696,
0.0293350219727,
0.0240180492401,
0.0242609977722,
0.0283699035645,
0.0292139053345,
0.0289318561554,
0.0294659137726,
0.0287051200867,
0.0290341377258,
0.0260400772095,
0.0263528823853,
0.0239708423615,
0.0243678092957,
0.0282490253448,
0.0286500453949,
0.0275430679321,
0.028284072876,
0.0239078998566,
0.0242938995361,
0.0312790870667,
0.0321002006531,
0.0252959728241,
0.0265829563141,
0.0287380218506,
0.0291290283203,
0.0345840454102,
0.0348858833313,
0.027988910675,
0.029088973999,
0.092985868454,
0.0931978225708,
0.0172979831696,
0.0174870491028,
0.0123109817505,
0.0125091075897,
0.0160040855408,
0.0163450241089,
0.0130658149719,
0.0133600234985,
0.0242488384247,
0.0252130031586,
0.0265719890594,
0.0276420116425,
0.0323739051819,
0.0328359603882,
0.0177409648895,
0.0180180072784,
0.0299050807953,
0.0301470756531,
0.0198731422424,
0.0201411247253,
0.0305640697479,
0.0310399532318,
0.0261979103088,
0.0276479721069,
0.0304629802704,
0.030702829361,
0.031103849411,
0.0417859554291,
0.0287039279938,
0.0289099216461,
0.0324409008026,
0.0327138900757,
0.0243108272552,
0.024600982666,
0.0215079784393,
0.0218207836151,
0.0251259803772,
0.0254030227661,
0.0272200107574,
0.0274569988251,
0.0225751399994,
0.0228419303894,
0.0295929908752,
0.0299229621887,
0.0270071029663,
0.02738904953,
0.0287230014801,
0.0289468765259,
0.0314280986786,
0.0316829681396,
0.0272648334503,
0.0286200046539,
0.0321640968323,
0.0336501598358,
0.0257470607758,
0.0260100364685,
0.0279040336609,
0.0283291339874,
0.027172088623,
0.027496099472,
0.0275399684906,
0.027988910675,
0.0261850357056,
0.0268039703369,
0.0303130149841,
0.0318720340729,
0.0293080806732,
0.0305690765381,
0.0243611335754,
0.025395154953,
0.0253279209137,
0.0267608165741,
0.0286779403687,
0.0295779705048,
0.0247418880463,
0.025542974472,
0.0290510654449,
0.0301899909973,
0.0296728610992,
0.0299789905548,
0.0219700336456,
0.0224618911743,
0.0252869129181,
0.0256388187408,
0.0280151367188,
0.0283591747284,
0.0210819244385,
0.0213210582733,
0.0243270397186,
0.0245430469513,
0.0238981246948,
0.0241799354553,
0.0256319046021,
0.025866985321,
0.0217690467834,
0.0220229625702,
0.0260479450226,
0.0263619422913,
0.0215120315552,
0.0217580795288,
0.0236518383026,
0.0238790512085,
0.0223350524902,
0.0228049755096,
0.0258040428162,
0.0267400741577,
0.0275611877441,
0.0288422107697,
0.0218460559845,
0.0221040248871,
0.0267198085785,
0.0270729064941,
0.0290439128876,
0.0294029712677,
0.0256781578064,
0.02605509758,
0.0235230922699,
0.0239450931549,
0.0274610519409,
0.0277230739594,
0.0262980461121,
0.0268220901489,
0.0242941379547,
0.024491071701,
0.022677898407,
0.0230758190155,
0.0293180942535,
0.0299370288849,
0.0320470333099,
0.0323469638824,
0.0272810459137,
0.0276319980621,
0.0282368659973,
0.0288689136505,
0.0291888713837,
0.029531955719,
0.0407731533051,
0.041139125824,
0.0280179977417,
0.0286190509796,
0.0353589057922,
0.0356278419495,
0.0356361865997,
0.0364530086517,
0.025092124939,
0.0254690647125,
0.0237438678741,
0.0241189002991,
0.0260090827942,
0.0262320041656,
0.0265741348267,
0.0268762111664,
0.023754119873,
0.0239682197571,
0.0249078273773,
0.0253808498383,
0.0273530483246,
0.0276350975037,
0.0316519737244,
0.0318779945374,
0.0254459381104,
0.0257251262665,
0.0289611816406,
0.0292110443115,
0.0240089893341,
0.0252740383148,
0.0273740291595,
0.0282871723175,
0.027065038681,
0.0280129909515,
0.0221350193024,
0.022519826889,
0.023796081543,
0.0240831375122,
0.0238118171692,
0.0240349769592,
0.0241229534149,
0.0244071483612,
0.0223681926727,
0.0227870941162,
0.0232720375061,
0.0237369537354,
0.0282959938049,
0.0285768508911,
0.0229678153992,
0.0234479904175,
0.0250790119171,
0.0263118743896,
0.0240879058838,
0.0244379043579,
0.0312111377716,
0.0315699577332,
0.023668050766,
0.0239298343658,
0.0287790298462,
0.0301530361176,
0.0238242149353,
0.0246779918671,
0.0272109508514,
0.0276319980621,
0.0285701751709,
0.0305120944977,
0.0303812026978,
0.0311830043793,
0.0295579433441,
0.0305469036102,
0.0326421260834,
0.0335919857025,
0.0324001312256,
0.0335719585419,
0.0277428627014,
0.0283818244934,
0.0327830314636,
0.033084154129,
0.0311460494995,
0.0320219993591,
0.0317430496216,
0.0320301055908,
0.0315499305725,
0.0317890644073,
0.0352349281311,
0.0355069637299,
0.0276029109955,
0.0428340435028,
0.0302271842957,
0.0310361385345,
0.0305399894714,
0.0308051109314,
0.0293419361115,
0.0297510623932,
0.0271890163422,
0.0276281833649,
0.0251770019531,
0.0254700183868,
0.0285549163818,
0.0288817882538,
0.0432069301605,
0.044392824173,
0.0322549343109,
0.0325040817261,
0.0231969356537,
0.0234110355377,
0.0220820903778,
0.0223619937897,
0.0408599376678,
0.0415270328522,
0.0494248867035,
0.0501899719238,
0.0536890029907,
0.0545308589935,
0.0257189273834,
0.0260329246521,
0.0305080413818,
0.0307891368866,
0.0215940475464,
0.021852016449,
0.0300300121307,
0.0303800106049,
0.032331943512,
0.0325419902802,
0.0237510204315,
0.0241060256958,
0.0218729972839,
0.022675037384,
0.0332479476929,
0.0340969562531,
0.0237758159637,
0.0248370170593,
0.0316758155823,
0.031888961792,
0.0218040943146,
0.0220999717712,
0.0272738933563,
0.0285878181458,
0.0255630016327,
0.0258870124817,
0.021791934967,
0.022029876709,
0.0271849632263,
0.0274817943573,
0.0305418968201,
0.0309219360352,
0.0345528125763,
0.0349929332733,
0.0260519981384,
0.0266399383545,
0.0255279541016,
0.0261640548706,
0.0246858596802,
0.0257198810577,
0.0246021747589,
0.0255491733551,
0.043310880661,
0.0435688495636,
0.0288848876953,
0.0291469097137,
0.0286149978638,
0.0290629863739,
0.0320429801941,
0.0322880744934,
0.0314190387726,
0.0318400859833,
0.0318169593811,
0.0321760177612,
0.0303881168365,
0.0307250022888,
0.0293481349945,
0.0296859741211,
0.0334129333496,
0.0340709686279,
0.0321319103241,
0.0324368476868,
0.0317440032959,
0.0321869850159,
0.0303511619568,
0.0313379764557,
0.0299088954926,
0.0300838947296,
0.0344789028168,
0.0347528457642,
0.0294139385223,
0.0298581123352,
0.0329749584198,
0.0333878993988,
0.0218629837036,
0.0222280025482,
0.0329070091248,
0.0332109928131,
0.0297911167145,
0.0302209854126,
0.0306420326233,
0.0309729576111,
0.0314218997955,
0.0318548679352,
0.0260329246521,
0.0262508392334,
0.0300469398499,
0.0303151607513,
0.0257029533386,
0.0259449481964,
0.0394570827484,
0.0397701263428,
0.0315818786621,
0.0323238372803,
0.031564950943,
0.0326669216156,
0.0222079753876,
0.0225179195404,
0.0276598930359,
0.0281097888947,
0.0255858898163,
0.0262620449066,
0.030207157135,
0.0362951755524,
0.0301299095154,
0.0308859348297,
0.02192902565,
0.0221440792084,
0.0215759277344,
0.0219600200653,
0.0264132022858,
0.0268030166626,
0.0293979644775,
0.0297300815582,
0.0336320400238,
0.033891916275,
0.0234878063202,
0.0238099098206,
0.030601978302,
0.0309681892395,
0.0465350151062,
0.0467700958252,
0.0270500183105,
0.0273649692535,
0.026603937149,
0.0269439220428,
0.0263710021973,
0.0267250537872,
0.0223100185394,
0.0226368904114,
0.0211679935455,
0.021488904953,
0.0349659919739,
0.0351557731628,
0.0336198806763,
0.0340209007263,
0.028815984726,
0.0291199684143,
0.0341551303864,
0.0343861579895,
0.0307660102844,
0.0311679840088,
0.0231759548187,
0.0236170291901,
0.0274541378021,
0.0276479721069,
0.0240139961243,
0.0242910385132,
0.0273311138153,
0.0276319980621,
0.0256440639496,
0.0259020328522,
0.0236170291901,
0.0239758491516,
0.0261549949646,
0.0265901088715,
0.0296859741211,
0.0299429893494,
0.0301270484924,
0.0305089950562,
0.025801897049,
0.0260338783264,
0.0355808734894,
0.0359117984772,
0.0368690490723,
0.0371680259705,
0.0260360240936,
0.0262629985809,
0.0218369960785,
0.0221569538116,
0.0253810882568,
0.025810956955,
0.0326030254364,
0.0329060554504,
0.0236420631409,
0.025022983551,
0.027284860611,
0.0287618637085,
0.0262880325317,
0.0277659893036,
0.0249230861664,
0.0263481140137,
0.0345959663391,
0.0360858440399,
0.024386882782,
0.0253808498383,
0.030611038208,
0.0316531658173,
0.0324308872223,
0.0333609580994,
0.0253169536591,
0.0466020107269,
0.0274970531464,
0.0285799503326,
0.0274479389191,
0.0281870365143,
0.0236132144928,
0.0243291854858,
0.0220618247986,
0.0231058597565,
0.0355899333954,
0.0364601612091,
0.0225632190704,
0.0236351490021,
0.0320460796356,
0.0334410667419,
0.0222060680389,
0.0233199596405,
0.0218951702118,
0.0221199989319,
0.0335500240326,
0.0337860584259,
0.0276639461517,
0.0279121398926,
0.0306940078735,
0.0316309928894,
0.0247659683228,
0.0251090526581,
0.0235168933868,
0.0239419937134,
0.0234749317169,
0.023677110672,
0.0292220115662,
0.0296008586884,
0.0322740077972,
0.0325629711151,
0.0251550674438,
0.0253930091858,
0.0281710624695,
0.028685092926,
0.0308790206909,
0.0318341255188,
0.0311360359192,
0.0326070785522,
0.0222909450531,
0.0227708816528,
0.0301940441132,
0.0303959846497,
0.0288279056549,
0.0290200710297,
0.0244789123535,
0.0247678756714,
0.0234107971191,
0.0237638950348,
0.0315670967102,
0.0318288803101,
0.0381569862366,
0.0395488739014,
0.0295810699463,
0.0298051834106,
0.0239260196686,
0.0242500305176,
0.0236778259277,
0.0242538452148,
0.0256679058075,
0.0260648727417,
0.0301330089569,
0.031082868576,
0.0235300064087,
0.0259058475494,
0.0195920467377,
0.0207221508026,
0.0239150524139,
0.0251770019531,
0.0433969497681,
0.0445928573608,
0.0279519557953,
0.0291609764099,
0.0267298221588,
0.0276048183441,
0.0340490341187,
0.0353019237518,
0.0318210124969,
0.0327219963074,
0.0289978981018,
0.0298719406128,
0.0259671211243,
0.027731180191,
0.035749912262,
0.0374369621277,
0.0324680805206,
0.0327270030975,
0.0284440517426,
0.0290079116821,
0.0303590297699,
0.0311748981476,
0.0260939598083,
0.0267460346222,
0.0237300395966,
0.0252339839935,
0.0236761569977,
0.024206161499,
0.0127809047699,
0.0139570236206,
0.0243508815765,
0.0250220298767,
0.0282571315765,
0.028736114502,
0.0317471027374,
0.0328631401062,
0.0213599205017,
0.0215468406677,
0.0271990299225,
0.027811050415,
0.0300660133362,
0.0309481620789,
0.0260128974915,
0.0269119739532,
0.0283827781677,
0.0294878482819,
0.0295011997223,
0.0307221412659,
0.0304479598999,
0.0308239459991,
0.0321590900421,
0.0323851108551,
0.0310199260712,
0.0320630073547,
0.0266780853271,
0.027172088623,
0.0263090133667,
0.0270850658417,
0.0262980461121,
0.0275940895081,
0.0367081165314,
0.0377089977264,
0.0337111949921,
0.0340151786804,
0.0292990207672,
0.0295929908752,
0.0244920253754,
0.0247530937195,
0.0361380577087,
0.0363411903381,
0.024974822998,
0.0254778862,
0.024631023407,
0.0250849723816,
0.0267970561981,
0.0271170139313,
0.0364120006561,
0.0367448329926,
0.0368459224701,
0.0379638671875,
0.0238261222839,
0.0241959095001,
0.0327911376953,
0.0331931114197,
0.0386848449707,
0.0389568805695,
0.0282900333405,
0.0286071300507,
0.0382640361786,
0.0386650562286,
0.0265350341797,
0.0267820358276,
0.0261969566345,
0.0265469551086,
0.0296540260315,
0.0299119949341,
0.0372071266174,
0.0374481678009,
0.0353059768677,
0.0355820655823,
0.0172500610352,
0.0176661014557,
0.026752948761,
0.0271589756012,
0.0282020568848,
0.0289759635925,
0.0262010097504,
0.0265319347382,
0.0232050418854,
0.0236430168152,
0.0257680416107,
0.0259881019592,
0.0280599594116,
0.0282649993896,
0.026162147522,
0.0267519950867,
0.0281119346619,
0.0294969081879,
0.0264148712158,
0.0268588066101,
0.0216529369354,
0.0229079723358,
0.0304598808289,
0.0308599472046,
0.0258059501648,
0.026214838028,
0.0225110054016,
0.0228431224823,
0.0277338027954,
0.0279848575592,
0.0360000133514,
0.0364739894867,
0.0220551490784,
0.0222580432892,
0.0255379676819,
0.0258340835571,
0.0205550193787,
0.020791053772,
0.0321469306946,
0.032399892807,
0.0284941196442,
0.0288109779358,
0.0329759120941,
0.0333299636841,
0.021980047226,
0.0223350524902,
0.0262567996979,
0.027156829834,
0.0291020870209,
0.0303950309753,
0.0427198410034,
0.045068025589,
0.029440164566,
0.0301520824432,
0.0218739509583,
0.0223588943481,
0.0281889438629,
0.0289990901947,
0.0240089893341,
0.0243289470673,
0.0151329040527,
0.0157520771027,
0.0313010215759,
0.0317120552063,
0.0374629497528,
0.0379409790039,
0.025563955307,
0.0259730815887,
0.0221409797668,
0.0234100818634,
0.0270550251007,
0.02818608284,
0.0238831043243,
0.02516913414,
0.0282680988312,
0.0293409824371,
0.0270340442657,
0.028254032135,
0.0246820449829,
0.0258750915527,
0.0270431041718,
0.0285301208496,
0.0228400230408,
0.0242369174957,
0.0293769836426,
0.0303599834442,
0.0238060951233,
0.0247869491577,
0.0261180400848,
0.0267581939697,
0.0336098670959,
0.0343999862671,
0.0306241512299,
0.031455039978,
0.027792930603,
0.0291290283203,
0.0308759212494,
0.032007932663,
0.0320689678192,
0.0330939292908,
0.0283789634705,
0.0290360450745,
0.0321500301361,
0.0324189662933,
0.0275900363922,
0.0289280414581,
0.0504038333893,
0.0513858795166,
0.0296869277954,
0.0305938720703,
0.029618024826,
0.0307130813599,
0.0349369049072,
0.0358688831329,
0.0282511711121,
0.0295381546021,
0.0236258506775,
0.0245099067688,
0.0320868492126,
0.0327308177948,
0.0311439037323,
0.0320329666138,
0.0374240875244,
0.0382220745087,
0.0279610157013,
0.0288050174713,
0.0259230136871,
0.0266141891479,
0.0294709205627,
0.0297558307648,
0.0272750854492,
0.0275361537933,
0.0309898853302,
0.0312600135803,
0.0299479961395,
0.0303130149841,
0.0294818878174,
0.0298449993134,
0.0277240276337,
0.0282361507416,
0.0285289287567,
0.0296399593353,
0.0257439613342,
0.0268359184265,
0.0225069522858,
0.0227930545807,
0.0279898643494,
0.0290939807892,
0.0276479721069,
0.0279271602631,
0.025505065918,
0.0257461071014,
0.0281870365143,
0.0284020900726,
0.02090716362,
0.0211410522461,
0.0235249996185,
0.0241529941559,
0.0252709388733,
0.0264430046082,
0.031329870224,
0.0325028896332,
0.030632019043,
0.0318160057068,
0.0343041419983,
0.0347712039948,
0.0296459197998,
0.0299470424652,
0.0296709537506,
0.0299360752106,
0.0291459560394,
0.0294439792633,
0.0285401344299,
0.0295240879059,
0.0238320827484,
0.0240960121155,
0.0270669460297,
0.027331829071,
0.0262820720673,
0.0265300273895,
0.0261240005493,
0.0263419151306,
0.0264921188354,
0.026771068573,
0.0256009101868,
0.0259220600128,
0.0220131874084,
0.0222370624542,
0.028167963028,
0.0285651683807,
0.027626991272,
0.0278730392456,
0.0241630077362,
0.0244131088257,
0.0288760662079,
0.029314994812,
0.0242750644684,
0.0251970291138,
0.0221831798553,
0.0225470066071,
0.0253200531006,
0.026417016983,
0.0305261611938,
0.0315361022949,
0.0279870033264,
0.0294370651245,
0.0251638889313,
0.0261569023132,
0.0248191356659,
0.0267140865326,
0.0234589576721,
0.0256061553955,
0.0232999324799,
0.0250399112701,
0.031888961792,
0.0326080322266,
0.0362370014191,
0.0364530086517,
0.0266580581665,
0.0274930000305,
0.0442020893097,
0.0448651313782,
0.0330970287323,
0.0341420173645,
0.0423409938812,
0.0430028438568,
0.0302069187164,
0.0311739444733,
0.0296220779419,
0.03040599823,
0.0432169437408,
0.0441920757294,
0.0341200828552,
0.0349299907684,
0.0260269641876,
0.0264070034027,
0.0252759456635,
0.0257451534271,
0.0624837875366,
0.0635600090027,
0.0624139308929,
0.0639929771423,
0.0224621295929,
0.0228190422058,
0.0244598388672,
0.0246968269348,
0.0217990875244,
0.0222051143646,
0.0254819393158,
0.0270669460297,
0.0256490707397,
0.0268659591675,
0.0374660491943,
0.0378839969635,
0.0284328460693,
0.0287199020386,
0.0284781455994,
0.0287511348724,
0.0294790267944,
0.0303180217743,
0.023962020874,
0.0250868797302,
0.0286519527435,
0.0296819210052,
0.0238809585571,
0.0251870155334,
0.0281579494476,
0.0302760601044,
0.0265519618988,
0.0286309719086,
0.0267980098724,
0.0286660194397,
0.0195178985596,
0.0204420089722,
0.0130689144135,
0.0132730007172,
0.025139093399,
0.0256140232086,
0.0225858688354,
0.0235989093781,
0.0274660587311,
0.0285589694977,
0.0329740047455,
0.0343170166016,
0.0279159545898,
0.0287048816681,
0.0251319408417,
0.0265431404114,
0.0404801368713,
0.046560049057,
0.0324640274048,
0.032683134079,
0.0273540019989,
0.0277271270752,
0.0327889919281,
0.0343589782715,
0.0301740169525,
0.0306408405304,
0.0275390148163,
0.0278038978577,
0.021311044693,
0.0216240882874,
0.0239431858063,
0.0241701602936,
0.0276200771332,
0.0279190540314,
0.0341470241547,
0.0345621109009,
0.0217468738556,
0.0219860076904,
0.0222680568695,
0.0224449634552,
0.0277619361877,
0.028030872345,
0.0256440639496,
0.0258650779724,
0.0259590148926,
0.0262830257416,
0.0263981819153,
0.0268709659576,
0.0295791625977,
0.0298130512238,
0.0291728973389,
0.0295770168304,
0.0281629562378,
0.0283930301666,
0.0241639614105,
0.0244197845459,
0.0269920825958,
0.027764081955,
0.0271270275116,
0.0276610851288,
0.0337820053101,
0.0340797901154,
0.0324890613556,
0.0329699516296,
0.0381140708923,
0.0383729934692,
0.0382630825043,
0.0385179519653,
0.0253481864929,
0.0257141590118,
0.0323860645294,
0.0327119827271,
0.0293030738831,
0.0297069549561,
0.0291860103607,
0.0300309658051,
0.0285079479218,
0.0290198326111,
0.0320649147034,
0.0322940349579,
0.0327520370483,
0.0330460071564,
0.0358769893646,
0.0360968112946,
0.0349388122559,
0.0356287956238,
0.0301940441132,
0.0307700634003,
0.035472869873,
0.035749912262,
0.0334849357605,
0.0340828895569,
0.0360379219055,
0.0365998744965,
0.0231540203094,
0.0239131450653,
0.03466796875,
0.0349550247192,
0.0367789268494,
0.0376350879669,
0.0354270935059,
0.0363430976868,
0.0307140350342,
0.0319159030914,
0.0302350521088,
0.0317530632019,
0.0217881202698,
0.0338580608368,
0.0354509353638,
0.0361371040344,
0.0318779945374,
0.0327332019806,
0.0322940349579,
0.0335350036621,
0.0346281528473,
0.0356771945953,
0.0323219299316,
0.0334351062775,
0.0274169445038,
0.0288441181183,
0.0284440517426,
0.0297431945801,
0.0368309020996,
0.0377750396729,
0.0344748497009,
0.0360238552094,
0.0322568416595,
0.0332758426666,
0.0400609970093,
0.0410192012787,
0.0341980457306,
0.0354249477386,
0.0330901145935,
0.0341980457306,
0.0277779102325,
0.0285799503326,
0.0364849567413,
0.0370030403137,
0.0354850292206,
0.0365889072418,
0.0314810276031,
0.0328688621521,
0.0347909927368,
0.0354940891266,
0.0236101150513,
0.0246770381927,
0.0267360210419,
0.0275831222534,
0.0330080986023,
0.0339410305023,
0.0272490978241,
0.0284979343414,
0.0337960720062,
0.0343279838562,
0.0335991382599,
0.034471988678,
0.0381519794464,
0.0392670631409,
0.0302031040192,
0.0315210819244,
0.0313680171967,
0.0322539806366,
0.0260820388794,
0.0270099639893,
0.0327281951904,
0.0338132381439,
0.0553028583527,
0.0563588142395,
0.0395548343658,
0.0408339500427,
0.0394489765167,
0.0427150726318,
0.0302641391754,
0.0315980911255,
0.0304980278015,
0.0317921638489,
0.0249688625336,
0.0263428688049,
0.0321850776672,
0.033460855484,
0.0278940200806,
0.0292158126831,
0.0270638465881,
0.0283370018005,
0.0342960357666,
0.0352439880371,
0.0215640068054,
0.0218350887299,
0.0271170139313,
0.0273749828339,
0.0276260375977,
0.027899980545,
0.0308911800385,
0.0310990810394,
0.0257561206818,
0.0259749889374,
0.0223090648651,
0.0225610733032,
0.0300259590149,
0.0302641391754,
0.0297150611877,
0.0299589633942,
0.0294718742371,
0.0297539234161,
0.0278251171112,
0.0284941196442,
0.0313141345978,
0.0316369533539,
0.0326409339905,
0.0330190658569,
0.0384910106659,
0.0395002365112,
0.0292110443115,
0.029932975769,
0.0236899852753,
0.0246238708496,
0.0342240333557,
0.0349321365356,
0.0293140411377,
0.0299229621887,
0.0235719680786,
0.0243828296661,
0.0294961929321,
0.0304200649261,
0.0229270458221,
0.0241611003876,
0.0307538509369,
0.0317418575287,
0.0303609371185,
0.0313189029694,
0.0314679145813,
0.0321578979492,
0.0248341560364,
0.0258021354675,
0.030641078949,
0.0315120220184,
0.0381109714508,
0.0391690731049,
0.0301179885864,
0.0309488773346,
0.0385060310364,
0.0388870239258,
0.0234467983246,
0.0236768722534,
0.0233790874481,
0.0235679149628,
0.0246570110321,
0.0248861312866,
0.0366220474243,
0.0370750427246,
0.0302560329437,
0.0304801464081,
0.0298101902008,
0.0300400257111,
0.0307769775391,
0.0310981273651,
0.0285470485687,
0.0289490222931,
0.0259459018707,
0.0266859531403,
0.0221779346466,
0.0230820178986,
0.0284910202026,
0.0294549465179,
0.0523271560669,
0.0526881217957,
0.0240550041199,
0.0247390270233,
0.0298781394958,
0.0304670333862,
0.0266590118408,
0.0270500183105,
0.0230588912964,
0.0247278213501,
0.0242049694061,
0.0253078937531,
0.0310621261597,
0.0322921276093,
0.0274271965027,
0.0281841754913,
0.0258939266205,
0.0269269943237,
0.024603843689,
0.0257918834686,
0.0260970592499,
0.0274860858917,
0.0276122093201,
0.028254032135,
0.0242400169373,
0.0251221656799,
0.0297088623047,
0.0303299427032,
0.0233108997345,
0.0240790843964,
0.0227220058441,
0.0237030982971,
0.0319600105286,
0.0322349071503,
0.0236411094666,
0.0245869159698,
0.0273139476776,
0.0279870033264,
0.024915933609,
0.0257298946381,
0.0440039634705,
0.0448319911957,
0.0258688926697,
0.026871919632,
0.0301420688629,
0.0312390327454,
0.0252339839935,
0.0260701179504,
0.0316708087921,
0.0326769351959,
0.0236148834229,
0.0245399475098,
0.0237951278687,
0.0246710777283,
0.023647069931,
0.0246350765228,
0.025032043457,
0.0261628627777,
0.0225088596344,
0.0229640007019,
0.0318441390991,
0.0322370529175,
0.0257160663605,
0.0266959667206,
0.0352530479431,
0.0365269184113,
0.0245759487152,
0.0254528522491,
0.0405480861664,
0.0417561531067,
0.0257451534271,
0.027321100235,
0.041445016861,
0.0424470901489,
0.0371789932251,
0.0382788181305,
0.0269248485565,
0.028342962265,
0.0417199134827,
0.042829990387,
0.0370388031006,
0.0381338596344,
0.0303828716278,
0.0322120189667,
0.0319809913635,
0.0333969593048,
0.0259590148926,
0.0271170139313,
0.0332400798798,
0.0344479084015,
0.0388610363007,
0.0401041507721,
0.0264921188354,
0.0276501178741,
0.0335369110107,
0.0347988605499,
0.0366859436035,
0.0369920730591,
0.0302579402924,
0.030476808548,
0.0267279148102,
0.0269820690155,
0.0324239730835,
0.0327179431915,
0.0284090042114,
0.0287427902222,
0.0257489681244,
0.0259690284729,
0.0227959156036,
0.0230660438538,
0.0248699188232,
0.0251488685608,
0.0325200557709,
0.0328640937805,
0.0276730060577,
0.0279979705811,
0.0430011749268,
0.0433840751648,
0.0705800056458,
0.0709738731384,
0.0227000713348,
0.0228960514069,
0.0229649543762,
0.0234880447388,
0.0297889709473,
0.0300590991974,
0.0288751125336,
0.0292959213257,
0.0291140079498,
0.0293660163879,
0.0319130420685,
0.0321891307831,
0.0318849086761,
0.0323588848114,
0.0293691158295,
0.0298390388489,
0.0256760120392,
0.0263211727142,
0.0331418514252,
0.033597946167,
0.0355899333954,
0.0361559391022,
0.0379018783569,
0.0381808280945,
0.0277740955353,
0.0280160903931,
0.0254690647125,
0.0256929397583,
0.115211963654,
0.115622997284,
0.0355310440063,
0.0357618331909,
0.0384631156921,
0.0386381149292,
0.0579428672791,
0.0581917762756,
0.0338709354401,
0.034117937088,
0.0642628669739,
0.064759016037,
0.0470180511475,
0.0472209453583,
0.0261828899384,
0.0263779163361,
0.0257830619812,
0.0261211395264,
0.0295970439911,
0.0297920703888,
0.0296251773834,
0.0300619602203,
0.0320980548859,
0.0324490070343,
0.0345611572266,
0.0349690914154,
0.0276908874512,
0.0279188156128,
0.0487139225006,
0.0490429401398,
0.0449819564819,
0.045352935791,
0.0243120193481,
0.0258719921112,
0.0317170619965,
0.0325660705566,
0.0399580001831,
0.041002035141,
0.0460472106934,
0.0474021434784,
0.047856092453,
0.0511531829834,
0.0498859882355,
0.050225019455,
0.0310289859772,
0.031494140625,
0.0497159957886,
0.0500419139862,
0.032811164856,
0.0341510772705,
0.0740900039673,
0.0753259658813,
0.0295062065125,
0.0297710895538,
0.0292191505432,
0.0295011997223,
0.0377869606018,
0.0380749702454,
0.0322959423065,
0.0325489044189,
0.0275230407715,
0.0279150009155,
0.0304610729218,
0.030837059021,
0.0419430732727,
0.0421841144562,
0.0279049873352,
0.0282421112061,
0.026801109314,
0.0270340442657,
0.0349810123444,
0.0352010726929,
0.0244719982147,
0.0248968601227,
0.0402019023895,
0.0406289100647,
0.0316500663757,
0.0319428443909,
0.0309779644012,
0.0314769744873,
0.0257670879364,
0.0260720252991,
0.0285789966583,
0.0289180278778,
0.0237069129944,
0.0241448879242,
0.0215890407562,
0.0220329761505,
0.0284430980682,
0.0286991596222,
0.0371179580688,
0.0374500751495,
0.0240108966827,
0.0243439674377,
0.0281319618225,
0.0285339355469,
0.0276679992676,
0.0279421806335,
0.0269658565521,
0.0272469520569,
0.0267701148987,
0.0270440578461,
0.0244488716125,
0.0255830287933,
0.0207788944244,
0.0222940444946,
0.0239450931549,
0.0250029563904,
0.0352349281311,
0.0365459918976,
0.0280570983887,
0.0296621322632,
0.0323269367218,
0.0333499908447,
0.0271089076996,
0.0287759304047,
0.039363861084,
0.0406959056854,
0.0338199138641,
0.0347979068756,
0.0406877994537,
0.04106092453,
0.0290849208832,
0.0293607711792,
0.0273909568787,
0.0277700424194,
0.0264389514923,
0.026664018631,
0.0226731300354,
0.0229539871216,
0.0331811904907,
0.0334801673889,
0.0228819847107,
0.0232708454132,
0.030702829361,
0.0312027931213,
0.0301930904388,
0.0305850505829,
0.0255968570709,
0.0259268283844,
0.030638217926,
0.0308961868286,
0.0310788154602,
0.033154964447,
0.0385839939117,
0.0388798713684,
0.0372068881989,
0.0374720096588,
0.0652868747711,
0.0659198760986,
0.0251879692078,
0.0256659984589,
0.0348830223083,
0.0350940227509,
0.0247910022736,
0.0250129699707,
0.0249300003052,
0.0252280235291,
0.0264389514923,
0.0267739295959,
0.02738904953,
0.0276219844818,
0.0237638950348,
0.0243098735809,
0.022204875946,
0.0225338935852,
0.0259940624237,
0.0262069702148,
0.0313999652863,
0.0316820144653,
0.0348019599915,
0.0352399349213,
0.023952960968,
0.0243179798126,
0.0233287811279,
0.023533821106,
0.0248138904572,
0.0253159999847,
0.0309910774231,
0.0313670635223,
0.0297639369965,
0.0299899578094,
0.0294008255005,
0.0296788215637,
0.0287997722626,
0.0291419029236,
0.0322589874268,
0.0325798988342,
0.0228400230408,
0.0233490467072,
0.150148153305,
0.151098966599,
0.0394279956818,
0.0397870540619,
0.0261912345886,
0.0264141559601,
0.0251750946045,
0.0254240036011,
0.0449869632721,
0.045294046402,
0.0333142280579,
0.0335850715637,
0.0245389938354,
0.0247480869293,
0.0326058864594,
0.0329699516296,
0.0233960151672,
0.0237469673157,
0.0293462276459,
0.0296161174774,
0.0295071601868,
0.0301342010498,
0.02911901474,
0.0292961597443,
0.0390210151672,
0.0396430492401,
0.0246269702911,
0.0248799324036,
0.0253601074219,
0.0256299972534,
0.0288441181183,
0.0291709899902,
0.028312921524,
0.0285649299622,
0.0298008918762,
0.0300800800323,
0.027293920517,
0.0275328159332,
0.0272541046143,
0.0281829833984,
0.023677110672,
0.0240340232849,
0.0312581062317,
0.0316331386566,
0.0309097766876,
0.031124830246,
0.0294718742371,
0.0298128128052,
0.0250461101532,
0.0254459381104,
0.0262520313263,
0.0266129970551,
0.0390958786011,
0.0395610332489,
0.0266509056091,
0.0269589424133,
0.0305428504944,
0.0315868854523,
0.0231471061707,
0.0233840942383,
0.0226140022278,
0.0228879451752,
0.0291650295258,
0.0300929546356,
0.0284330844879,
0.0286359786987,
0.038468837738,
0.0392279624939,
0.0227320194244,
0.0239260196686,
0.0319409370422,
0.0327939987183,
0.0259518623352,
0.0265278816223,
0.0244498252869,
0.0257079601288,
0.0264959335327,
0.0275700092316,
0.0225059986115,
0.0226979255676,
0.0262801647186,
0.0265851020813,
0.0259509086609,
0.0262310504913,
0.0329310894012,
0.0338261127472,
0.0284059047699,
0.0290160179138,
0.0283758640289,
0.0311238765717,
0.0342199802399,
0.0353031158447,
0.0263650417328,
0.0267848968506,
0.0286321640015,
0.0288970470428,
0.0283739566803,
0.0290200710297,
0.0216591358185,
0.0218811035156,
0.0276279449463,
0.0285060405731,
0.0362439155579,
0.0364401340485,
0.0224549770355,
0.0226950645447,
0.0303511619568,
0.0308170318604,
0.02219414711,
0.0231080055237,
0.023521900177,
0.0237529277802,
0.0312879085541,
0.0316278934479,
0.0283460617065,
0.0295331478119,
0.0383110046387,
0.0396010875702,
0.0358281135559,
0.0371220111847,
0.0329940319061,
0.0342729091644,
0.0310509204865,
0.0323169231415,
0.0142970085144,
0.0145630836487,
0.029186964035,
0.0294239521027,
0.0245099067688,
0.0248758792877,
0.032918214798,
0.0332381725311,
0.036062002182,
0.0362629890442,
0.0271379947662,
0.0274360179901,
0.0225088596344,
0.0227878093719,
0.0219259262085,
0.0222280025482,
0.0378248691559,
0.0381000041962,
0.022176027298,
0.0225460529327,
0.0279960632324,
0.0282878875732,
0.0238728523254,
0.0240979194641,
0.0340299606323,
0.0344200134277,
0.0234050750732,
0.0236320495605,
0.0297780036926,
0.0300538539886,
0.0230867862701,
0.0234439373016,
0.0292499065399,
0.0294508934021,
0.0337691307068,
0.0341930389404,
0.0333411693573,
0.0336141586304,
0.024689912796,
0.025171995163,
0.0290360450745,
0.0294330120087,
0.0336339473724,
0.0343370437622,
0.032436132431,
0.0329911708832,
0.0270028114319,
0.0272648334503,
0.0223078727722,
0.0225658416748,
0.0245938301086,
0.0249428749084,
0.0252528190613,
0.0254979133606,
0.0242948532104,
0.025102853775,
0.0240581035614,
0.0252110958099,
0.0232558250427,
0.0241310596466,
0.0310978889465,
0.0316879749298,
0.0360670089722,
0.036474943161,
0.0557508468628,
0.0561518669128,
0.0466361045837,
0.046905040741,
0.0329730510712,
0.0333790779114,
0.0577218532562,
0.0579628944397,
0.0437209606171,
0.0440208911896,
0.0633528232574,
0.0638289451599,
0.0327939987183,
0.0330889225006,
0.0269899368286,
0.0272269248962,
0.0238790512085,
0.0241439342499,
0.0343790054321,
0.0349731445312,
0.0291488170624,
0.0303230285645,
0.0279550552368,
0.0282030105591,
0.0295288562775,
0.0298080444336,
0.0248401165009,
0.0252380371094,
0.031406879425,
0.0316119194031,
0.0280570983887,
0.0282762050629,
0.0286459922791,
0.0288798809052,
0.0355050563812,
0.0358829498291,
0.0332388877869,
0.0334589481354,
0.0369679927826,
0.0372960567474,
0.0289881229401,
0.0291891098022,
0.0366928577423,
0.0369298458099,
0.0330109596252,
0.0333919525146,
0.0366291999817,
0.03688621521,
0.0265290737152,
0.026792049408,
0.0261859893799,
0.0266070365906,
0.0337700843811,
0.0340828895569,
0.0244500637054,
0.0248630046844,
0.0291080474854,
0.0293769836426,
0.0406019687653,
0.0409550666809,
0.0281579494476,
0.0284049510956,
0.033616065979,
0.033821105957,
0.0238289833069,
0.0242540836334,
0.0251889228821,
0.0254199504852,
0.0323460102081,
0.032723903656,
0.0236351490021,
0.0238101482391,
0.0265290737152,
0.0269532203674,
0.0283908843994,
0.0294239521027,
0.0330839157104,
0.0341351032257,
0.024482011795,
0.0247821807861,
0.024316072464,
0.0249469280243,
0.0264880657196,
0.0272061824799,
0.0418050289154,
0.0424039363861,
0.0263159275055,
0.0272359848022,
0.0248401165009,
0.0256700515747,
0.0224912166595,
0.0237231254578,
0.0305168628693,
0.0312597751617,
0.0289950370789,
0.0292568206787,
0.0231330394745,
0.0233671665192,
0.0294141769409,
0.0297789573669,
0.0264208316803,
0.0271408557892,
0.0272419452667,
0.0275008678436,
0.033539056778,
0.0338039398193,
0.0619180202484,
0.0623931884766,
0.0449950695038,
0.0452399253845,
0.0301148891449,
0.0303628444672,
0.0297689437866,
0.0303628444672,
0.0318069458008,
0.0328228473663,
0.0468819141388,
0.047868013382,
0.0347199440002,
0.0360310077667,
0.0453209877014,
0.048779964447,
0.0349690914154,
0.0353569984436,
0.0269000530243,
0.027163028717,
0.0239279270172,
0.024218082428,
0.0254030227661,
0.0257668495178,
0.0266010761261,
0.0269219875336,
0.0322239398956,
0.0326550006866,
0.028883934021,
0.029079914093,
0.0284411907196,
0.0287790298462,
0.0319168567657,
0.0321907997131,
0.0316731929779,
0.0318880081177,
0.0247027873993,
0.0249998569489,
0.0296730995178,
0.0301449298859,
0.0329020023346,
0.0332388877869,
0.0326609611511,
0.033038854599,
0.0305202007294,
0.0315251350403,
0.0265960693359,
0.0270109176636,
0.0328431129456,
0.0331401824951,
0.0323829650879,
0.0328330993652,
0.0254170894623,
0.0256199836731,
0.0263910293579,
0.0266408920288,
0.0320639610291,
0.0323491096497,
0.0313098430634,
0.0317828655243,
0.0322649478912,
0.0327379703522,
0.0280389785767,
0.0283970832825,
0.0321829319,
0.0324819087982,
0.0301749706268,
0.0304307937622,
0.0363719463348,
0.0366270542145,
0.0313930511475,
0.0317490100861,
0.0304498672485,
0.0307269096375,
0.0246739387512,
0.0250380039215,
0.0277869701385,
0.0281319618225,
0.0412471294403,
0.0417439937592,
0.0325860977173,
0.0328290462494,
0.0270619392395,
0.0272789001465,
0.0305008888245,
0.0307087898254,
0.0258040428162,
0.026006937027,
0.0358810424805,
0.0361399650574,
0.0290739536285,
0.0293598175049,
0.026468038559,
0.0266909599304,
0.0364620685577,
0.0367062091827,
0.0324699878693,
0.0330839157104,
0.0233759880066,
0.0236439704895,
0.02605509758,
0.0263011455536,
0.0373339653015,
0.0375759601593,
0.0247509479523,
0.0249350070953,
0.0243241786957,
0.0245800018311,
0.0289270877838,
0.0291719436646,
0.0285630226135,
0.0287919044495,
0.0362551212311,
0.0367531776428,
0.0237998962402,
0.0242938995361,
0.0288519859314,
0.0291020870209,
0.0255010128021,
0.0259749889374,
0.0298759937286,
0.0302150249481,
0.0334060192108,
0.0336759090424,
0.0232748985291,
0.0235769748688,
0.035