0.0692050457001
0.0184690952301
0.0518989562988
0.00165915489197
0.0455501079559
0.0458500385284
0.0383648872375
0.0386390686035
0.0167648792267
0.0299370288849
0.0362329483032
0.0364718437195
0.0447359085083
0.0453128814697
0.0291571617126
0.0297310352325
0.0286660194397
0.0296938419342
0.0241241455078
0.0245900154114
0.0254490375519
0.0261850357056
0.0340609550476
0.0342230796814
0.0271778106689
0.0273499488831
0.0252928733826
0.0255150794983
0.0264999866486
0.0267171859741
0.0251698493958
0.0253489017487
0.028578042984
0.02952003479
0.0267958641052
0.0279178619385
0.029666185379
0.0305931568146
0.0262250900269
0.0263941287994
0.024955034256
0.025719165802
0.0392820835114
0.0396101474762
0.0234920978546
0.024078130722
0.100147008896
0.0474298000336
0.0798919200897
0.0279710292816
0.0602951049805
0.0605030059814
0.027116060257
0.0273070335388
0.117122173309
0.117949008942
0.0984280109406
0.0986919403076
0.0593521595001
0.0596921443939
0.027538061142
0.0278420448303
0.0432231426239
0.0436680316925
0.028813123703
0.02978515625
0.0343780517578
0.0352430343628
0.0364258289337
0.0366389751434
0.0337681770325
0.034245967865
0.0316050052643
0.032103061676
0.0331430435181
0.0334181785583
0.0308148860931
0.0314378738403
0.0357551574707
0.0369200706482
0.0188119411469
0.0202240943909
0.0229229927063
0.0329129695892
0.023106098175
0.0232770442963
0.0373170375824
0.0380010604858
0.0433468818665
0.043534040451
0.0386748313904
0.0396430492401
0.0291409492493
0.0295751094818
0.0227780342102
0.0231690406799
0.0332551002502
0.0339131355286
0.0740587711334
0.0247490406036
0.0621998310089
0.00388288497925
0.0348858833313
0.0357758998871
0.0263018608093
0.0273790359497
0.025731086731
0.0259029865265
0.02663397789
0.0268149375916
0.0287098884583
0.0296421051025
0.0290668010712
0.0292468070984
0.0276958942413
0.0281109809875
0.0294871330261
0.0297241210938
0.0325419902802
0.032772064209
0.0282509326935
0.0284569263458
0.0276391506195
0.0278270244598
0.0235369205475
0.0237629413605
0.0269200801849
0.0270910263062
0.0306479930878
0.030818939209
0.0261080265045
0.0262920856476
0.0254440307617
0.0260591506958
0.0330321788788
0.0332791805267
0.0286931991577
0.029196023941
0.0335760116577
0.0364179611206
0.0279269218445
0.0284769535065
0.0320580005646
0.032240152359
0.0282127857208
0.0290088653564
0.036082983017
0.0367069244385
0.0377869606018
0.0384969711304
0.0317068099976
0.0329418182373
0.0251190662384
0.0259289741516
0.0339179039001
0.0355458259583
0.0358431339264
0.0360560417175
0.0288429260254
0.0291059017181
0.033655166626
0.03404712677
0.0297131538391
0.0299232006073
0.0741348266602
0.0749709606171
0.0999400615692
0.0412650108337
0.071350812912
0.0722548961639
0.0474078655243
0.0477318763733
0.0268039703369
0.0269939899445
0.0365200042725
0.0367050170898
0.0287039279938
0.0289330482483
0.0243608951569
0.0245339870453
0.0239918231964
0.0242538452148
0.0250210762024
0.0459990501404
0.0331799983978
0.0337629318237
0.0366480350494
0.0371382236481
0.0267908573151
0.0275919437408
0.029510974884
0.0304729938507
0.0286810398102
0.0293061733246
0.0958030223846
0.0408771038055
0.0725421905518
0.0727341175079
0.0528290271759
0.053062915802
0.0298399925232
0.0300369262695
0.0273559093475
0.0275590419769
0.0258009433746
0.0259819030762
0.0270440578461
0.0272569656372
0.0308790206909
0.0310671329498
0.0255119800568
0.0258150100708
0.0283150672913
0.0287380218506
0.0279109477997
0.028196811676
0.0394580364227
0.0405871868134
0.0299501419067
0.0302181243896
0.0273299217224
0.0275018215179
0.0245418548584
0.0249438285828
0.0410821437836
0.0416719913483
0.023286819458
0.0239799022675
0.0286259651184
0.0291509628296
0.0306870937347
0.031417131424
0.0312180519104
0.0314500331879
0.0386400222778
0.0388901233673
0.0708332061768
0.0710110664368
0.127429008484
0.127616882324
0.0760459899902
0.0117180347443
0.0436189174652
0.0438058376312
0.0640869140625
0.0643670558929
0.0604639053345
0.0606858730316
0.0241389274597
0.0243399143219
0.0292680263519
0.0296640396118
0.0312740802765
0.032014131546
0.0271639823914
0.027352809906
0.0270049571991
0.027184009552
0.0304040908813
0.0314600467682
0.0548491477966
0.00436997413635
0.0343589782715
0.0348260402679
0.0440769195557
0.0442509651184
0.0285530090332
0.0287368297577
0.0288109779358
0.0290269851685
0.0423109531403
0.0426070690155
0.0932750701904
0.0934522151947
0.0648989677429
0.0650980472565
0.0278828144073
0.0280628204346
0.0207169055939
0.0209348201752
0.0326519012451
0.0330038070679
0.030415058136
0.0306289196014
0.0356709957123
0.0359168052673
0.0288350582123
0.0290429592133
0.0251479148865
0.0253298282623
0.0280401706696
0.0282289981842
0.0320270061493
0.0330920219421
0.0265100002289
0.0266680717468
0.0250239372253
0.0253529548645
0.0283160209656
0.0289978981018
0.0527410507202
0.0530939102173
0.0240490436554
0.0305380821228
0.0319368839264
0.0323209762573
0.0296308994293
0.0299339294434
0.0289549827576
0.029266834259
0.0269711017609
0.0272290706635
0.0322799682617
0.0326201915741
0.0284650325775
0.0287621021271
0.0297648906708
0.0300707817078
0.0346450805664
0.0349569320679
0.0233769416809
0.0236358642578
0.0326499938965
0.0328319072723
0.0286309719086
0.0289061069489
0.0335490703583
0.0341649055481
0.0313827991486
0.0316138267517
0.032457113266
0.0332729816437
0.026309967041
0.0271999835968
0.0277810096741
0.0279500484467
0.0285069942474
0.0286891460419
0.0250120162964
0.0251939296722
0.0248079299927
0.0255169868469
0.0322518348694
0.0324897766113
0.0271010398865
0.0272760391235
0.0267190933228
0.0269210338593
0.0278210639954
0.0280549526215
0.0328640937805
0.0331280231476
0.0309040546417
0.0311880111694
0.0283768177032
0.0287508964539
0.0309748649597
0.0312008857727
0.0319411754608
0.0321230888367
0.0354208946228
0.0356590747833
0.0301690101624
0.0310571193695
0.0391690731049
0.0398890972137
0.035248041153
0.0361042022705
0.0281610488892
0.0283939838409
0.0333981513977
0.0336060523987
0.0308389663696
0.0309989452362
0.0269191265106
0.027083158493
0.0254628658295
0.0260128974915
0.0265650749207
0.0267329216003
0.0261061191559
0.0263409614563
0.0275912284851
0.0283641815186
0.0246031284332
0.0249750614166
0.0322749614716
0.0334808826447
0.0285758972168
0.0288670063019
0.0284872055054
0.0287899971008
0.0253739356995
0.0256950855255
0.0283751487732
0.0287091732025
0.0254759788513
0.0257921218872
0.0316779613495
0.0318789482117
0.0366268157959
0.0374038219452
0.0286660194397
0.0295341014862
0.028834104538
0.0294620990753
0.0299870967865
0.0303189754486
0.0397799015045
0.039981842041
0.0321769714355
0.0323529243469
0.0312578678131
0.0315868854523
0.0626749992371
0.00504302978516
0.0578939914703
0.0584888458252
0.0309720039368
0.0312900543213
0.0388879776001
0.0391850471497
0.031711101532
0.0321221351624
0.0218560695648
0.0220720767975
0.0740129947662
0.0741860866547
0.0447158813477
0.0449059009552
0.0317010879517
0.0318810939789
0.0321879386902
0.0323901176453
0.031466960907
0.0317029953003
0.0316498279572
0.0325078964233
0.026505947113
0.0266759395599
0.0888690948486
0.089075088501
0.0557310581207
0.0559802055359
0.0540919303894
0.00396203994751
0.0484299659729
0.0491480827332
0.047776222229
0.0479922294617
0.0464839935303
0.0466539859772
0.0820159912109
0.0171570777893
0.0387399196625
0.0389399528503
0.0279109477997
0.0285310745239
0.0350210666656
0.0361280441284
0.0281140804291
0.0285611152649
0.0282311439514
0.0292210578918
0.0333290100098
0.0341119766235
0.0420758724213
0.0424818992615
0.0520050525665
0.00181698799133
0.038920879364
0.0391159057617
0.0572011470795
0.059760093689
0.0346100330353
0.0348520278931
0.040727853775
0.0413198471069
0.0420000553131
0.0423519611359
0.0338180065155
0.0341429710388
0.0748369693756
0.0750639438629
0.104214906693
0.104519128799
0.0659410953522
0.0662541389465
0.0271890163422
0.0274710655212
0.0294880867004
0.0297310352325
0.0321359634399
0.0329670906067
0.0238981246948
0.0240731239319
0.0275731086731
0.027752161026
0.0267839431763
0.026967048645
0.0315551757812
0.0318381786346
0.0250651836395
0.0256600379944
0.0278308391571
0.0279970169067
0.032723903656
0.0329051017761
0.0317499637604
0.0319180488586
0.0297961235046
0.0301711559296
0.0267999172211
0.0270040035248
0.0269250869751
0.0272619724274
0.0294740200043
0.0300788879395
0.0262429714203
0.0268220901489
0.0361468791962
0.0369908809662
0.029669046402
0.0299949645996
0.0321559906006
0.0327661037445
0.0292110443115
0.029618024826
0.0301280021667
0.0304679870605
0.0318830013275
0.0320680141449
0.0257539749146
0.0259499549866
0.0317630767822
0.0320861339569
0.0255460739136
0.0258748531342
0.0333440303802
0.0341219902039
0.0433678627014
0.0436248779297
0.0771992206573
0.0153150558472
0.0372779369354
0.0374538898468
0.038596868515
0.0387718677521
0.0510230064392
0.0512130260468
0.0664269924164
0.0666089057922
0.052747964859
0.0530240535736
0.0291440486908
0.0295240879059
0.0266940593719
0.0322489738464
0.0482339859009
0.0488920211792
0.0329232215881
0.0330941677094
0.048122882843
0.0482909679413
0.0443818569183
0.0450139045715
0.0610671043396
0.00133204460144
0.0389511585236
0.0397951602936
0.0369038581848
0.0378668308258
0.0410370826721
0.0412130355835
0.0307838916779
0.0309989452362
0.0635809898376
0.0637440681458
0.0298681259155
0.0300951004028
0.0368409156799
0.0375950336456
0.0245800018311
0.0248141288757
0.0266900062561
0.0269050598145
0.0275740623474
0.0279121398926
0.0271430015564
0.0273008346558
0.0277469158173
0.0286509990692
0.0324170589447
0.0331420898438
0.0257201194763
0.0268571376801
0.0363211631775
0.0370180606842
0.0734601020813
0.0740098953247
0.0881068706512
0.0335910320282
0.122552156448
0.0294082164764
0.0652801990509
0.065514087677
0.0258750915527
0.0266559123993
0.0879399776459
0.0881750583649
0.0633499622345
0.0638718605042
0.0342609882355
0.0345878601074
0.0324659347534
0.0326590538025
0.0269629955292
0.0273010730743
0.0242948532104
0.0245249271393
0.037425994873
0.0383429527283
0.0371010303497
0.037416934967
0.0294148921967
0.0312788486481
0.0356938838959
0.0359058380127
0.0327789783478
0.0333678722382
0.0291821956635
0.0294260978699
0.0312621593475
0.0316519737244
0.0341911315918
0.0343580245972
0.0292239189148
0.0298628807068
0.0349068641663
0.0355579853058
0.0498161315918
0.000519037246704
0.0278100967407
0.0316321849823
0.027782201767
0.0283889770508
0.0976691246033
0.0256359577179
0.0594389438629
0.0596399307251
0.0251488685608
0.0253400802612
0.0311930179596
0.0313999652863
0.0319430828094
0.0330560207367
0.0299599170685
0.0307130813599
0.0260059833527
0.0261809825897
0.0418407917023
0.0434668064117
0.0293128490448
0.0301699638367
0.0331320762634
0.0333259105682
0.0280830860138
0.0282680988312
0.0290100574493
0.0292010307312
0.0553910732269
0.0556659698486
0.0243539810181
0.0245258808136
0.0289890766144
0.0291740894318
0.0281081199646
0.0283281803131
0.0249280929565
0.0251121520996
0.028892993927
0.0291240215302
0.0490980148315
0.0500040054321
0.0257828235626
0.0263919830322
0.0313310623169
0.0318160057068
0.0281939506531
0.0283980369568
0.0347809791565
0.0350279808044
0.033989906311
0.0341639518738
0.0313000679016
0.0322048664093
0.0245440006256
0.0255770683289
0.0302741527557
0.030543088913
0.0274729728699
0.0282220840454
0.0266380310059
0.0268168449402
0.0288751125336
0.0292301177979
0.028265953064
0.028491973877
0.0268759727478
0.0270819664001
0.0267469882965
0.0269439220428
0.0293610095978
0.0295488834381
0.0287301540375
0.0289990901947
0.0225880146027
0.0228078365326
0.027107000351
0.0273280143738
0.0262348651886
0.0264308452606
0.0313081741333
0.0314910411835
0.0287420749664
0.0289430618286
0.0259010791779
0.0260970592499
0.0282819271088
0.0290219783783
0.0324020385742
0.0325779914856
0.0350360870361
0.0352301597595
0.0263538360596
0.0274939537048
0.0254240036011
0.0261950492859
0.0296859741211
0.0309810638428
0.0279698371887
0.0285589694977
0.0389750003815
0.0392711162567
0.0355820655823
0.0357730388641
0.0271949768066
0.0273740291595
0.0270729064941
0.0273070335388
0.0267298221588
0.0269639492035
0.0310280323029
0.0311849117279
0.0277669429779
0.0279359817505
0.0275750160217
0.0278120040894
0.028932094574
0.02911901474
0.0274548530579
0.0276448726654
0.0287690162659
0.0290200710297
0.0270481109619
0.0272190570831
0.0270478725433
0.0272469520569
0.0255057811737
0.025671005249
0.0250160694122
0.0252680778503
0.0269920825958
0.0272419452667
0.0282349586487
0.0285258293152
0.0306799411774
0.0309269428253
0.0284869670868
0.0292580127716
0.0274329185486
0.0276820659637
0.0274760723114
0.0276620388031
0.0271611213684
0.0273461341858
0.0269668102264
0.0271887779236
0.0282499790192
0.028450012207
0.0260100364685
0.0262351036072
0.0302679538727
0.0304489135742
0.0276799201965
0.0281920433044
0.0332460403442
0.0334348678589
0.026437997818
0.0271399021149
0.056893825531
0.0570797920227
0.0285661220551
0.0292620658875
0.0277540683746
0.0279819965363
0.0262670516968
0.0271379947662
0.0267169475555
0.0268840789795
0.055860042572
0.0561718940735
0.0286769866943
0.0299201011658
0.0313169956207
0.0315380096436
0.084233045578
0.018012046814
0.0400700569153
0.0403609275818
0.0357451438904
0.035982131958
0.0282390117645
0.0284118652344
0.0279581546783
0.0281550884247
0.0264279842377
0.0270850658417
0.0286569595337
0.0296409130096
0.0257921218872
0.0268211364746
0.0322380065918
0.0324859619141
0.0331339836121
0.033812046051
0.0285229682922
0.0287430286407
0.034392118454
0.0351071357727
0.0399091243744
0.0409409999847
0.0325880050659
0.0333950519562
0.0374250411987
0.0385699272156
0.0396690368652
0.0405330657959
0.0273611545563
0.0275881290436
0.0309269428253
0.031170129776
0.0302000045776
0.0305559635162
0.0319449901581
0.032240152359
0.0392010211945
0.0394339561462
0.059051990509
0.00350785255432
0.0520899295807
0.0524709224701
0.0492680072784
0.0495600700378
0.0283999443054
0.0287189483643
0.028559923172
0.0295178890228
0.0460040569305
0.0468819141388
0.0243499279022
0.0245590209961
0.0358300209045
0.0364010334015
0.0335190296173
0.0337109565735
0.0454409122467
0.0456149578094
0.0431458950043
0.0433928966522
0.0317120552063
0.0319881439209
0.0292959213257
0.0295178890228
0.0396349430084
0.0398120880127
0.0393569469452
0.0396640300751
0.0431780815125
0.0440649986267
0.0459599494934
0.0461740493774
0.054132938385
0.0046751499176
0.0237231254578
0.0243921279907
0.0351898670197
0.0353698730469
0.0326709747314
0.0334098339081
0.0289919376373
0.0303101539612
0.0289041996002
0.0290679931641
0.0313789844513
0.0315937995911
0.0265228748322
0.0267090797424
0.028412103653
0.0286140441895
0.0268831253052
0.027113199234
0.0403141975403
0.0405120849609
0.0292680263519
0.0300109386444
0.0275208950043
0.0276849269867
0.0325529575348
0.0333371162415
0.0268478393555
0.0274119377136
0.0367789268494
0.0373909473419
0.04549908638
0.046117067337
0.0317981243134
0.0328459739685
0.0234251022339
0.0242440700531
0.0262382030487
0.0264060497284
0.026878118515
0.0271019935608
0.0266630649567
0.0271430015564
0.0286288261414
0.0288188457489
0.0249469280243
0.0251369476318
0.0308980941772
0.0310840606689
0.0292918682098
0.0296869277954
0.0269920825958
0.027204990387
0.0269320011139
0.0271089076996
0.031928062439
0.032124042511
0.0252611637115
0.0258300304413
0.0274758338928
0.0284678936005
0.0289990901947
0.0295331478119
0.0228688716888
0.0235619544983
0.036278963089
0.0364508628845
0.0245749950409
0.0247588157654
0.0260691642761
0.0262889862061
0.0234231948853
0.023647069931
0.027684211731
0.0284390449524
0.0271518230438
0.0273349285126
0.0285539627075
0.0288090705872
0.0251579284668
0.0253880023956
0.027036190033
0.0272440910339
0.0289289951324
0.0291318893433
0.026654958725
0.0268359184265
0.0292081832886
0.0293831825256
0.0369498729706
0.0372669696808
0.0248610973358
0.0250840187073
0.0312519073486
0.031672000885
0.029265165329
0.0297451019287
0.025976896286
0.0265679359436
0.0291538238525
0.0298218727112
0.0302591323853
0.0305550098419
0.0315818786621
0.0320608615875
0.0360450744629
0.0364909172058
0.030935049057
0.0316429138184
0.0272929668427
0.0279579162598
0.0257489681244
0.0274739265442
0.0258901119232
0.0266001224518
0.0289468765259
0.0296421051025
0.0275650024414
0.0285911560059
0.0242481231689
0.0250051021576
0.038722038269
0.0389339923859
0.0257329940796
0.0259628295898
0.0305480957031
0.0307261943817
0.0280470848083
0.0282320976257
0.0293488502502
0.0305359363556
0.0270929336548
0.0272641181946
0.0268890857697
0.0270669460297
0.0264749526978
0.026654958725
0.0295181274414
0.0301620960236
0.0288200378418
0.0462348461151
0.0290429592133
0.029228925705
0.0274531841278
0.027645111084
0.0433249473572
0.0436220169067
0.0331029891968
0.0337579250336
0.0308029651642
0.0314168930054
0.0336661338806
0.033881187439
0.0261068344116
0.0268309116364
0.0448131561279
0.0454921722412
0.030091047287
0.0310120582581
0.0256628990173
0.0263140201569
0.0272979736328
0.0283949375153
0.0250520706177
0.0256938934326
0.0235660076141
0.0244832038879
0.0335121154785
0.0337710380554
0.0268001556396
0.0270280838013
0.0325849056244
0.0328240394592
0.0263860225677
0.0266070365906
0.0286600589752
0.0294020175934
0.0269150733948
0.0282869338989
0.0279719829559
0.0308001041412
0.0269041061401
0.0279350280762
0.0273540019989
0.0281960964203
0.0269980430603
0.0278279781342
0.0366430282593
0.0368540287018
0.0225510597229
0.0229978561401
0.0423731803894
0.0428609848022
0.0267050266266
0.0273559093475
0.0361409187317
0.0371179580688
0.0284929275513
0.029844045639
0.0273489952087
0.0282511711121
0.0295009613037
0.0302231311798
0.0271220207214
0.0281050205231
0.024286031723
0.025074005127
0.0247991085052
0.0255670547485
0.0429289340973
0.0438849925995
0.0543231964111
0.0549800395966
0.0313110351562
0.0320689678192
0.0843050479889
0.0849449634552
0.0486838817596
0.053722858429
0.0323438644409
0.0329649448395
0.0576069355011
0.00726413726807
0.0450091362
0.045175075531
0.0359470844269
0.0361161231995
0.0643701553345
0.065071105957
0.0285439491272
0.0291919708252
0.0391540527344
0.0397081375122
0.0419080257416
0.0430810451508
0.0222430229187
0.0325889587402
0.0262520313263
0.0266859531403
0.0346019268036
0.0357549190521
0.0219619274139
0.0221419334412
0.0456581115723
0.0461409091949
0.0294699668884
0.0302629470825
0.0281269550323
0.0288479328156
0.0293869972229
0.0300090312958
0.034520149231
0.0349130630493
0.034255027771
0.0345389842987
0.0197429656982
0.0199570655823
0.0269408226013
0.0275328159332
0.0364029407501
0.0369918346405
0.0312218666077
0.0314288139343
0.0272369384766
0.0279660224915
0.0288560390472
0.0294899940491
0.0284028053284
0.0292329788208
0.0277309417725
0.0287899971008
0.0330350399017
0.0337729454041
0.029513835907
0.0302429199219
0.0419199466705
0.0421631336212
0.0183169841766
0.0282850265503
0.0259079933167
0.0261051654816
0.0269429683685
0.0271818637848
0.0316469669342
0.0319850444794
0.0296130180359
0.0303778648376
0.0249211788177
0.0257890224457
0.025995016098
0.0269348621368
0.0242178440094
0.0249609947205
0.0250730514526
0.025260925293
0.0284080505371
0.0289390087128
0.0286180973053
0.0288832187653
0.0250909328461
0.0253000259399
0.033949136734
0.0342462062836
0.0324718952179
0.032693862915
0.0193679332733
0.0195479393005
0.0264799594879
0.026734828949
0.0328009128571
0.0330691337585
0.0319430828094
0.0321600437164
0.0362560749054
0.0369651317596
0.033360004425
0.0336718559265
0.0318138599396
0.0324909687042
0.0291268825531
0.0296649932861
0.0352258682251
0.035719871521
0.0328001976013
0.0330500602722
0.0265920162201
0.0271189212799
0.0252637863159
0.0254428386688
0.0277631282806
0.0279369354248
0.0281281471252
0.028990983963
0.0274150371552
0.0282309055328
0.0289700031281
0.029727935791
0.0252208709717
0.0258619785309
0.0295338630676
0.0302939414978
0.034234046936
0.0344851016998
0.0227489471436
0.0229389667511
0.0220150947571
0.0222780704498
0.030081987381
0.0302939414978
0.0288350582123
0.0290920734406
0.0211219787598
0.021299123764
0.0282680988312
0.0291218757629
0.0335719585419
0.0338051319122
0.0256857872009
0.0259189605713
0.0270230770111
0.0272161960602
0.0281989574432
0.0284948348999
0.0226829051971
0.0231261253357
0.0516440868378
0.0520598888397
0.0282521247864
0.0289611816406
0.0259079933167
0.026584148407
0.0268380641937
0.0274941921234
0.034637928009
0.0352439880371
0.028795003891
0.0295128822327
0.0320069789886
0.0329439640045
0.0294191837311
0.0300531387329
0.0243110656738
0.0252339839935
0.0290319919586
0.0297679901123
0.0263531208038
0.026535987854
0.0271940231323
0.0275139808655
0.0358347892761
0.036162853241
0.0280179977417
0.0283269882202
0.0282690525055
0.0285799503326
0.0386550426483
0.0390191078186
0.0312011241913
0.0316829681396
0.0283250808716
0.0291039943695
0.0454518795013
0.0468039512634
0.0246739387512
0.0261499881744
0.0245671272278
0.0248579978943
0.0309410095215
0.0311629772186
0.032949924469
0.0334041118622
0.0269689559937
0.0277900695801
0.0357120037079
0.0362238883972
0.0344460010529
0.0348060131073
0.0284459590912
0.0289089679718
0.0215439796448
0.0217320919037
0.0309009552002
0.0313909053802
0.028088092804
0.0288581848145
0.0227160453796
0.0232901573181
0.0408608913422
0.041069984436
0.0298891067505
0.0306379795074
0.0269901752472
0.0271980762482
0.0414731502533
0.0418469905853
0.0274288654327
0.0277128219604
0.0371971130371
0.03737616539
0.0276350975037
0.0284481048584
0.0249819755554
0.0251579284668
0.0349459648132
0.0357890129089
0.0324921607971
0.0326550006866
0.0302798748016
0.0304589271545
0.0280170440674
0.0281810760498
0.0303499698639
0.0311830043793
0.0272440910339
0.0274119377136
0.0289409160614
0.0291240215302
0.0271270275116
0.0275590419769
0.0287721157074
0.0289549827576
0.0249831676483
0.0251820087433
0.027615070343
0.0283589363098
0.0261721611023
0.0269429683685
0.0231637954712
0.0233988761902
0.0260500907898
0.0262200832367
0.0330419540405
0.034010887146
0.0286090373993
0.0291290283203
0.0280890464783
0.0289101600647
0.0274159908295
0.028088092804
0.0319011211395
0.0326750278473
0.0353560447693
0.0356111526489
0.0383901596069
0.0385971069336
0.0347740650177
0.0350298881531
0.0326600074768
0.0330891609192
0.0300498008728
0.030574798584
0.0363810062408
0.0374810695648
0.025908946991
0.0266280174255
0.0252599716187
0.0256500244141
0.028902053833
0.0302619934082
0.0328619480133
0.0334599018097
0.0392251014709
0.0393850803375
0.0274331569672
0.0276420116425
0.0314319133759
0.0316298007965
0.0260660648346
0.0273420810699
0.0301139354706
0.0306339263916
0.0314719676971
0.032014131546
0.0308899879456
0.0313379764557
0.0362119674683
0.0364141464233
0.0347139835358
0.034903049469
0.0288090705872
0.0291149616241
0.0300259590149
0.0302031040192
0.028312921524
0.028923034668
0.025582075119
0.0263450145721
0.0330588817596
0.0339159965515
0.0914669036865
0.0925090312958
0.0879108905792
0.0885789394379
0.0828809738159
0.083456993103
0.0946938991547
0.0343489646912
0.0602121353149
0.00127601623535
0.03364610672
0.0348370075226
0.0306119918823
0.0311508178711
0.0228168964386
0.0237429141998
0.0246961116791
0.0255579948425
0.0266280174255
0.0268759727478
0.029109954834
0.0293090343475
0.0274679660797
0.0277609825134
0.0280079841614
0.0282039642334
0.0306041240692
0.0307910442352
0.0270001888275
0.0271821022034
0.02827501297
0.0284461975098
0.0239570140839
0.0241770744324
0.0231521129608
0.0233390331268
0.0247960090637
0.0250060558319
0.0226881504059
0.0229241847992
0.0275189876556
0.0277490615845
0.0232510566711
0.023549079895
0.0249109268188
0.0251169204712
0.0292510986328
0.0294530391693
0.0220310688019
0.0227580070496
0.0298380851746
0.0304291248322
0.0447978973389
0.045450925827
0.030739068985
0.0312809944153
0.0252981185913
0.0261151790619
0.0271420478821
0.027899980545
0.0261659622192
0.027302980423
0.0354390144348
0.0356600284576
0.0269870758057
0.0272099971771
0.027822971344
0.0280151367188
0.0288710594177
0.0290641784668
0.0327689647675
0.0330100059509
0.0265159606934
0.0266849994659
0.0323700904846
0.032564163208
0.0310809612274
0.031270980835
0.0329391956329
0.0333139896393
0.0302069187164
0.0308890342712
0.0271990299225
0.0278270244598
0.0451657772064
0.0461618900299
0.0257520675659
0.0265460014343
0.043301820755
0.0436718463898
0.0200419425964
0.0372498035431
0.0252289772034
0.0258889198303
0.0344030857086
0.0351300239563
0.0290441513062
0.0296230316162
0.0845291614532
0.0238161087036
0.0556871891022
0.0562131404877
0.0338530540466
0.0346119403839
0.0385730266571
0.0389099121094
0.0301640033722
0.0303540229797
0.0374908447266
0.0383019447327
0.0472509860992
0.0481061935425
0.028627872467
0.0289988517761
0.0714581012726
0.0716381072998
0.0576779842377
0.00384211540222
0.0504689216614
0.00116086006165
0.0285489559174
0.0289368629456
0.035295009613
0.0355520248413
0.0794150829315
0.0279970169067
0.0539059638977
0.0540680885315
0.0356879234314
0.0359618663788
0.046450138092
0.0466229915619
0.0643799304962
0.0645680427551
0.0308969020844
0.0310819149017
0.0256330966949
0.0262520313263
0.0265691280365
0.027302980423
0.0278301239014
0.0283470153809
0.0306529998779
0.0320320129395
0.0250120162964
0.0269091129303
0.0283939838409
0.0286889076233
0.0325310230255
0.0334188938141
0.0250508785248
0.0253858566284
0.0256040096283
0.0259099006653
0.0280208587646
0.0282189846039
0.0328588485718
0.0338528156281
0.0296120643616
0.0298199653625
0.0249547958374
0.0251398086548
0.0319828987122
0.0331649780273
0.0232100486755
0.0268650054932
0.0289421081543
0.0300841331482
0.0327260494232
0.0329079627991
0.0220649242401
0.0224208831787
0.0266370773315
0.0269780158997
0.0273959636688
0.0275948047638
0.0373640060425
0.0382010936737
0.0290558338165
0.029275894165
0.035187959671
0.0354120731354
0.0317661762238
0.0319740772247
0.0297482013702
0.0299520492554
0.0314779281616
0.0316588878632
0.0253391265869
0.0255990028381
0.0241100788116
0.02432513237
0.0254418849945
0.0257110595703
0.0313501358032
0.0315890312195
0.034558057785
0.0347440242767
0.0461099147797
0.0466458797455
0.0448260307312
0.0450022220612
0.0271439552307
0.027351140976
0.0303909778595
0.0305869579315
0.0358040332794
0.0362930297852
0.0266320705414
0.0272171497345
0.0323479175568
0.0329320430756
0.0326988697052
0.0332889556885
0.0549740791321
0.00186085700989
0.0401828289032
0.0409297943115
0.0408279895782
0.0409989356995
0.0418539047241
0.0425357818604
0.0263700485229
0.0268230438232
0.0281231403351
0.028697013855
0.0278291702271
0.0283560752869
0.0292310714722
0.0296070575714
0.0448410511017
0.045175075531
0.0324909687042
0.0329580307007
0.0268521308899
0.0270390510559
0.0749878883362
0.0172438621521
0.0570538043976
0.00202894210815
0.0464050769806
0.0477449893951
0.0422220230103
0.043065071106
0.0263769626617
0.0270318984985
0.0316019058228
0.0322108268738
0.0381028652191
0.0382778644562
0.0383930206299
0.0385808944702
0.0633201599121
0.0635011196136
0.0419778823853
0.0427289009094
0.0291290283203
0.0297889709473
0.0272099971771
0.0278489589691
0.0291528701782
0.0298969745636
0.0355570316315
0.0361940860748
0.0255000591278
0.0258800983429
0.0313410758972
0.0315198898315
0.0244901180267
0.0246839523315
0.0341618061066
0.0343718528748
0.0283811092377
0.0286281108856
0.0256791114807
0.0258989334106
0.0270698070526
0.0272588729858
0.0229580402374
0.0231721401215
0.0286109447479
0.0288479328156
0.0250179767609
0.0251929759979
0.0268058776855
0.0269949436188
0.026918888092
0.0271368026733
0.0274949073792
0.0277559757233
0.0283498764038
0.0285830497742
0.0282900333405
0.0285239219666
0.0267760753632
0.0269570350647
0.0267181396484
0.0275709629059
0.0280020236969
0.0282349586487
0.0274670124054
0.0276889801025
0.0436201095581
0.0438740253448
0.0360760688782
0.0362529754639
0.0297389030457
0.029993057251
0.0283050537109
0.0285952091217
0.0270578861237
0.0272669792175
0.0309908390045
0.0317528247833
0.035829782486
0.0360767841339
0.0288529396057
0.0290629863739
0.0406649112701
0.0412750244141
0.0371980667114
0.0373680591583
0.0268728733063
0.027058839798
0.0292530059814
0.029464006424
0.0306248664856
0.0308358669281
0.0308051109314
0.031093120575
0.0253169536591
0.0258069038391
0.0220520496368
0.0222640037537
0.0330610275269
0.0333490371704
0.0288059711456
0.0289950370789
0.0294160842896
0.0299401283264
0.0385491847992
0.0390250682831
0.0340609550476
0.0343868732452
0.0242998600006
0.0274858474731
0.0337629318237
0.0346190929413
0.0263350009918
0.0270299911499
0.0282549858093
0.0288639068604
0.0272529125214
0.0277218818665
0.0370910167694
0.0375218391418
0.0419998168945
0.0433139801025
0.0289599895477
0.029149055481
0.0295760631561
0.0298271179199
0.0259368419647
0.0261130332947
0.0265340805054
0.0267579555511
0.0232429504395
0.0234229564667
0.0280249118805
0.028223991394
0.0214591026306
0.0216839313507
0.0468678474426
0.0470879077911
0.0786888599396
0.00573492050171
0.0531198978424
0.00310015678406
0.0263211727142
0.0269641876221
0.0510840415955
0.0518748760223
0.0316500663757
0.0325291156769
0.0293231010437
0.0294930934906
0.0274589061737
0.0276808738708
0.0289731025696
0.029198884964
0.033166885376
0.0334839820862
0.023542881012
0.0243489742279
0.0359330177307
0.0361189842224
0.0373411178589
0.037917137146
0.029287815094
0.0298099517822
0.0452349185944
0.0456969738007
0.0381879806519
0.0383658409119
0.0358619689941
0.0364470481873
0.0273809432983
0.0281338691711
0.0274448394775
0.0280668735504
0.0269920825958
0.0274741649628
0.0509631633759
0.00406217575073
0.0520989894867
0.0528450012207
0.0267221927643
0.0273129940033
0.0390949249268
0.0406229496002
0.028477191925
0.0286881923676
0.0343849658966
0.0346400737762
0.0436029434204
0.0447330474854
0.0263941287994
0.0272941589355
0.107138872147
0.0522389411926
0.088958978653
0.0891251564026
0.0674741268158
0.0676431655884
0.042582988739
0.0429229736328
0.03595495224
0.0361330509186
0.0291950702667
0.0293810367584
0.031277179718
0.03151512146
0.0353798866272
0.0355730056763
0.0434851646423
0.0437040328979
0.0394530296326
0.0397081375122
0.0332338809967
0.0335838794708
0.0310289859772
0.0312459468842
0.038516998291
0.0387089252472
0.0442690849304
0.044783115387
0.0321750640869
0.0324211120605
0.0720248222351
0.0722239017487
0.0424220561981
0.0425798892975
0.0302290916443
0.0304100513458
0.0323779582977
0.0325660705566
0.0333290100098
0.0335199832916
0.0286149978638
0.0288059711456
0.0302820205688
0.0314159393311
0.0321850776672
0.0329909324646
0.0263979434967
0.0269939899445
0.0273220539093
0.028450012207
0.0267081260681
0.0278921127319
0.0301830768585
0.0309710502625
0.0322160720825
0.0332970619202
0.039351940155
0.0398459434509
0.036120891571
0.0364508628845
0.0255150794983
0.0258851051331
0.021842956543
0.022145986557
0.0309989452362
0.031222820282
0.0273900032043
0.0279638767242
0.0226340293884
0.0239350795746
0.0397078990936
0.039892911911
0.0261569023132
0.0264139175415
0.0294921398163
0.029669046402
0.0282089710236
0.0289509296417
0.0399270057678
0.0402729511261
0.0241329669952
0.0254740715027
0.0269691944122
0.0273230075836
0.0289959907532
0.029981136322
0.0344059467316
0.0352959632874
0.0425419807434
0.0437331199646
0.0849008560181
0.0852160453796
0.0815970897675
0.0820300579071
0.0628569126129
0.00180006027222
0.0327010154724
0.0337290763855
0.0300848484039
0.031112909317
0.0260789394379
0.0262701511383
0.0320568084717
0.0322380065918
0.0418539047241
0.0422918796539
0.0241391658783
0.0243289470673
0.0302209854126
0.0305469036102
0.0259609222412
0.0261268615723
0.0266201496124
0.0268161296844
0.0268139839172
0.0269780158997
0.0324380397797
0.0326180458069
0.0263378620148
0.0265347957611
0.0291609764099
0.0295948982239
0.0276420116425
0.0283010005951
0.0252249240875
0.02596783638
0.0283010005951
0.0285677909851
0.0245859622955
0.0247678756714
0.0255990028381
0.0264620780945
0.0403490066528
0.0409560203552
0.0353000164032
0.0356230735779
0.0622019767761
0.0623848438263
0.0277540683746
0.027941942215
0.0335869789124
0.0341770648956
0.0309941768646
0.0315721035004
0.0301949977875
0.0307171344757
0.0322968959808
0.0330090522766
0.0280339717865
0.0286149978638
0.0386638641357
0.0389099121094
0.0326528549194
0.0332708358765
0.0422329902649
0.0425238609314
0.0354871749878
0.0359361171722
0.052540063858
0.0527219772339
0.0377628803253
0.0386579036713
0.0279159545898
0.0280940532684
0.031035900116
0.0317687988281
0.0267760753632
0.0274848937988
0.0258479118347
0.0265939235687
0.0273230075836
0.0278820991516
0.0269339084625
0.0270979404449
0.0257320404053
0.0265338420868
0.0240218639374
0.0245079994202
0.0388190746307
0.0397510528564
0.0249490737915
0.0255799293518
0.0311250686646
0.0313301086426
0.0280668735504
0.0288338661194
0.0383079051971
0.0390558242798
0.0481421947479
0.0483331680298
0.0276229381561
0.0283000469208
0.0327908992767
0.0336339473724
0.0276789665222
0.0285789966583
0.0278861522675
0.028795003891
0.0292549133301
0.0298960208893
0.0379979610443
0.0381619930267
0.0285098552704
0.0290229320526
0.0289778709412
0.0294759273529
0.0280120372772
0.0285680294037
0.0319080352783
0.0326931476593
0.04079413414
0.0410530567169
0.0297849178314
0.0304689407349
0.0318751335144
0.032557964325
0.0231580734253
0.0240290164948
0.0250129699707
0.0255970954895
0.0296821594238
0.0305731296539
0.0312259197235
0.0314548015594
0.0272901058197
0.0274729728699
0.0284769535065
0.0290598869324
0.0263960361481
0.0271639823914
0.0319678783417
0.0323197841644
0.021518945694
0.0218451023102
0.0475289821625
0.0477910041809
0.028825044632
0.0289959907532
0.0311620235443
0.0314211845398
0.0376369953156
0.0378489494324
0.0295557975769
0.0297338962555
0.0256669521332
0.0262219905853
0.0217251777649
0.0219221115112
0.0262379646301
0.0264229774475
0.0279059410095
0.0281138420105
0.0307788848877
0.0309820175171
0.0269379615784
0.027144908905
0.026181936264
0.0267310142517
0.0388300418854
0.0394639968872
0.0326311588287
0.0332641601562
0.0340209007263
0.034227848053
0.0318670272827
0.0320580005646
0.0260369777679
0.0266320705414
0.0541470050812
0.00680804252625
0.0383138656616
0.0395500659943
0.0433759689331
0.0438098907471
0.0302860736847
0.030611038208
0.0368590354919
0.0370111465454
0.0284540653229
0.0286750793457
0.0273289680481
0.0280439853668
0.0213279724121
0.0215048789978
0.0301871299744
0.0304729938507
0.0261080265045
0.0263700485229
0.0324990749359
0.0327961444855
0.0290620326996
0.0293860435486
0.0330460071564
0.0333840847015
0.0273280143738
0.0275089740753
0.0267729759216
0.0270018577576
0.0330929756165
0.0356140136719
0.0266029834747
0.0273399353027
0.0291590690613
0.0301651954651
0.0276300907135
0.0284209251404
0.0240440368652
0.0397810935974
0.036511182785
0.0367901325226
0.0388379096985
0.0392730236053
0.0335788726807
0.0338459014893
0.0495591163635
0.0497989654541
0.0254480838776
0.0256340503693
0.0256180763245
0.0289211273193
0.0370309352875
0.0373909473419
0.0412750244141
0.0419931411743
0.0257980823517
0.0266001224518
0.0275301933289
0.0316472053528
0.0312249660492
0.0336890220642
0.0288209915161
0.0293600559235
0.0242359638214
0.0250251293182
0.0443398952484
0.0457389354706
0.0282580852509
0.0290150642395
0.0264620780945
0.027095079422
0.0336360931396
0.0340130329132
0.0299570560455
0.0366542339325
0.0247399806976
0.0249509811401
0.0285580158234
0.0288059711456
0.0259368419647
0.0261669158936
0.0275781154633
0.0278480052948
0.0315890312195
0.0317730903625
0.023708820343
0.0238838195801
0.0261228084564
0.0263049602509
0.0285639762878
0.0287489891052
0.0367970466614
0.0369789600372
0.029116153717
0.0294210910797
0.0297889709473
0.0299799442291
0.0260188579559
0.0263519287109
0.0233731269836
0.0243721008301
0.0350661277771
0.0358021259308
0.0291140079498
0.0297789573669
0.0395841598511
0.0399610996246
0.0301740169525
0.0303599834442
0.0264599323273
0.0268671512604
0.0244069099426
0.0252878665924
0.0397279262543
0.0400369167328
0.0330560207367
0.0332300662994
0.0305390357971
0.0307319164276
0.0351898670197
0.0353710651398
0.0320999622345
0.032634973526
0.0278158187866
0.0285549163818
0.0723609924316
0.0225961208344
0.0702300071716
0.070855140686
0.0573279857635
0.0580940246582
0.0301430225372
0.030385017395
0.0309340953827
0.0311172008514
0.0260589122772
0.0262639522552
0.0266320705414
0.0272560119629
0.0258162021637
0.0260190963745
0.0308380126953
0.0310869216919
0.027498960495
0.0276789665222
0.0277378559113
0.0279738903046
0.0365869998932
0.0368270874023
0.0265550613403
0.0273141860962
0.0274062156677
0.0276300907135
0.0305590629578
0.0307478904724
0.0269620418549
0.0271680355072
0.0237488746643
0.0239388942719
0.0283560752869
0.0285398960114
0.0284209251404
0.028774023056
0.0341558456421
0.0344829559326
0.0248649120331
0.0250408649445
0.0283699035645
0.0288889408112
0.0285952091217
0.0293650627136
0.0216610431671
0.0218350887299
0.0256869792938
0.0259099006653
0.0621500015259
0.0623481273651
0.0802459716797
0.0804698467255
0.0590770244598
0.000976085662842
0.0381741523743
0.0258708000183
0.487775087357
0.489274978638
0.497550964355
0.450386047363
0.480593204498
0.481314182281
0.451683998108
0.453063964844
0.445915937424
0.447329998016
0.425724983215
0.426098108292
0.402471065521
0.402687072754
0.379530906677
0.379748106003
0.348975896835
0.34916305542
0.321208000183
0.321472883224
0.303681850433
0.252956867218
0.276470899582
0.227396011353
0.257687091827
0.199373960495
0.231885910034
0.232220888138
0.214101076126
0.162004947662
0.196815013885
0.14261007309
0.175537109375
0.17570400238
0.135958909988
0.0859951972961
0.117190122604
0.0622069835663
0.0933330059052
0.0350699424744
0.0629961490631
0.00233602523804
0.029443025589
0.030256986618
0.0284628868103
0.0290679931641
0.0349509716034
0.0356841087341
0.0360589027405
0.0368418693542
0.0258548259735
0.0261158943176
0.0254640579224
0.0256721973419
0.0289678573608
0.0296559333801
0.0279200077057
0.0284221172333
0.0317740440369
0.0319910049438
0.0143339633942
0.0145318508148
0.0324821472168
0.0327479839325
0.0323178768158
0.0325078964233
0.0298190116882
0.0300040245056
0.0278859138489
0.0281608104706
0.0298519134521
0.0300889015198
0.0288188457489
0.0290729999542
0.0288918018341
0.029088973999
0.0704388618469
0.00735998153687
0.0359790325165
0.0365099906921
0.0339450836182
0.0341670513153
0.0322508811951
0.0327999591827
0.0353109836578
0.036150932312
0.0335938930511
0.0341680049896
0.0326237678528
0.0328028202057
0.0223240852356
0.0225019454956
0.0281310081482
0.0282950401306
0.0369098186493
0.0370998382568
0.0436689853668
0.0438618659973
0.0335779190063
0.0337750911713
0.0237131118774
0.0243721008301
0.0274980068207
0.0276670455933
0.0251159667969
0.0253119468689
0.0308570861816
0.031054019928
0.0257608890533
0.0261640548706
0.031270980835
0.0314819812775
0.030818939209
0.0310709476471
0.0274460315704
0.0279371738434
0.0159270763397
0.0323121547699
0.0328848361969
0.0341448783875
0.0304470062256
0.03133893013
0.0301110744476
0.0309710502625
0.0288548469543
0.0295557975769
0.0279870033264
0.0286731719971
0.0256500244141
0.0264639854431
0.0296380519867
0.0303790569305
0.0265340805054
0.0273339748383
0.028167963028
0.0293250083923
0.0268371105194
0.0278010368347
0.0297420024872
0.0299110412598
0.0283699035645
0.0285618305206
0.0277271270752
0.0279049873352
0.0303950309753
0.0305931568146
0.0267939567566
0.027529001236
0.0269668102264
0.0272839069366
0.0239911079407
0.0241739749908
0.0248630046844
0.0250518321991
0.0249559879303
0.0251471996307
0.0304489135742
0.0306458473206
0.0292069911957
0.0293939113617
0.026202917099
0.0263769626617
0.0272471904755
0.0280230045319
0.0277719497681
0.0285360813141
0.0253059864044
0.0254709720612
0.0272760391235
0.0275750160217
0.0244269371033
0.0246429443359
0.0319261550903
0.0321700572968
0.0279819965363
0.0281889438629
0.033383846283
0.033607006073
0.0322887897491
0.0329988002777
0.0218930244446
0.0221049785614
0.0270049571991
0.0272209644318
0.0248918533325
0.0251159667969
0.0317969322205
0.0325200557709
0.0308809280396
0.0327129364014
0.0395500659943
0.0397610664368
0.0274980068207
0.027734041214
0.0312581062317
0.031445980072
0.0236339569092
0.0238499641418
0.0289869308472
0.029168844223
0.0275650024414
0.0277709960938
0.027755022049
0.0279610157013
0.0318858623505
0.0320730209351
0.0273931026459
0.0279181003571
0.02947306633
0.0304930210114
0.0234818458557
0.0245048999786
0.0271089076996
0.0272960662842
0.0248308181763
0.0250458717346
0.0260338783264
0.0262448787689
0.0290019512177
0.0292518138885
0.0284299850464
0.0290198326111
0.0272388458252
0.0277569293976
0.02809715271
0.0282740592957
0.0313169956207
0.0315110683441
0.0269680023193
0.027156829834
0.0253949165344
0.0256071090698
0.0256159305573
0.02578997612
0.0304419994354
0.0306742191315
0.0283060073853
0.0284869670868
0.0290310382843
0.0292811393738
0.0288760662079
0.0290589332581
0.0262799263
0.0265970230103
0.0372982025146
0.037483215332
0.0272448062897
0.0274150371552
0.0249829292297
0.0251739025116
0.0271480083466
0.0287930965424
0.0253529548645
0.026242017746
0.0314931869507
0.0317590236664
0.0317499637604
0.0322279930115
0.0360541343689
0.0366821289062
0.0336170196533
0.0338270664215
0.0272948741913
0.0274748802185
0.041100025177
0.0417258739471
0.0321390628815
0.0331711769104
0.0300419330597
0.0305988788605
0.0257198810577
0.0264539718628
0.031270980835
0.0321719646454
0.0324540138245
0.0332581996918
0.0290949344635
0.0293588638306
0.0282030105591
0.028461933136
0.0268158912659
0.0269949436188
0.0370728969574
0.0372741222382
0.0345330238342
0.0347080230713
0.0325520038605
0.0327670574188
0.0295519828796
0.0297391414642
0.0349130630493
0.0351231098175
0.0581388473511
0.0583870410919
0.0230989456177
0.0241639614105
0.0299279689789
0.0301990509033
0.0321509838104
0.0439119338989
0.0276789665222
0.028685092926
0.027704000473
0.028580904007
0.0297031402588
0.0303800106049
0.0276789665222
0.0285129547119
0.0299830436707
0.0301570892334
0.0306930541992
0.0308680534363
0.0271739959717
0.0273561477661
0.0234348773956
0.0236768722534
0.0278699398041
0.0280621051788
0.0347330570221
0.0351581573486
0.0312728881836
0.0315828323364
0.0480649471283
0.0489330291748
0.0264568328857
0.0279088020325
0.0276470184326
0.028440952301
0.0298340320587
0.0306839942932
0.0323171615601
0.0331361293793
0.0277209281921
0.0282068252563
0.0490970611572
0.0495049953461
0.0334589481354
0.0337100028992
0.0290920734406
0.0292720794678
0.0280439853668
0.0282230377197
0.0306038856506
0.0307948589325
0.0362641811371
0.0364730358124
0.0298891067505
0.0301079750061
0.0258431434631
0.0260481834412
0.0227689743042
0.022941827774
0.0308480262756
0.0315499305725
0.0275249481201
0.0276980400085
0.0282018184662
0.0283918380737
0.0249540805817
0.025141954422
0.0257470607758
0.0259501934052
0.0285038948059
0.0293600559235
0.0304510593414
0.031298160553
0.0295548439026
0.030788898468
0.0268850326538
0.0270578861237
0.0276579856873
0.0278358459473
0.0301990509033
0.0303900241852
0.0334959030151
0.0336740016937
0.0377149581909
0.0380330085754
0.0225698947906
0.0227680206299
0.0325338840485
0.033243894577
0.0256779193878
0.0263209342957
0.0279161930084
0.0285410881042
0.0410718917847
0.0417079925537
0.0309619903564
0.0316519737244
0.028568983078
0.0292189121246
0.0346488952637
0.035425901413
0.0277919769287
0.0285198688507
0.0373420715332
0.0381081104279
0.0343990325928
0.0351099967957
0.0320010185242
0.0326640605927
0.0260899066925
0.0269358158112
0.0349380970001
0.035542011261
0.032763004303
0.0333940982819
0.0389239788055
0.039724111557
0.0292739868164
0.0296061038971
0.0292179584503
0.0301380157471
0.0271270275116
0.0273339748383
0.0281372070312
0.0285789966583
0.0289599895477
0.0297400951385
0.0328340530396
0.0330009460449
0.0284719467163
0.028648853302
0.0287878513336
0.0289678573608
0.0267908573151
0.0270240306854
0.030818939209
0.0310490131378
0.0279469490051
0.0281839370728
0.0285930633545
0.0288331508636
0.0255641937256
0.0257501602173
0.0326428413391
0.0328199863434
0.0283851623535
0.0286409854889
0.0286059379578
0.0287759304047
0.0304820537567
0.0306580066681
0.0272288322449
0.0274019241333
0.0249319076538
0.0251288414001
0.0275349617004
0.0278148651123
0.0264739990234
0.026654958725
0.0252759456635
0.0254759788513
0.0248670578003
0.0250449180603
0.0238721370697
0.0241150856018
0.0330758094788
0.0332977771759
0.0290851593018
0.0293281078339
0.0271229743958
0.0273308753967
0.0267050266266
0.0269238948822
0.0269808769226
0.0271730422974
0.0307900905609
0.0309901237488
0.0270309448242
0.0272309780121
0.0270349979401
0.0272309780121
0.0278830528259
0.0280940532684
0.0250499248505
0.0257680416107
0.0264160633087
0.0266070365906
0.026524066925
0.0266981124878
0.0287280082703
0.0289170742035
0.0650379657745
0.000396013259888
0.0345470905304
0.0353438854218
0.0287668704987
0.0293469429016
0.0302429199219
0.0308430194855
0.02765417099
0.028774023056
0.026123046875
0.0262911319733
0.028785943985
0.0289649963379
0.0282769203186
0.0285279750824
0.0281798839569
0.0283658504486
0.0260767936707
0.0270578861237
0.0288560390472
0.0297219753265
0.027626991272
0.0287439823151
0.0297639369965
0.0299389362335
0.0328159332275
0.0332849025726
0.025899887085
0.0266571044922
0.0288729667664
0.0296800136566
0.0279340744019
0.0287940502167
0.0217680931091
0.0226521492004
0.0467500686646
0.0470199584961
0.0249619483948
0.025141954422
0.0239210128784
0.0241720676422
0.0249629020691
0.0251948833466
0.0363459587097
0.0365498065948
0.0323750972748
0.0326030254364
0.0292599201202
0.0294389724731
0.