0.0346300601959
0.0351119041443
0.0355570316315
0.0361540317535
0.0372409820557
0.0290329456329
0.0294840335846
0.0300259590149
0.0306639671326
0.0313110351562
0.0294470787048
0.0300681591034
0.0306031703949
0.0312821865082
0.0320460796356
0.0276501178741
0.02783203125
0.0280051231384
0.0281729698181
0.0283370018005
0.026782989502
0.0270531177521
0.0272541046143
0.0274369716644
0.027617931366
0.0301809310913
0.0303990840912
0.030580997467
0.0307590961456
0.0309669971466
0.0330848693848
0.0333859920502
0.0336508750916
0.0338799953461
0.034049987793
0.0309491157532
0.0320429801941
0.0331161022186
0.0339999198914
0.035012960434
0.0325548648834
0.0329179763794
0.033252954483
0.0335900783539
0.0341989994049
0.022243976593
0.0224800109863
0.0229239463806
0.0233879089355
0.0237970352173
0.0281841754913
0.0287191867828
0.029461145401
0.0297031402588
0.0299110412598
0.0323090553284
0.0325469970703
0.0328071117401
0.0331060886383
0.0334191322327
0.0356719493866
0.036120891571
0.0363318920135
0.0364980697632
0.0370509624481
0.0327191352844
0.0330171585083
0.0333650112152
0.033714056015
0.0341231822968
0.0272450447083
0.0274670124054
0.0276350975037
0.0278010368347
0.0279669761658
0.0264039039612
0.026820898056
0.0274238586426
0.0276408195496
0.0278630256653
0.0269169807434
0.0272490978241
0.0274419784546
0.0277938842773
0.0279839038849
0.0307312011719
0.031280040741
0.0322420597076
0.0329451560974
0.0336711406708
0.0241980552673
0.0244390964508
0.0246441364288
0.0248739719391
0.0252110958099
0.0307061672211
0.0325150489807
0.0353569984436
0.0355701446533
0.0357811450958
0.0243589878082
0.0245220661163
0.0246729850769
0.0248169898987
0.0250010490417
0.0361158847809
0.0363779067993
0.0366458892822
0.0368330478668
0.0370359420776
0.0314769744873
0.0318551063538
0.0321490764618
0.0324339866638
0.0326769351959
0.0310709476471
0.031299829483
0.0314450263977
0.031623840332
0.0318009853363
0.0342910289764
0.0344920158386
0.0347039699554
0.0349359512329
0.0351710319519
0.029806137085
0.0301201343536
0.0303599834442
0.0305850505829
0.0308890342712
0.0328269004822
0.0330159664154
0.0331969261169
0.0333678722382
0.0335209369659
0.0326018333435
0.0328388214111
0.0330748558044
0.0332908630371
0.0334739685059
0.0281488895416
0.0283870697021
0.0286231040955
0.0288119316101
0.028981924057
0.0317139625549
0.0321130752563
0.0327150821686
0.033182144165
0.0333940982819
0.0243430137634
0.025444984436
0.0262088775635
0.0272028446198
0.0280649662018
0.0282979011536
0.0291888713837
0.0300388336182
0.0313928127289
0.0327939987183
0.0343699455261
0.0353240966797
0.0364360809326
0.0375049114227
0.0386579036713
0.0290071964264
0.0302309989929
0.0311770439148
0.0322279930115
0.0334022045135
0.0407819747925
0.041825056076
0.0424919128418
0.0431048870087
0.0437839031219
0.0305500030518
0.0317480564117
0.0329699516296
0.0343370437622
0.0354909896851
0.0318329334259
0.0326170921326
0.0333030223846
0.0340480804443
0.0351660251617
0.032634973526
0.0333769321442
0.0345559120178
0.0367159843445
0.0386610031128
0.0309109687805
0.0320680141449
0.0331959724426
0.0344669818878
0.0415539741516
0.0216600894928
0.0220210552216
0.02237200737
0.0227191448212
0.0232100486755
0.0325410366058
0.0327401161194
0.0329151153564
0.0330741405487
0.0332469940186
0.036260843277
0.0376567840576
0.0386347770691
0.0395398139954
0.0403349399567
0.0242218971252
0.0255990028381
0.0265018939972
0.0274260044098
0.0284070968628
0.029098033905
0.0301299095154
0.0310280323029
0.0336139202118
0.0346260070801
0.0463628768921
0.0467097759247
0.0469508171082
0.0471189022064
0.0472707748413
0.0277571678162
0.0280251502991
0.0281989574432
0.0283470153809
0.028666973114
0.0268030166626
0.0270669460297
0.0272490978241
0.0274209976196
0.0275890827179
0.0290870666504
0.0294499397278
0.0298039913177
0.0301258563995
0.030415058136
0.0275640487671
0.0279111862183
0.0282311439514
0.0287611484528
0.0290720462799
0.0243260860443
0.0254471302032
0.0269169807434
0.0288789272308
0.0301730632782
0.0398650169373
0.0415370464325
0.0427250862122
0.043790102005
0.0449869632721
0.0340919494629
0.0351350307465
0.0361258983612
0.0372169017792
0.0382170677185
0.0292730331421
0.0307171344757
0.031996011734
0.0332670211792
0.0394830703735
0.0372550487518
0.0383751392365
0.0396950244904
0.0450642108917
0.0458920001984
0.0335249900818
0.0346808433533
0.0356888771057
0.0366768836975
0.0413777828217
0.0336399078369
0.0349628925323
0.0363328456879
0.0374670028687
0.0386538505554
0.0434548854828
0.0437729358673
0.0439970493317
0.0442008972168
0.0444309711456
0.0382280349731
0.038516998291
0.0387828350067
0.0390570163727
0.0393469333649
0.0338790416718
0.0342359542847
0.0345339775085
0.0348098278046
0.0351059436798
0.0333251953125
0.0335321426392
0.0337390899658
0.0339050292969
0.0340671539307
0.0194008350372
0.0196280479431
0.0198948383331
0.0203330516815
0.0208208560944
0.0259330272675
0.0268490314484
0.0275812149048
0.028153181076
0.0287530422211
0.0282900333405
0.0289969444275
0.0297200679779
0.0306160449982
0.0312919616699
0.0310528278351
0.0312888622284
0.0314848423004
0.0316569805145
0.0318279266357
0.0241329669952
0.0243129730225
0.0244660377502
0.0246300697327
0.0250580310822
0.0237281322479
0.0246381759644
0.0260481834412
0.0273630619049
0.0287621021271
0.038015127182
0.0391330718994
0.0431709289551
0.0442631244659
0.0449690818787
0.0403380393982
0.0406229496002
0.0409350395203
0.0412299633026
0.0415329933167
0.0245101451874
0.0247039794922
0.0248780250549
0.025053024292
0.0252280235291
0.0276679992676
0.0284368991852
0.0292010307312
0.0295839309692
0.0302889347076
0.0272159576416
0.0275089740753
0.0278170108795
0.0281219482422
0.0284271240234
0.0232040882111
0.023698091507
0.0241498947144
0.0246059894562
0.0250499248505
0.0235850811005
0.0238890647888
0.0241899490356
0.0243699550629
0.0247130393982
0.0272529125214
0.0274319648743
0.0275959968567
0.0277528762817
0.027902841568
0.0379660129547
0.0382339954376
0.0384438037872
0.0389108657837
0.0393068790436
0.0291879177094
0.0296809673309
0.0301699638367
0.0312819480896
0.0320489406586
0.0292851924896
0.0295171737671
0.0297260284424
0.0299451351166
0.0301811695099
0.0296099185944
0.0299470424652
0.0303819179535
0.0307428836823
0.0312969684601
0.0283300876617
0.0291900634766
0.0300350189209
0.0308170318604
0.0317871570587
0.0339109897614
0.0348539352417
0.0355699062347
0.0362620353699
0.0369808673859
0.0380887985229
0.0383038520813
0.0384848117828
0.0386698246002
0.0388329029083
0.0274128913879
0.0280709266663
0.0286009311676
0.0291149616241
0.0296370983124
0.0376310348511
0.0385200977325
0.0391509532928
0.0398111343384
0.0407011508942
0.0348978042603
0.0356638431549
0.0363478660583
0.03697681427
0.0375938415527
0.0359280109406
0.0363130569458
0.0367071628571
0.0371081829071
0.0374779701233
0.0217220783234
0.0220549106598
0.0224599838257
0.0227971076965
0.023059129715
0.0285439491272
0.028774023056
0.0289671421051
0.0291519165039
0.0293400287628
0.0316770076752
0.0321280956268
0.0324730873108
0.0327610969543
0.0331289768219
0.0286481380463
0.0288920402527
0.029128074646
0.029324054718
0.02952003479
0.0236868858337
0.0239548683167
0.0241708755493
0.0243690013885
0.0245368480682
0.0343849658966
0.0349318981171
0.0351738929749
0.0354499816895
0.0356640815735
0.0376560688019
0.0385680198669
0.0393240451813
0.0448589324951
0.0455958843231
0.0397579669952
0.0413329601288
0.04225897789
0.0427770614624
0.0430569648743
0.0256178379059
0.026134967804
0.0264909267426
0.0268678665161
0.0271549224854
0.0290570259094
0.0294048786163
0.0298039913177
0.0301649570465
0.0305390357971
0.0321531295776
0.0324051380157
0.0325610637665
0.0327141284943
0.0332770347595
0.0259099006653
0.0269908905029
0.027853012085
0.0285489559174
0.029433965683
0.0323009490967
0.0325059890747
0.0327048301697
0.0329139232635
0.033106803894
0.0292959213257
0.0294778347015
0.0296590328217
0.0298068523407
0.0299530029297
0.0360078811646
0.0363550186157
0.0369639396667
0.0380580425262
0.0385279655457
0.0257408618927
0.0259649753571
0.0261499881744
0.026340007782
0.026517868042
0.0299580097198
0.0306429862976
0.0309100151062
0.0311439037323
0.0313720703125
0.0189990997314
0.019278049469
0.0205249786377
0.0209801197052
0.0229959487915
0.0306379795074
0.0313038825989
0.032243013382
0.033313035965
0.0386960506439
0.0333559513092
0.0350141525269
0.0367169380188
0.0381741523743
0.0395700931549
0.0278868675232
0.0283980369568
0.028904914856
0.0296349525452
0.0306558609009
0.0344779491425
0.0356619358063
0.0368280410767
0.0380249023438
0.0391519069672
0.0347259044647
0.0356359481812
0.0365698337555
0.0373978614807
0.0382699966431
0.0318222045898
0.0321900844574
0.0324611663818
0.033093214035
0.0342350006104
0.0316450595856
0.0318801403046
0.0320589542389
0.032233953476
0.0324079990387
0.0332891941071
0.0339131355286
0.035215139389
0.0362021923065
0.0374331474304
0.0315110683441
0.0328941345215
0.0349981784821
0.0363380908966
0.0381531715393
0.0384140014648
0.0395770072937
0.0404689311981
0.0414049625397
0.0422580242157
0.0374391078949
0.0378701686859
0.0381569862366
0.0383930206299
0.0386900901794
0.0286290645599
0.0289690494537
0.029196023941
0.0295460224152
0.0297839641571
0.0391600131989
0.039342880249
0.0395379066467
0.0396888256073
0.0399680137634
0.0248470306396
0.0252032279968
0.0255460739136
0.0258910655975
0.0262320041656
0.0244159698486
0.0247271060944
0.025041103363
0.0253481864929
0.0257129669189
0.0238358974457
0.0241529941559
0.0244240760803
0.0246119499207
0.0248188972473
0.0276989936829
0.0285129547119
0.0292611122131
0.0301189422607
0.0311739444733
0.021555185318
0.0222201347351
0.0228381156921
0.0235030651093
0.024845123291
0.0289480686188
0.0291991233826
0.0296700000763
0.0304250717163
0.0312511920929
0.0816330909729
0.0824620723724
0.0831270217896
0.0843789577484
0.0863280296326
0.0249931812286
0.0252511501312
0.0254781246185
0.0257441997528
0.0261290073395
0.0319519042969
0.0326478481293
0.0335259437561
0.0343160629272
0.035197019577
0.0236849784851
0.0247941017151
0.0259041786194
0.0267751216888
0.0276770591736
0.0345211029053
0.0354092121124
0.036365032196
0.0375370979309
0.0385801792145
0.110514163971
0.110825061798
0.111616134644
0.112767219543
0.114093065262
0.0285539627075
0.0294170379639
0.0307021141052
0.0315399169922
0.0322439670563
0.0339620113373
0.0353000164032
0.0363149642944
0.0369050502777
0.0379710197449
0.0382261276245
0.0395002365112
0.0402882099152
0.0411221981049
0.0420541763306
0.0326070785522
0.0328159332275
0.0330059528351
0.0332260131836
0.0334260463715
0.0283670425415
0.0286300182343
0.0288469791412
0.0294141769409
0.0303900241852
0.027204990387
0.0274579524994
0.0276589393616
0.0278599262238
0.0281310081482
0.0338661670685
0.0340521335602
0.0344240665436
0.0345921516418
0.0362432003021
0.0425560474396
0.0440928936005
0.0448639392853
0.0459089279175
0.0471138954163
0.0240688323975
0.0252678394318
0.0262949466705
0.02716588974
0.0279879570007
0.0278549194336
0.0291199684143
0.0304369926453
0.0344190597534
0.03688788414
0.0281529426575
0.0290200710297
0.0297830104828
0.0306141376495
0.031681060791
0.0325980186462
0.0334501266479
0.0339231491089
0.034686088562
0.0351440906525
0.0370919704437
0.0380020141602
0.0390260219574
0.040050983429
0.0410439968109
0.0389850139618
0.0398290157318
0.0406520366669
0.0414779186249
0.042268037796
0.0299661159515
0.0310959815979
0.0322539806366
0.0363960266113
0.0371170043945
0.0300691127777
0.0308110713959
0.0319390296936
0.0331380367279
0.0343749523163
0.0362589359283
0.0371880531311
0.0383269786835
0.039281129837
0.040118932724
0.0378489494324
0.039078950882
0.0394170284271
0.039745092392
0.0400500297546
0.0369970798492
0.0380439758301
0.0386650562286
0.0395970344543
0.0403580665588
0.0327830314636
0.0338261127472
0.0348439216614
0.035856962204
0.0370991230011
0.0420000553131
0.0426771640778
0.0437490940094
0.0449731349945
0.045844078064
0.0341548919678
0.0349369049072
0.0352368354797
0.0354979038239
0.0360579490662
0.0364971160889
0.0371429920197
0.0381231307983
0.0387330055237
0.0395810604095
0.0415439605713
0.0428140163422
0.0482468605042
0.0496740341187
0.050843000412
0.0296440124512
0.031574010849
0.0328879356384
0.0337960720062
0.0347409248352
0.0283379554749
0.029217004776
0.0299079418182
0.0309448242188
0.032173871994
0.0203950405121
0.0348298549652
0.0363039970398
0.0369918346405
0.0387208461761
0.0350420475006
0.0358920097351
0.0372009277344
0.0385041236877
0.0399680137634
0.0394518375397
0.0407500267029
0.0422379970551
0.0444238185883
0.0455358028412
0.0478231906891
0.0494940280914
0.0505650043488
0.0517990589142
0.0528831481934
0.0350959300995
0.035336971283
0.0360429286957
0.0365710258484
0.0370690822601
0.0329339504242
0.0333108901978
0.0339810848236
0.0351550579071
0.0361309051514
0.0337290763855
0.0342741012573
0.0347151756287
0.03498005867
0.0352201461792
0.0362799167633
0.0437009334564
0.0446798801422
0.045117855072
0.0457420349121
0.0328030586243
0.0332839488983
0.0337769985199
0.0341949462891
0.0345969200134
0.0425310134888
0.0433502197266
0.0438411235809
0.0485842227936
0.049506187439
0.0279369354248
0.0290310382843
0.0306148529053
0.0319249629974
0.0329768657684
0.0330829620361
0.0341620445251
0.0350148677826
0.0362310409546
0.0375900268555
0.0267980098724
0.0280349254608
0.0290179252625
0.0301768779755
0.0314168930054
0.0343918800354
0.0357508659363
0.0370428562164
0.0382678508759
0.0394508838654
0.041433095932
0.0422761440277
0.0430541038513
0.0438990592957
0.0449190139771
0.032744884491
0.0342059135437
0.0351819992065
0.0360729694366
0.0368990898132
0.0316531658173
0.0327351093292
0.0338351726532
0.0356180667877
0.0432460308075
0.0309860706329
0.0326490402222
0.0379800796509
0.0388779640198
0.0395500659943
0.0365438461304
0.0373158454895
0.0380220413208
0.0386910438538
0.0398678779602
0.035628080368
0.0364320278168
0.0371282100677
0.037789106369
0.0384950637817
0.0323219299316
0.0340030193329
0.0390501022339
0.0403470993042
0.0411150455475
0.0339920520782
0.0343210697174
0.034539937973
0.0349950790405
0.0352900028229
0.0265741348267
0.0270409584045
0.0272500514984
0.0275311470032
0.0277359485626
0.0396289825439
0.0404770374298
0.0412058830261
0.0419688224792
0.0426888465881
0.028205871582
0.029098033905
0.0299298763275
0.0305290222168
0.0311920642853
0.024777173996
0.0255370140076
0.0264270305634
0.0273280143738
0.0282411575317
0.0290460586548
0.029648065567
0.030277967453
0.0309360027313
0.0315990447998
0.0283029079437
0.0285940170288
0.0288438796997
0.029088973999
0.0293350219727
0.0237250328064
0.023903131485
0.0241570472717
0.0243339538574
0.0244779586792
0.0232398509979
0.0234768390656
0.0237109661102
0.0240797996521
0.0243330001831
0.037036895752
0.0372090339661
0.0373589992523
0.0375640392303
0.0378608703613
0.0218298435211
0.0219957828522
0.0221569538116
0.0223088264465
0.0224559307098
0.0259351730347
0.0261971950531
0.0264110565186
0.0266180038452
0.0268220901489
0.0297200679779
0.0307221412659
0.0342071056366
0.0348870754242
0.0356819629669
0.0296800136566
0.0307600498199
0.0318100452423
0.032054901123
0.0323050022125
0.0433759689331
0.0435690879822
0.0437839031219
0.0443830490112
0.0448400974274
0.029345035553
0.0297210216522
0.0300960540771
0.0305180549622
0.0311930179596
0.0303790569305
0.0311870574951
0.0319519042969
0.0322029590607
0.0326700210571
0.0432870388031
0.0442550182343
0.0450489521027
0.0457298755646
0.0463750362396
0.0300071239471
0.0310621261597
0.0317010879517
0.0323171615601
0.033007144928
0.0292880535126
0.0297441482544
0.0305509567261
0.0314891338348
0.0321710109711
0.0286960601807
0.0294201374054
0.0300860404968
0.030739068985
0.0316791534424
0.0292718410492
0.0303390026093
0.0314059257507
0.0325660705566
0.0339980125427
0.0384981632233
0.0395081043243
0.0404160022736
0.0411901473999
0.0419001579285
0.0342741012573
0.0352010726929
0.0359981060028
0.0371270179749
0.0387620925903
0.0317268371582
0.0324928760529
0.0331969261169
0.0339078903198
0.03466796875
0.018758058548
0.0199999809265
0.032084941864
0.0335509777069
0.0395829677582
0.0390410423279
0.0403730869293
0.0410900115967
0.0449209213257
0.0472180843353
0.0419161319733
0.0420989990234
0.0422971248627
0.0424890518188
0.0426471233368
0.0367839336395
0.0370581150055
0.0372741222382
0.0374660491943
0.0377540588379
0.0249679088593
0.0252358913422
0.0254330635071
0.0258319377899
0.0261640548706
0.0326490402222
0.0330338478088
0.0333800315857
0.0337290763855
0.0343470573425
0.0320739746094
0.0330710411072
0.0341119766235
0.0349309444427
0.0358688831329
0.0378999710083
0.0414490699768
0.0428490638733
0.0439779758453
0.0451099872589
0.0177450180054
0.0182509422302
0.0185971260071
0.0192921161652
0.0312161445618
0.0366261005402
0.0381889343262
0.0392770767212
0.0402920246124
0.0408570766449
0.0372560024261
0.0380959510803
0.0385890007019
0.0393908023834
0.0399270057678
0.037750005722
0.0386409759521
0.0394179821014
0.0402297973633
0.0409438610077
0.035148859024
0.0358810424805
0.0365028381348
0.0373070240021
0.0383579730988
0.0366160869598
0.0375030040741
0.0380311012268
0.0386891365051
0.0392460823059
0.0354120731354
0.0363299846649
0.0371260643005
0.0381090641022
0.0433120727539
0.0385189056396
0.0392379760742
0.0400259494781
0.0405650138855
0.0412619113922
0.0387859344482
0.0398368835449
0.0407159328461
0.0416460037231
0.0426409244537
0.0337178707123
0.0346159934998
0.0350449085236
0.0356249809265
0.0360291004181
0.0429489612579
0.0434029102325
0.0439898967743
0.0445380210876
0.0453410148621
0.0333199501038
0.034560918808
0.0356769561768
0.0367670059204
0.0378880500793
0.0296061038971
0.030403137207
0.0309059619904
0.0314049720764
0.0321130752563
0.0453531742096
0.0460321903229
0.0466480255127
0.0472991466522
0.0482060909271
0.01797914505
0.0184710025787
0.0408911705017
0.0418121814728
0.0426070690155
0.0366060733795
0.0371420383453
0.0379140377045
0.038556098938
0.0390689373016
0.030730009079
0.0311751365662
0.0315601825714
0.0317471027374
0.0321431159973
0.038526058197
0.0395939350128
0.0403800010681
0.0413379669189
0.042384147644
0.0312640666962
0.0317981243134
0.0322380065918
0.0324249267578
0.0326249599457
0.0246548652649
0.0248849391937
0.0253260135651
0.0258479118347
0.0263428688049
0.0503540039062
0.050840139389
0.0512630939484
0.0517721176147
0.0522351264954
0.0269820690155
0.0308680534363
0.0321590900421
0.032970905304
0.0339720249176
0.0297560691833
0.0299360752106
0.0300931930542
0.030415058136
0.0305750370026
0.0393681526184
0.0397460460663
0.0403640270233
0.0407400131226
0.0410811901093
0.0224480628967
0.0226991176605
0.0228891372681
0.0231351852417
0.0234761238098
0.0329840183258
0.0331621170044
0.0333271026611
0.0334780216217
0.0336699485779
0.0181069374084
0.0183279514313
0.0400049686432
0.0402460098267
0.040452003479
0.0237910747528
0.0248122215271
0.0255792140961
0.0262501239777
0.0267550945282
0.0343589782715
0.0356771945953
0.0372941493988
0.0383670330048
0.0393459796906
0.0347318649292
0.0358018875122
0.0367209911346
0.0404789447784
0.0417399406433
0.0395679473877
0.0399489402771
0.0402970314026
0.0406048297882
0.0409779548645
0.0430021286011
0.0433061122894
0.0435612201691
0.0437660217285
0.0439701080322
0.0225780010223
0.0228390693665
0.0230090618134
0.0232079029083
0.0233788490295
0.0255718231201
0.0257658958435
0.0259120464325
0.0260488986969
0.0261950492859
0.0214622020721
0.0217070579529
0.0219080448151
0.0220811367035
0.0222392082214
0.0412890911102
0.0415389537811
0.0419449806213
0.0424270629883
0.0426270961761
0.0280101299286
0.0287590026855
0.0294759273529
0.0301561355591
0.0308849811554
0.0293438434601
0.0300159454346
0.0306558609009
0.0312850475311
0.0319180488586
0.0315668582916
0.0321760177612
0.0328240394592
0.0335540771484
0.0348970890045
0.0235459804535
0.0238749980927
0.0241870880127
0.02450299263
0.024817943573
0.0410439968109
0.0413069725037
0.0415539741516
0.0419139862061
0.0421409606934
0.0404510498047
0.0414741039276
0.0424401760101
0.0476281642914
0.0490961074829
0.0275490283966
0.0289189815521
0.030091047287
0.031445980072
0.0326950550079
0.035413980484
0.0358688831329
0.0360538959503
0.0362250804901
0.036388874054
0.0270159244537
0.0271990299225
0.0273659229279
0.0275259017944
0.0276908874512
0.0420529842377
0.0423429012299
0.0425729751587
0.0429458618164
0.0434699058533
0.0305061340332
0.030837059021
0.0311501026154
0.031494140625
0.0318281650543
0.0278930664062
0.0280921459198
0.0282881259918
0.0285530090332
0.0289239883423
0.0274789333344
0.0276849269867
0.0278749465942
0.0282340049744
0.0284788608551
0.0365889072418
0.0374979972839
0.0382068157196
0.0390679836273
0.040109872818
0.0350439548492
0.0352828502655
0.0355048179626
0.0357308387756
0.0359499454498
0.0297849178314
0.0299909114838
0.0302109718323
0.0304708480835
0.0306348800659
0.0323920249939
0.0325729846954
0.0327348709106
0.0329120159149
0.0330610275269
0.0236539840698
0.0356941223145
0.0359101295471
0.0361049175262
0.0362799167633
0.0294580459595
0.029708147049
0.0298721790314
0.0300250053406
0.0301861763
0.0262019634247
0.0265128612518
0.0268039703369
0.0270969867706
0.0273940563202
0.0297901630402
0.0301070213318
0.030412197113
0.0306911468506
0.0309681892395
0.0334138870239
0.0338358879089
0.0342290401459
0.034569978714
0.0347499847412
0.0229420661926
0.0240480899811
0.0250370502472
0.0259771347046
0.0267570018768
0.0226669311523
0.0229089260101
0.0231158733368
0.0233409404755
0.0237410068512
0.0297529697418
0.0300230979919
0.0302579402924
0.0304861068726
0.0307059288025
0.0294301509857
0.0298051834106
0.0301480293274
0.0304880142212
0.0308220386505
0.0284371376038
0.0286350250244
0.0288050174713
0.0289800167084
0.0291440486908
0.0278599262238
0.0281550884247
0.0285530090332
0.0294909477234
0.0299489498138
0.0210890769958
0.0212969779968
0.0214838981628
0.0216689109802
0.021842956543
0.0293300151825
0.029618024826
0.0298230648041
0.0299921035767
0.0301659107208
0.0349309444427
0.0351331233978
0.0353331565857
0.0355410575867
0.0357151031494
0.0330929756165
0.03329205513
0.0334370136261
0.0336039066315
0.0338070392609
0.0320191383362
0.032429933548
0.0328421592712
0.033164024353
0.0334820747375
0.0283789634705
0.0287511348724
0.0290999412537
0.0294420719147
0.0297739505768
0.0278260707855
0.0281529426575
0.0284869670868
0.0288360118866
0.0291728973389
0.0394220352173
0.0396440029144
0.0398781299591
0.0400540828705
0.0402221679688
0.022882938385
0.0230798721313
0.0232548713684
0.0234169960022
0.0235769748688
0.027636051178
0.0283329486847
0.0292060375214
0.0302670001984
0.0309920310974
0.0286569595337
0.0289831161499
0.0291550159454
0.0294001102448
0.0300230979919
0.0325009822845
0.0328640937805
0.0331690311432
0.0334911346436
0.0337901115417
0.0401129722595
0.0403490066528
0.0405719280243
0.0408608913422
0.0411059856415
0.030522108078
0.0314080715179
0.0317599773407
0.0326581001282
0.0331461429596
0.0274481773376
0.0281641483307
0.0284781455994
0.0288791656494
0.0291750431061
0.0348670482635
0.0354251861572
0.036110162735
0.0365300178528
0.0372459888458
0.0287311077118
0.0292890071869
0.0300710201263
0.0304811000824
0.030825138092
0.0433359146118
0.04376912117
0.0440859794617
0.0443849563599
0.0446970462799
0.0263278484344
0.0265078544617
0.0266630649567
0.0268518924713
0.0270149707794
0.0230948925018
0.0234019756317
0.0237050056458
0.0240128040314
0.0243129730225
0.0295112133026
0.0296711921692
0.0298311710358
0.0299921035767
0.0301361083984
0.0242240428925
0.0252912044525
0.0262281894684
0.0273292064667
0.0285801887512
0.0249691009521
0.0252461433411
0.0255031585693
0.0257511138916
0.0260310173035
0.0323300361633
0.032516002655
0.0326929092407
0.0328559875488
0.0330159664154
0.0239498615265
0.0243699550629
0.024710893631
0.0253429412842
0.0256848335266
0.0222182273865
0.0226891040802
0.0233240127563
0.0238392353058
0.0242550373077
0.0290758609772
0.0294678211212
0.0297629833221
0.0300698280334
0.0303709506989
0.0256869792938
0.0267658233643
0.0274939537048
0.0280878543854
0.0287239551544
0.0223698616028
0.0226519107819
0.022922039032
0.0231218338013
0.0233249664307
0.0320410728455
0.0330529212952
0.0343010425568
0.0355520248413
0.0367360115051
0.0263562202454
0.0266251564026
0.0269570350647
0.0271461009979
0.0273342132568
0.0266180038452
0.0273199081421
0.0281620025635
0.0289587974548
0.0305469036102
0.0392510890961
0.0396029949188
0.0399279594421
0.0402700901031
0.0406231880188
0.0269451141357
0.0273661613464
0.0278151035309
0.0282189846039
0.0287270545959
0.0240042209625
0.0246181488037
0.0252010822296
0.0258760452271
0.0266370773315
0.0257189273834
0.0264830589294
0.0272879600525
0.028067111969
0.0287561416626
0.0282869338989
0.0289468765259
0.0297257900238
0.030574798584
0.0314679145813
0.0323429107666
0.0335419178009
0.0342810153961
0.0352759361267
0.0359840393066
0.0297920703888
0.0307002067566
0.0315392017365
0.0323171615601
0.0331151485443
0.0407009124756
0.042102098465
0.043231010437
0.0443849563599
0.0457019805908
0.0236420631409
0.0246839523315
0.0257799625397
0.0303871631622
0.0317289829254
0.0286870002747
0.0306510925293
0.0318901538849
0.0327610969543
0.0337660312653
0.0416920185089
0.0420429706573
0.0423650741577
0.0427269935608
0.0430891513824
0.0282371044159
0.0289840698242
0.0297300815582
0.030415058136
0.0314469337463
0.0281300544739
0.0291810035706
0.0300190448761
0.0309789180756
0.031702041626
0.039036989212
0.0393631458282
0.0397009849548
0.0400161743164
0.0403351783752
0.0266330242157
0.0278339385986
0.0285511016846
0.0295341014862
0.0335659980774
0.0381259918213
0.0383539199829
0.0385499000549
0.0387868881226
0.0389888286591
0.0338389873505
0.0345969200134
0.035295009613
0.0357789993286
0.0364410877228
0.0304501056671
0.0307369232178
0.0309429168701
0.0311200618744
0.0312929153442
0.0297310352325
0.0303239822388
0.030620098114
0.0310070514679
0.0312569141388
0.0333340167999
0.0335550308228
0.033714056015
0.0338740348816
0.0340659618378
0.0372998714447
0.0384628772736
0.0392339229584
0.0402309894562
0.0411298274994
0.0331599712372
0.0338969230652
0.0346391201019
0.0354859828949
0.0363030433655
0.0227608680725
0.0230720043182
0.0233869552612
0.023689031601
0.0239808559418
0.0784080028534
0.078754901886
0.0790529251099
0.0793550014496
0.0796518325806
0.0264298915863
0.0271530151367
0.027626991272
0.0282618999481
0.0288419723511
0.0242369174957
0.0245628356934
0.025251865387
0.0260038375854
0.0271780490875
0.030641078949
0.0311350822449
0.0315041542053
0.0328879356384
0.0349149703979
0.0277719497681
0.0284130573273
0.0290579795837
0.0301129817963
0.0311510562897
0.0289721488953
0.0299589633942
0.0311639308929
0.0313849449158
0.031571149826
0.0315449237823
0.0320599079132
0.0326428413391
0.0331349372864
0.0333368778229
0.0346970558167
0.0349340438843
0.0352680683136
0.0357000827789
0.0361189842224
0.0255081653595
0.0257999897003
0.0260310173035
0.026230096817
0.0264611244202
0.039705991745
0.0400140285492
0.040195941925
0.0403900146484
0.0405838489532
0.0263729095459
0.026871919632
0.0273389816284
0.0277898311615
0.0282208919525
0.0268590450287
0.0270931720734
0.0272710323334
0.0274569988251
0.0276250839233
0.0304329395294
0.0312170982361
0.0319089889526
0.0324890613556
0.033399105072
0.0227949619293
0.0229980945587
0.0232560634613
0.0235600471497
0.023885011673
0.0264849662781
0.0267140865326
0.0269119739532
0.0270869731903
0.0272469520569
0.0283761024475
0.0287711620331
0.0291740894318
0.0294971466064
0.0298309326172
0.0385010242462
0.0388779640198
0.0392098426819
0.0395200252533
0.0398178100586
0.0258600711823
0.0261070728302
0.0263628959656
0.0266609191895
0.0268659591675
0.0337851047516
0.0349481105804
0.0359649658203
0.0369510650635
0.0380480289459
0.0279660224915
0.0292329788208
0.0301611423492
0.0310120582581
0.0319399833679
0.0320110321045
0.0324671268463
0.0329551696777
0.0346121788025
0.0362920761108
0.0237700939178
0.0247631072998
0.0258851051331
0.0269739627838
0.0278871059418
0.0395390987396
0.0397701263428
0.0400371551514
0.0402190685272
0.0404441356659
0.0318808555603
0.0320830345154
0.0322709083557
0.0325398445129
0.0332329273224
0.0274832248688
0.0278091430664
0.0281159877777
0.0285110473633
0.0288510322571
0.0270471572876
0.0273621082306
0.0277211666107
0.0281879901886
0.0283842086792
0.0324831008911
0.0327141284943
0.0328969955444
0.0330879688263
0.033303976059
0.0373198986053
0.0376977920532
0.0379869937897
0.0382688045502
0.0385429859161
0.0301420688629
0.0305509567261
0.0309090614319
0.0312478542328
0.0315499305725
0.023463010788
0.0237300395966
0.0239789485931
0.0242319107056
0.0244529247284
0.0296580791473
0.0298678874969
0.0300490856171
0.0302200317383
0.0303959846497
0.0426421165466
0.0430750846863
0.0433239936829
0.043576002121
0.0438001155853
0.0380508899689
0.0383849143982
0.0386300086975
0.0388360023499
0.0390458106995
0.0233588218689
0.0237979888916
0.0242819786072
0.0248649120331
0.0255880355835
0.0301380157471
0.0320000648499
0.0332810878754
0.0341200828552
0.0348980426788
0.10614991188
0.106690883636
0.107190847397
0.10773396492
0.108372926712
0.0245480537415
0.0253610610962
0.0259721279144
0.0266671180725
0.0271780490875
0.0343790054321
0.0352370738983
0.0365879535675
0.0373680591583
0.038134098053
0.0372259616852
0.0378370285034
0.0385148525238
0.039078950882
0.0397679805756
0.0287041664124
0.0297031402588
0.0307500362396
0.0312039852142
0.0316610336304
0.0262279510498
0.0267601013184
0.0296161174774
0.0303671360016
0.0308790206909
0.0368521213531
0.0374441146851
0.0382351875305
0.0391011238098
0.039882183075
0.0395491123199
0.0408849716187
0.0417051315308
0.0425260066986
0.0435271263123
0.0248720645905
0.0264010429382
0.0275881290436
0.028785943985
0.0303471088409
0.0305068492889
0.0314328670502
0.0325119495392
0.0335819721222
0.0347299575806
0.0297451019287
0.0305321216583
0.0314240455627
0.0321412086487
0.0328311920166
0.0241050720215
0.0248959064484
0.0257930755615
0.0266659259796
0.0280230045319
0.0384831428528
0.0393159389496
0.0401010513306
0.0408959388733
0.0470509529114
0.0430159568787
0.0439081192017
0.045156955719
0.0465660095215
0.0475649833679
0.0548918247223
0.0555958747864
0.0564649105072
0.057158946991
0.0578398704529
0.0314059257507
0.0330240726471
0.0348029136658
0.0369329452515
0.0383138656616
0.0308890342712
0.0320479869843
0.0331399440765
0.0344400405884
0.035355091095
0.0370559692383
0.0392179489136
0.0404689311981
0.0418829917908
0.0431771278381
0.038731098175
0.040246963501
0.0420751571655
0.043496131897
0.044291973114
0.0374689102173
0.0383660793304
0.0399549007416
0.0415999889374
0.0425188541412
0.0298299789429
0.0312769412994
0.0323159694672
0.0333697795868
0.0341868400574
0.0424017906189
0.0434420108795
0.0442008972168
0.0448658466339
0.0457668304443
0.02570104599
0.0264790058136
0.027459859848
0.0286068916321
0.0291240215302
0.0314490795135
0.0324470996857
0.0333411693573
0.0348501205444
0.0358581542969
0.0312201976776
0.0318140983582
0.0322160720825
0.0329260826111
0.0341730117798
0.0350749492645
0.0354340076447
0.0420668125153
0.0424129962921
0.0426080226898
0.0257680416107
0.0261270999908
0.0266101360321
0.0269720554352
0.027398109436
0.0284879207611
0.0288529396057
0.0290448665619
0.0292088985443
0.0293660163879
0.032418012619
0.0325939655304
0.0327839851379
0.0329468250275
0.0331099033356
0.027487039566
0.0277750492096
0.0280690193176
0.0283551216125
0.0286509990692
0.0257270336151
0.0259311199188
0.0261421203613
0.0265610218048
0.0269949436188
0.0230679512024
0.0234348773956
0.0236489772797
0.0239579677582
0.0242810249329
0.0273849964142
0.0277078151703
0.0280067920685
0.0281980037689
0.028373003006
0.0268249511719
0.0276191234589
0.0281510353088
0.0287449359894
0.0292291641235
0.0312311649323
0.0319051742554
0.0325989723206
0.0330059528351
0.0332901477814
0.0387029647827
0.038959980011
0.0392661094666
0.0397181510925
0.0401811599731
0.0436658859253
0.0439269542694
0.0442140102386
0.044538974762
0.0449409484863
0.0255570411682
0.025848865509
0.0261628627777
0.0264668464661
0.0267579555511
0.0311319828033
0.0314559936523
0.0317180156708
0.0320839881897
0.0327970981598
0.0279440879822
0.0281510353088
0.0283169746399
0.0284700393677
0.0286259651184
0.0278060436249
0.0280120372772
0.0281898975372
0.0283510684967
0.0285139083862
0.0271649360657
0.0275008678436
0.0276899337769
0.0278918743134
0.0284130573273
0.0245599746704
0.0256578922272
0.0267968177795
0.0280539989471
0.0292680263519
0.0335738658905
0.0346128940582
0.035640001297
0.0364439487457
0.0373408794403
0.0302760601044
0.0310351848602
0.0317192077637
0.0326290130615
0.0332510471344
0.0429930686951
0.0432360172272
0.0435390472412
0.0438330173492
0.0442521572113
0.0454339981079
0.0463500022888
0.0471861362457
0.0478491783142
0.0484411716461
0.0245108604431
0.025251865387
0.0263299942017
0.0276658535004
0.0287129878998
0.0307509899139
0.0312879085541
0.0316469669342
0.0321328639984
0.0328869819641
0.0340898036957
0.0343039035797
0.0345017910004
0.0346817970276
0.0348567962646
0.0441370010376
0.0446918010712
0.0451350212097
0.0455958843231
0.0459518432617
0.0245199203491
0.0249650478363
0.0253810882568
0.0257680416107
0.0261690616608
0.0312879085541
0.0322499275208
0.0331149101257
0.0337378978729
0.0343289375305
0.0381469726562
0.0383551120758
0.0386030673981
0.0388581752777
0.0391371250153
0.0368881225586
0.0371081829071
0.0373201370239
0.0375261306763
0.0376880168915
0.0291290283203
0.0293500423431
0.0295221805573
0.0297071933746
0.0298750400543
0.0282969474792
0.029109954834
0.0298199653625
0.0305998325348
0.0316059589386
0.0263388156891
0.0271208286285
0.0274939537048
0.0279660224915
0.0283110141754
0.0270731449127
0.0274500846863
0.0283999443054
0.0287311077118
0.0416150093079
0.0279347896576
0.0282499790192
0.0289978981018
0.0300459861755
0.0308377742767
0.0310578346252
0.0322439670563
0.0329959392548
0.0338859558105
0.0349130630493
0.0268051624298
0.0281989574432
0.0295519828796
0.0307459831238
0.0319681167603
0.0285670757294
0.0296618938446
0.0303950309753
0.0312070846558
0.0319640636444
0.0339479446411
0.0345458984375
0.03511095047
0.0353808403015
0.0358328819275
0.0264899730682
0.0268077850342
0.0270118713379
0.0272068977356
0.0274260044098
0.0429599285126
0.0437150001526
0.0443360805511
0.044960975647
0.0455760955811
0.0347590446472
0.0359189510345
0.0367848873138
0.0374569892883
0.0382189750671
0.0340638160706
0.0350887775421
0.0360858440399
0.0369188785553
0.0378549098969
0.0281031131744
0.028892993927
0.0295751094818
0.0303249359131
0.0312640666962
0.0217139720917
0.0242831707001
0.0267250537872
0.0289280414581
0.0320920944214
0.0386819839478
0.0396418571472
0.0411310195923
0.0425188541412
0.0436408519745
0.0331170558929
0.0346019268036
0.0359899997711
0.0370740890503
0.0382051467896
0.0315198898315
0.0320580005646
0.0327928066254
0.0334668159485
0.0341188907623
0.0304551124573
0.0307509899139
0.0311059951782
0.0314621925354
0.0316832065582
0.0310518741608
0.0337200164795
0.0346279144287
0.0359299182892
0.0370810031891
0.0317809581757
0.0329790115356
0.0337958335876
0.0351438522339
0.0360119342804
0.0283720493317
0.0295150279999
0.0306839942932
0.0317301750183
0.0329120159149
0.025288105011
0.0264639854431
0.0275630950928
0.0286500453949
0.0297391414642
0.0260488986969
0.0271809101105
0.0279181003571
0.0287630558014
0.0295860767365
0.0284309387207
0.0294721126556
0.0301649570465
0.0307500362396
0.0314140319824
0.0330381393433
0.0340270996094
0.0346601009369
0.0352921485901
0.0367140769958
0.0278301239014
0.0283071994781
0.0287320613861
0.0289301872253
0.0292601585388
0.03875207901
0.0390560626984
0.039449930191
0.039990901947
0.0406539440155
0.0273749828339
0.0277149677277
0.0282008647919
0.0286059379578
0.0288269519806
0.020987033844
0.0212500095367
0.0496869087219
0.0499000549316
0.050183057785
0.0279769897461
0.0281980037689
0.0283789634705
0.0285370349884
0.0286929607391
0.0271909236908
0.0274238586426
0.0277309417725
0.0280539989471
0.0283868312836
0.0322151184082
0.0324151515961
0.0325980186462
0.0327701568604
0.0330491065979
0.0238361358643
0.0246441364288
0.0252070426941
0.0259709358215
0.0267159938812
0.0224318504333
0.0232338905334
0.0239288806915
0.0246019363403
0.0254309177399
0.0335099697113
0.0342209339142
0.0349018573761
0.0357699394226
0.0366270542145
0.0306029319763
0.0318210124969
0.0328888893127
0.0338480472565
0.0347509384155
0.0340769290924
0.0346508026123
0.0351209640503
0.0355019569397
0.0361218452454
0.0496270656586
0.0498781204224
0.0501711368561
0.0504429340363
0.0507810115814
0.0223360061646
0.0226788520813
0.0229887962341
0.0232830047607
0.0235779285431
0.0302541255951
0.0304300785065
0.0305941104889
0.0307540893555
0.0309131145477
0.0324349403381
0.0326979160309
0.0329189300537
0.0333769321442
0.0338349342346
0.0318989753723
0.0321569442749
0.0324549674988
0.0326929092407
0.0328710079193
0.0275659561157
0.0279440879822
0.0282969474792
0.0286529064178
0.0290019512177
0.0369780063629
0.0372309684753
0.0375669002533
0.0377719402313
0.0379638671875
0.0283210277557
0.0295171737671
0.03080701828
0.0316519737244
0.0325620174408
0.0239701271057
0.0241799354553
0.0243811607361
0.0245540142059
0.0247600078583
0.0309619903564
0.0311868190765
0.0314109325409
0.0316019058228
0.0317878723145
0.0353260040283
0.0357420444489
0.0361189842224
0.0364758968353
0.0368359088898
0.0329728126526
0.0332219600677
0.033481836319
0.0336899757385
0.0343399047852
0.0349640846252
0.0355629920959
0.0361230373383
0.0367200374603
0.037230014801
0.0289399623871
0.029510974884
0.0298979282379
0.0306260585785
0.0311529636383
0.0265719890594
0.0269730091095
0.0272529125214
0.0274798870087
0.0281310081482
0.0400240421295
0.0434730052948
0.045037984848
0.0464951992035
0.0475192070007
0.0229918956757
0.0233838558197
0.0237050056458
0.0240168571472
0.0243048667908
0.0315680503845
0.031839132309
0.0321810245514
0.0324101448059
0.0328781604767
0.0211811065674
0.0214550495148
0.0216891765594
0.0219249725342
0.0221571922302
0.0365989208221
0.0368640422821
0.0370230674744
0.0371809005737
0.0373358726501
0.0243849754333
0.0248651504517
0.0252389907837
0.025787115097
0.0259921550751
0.0277500152588
0.0279769897461
0.0281460285187
0.0283031463623
0.028491973877
0.031476020813
0.0319468975067
0.0324048995972
0.0326728820801
0.0328738689423
0.0299799442291
0.0302691459656
0.0305559635162
0.0308330059052
0.0311269760132
0.0299501419067
0.0301539897919
0.0303120613098
0.030580997467
0.0308270454407
0.0375320911407
0.037780046463
0.0379989147186
0.038223028183
0.03848695755
0.0333299636841
0.0336918830872
0.0340740680695
0.0343730449677
0.0347108840942
0.0329158306122
0.033185005188
0.0334479808807
0.0337738990784
0.0339748859406
0.0328688621521
0.0332579612732
0.0335969924927
0.0339319705963
0.0342729091644
0.0284469127655
0.0286548137665
0.0288150310516
0.0289750099182
0.0291368961334
0.0323619842529
0.0327978134155
0.0331778526306
0.0335500240326
0.0339388847351
0.0403258800507
0.0408339500427
0.0413649082184
0.0418479442596
0.0421619415283
0.0294981002808
0.0297031402588
0.0298750400543
0.0300409793854
0.0303750038147
0.0277111530304
0.0283710956573
0.0290460586548
0.029764175415
0.0304811000824
0.0247180461884
0.0249779224396
0.0251870155334
0.0253870487213
0.0257949829102
0.0314710140228
0.0316729545593
0.0318279266357
0.0319819450378
0.0321269035339
0.0259478092194
0.0262968540192
0.0266427993774
0.026978969574
0.0273149013519
0.0296130180359
0.0299780368805
0.0303239822388
0.0307250022888
0.0310599803925
0.0229270458221
0.0233960151672
0.0239551067352
0.024197101593
0.0247781276703
0.025759935379
0.0266230106354
0.027606010437
0.0285460948944
0.029629945755
0.0358819961548
0.0367078781128
0.037477016449
0.0382409095764
0.0392639636993
0.031219959259
0.031909942627
0.0325508117676
0.0333888530731
0.0341229438782
0.0310180187225
0.0320389270782
0.0327529907227
0.0334420204163
0.0344040393829
0.0334229469299
0.0340909957886
0.0347881317139
0.0361590385437
0.0374939441681
0.0301289558411
0.0303730964661
0.030571937561
0.0307688713074
0.0311179161072
0.0209269523621
0.0212769508362
0.0216009616852
0.0218830108643
0.0221629142761
0.0299990177155
0.0302901268005
0.0305781364441
0.0308661460876
0.03116106987
0.023638010025
0.0239169597626
0.0242528915405
0.0244650840759
0.0246369838715
0.0297951698303
0.0300559997559
0.0302920341492
0.0305280685425
0.0307660102844
0.0229971408844
0.0232009887695
0.0233981609344
0.0240161418915
0.0255970954895
0.0281410217285
0.0287790298462
0.0294070243835
0.030021905899
0.0307240486145
0.0324928760529
0.0335590839386
0.0346629619598
0.0356929302216
0.0371339321136
0.0391240119934
0.0394911766052
0.039715051651
0.0398900508881
0.0400660037994
0.0253620147705
0.0256299972534
0.0260109901428
0.0263969898224
0.0267610549927
0.0138530731201
0.0146689414978
0.0302340984344
0.0309150218964
0.0312550067902
0.0286548137665
0.0289459228516
0.0291588306427
0.0293660163879
0.0295548439026
0.0381879806519
0.0385491847992
0.0392401218414
0.0396490097046
0.0399661064148
0.0334980487823
0.0343298912048
0.035089969635
0.0357840061188
0.0365960597992
0.0344519615173
0.0348329544067
0.035099029541
0.0354130268097
0.035637140274
0.0284609794617
0.0294759273529
0.0305569171906
0.0315890312195
0.0327000617981
0.0380220413208
0.0394258499146
0.0403308868408
0.0412168502808
0.0423610210419
0.0378339290619
0.0389530658722
0.0400319099426
0.0446639060974
0.0461950302124
0.0255389213562
0.0264599323273
0.0273261070251
0.0322270393372
0.0334129333496
0.027498960495
0.0281579494476
0.0288519859314
0.0294060707092
0.0298430919647
0.0299859046936
0.0340309143066
0.0354919433594
0.0367939472198
0.038094997406
0.038810968399
0.0401840209961
0.0414891242981
0.0430428981781
0.0443351268768
0.0297338962555
0.0308139324188
0.0318670272827
0.0329248905182
0.0336019992828
0.0380461215973
0.038595199585
0.0391511917114
0.0396661758423
0.0401780605316
0.0282468795776
0.0289659500122
0.0295898914337
0.0302610397339
0.0309178829193
0.0201270580292
0.0203921794891
0.0206451416016
0.0209021568298
0.0212230682373
0.0269229412079
0.0271229743958
0.0273218154907
0.0274908542633
0.0276699066162
0.0336449146271
0.0344967842102
0.0352778434753
0.0362048149109
0.0372388362885
0.0311300754547
0.0322182178497
0.0329601764679
0.0337052345276
0.0348961353302
0.0279459953308
0.0290288925171
0.0300970077515
0.031229019165
0.0320658683777
0.0312759876251
0.0320208072662
0.0325698852539
0.0331950187683
0.0341258049011
0.0240390300751
0.0250220298767
0.0260028839111
0.0269868373871
0.0278699398041
0.0375819206238
0.0381529331207
0.0385849475861
0.0390458106995
0.0393669605255
0.0227899551392
0.0231919288635
0.023964881897
0.0247268676758
0.0251338481903
0.0327081680298
0.0332970619202
0.0335052013397
0.0338871479034
0.0342490673065
0.0350370407104
0.0352530479431
0.0354840755463
0.0357220172882
0.0359630584717
0.0234270095825
0.0236020088196
0.023766040802
0.0239260196686
0.0246388912201
0.0264511108398
0.0267751216888
0.0270671844482
0.0273530483246
0.0276851654053
0.0326340198517
0.0330898761749
0.0334448814392
0.0338590145111
0.0342009067535
0.0385520458221
0.0389130115509
0.0392291545868
0.0395331382751
0.0398900508881
0.0218260288239
0.0221130847931
0.0224640369415
0.0227298736572
0.0230059623718
0.0270709991455
0.0273079872131
0.0274968147278
0.0276668071747
0.0278558731079
0.0218660831451
0.0221600532532
0.0224411487579
0.0227310657501
0.0230131149292
0.04558801651
0.045933008194
0.0465829372406
0.0469598770142
0.0472888946533
0.0406839847565
0.0409150123596
0.0411221981049
0.0413191318512
0.0415141582489
0.027419090271
0.0276761054993
0.0279171466827
0.0282421112061
0.0290040969849
0.0305409431458
0.0315608978271
0.0338349342346
0.0347039699554
0.0354828834534
0.0221900939941
0.0232899188995
0.0241289138794
0.0249578952789
0.026554107666
0.0452909469604
0.0466690063477
0.0479037761688
0.0489699840546
0.0501108169556
0.0401451587677
0.0405662059784
0.0411942005157
0.04159116745
0.0418422222137
0.0380887985229
0.0384240150452
0.0388579368591
0.0392730236053
0.0395188331604
0.0301079750061
0.0305769443512
0.0309488773346
0.0326678752899
0.0333077907562
0.0244560241699
0.0253789424896
0.0262141227722
0.0268959999084
0.0276629924774
0.032977104187
0.0337550640106
0.0345439910889
0.0356731414795
0.0364279747009
0.0366349220276
0.0377280712128
0.0385580062866
0.0393431186676
0.0401420593262
0.0282769203186
0.0288660526276
0.0293989181519
0.0299139022827
0.0307199954987
0.0226459503174
0.0237529277802
0.0248248577118
0.0258400440216
0.0268089771271
0.0346009731293
0.0353181362152
0.0359590053558
0.0365879535675
0.0372200012207
0.0286610126495
0.0297479629517
0.0299880504608
0.0301909446716
0.0304260253906
0.0306639671326
0.0317418575287
0.0327088832855
0.0334739685059
0.0345568656921
0.025279045105
0.026123046875
0.0271079540253
0.0277369022369
0.0283451080322
0.0243940353394
0.02525806427
0.0259459018707
0.0267760753632
0.0276548862457
0.0302820205688
0.0310649871826
0.0316619873047
0.0322070121765
0.0329368114471
0.0266518592834
0.02765583992
0.0285398960114
0.0295009613037
0.0303308963776
0.0260970592499
0.0270829200745
0.0278749465942
0.0285699367523
0.0298540592194
0.0274519920349
0.0286929607391
0.0296359062195
0.0304980278015
0.0313398838043
0.0254368782043
0.0264208316803
0.027529001236
0.0286748409271
0.0296499729156
0.0344290733337
0.0352001190186
0.0360460281372
0.0368311405182
0.0376210212708
0.0312190055847
0.0321640968323
0.0332040786743
0.0340518951416
0.0348830223083
0.0293138027191
0.0302579402924
0.0310809612274
0.0316939353943
0.0328168869019
0.0306589603424
0.0312869548798
0.0323131084442
0.0333950519562
0.0341539382935
0.0331840515137
0.0338001251221
0.0348711013794
0.0355429649353
0.0363841056824
0.0301871299744
0.031182050705
0.0322821140289
0.0332491397858
0.0344281196594
0.0343310832977
0.034795999527
0.0352442264557
0.0356760025024
0.0361130237579
0.0246160030365
0.0249438285828
0.0252079963684
0.0257978439331
0.0318169593811
0.0373229980469
0.0375139713287
0.0377109050751
0.037878036499
0.0380618572235
0.025799036026
0.026006937027
0.0261890888214
0.0263910293579
0.0265741348267
0.0317809581757
0.0319831371307
0.0321581363678
0.0323600769043
0.0328230857849
0.0260219573975
0.0269019603729
0.0280349254608
0.028892993927
0.0324928760529
0.0349550247192
0.0353119373322
0.0356469154358
0.0359787940979
0.0362598896027
0.034646987915
0.0350489616394
0.0354239940643
0.0364909172058
0.0370538234711
0.0272750854492
0.0281381607056
0.0284061431885
0.0285890102386
0.0287599563599
0.0242209434509
0.0247638225555
0.0252070426941
0.0256328582764
0.0262780189514
0.0429191589355
0.0432620048523
0.0435090065002
0.044575214386
0.0452961921692
0.0326189994812
0.0331339836121
0.0333390235901
0.0339181423187
0.0347430706024
0.0394079685211
0.0396449565887
0.0398619174957
0.0401039123535
0.0403199195862
0.0385100841522
0.0396451950073
0.0401501655579
0.04079413414
0.0438151359558
0.0275149345398
0.0280079841614
0.0285720825195
0.0291681289673
0.0299661159515
0.0346570014954
0.0351240634918
0.0361831188202
0.037061214447
0.0382030010223
0.024836063385
0.0257768630981
0.0264530181885
0.0270700454712
0.0277540683746
0.0278749465942
0.0290069580078
0.0303320884705
0.0313410758972
0.0329170227051
0.0332870483398
0.0336220264435
0.0339488983154
0.0342719554901
0.0345728397369
0.0317981243134
0.0320360660553
0.0326709747314
0.0331010818481
0.0343441963196
0.0288689136505
0.0290789604187
0.0292448997498
0.0294048786163
0.0296199321747
0.0346758365631
0.0350959300995
0.0354468822479
0.0357608795166
0.0360598564148
0.0320289134979
0.0322709083557
0.0324749946594
0.0326719284058
0.0328569412231
0.0287570953369
0.029011964798
0.0292179584503
0.0294110774994
0.0295929908752
0.0283460617065
0.0285730361938
0.0288219451904
0.0290360450745
0.029324054718
0.028913974762
0.0292129516602
0.0294477939606
0.0298547744751
0.0303199291229
0.0173859596252
0.0175979137421
0.0179719924927
0.0184118747711
0.0188589096069
0.0309770107269
0.0311760902405
0.0313560962677
0.0315279960632
0.0318729877472
0.0348429679871
0.0370841026306
0.0401310920715
0.0411660671234
0.0416100025177
0.0266261100769
0.0275599956512
0.0285449028015
0.0294880867004
0.0299680233002
0.035936832428
0.0366418361664
0.0374059677124
0.0380010604858
0.0389380455017
0.0423791408539
0.043083190918
0.0440001487732
0.0450570583344
0.0458409786224
0.0335419178009
0.0345089435577
0.035315990448
0.0362260341644
0.0371460914612
0.0310120582581
0.0315709114075
0.0320198535919
0.0327219963074
0.033264875412
0.031192779541
0.0320088863373
0.0326449871063
0.0332608222961
0.0344729423523
0.037230014801
0.0398540496826
0.040295124054
0.0409750938416
0.0416080951691
0.033087015152
0.0339860916138
0.0345330238342
0.0354700088501
0.0363049507141
0.0341429710388
0.0348620414734
0.0354318618774
0.0360388755798
0.0364370346069
0.0246441364288
0.025416135788
0.0263450145721
0.0269570350647
0.0274040699005
0.0313189029694
0.0324130058289
0.0337858200073
0.0345289707184
0.0355858802795
0.0313098430634
0.0324809551239
0.0334930419922
0.0344300270081
0.0353138446808
0.0323960781097
0.0328760147095
0.0333890914917
0.0339941978455
0.0346341133118
0.0502021312714
0.0507280826569
0.0512890815735
0.0519549846649
0.0528600215912
0.0336930751801
0.0345661640167
0.0356230735779
0.0368740558624
0.0382421016693
0.0330429077148
0.0338938236237
0.0349059104919
0.035768032074
0.0364780426025
0.0326099395752
0.0336048603058
0.0345380306244
0.0352170467377
0.0358669757843
0.0310142040253
0.0313501358032
0.0316150188446
0.0317871570587
0.0319759845734
0.0271401405334
0.0284721851349
0.0297431945801
0.0305190086365
0.0314490795135
0.0348889827728
0.0357851982117
0.0371780395508
0.0379331111908
0.0390620231628
0.0312631130219
0.03147315979
0.0316331386566
0.0317821502686
0.0319321155548
0.0268650054932
0.0272400379181
0.0276031494141
0.0279181003571
0.028293132782
0.0559141635895
0.0562040805817
0.0564200878143
0.0566430091858
0.0568652153015
0.0258100032806
0.0260701179504
0.0262980461121
0.0264730453491
0.0266349315643
0.027843952179
0.0285379886627
0.0290138721466
0.0296669006348
0.0386638641357
0.0410649776459
0.0415852069855
0.0420470237732
0.0424160957336
0.0431661605835
0.0296111106873
0.0299429893494
0.0301830768585
0.0308589935303
0.0313279628754
0.0364170074463
0.0378420352936
0.0392310619354
0.0402619838715
0.0415198802948
0.0453040599823
0.0457389354706
0.0461580753326
0.0468270778656
0.0475249290466
0.0283861160278
0.0292041301727
0.0300230979919
0.0308380126953
0.0316030979156
0.0265669822693
0.0270640850067
0.0273420810699
0.0275239944458
0.0277049541473
0.052365064621
0.0525920391083
0.0527610778809
0.0529899597168
0.0533261299133
0.0335819721222
0.0338099002838
0.033989906311
0.034206867218
0.0344018936157
0.0278570652008
0.0280361175537
0.0281929969788
0.0283510684967
0.028538942337
0.0275948047638
0.027932882309
0.0281658172607
0.0283508300781
0.0286459922791
0.0319910049438
0.0321660041809
0.0323309898376
0.0324900150299
0.0326459407806
0.0269629955292
0.0276420116425
0.028342962265
0.0289809703827
0.0352928638458
0.0334022045135
0.0345160961151
0.0356061458588
0.0366539955139
0.0375940799713
0.034322977066
0.034511089325
0.0346610546112
0.0348999500275
0.0351669788361
0.0316197872162
0.0327069759369
0.0338788032532
0.0348198413849
0.0357308387756
0.0237829685211
0.0248908996582
0.0259928703308
0.0282819271088
0.0311968326569
0.0264918804169
0.0280809402466
0.0287308692932
0.0294718742371
0.0307087898254
0.0358440876007
0.0367391109467
0.0376310348511
0.038624048233
0.0395600795746
0.0408418178558
0.0410599708557
0.0412578582764
0.0414659976959
0.0416569709778
0.0231490135193
0.0233998298645
0.0237338542938
0.024111032486
0.0243029594421
0.028165102005
0.0285551548004
0.0288989543915
0.029217004776
0.0295231342316
0.0306091308594
0.0308330059052
0.0310270786285
0.0312120914459
0.0313720703125
0.0244159698486
0.0246789455414
0.0249259471893
0.0251369476318
0.0253179073334
0.0211849212646
0.0213990211487
0.0216410160065
0.0220401287079
0.022362947464
0.0370759963989
0.0378189086914
0.0383279323578
0.0385909080505
0.0390310287476
0.0330040454865
0.0338439941406
0.0346169471741
0.0353238582611
0.036013841629
0.0262758731842
0.0271000862122
0.0280330181122
0.0288190841675
0.0291709899902
0.0339748859406
0.0346710681915
0.0351450443268
0.0353469848633
0.0356600284576
0.0407071113586
0.0411450862885
0.041629076004
0.0421121120453
0.0424010753632
0.035521030426
0.0357630252838
0.0359890460968
0.0364530086517
0.0366849899292
0.0412209033966
0.0421140193939
0.0425598621368
0.043123960495
0.0436570644379
0.0297429561615
0.0308740139008
0.0315909385681
0.0321960449219
0.0328190326691
0.0387320518494
0.039500951767
0.0400710105896
0.0404570102692
0.0409710407257
0.0386362075806
0.0393841266632
0.0400261878967
0.0407202243805
0.0414080619812
0.036514043808
0.0367851257324
0.0369801521301
0.0371870994568
0.037346124649
0.026004076004
0.0262970924377
0.026654958725
0.026927947998
0.0271339416504
0.0358898639679
0.0360789299011
0.0362389087677
0.0363919734955
0.0365488529205
0.0290040969849
0.0292220115662
0.0294010639191
0.0295829772949
0.0297439098358
0.0273988246918
0.0276908874512
0.0279560089111
0.0281879901886
0.0283939838409
0.0343410968781
0.0353360176086
0.036288022995
0.0371651649475
0.0380210876465
0.0337038040161
0.0342819690704
0.0345239639282
0.0346989631653
0.0350699424744
0.029757976532
0.0303699970245
0.0308899879456
0.0314769744873
0.0319108963013
0.0322380065918
0.0324609279633
0.0326659679413
0.0333631038666
0.033802986145
0.0361919403076
0.0367159843445
0.0371809005737
0.0376470088959
0.0381031036377
0.0404348373413
0.0408108234406
0.0415468215942
0.0423219203949
0.0427868366241
0.0443060398102
0.0448269844055
0.045469045639
0.0457139015198
0.046147108078
0.03551197052
0.0362269878387
0.0368421077728
0.0375239849091
0.0377650260925
0.0472559928894
0.0477600097656
0.0485210418701
0.0489921569824
0.0496699810028
0.0323398113251
0.0330908298492
0.0336089134216
0.0344479084015
0.0350198745728
0.0424540042877
0.0429039001465
0.0433149337769
0.0437180995941
0.0439441204071
0.0360360145569
0.0362768173218
0.036750793457
0.0371630191803
0.0375618934631
0.0399589538574
0.0405731201172
0.0408189296722
0.041023015976
0.0414390563965
0.0299921035767
0.0306251049042
0.0312659740448
0.0318880081177
0.0325939655304
0.0401999950409
0.0404539108276
0.0407829284668
0.0409898757935
0.0411660671234
0.0363638401031
0.0367798805237
0.0369899272919
0.0371859073639
0.0373928546906
0.0330679416656
0.0336790084839
0.0378558635712
0.0394718647003
0.0400168895721
0.0317018032074
0.0319650173187
0.0322790145874
0.0330510139465
0.0336799621582
0.0280010700226
0.0285661220551
0.028804063797
0.0290420055389
0.029205083847
0.0322849750519
0.0326271057129
0.0329930782318
0.0337650775909
0.034126996994
0.0356528759003
0.0363619327545
0.0369589328766
0.0376009941101
0.0382778644562
0.0414958000183
0.0419738292694
0.0422058105469
0.0426647663116
0.0435848236084
0.0388131141663
0.03928399086
0.0396490097046
0.0403361320496
0.0409951210022
0.0414481163025
0.041698217392
0.0418720245361
0.0420532226562
0.0422511100769
0.0372178554535
0.0377678871155
0.0386798381805
0.0391488075256
0.0394999980927
0.0466201305389
0.0471410751343
0.0479879379272
0.0484220981598
0.0489029884338
0.0361340045929
0.0367610454559
0.0372371673584
0.0387091636658
0.0389420986176
0.0355410575867
0.0359470844269
0.0363340377808
0.0366699695587
0.037360906601
0.0289120674133
0.0298070907593
0.0301120281219
0.030524969101
0.0310199260712
0.0420391559601
0.0422761440277
0.0424411296844
0.0425980091095
0.0428111553192
0.0392401218414
0.0397431850433
0.0399971008301
0.040206193924
0.0404109954834
0.0278890132904
0.0281279087067
0.0285449028015
0.028804063797
0.0290729999542
0.0328049659729
0.0331537723541
0.0334439277649
0.0337569713593
0.0340948104858
0.0247490406036
0.0249900817871
0.0251441001892
0.0252981185913
0.0254709720612
0.0265629291534
0.0268380641937
0.0271120071411
0.0274560451508
0.0277171134949
0.0329558849335
0.0332479476929
0.0335898399353
0.0338468551636
0.0341379642487
0.0339839458466
0.0343868732452
0.0351800918579
0.035845041275
0.0363810062408
0.0286819934845
0.0294070243835
0.0298390388489
0.0306329727173
0.0313880443573
0.0332159996033
0.0343449115753
0.0352098941803
0.0359220504761
0.0368430614471
0.0286591053009
0.029942035675
0.0309171676636
0.0317661762238
0.0327210426331
0.0298149585724
0.0300920009613
0.0303800106049
0.0306739807129
0.0309779644012
0.0274829864502
0.0276939868927
0.0278658866882
0.0280230045319
0.0281960964203
0.0252869129181
0.0256500244141
0.025995016098
0.0263769626617
0.0266978740692
0.0252659320831
0.0260119438171
0.0263509750366
0.0270340442657
0.0277290344238
0.0260670185089
0.026419878006
0.0266890525818
0.0269520282745
0.0271949768066
0.0286140441895
0.0295310020447
0.0304141044617
0.0314269065857
0.0327050685883
0.034383058548
0.0349731445312
0.0355460643768
0.0361061096191
0.0366480350494
0.0325810909271
0.0332219600677
0.0338220596313
0.0344519615173
0.0349910259247
0.0367398262024
0.0376269817352
0.0381269454956
0.0383667945862
0.0386779308319
0.0305988788605
0.0312600135803
0.0319299697876
0.0329060554504
0.0340218544006
0.0416951179504
0.0420711040497
0.0424320697784
0.0427930355072
0.0451700687408
0.0252978801727
0.0257129669189
0.0260889530182
0.0264508724213
0.0268189907074
0.0319521427155
0.0321390628815
0.0322921276093
0.032445192337
0.032594203949
0.0317320823669
0.0331630706787
0.0345139503479
0.0355610847473
0.0366461277008
0.0336210727692
0.0345389842987
0.0352580547333
0.0359020233154
0.0367109775543
0.0363440513611
0.0372800827026
0.0383520126343
0.0398981571198
0.0410740375519
0.0334780216217
0.0345270633698
0.035728931427
0.0368800163269
0.0378289222717
0.0344579219818
0.0353679656982
0.0362069606781
0.037328004837
0.0384140014648
0.0323219299316
0.0332088470459
0.0338180065155
0.0345938205719
0.0352568626404
0.0323178768158
0.0331718921661
0.0341348648071
0.0357880592346
0.0371949672699
0.0289299488068
0.0292699337006
0.0295898914337
0.0299201011658
0.0302419662476
0.0391850471497
0.0396070480347
0.0468900203705
0.047513961792
0.0479609966278
0.0264089107513
0.0266008377075
0.0269320011139
0.0271329879761
0.0273039340973
0.0278458595276
0.028167963028
0.0284729003906
0.028795003891
0.0290880203247
0.0310909748077
0.0313968658447
0.0316529273987
0.0319499969482
0.0322139263153
0.0231680870056
0.0234549045563
0.0237219333649
0.0239350795746
0.0241038799286
0.0282189846039
0.0285968780518
0.0289239883423
0.0292539596558
0.0295748710632
0.0222339630127
0.0224299430847
0.0226919651031
0.0229139328003
0.0231218338013
0.0307900905609
0.0311000347137
0.0314230918884
0.0317420959473
0.0320470333099
0.031760931015
0.0319819450378
0.0323829650879
0.0327301025391
0.0330529212952
0.0344150066376
0.034677028656
0.035101890564
0.0355100631714
0.0359508991241
0.04474401474
0.0452971458435
0.0458250045776
0.0464301109314
0.0472671985626
0.0339820384979
0.0344169139862
0.0346429347992
0.0349869728088
0.0362040996552
0.0339589118958
0.0342168807983
0.0344450473785
0.0348999500275
0.0353150367737
0.0362248420715
0.0364799499512
0.0367479324341
0.0369780063629
0.0373108386993
0.0321619510651
0.0324280261993
0.0332410335541
0.0337131023407
0.0343630313873
0.0277531147003
0.0283579826355
0.0289041996002
0.0293161869049
0.0297231674194
0.0308208465576
0.0319650173187
0.0328919887543
0.0342538356781
0.0351579189301
0.0265009403229
0.0268681049347
0.0272169113159
0.0275819301605
0.0281720161438
0.0326879024506
0.0336019992828
0.034521818161
0.0355718135834
0.0363199710846
0.0375239849091
0.0385758876801
0.0397219657898
0.0408899784088
0.0419669151306
0.0258498191833
0.0261449813843
0.0264668464661
0.0267908573151
0.0270898342133
0.0281100273132
0.0283441543579
0.0285201072693
0.0286900997162
0.0288550853729
0.034068107605
0.0345530509949
0.0348870754242
0.0350780487061
0.0353679656982
0.0297758579254
0.0304679870605
0.0310759544373
0.0316798686981
0.039137840271
0.0322980880737
0.033215045929
0.0342960357666
0.0353949069977
0.0363919734955
0.0310888290405
0.0319650173187
0.0327548980713
0.0335149765015
0.0342748165131
0.0306420326233
0.0309519767761
0.0313651561737
0.0315971374512
0.0317740440369
0.0335829257965
0.0344398021698
0.0354418754578
0.0365278720856
0.0374088287354
0.0321249961853
0.0327260494232
0.0333218574524
0.0342810153961
0.0352439880371
0.0244741439819
0.0255739688873
0.026524066925
0.0273060798645
0.0281870365143
0.0251851081848
0.025444984436
0.0256719589233
0.0259261131287
0.0261878967285
0.0266590118408
0.0269601345062
0.0272240638733
0.0276119709015
0.0278971195221
0.0272669792175
0.0274629592896
0.0276429653168
0.0278179645538
0.0279960632324
0.0321731567383
0.0323760509491
0.0325570106506
0.0327270030975
0.0328831672668
0.0218348503113
0.0220239162445
0.0222268104553
0.0223979949951
0.0226249694824
0.0287389755249
0.0290758609772
0.0299508571625
0.0307259559631
0.0314908027649
0.0317120552063
0.0323629379272
0.0330379009247
0.0335929393768
0.0344789028168
0.0327060222626
0.0336968898773
0.0344541072845
0.0352261066437
0.0362169742584
0.0452299118042
0.0457978248596
0.0465018749237
0.0474648475647
0.0478029251099
0.0287530422211
0.0293710231781
0.0300271511078
0.0307981967926
0.0315780639648
0.0349271297455
0.0355331897736
0.0358371734619
0.0372869968414
0.0378460884094
0.047327041626
0.0479419231415
0.0482850074768
0.0485520362854
0.0489821434021
0.0469751358032
0.0474190711975
0.0478620529175
0.0480880737305
0.0482721328735
0.0393130779266
0.0397880077362
0.0401191711426
0.0408570766449
0.0412571430206
0.0312180519104
0.0314390659332
0.0316069126129
0.0317649841309
0.0321769714355
0.0386970043182
0.0392420291901
0.043389081955
0.0444450378418
0.0451719760895
0.0346019268036
0.0351858139038
0.0362768173218
0.0369238853455
0.0380358695984
0.0298941135406
0.0308010578156
0.03200507164
0.0332520008087
0.0347669124603
0.0221230983734
0.0456149578094
0.0467729568481
0.0477120876312
0.0485179424286
0.0364370346069
0.0369231700897
0.0371351242065
0.0373101234436
0.0376281738281
0.0283319950104
0.02854180336
0.0287330150604
0.0290307998657
0.0292239189148
0.0278689861298
0.0281500816345
0.0284011363983
0.0286540985107
0.0289039611816
0.0211350917816
0.021320104599
0.0214781761169
0.0216681957245
0.0218381881714
0.0240299701691
0.0243220329285
0.0246000289917
0.0248041152954
0.025071144104
0.0286469459534
0.0290329456329
0.029219865799
0.0293889045715
0.0295658111572
0.0349550247192
0.0352339744568
0.0353989601135
0.0356049537659
0.0358459949493
0.0246148109436
0.0250818729401
0.0255160331726
0.0259208679199
0.0263278484344
0.0323791503906
0.0326800346375
0.0329780578613
0.0332751274109
0.0335760116577
0.0296678543091
0.0299928188324
0.0303139686584
0.0305948257446
0.0308809280396
0.0324280261993
0.0328640937805
0.0332541465759
0.0336451530457
0.0339741706848
0.0272800922394
0.0274760723114
0.0276350975037
0.0278010368347
0.0279619693756
0.0334680080414
0.0342221260071
0.0350430011749
0.0362060070038
0.0370581150055
0.0289330482483
0.0297479629517
0.0309150218964
0.0321829319
0.0333211421967
0.0260679721832
0.0268278121948
0.0275678634644
0.0283579826355
0.029709815979
0.028706073761
0.0295190811157
0.0306820869446
0.0318961143494
0.0327470302582
0.0327489376068
0.0339391231537
0.0354180335999
0.0366880893707
0.0380051136017
0.0374109745026
0.0383820533752
0.0393640995026
0.0403399467468
0.0412390232086
0.0290060043335
0.0298979282379
0.0308949947357
0.032105922699
0.0328788757324
0.0419321060181
0.0427169799805
0.0434939861298
0.044487953186
0.0454320907593
0.0375270843506
0.0390491485596
0.0404551029205
0.0417811870575
0.0439300537109
0.0303480625153
0.0312459468842
0.0323429107666
0.0333149433136
0.0340428352356
0.0353820323944
0.0356738567352
0.0386090278625
0.0401349067688
0.0404498577118
0.0282800197601
0.0286409854889
0.0289618968964
0.029314994812
0.0299370288849
0.0249719619751
0.0252778530121
0.0258159637451
0.0264449119568
0.0268828868866
0.0310211181641
0.0318219661713
0.0325880050659
0.033066034317
0.0335700511932
0.0342879295349
0.0345470905304
0.0347180366516
0.0355379581451
0.0362479686737
0.0381238460541
0.0385589599609
0.0387749671936
0.0393478870392
0.0396709442139
0.0442938804626
0.0445020198822
0.04483294487
0.0450789928436
0.0452308654785
0.0259099006653
0.0261149406433
0.0262908935547
0.026447057724
0.0266089439392
0.0282518863678
0.0289268493652
0.0292279720306
0.0294759273529
0.0296988487244
0.0279829502106
0.0286159515381
0.0291790962219
0.0297281742096
0.0304300785065
0.0414319038391
0.0423760414124
0.0432100296021
0.0440759658813
0.0451319217682
0.0520389080048
0.0528500080109
0.0535979270935
0.0543928146362
0.0551538467407
0.0319108963013
0.0328600406647
0.0339438915253
0.0348479747772
0.0359120368958
0.031818151474
0.0326590538025
0.0334041118622
0.0342111587524
0.0357451438904
0.0320980548859
0.0325608253479
0.0330159664154
0.0332658290863
0.0335378646851
0.043261051178
0.0438759326935
0.0442399978638
0.0447609424591
0.0452070236206
0.0336980819702
0.0341629981995
0.0346159934998
0.0348780155182
0.0350868701935
0.0322091579437
0.0327019691467
0.0334351062775
0.0340270996094
0.0345520973206
0.035089969635
0.0359609127045
0.0365109443665
0.0374100208282
0.0380759239197
0.0354678630829
0.0362799167633
0.0372269153595
0.0381097793579
0.0388259887695
0.0276458263397
0.0285098552704
0.0295259952545
0.030238866806
0.0307328701019
0.0423409938812
0.0427968502045
0.0434579849243
0.0444219112396
0.0457417964935
0.0346999168396
0.0359320640564
0.0367920398712
0.0375928878784
0.0387020111084
0.0320770740509
0.0331780910492
0.0346970558167
0.0358049869537
0.0368559360504
0.0288269519806
0.0295519828796
0.0301578044891
0.0310759544373
0.032007932663
0.026104927063
0.0262839794159
0.0264499187469
0.026603937149
0.026762008667
0.033383846283
0.0337657928467
0.0339908599854
0.034245967865
0.0345339775085
0.0403819084167
0.0406789779663
0.0410108566284
0.0413088798523
0.041729927063
0.036789894104
0.0369930267334
0.0371749401093
0.0373599529266
0.0375909805298
0.0326521396637
0.0329639911652
0.0332541465759
0.0335512161255
0.0338571071625
0.0287091732025
0.0289161205292
0.0291881561279
0.0295441150665
0.0297360420227
0.0342509746552
0.0345659255981
0.0348188877106
0.0350589752197
0.0353469848633
0.0285160541534
0.0288391113281
0.0290880203247
0.0293071269989
0.0347011089325
0.0272750854492
0.0282881259918
0.0289421081543
0.0294971466064
0.0300731658936
0.0283391475677
0.028813123703
0.0293710231781
0.0297820568085
0.030277967453
0.0429830551147
0.0432269573212
0.0434458255768
0.0436568260193
0.0438849925995
0.0368990898132
0.0377769470215
0.0384731292725
0.0391039848328
0.0400259494781
0.0281839370728
0.0290520191193
0.0300400257111
0.0310189723969
0.0321469306946
0.0247521400452
0.0251500606537
0.0259830951691
0.0266630649567
0.0282261371613
0.0296549797058
0.0305199623108
0.0314419269562
0.0326550006866
0.0335609912872
0.0320191383362
0.0329520702362
0.033931016922
0.0348439216614
0.0357730388641
0.0401170253754
0.0403778553009
0.0405879020691
0.0408470630646
0.0410239696503
0.0376369953156
0.0378241539001
0.03799700737
0.0381610393524
0.0383310317993
0.0319588184357
0.0322709083557
0.0324618816376
0.0326249599457
0.0328028202057
0.0245840549469
0.0250110626221
0.0252771377563
0.0255270004272
0.0261330604553
0.0290958881378
0.0300068855286
0.0308759212494
0.0316519737244
0.0325808525085
0.0612120628357
0.0625340938568
0.063588142395
0.0648930072784
0.0657069683075
0.0397748947144
0.0399959087372
0.0401837825775
0.0403959751129
0.0408799648285
0.0293891429901
0.0296189785004
0.029806137085
0.0299861431122
0.0301599502563
0.0275950431824
0.0277919769287
0.0280630588531
0.0283529758453
0.0286550521851
0.0322048664093
0.0328390598297
0.0333070755005
0.033686876297
0.0344529151917
0.0281031131744
0.0284819602966
0.0288290977478
0.0291509628296
0.0294559001923
0.0409069061279
0.0413458347321
0.0416929721832
0.0422239303589
0.0427448749542
0.118913888931
0.119891881943
0.120641946793
0.121526956558
0.122474908829
0.0372309684753
0.0378510951996
0.038537979126
0.0394959449768
0.0404810905457
0.0299150943756
0.0306470394135
0.0315630435944
0.0326409339905
0.0333170890808
0.0414278507233
0.0421779155731
0.042818069458
0.0435619354248
0.0444920063019
0.0427680015564
0.0431280136108
0.0433940887451
0.0436170101166
0.0437819957733
0.0311508178711
0.0313909053802
0.0316178798676
0.0318520069122
0.0321278572083
0.0453119277954
0.0458130836487
0.0462779998779
0.0469110012054
0.0473349094391
0.0256221294403
0.0258350372314
0.0260391235352
0.0262520313263
0.0264761447906
0.0358898639679
0.0366959571838
0.037230014801
0.0376720428467
0.0383110046387
0.041454076767
0.0430560112
0.0437090396881
0.0445680618286
0.045147895813
0.0287430286407
0.0290739536285
0.0295431613922
0.0299129486084
0.0304651260376
0.0292060375214
0.029886007309
0.0302438735962
0.0306220054626
0.0312838554382
0.0304539203644
0.0306499004364
0.030837059021
0.0310609340668
0.0312700271606
0.0274810791016
0.0276792049408
0.0278720855713
0.0280661582947
0.0282490253448
0.0246829986572
0.0249259471893
0.0252020359039
0.0255489349365
0.0258469581604
0.0234191417694
0.0236999988556
0.0238800048828
0.0240499973297
0.0242121219635
0.0228660106659
0.0234668254852
0.0240368843079
0.0242609977722
0.0244929790497
0.027489900589
0.0278449058533
0.0282168388367
0.0285518169403
0.0288767814636
0.0335800647736
0.033919095993
0.0342600345612
0.0347681045532
0.0354120731354
0.0213358402252
0.022362947464
0.0233619213104
0.0244958400726
0.025860786438
0.0316359996796
0.0320179462433
0.0327479839325
0.0336470603943
0.0349779129028
0.0310740470886
0.0324900150299
0.0336899757385
0.0346188545227
0.0357689857483
0.0299561023712
0.0301921367645
0.0304291248322
0.0307080745697
0.0309090614319
0.0370049476624
0.0372319221497
0.037425994873
0.0376110076904
0.0379779338837
0.0330610275269
0.0332539081573
0.0334198474884
0.0335748195648
0.0337347984314
0.0323240756989
0.0326960086823
0.0329120159149
0.0331091880798
0.0332930088043
0.0345199108124
0.0351150035858
0.0354249477386
0.036553144455
0.0373561382294
0.0259778499603
0.0261578559875
0.0263319015503
0.0265009403229
0.0266628265381
0.0336158275604
0.0338759422302
0.0341010093689
0.034346818924
0.034590959549
0.0299270153046
0.0307059288025
0.0311980247498
0.031790971756
0.0323810577393
0.0279760360718
0.0301029682159
0.0320501327515
0.0326459407806
0.0330669879913
0.0369250774384
0.0378501415253
0.039055109024
0.0445551872253
0.0450751781464
0.0257859230042
0.0261430740356
0.0264439582825
0.0274059772491
0.0282719135284
0.0497949123383
0.050057888031
0.0503010749817
0.0505149364471
0.0507988929749
0.029862165451
0.0301060676575
0.030513048172
0.0307121276855
0.0309891700745
0.0305798053741
0.0307447910309
0.0309119224548
0.0310559272766
0.0311968326569
0.0336961746216
0.0339159965515
0.0341300964355
0.0343461036682
0.0346031188965
0.029905796051
0.0300948619843
0.0303409099579
0.0305688381195
0.0307428836823
0.0280759334564
0.028263092041
0.0284240245819
0.0285711288452
0.0287160873413
0.0305578708649
0.0308628082275
0.0311608314514
0.0314099788666
0.0316429138184
0.0288147926331
0.0291659832001
0.0295159816742
0.0298128128052
0.0301477909088
0.0328779220581
0.0331349372864
0.0333459377289
0.0335419178009
0.0337250232697
0.0274429321289
0.0278890132904
0.0286748409271
0.0299859046936
0.0313379764557
0.0362319946289
0.0364139080048
0.0366139411926
0.0367798805237
0.0371098518372
0.0388770103455
0.0391581058502
0.0402250289917
0.0414609909058
0.0433700084686
0.032016992569
0.0329298973083
0.0338089466095
0.0347039699554
0.0356638431549
0.0316910743713
0.032299041748
0.0331959724426
0.0337319374084
0.0344550609589
0.0356199741364
0.0367579460144
0.0381801128387
0.0394511222839
0.040687084198
0.0247640609741
0.0259020328522
0.026880979538
0.027615070343
0.0281779766083
0.0290699005127
0.0300028324127
0.0307619571686
0.0327379703522
0.0337247848511
0.0322051048279
0.0329461097717
0.0336151123047
0.0343770980835
0.0353360176086
0.0378770828247
0.0388519763947
0.0396780967712
0.040335893631
0.0415101051331
0.0410249233246
0.0412569046021
0.0414288043976
0.0427048206329
0.0433449745178
0.0294489860535
0.0297858715057
0.0300488471985
0.0303070545197
0.0305500030518
0.0292949676514
0.0301401615143
0.0308210849762
0.0320410728455
0.0333180427551
0.0301501750946
0.0314500331879
0.0331571102142
0.033833026886
0.0344591140747
0.0435979366302
0.0447421073914
0.0457379817963
0.0466361045837
0.0474441051483
0.0341091156006
0.0349349975586
0.0357179641724
0.0365431308746
0.0374751091003
0.0482721328735
0.0486061573029
0.0489361286163
0.0493719577789
0.0497000217438
0.0315990447998
0.0318329334259
0.032045841217
0.0322539806366
0.0324199199677
0.0343720912933
0.037789106369
0.0388031005859
0.0398030281067
0.0408298969269
0.0314898490906
0.0318458080292
0.0321669578552
0.0324788093567
0.0327048301697
0.023050069809
0.0238602161407
0.0246109962463
0.025787115097
0.02805519104
0.0250768661499
0.0253329277039
0.0255489349365
0.0259969234467
0.0264708995819
0.0289068222046
0.0295238494873
0.0300598144531
0.0302979946136
0.0304989814758
0.0336909294128
0.0338878631592
0.0340600013733
0.0347940921783
0.0365948677063
0.0333449840546
0.033725976944
0.034087896347
0.0343909263611
0.0345668792725
0.0354199409485
0.0357310771942
0.0359790325165
0.0361609458923
0.0363359451294
0.0233311653137
0.023716211319
0.0240550041199
0.024405002594
0.0247421264648
0.0298249721527
0.0300760269165
0.0302789211273
0.0304899215698
0.0309698581696
0.0292971134186
0.0300319194794
0.0306870937347
0.031464099884
0.0324320793152
0.0408580303192
0.0419399738312
0.0425500869751
0.0433120727539
0.0437190532684
0.0412449836731
0.0418310165405
0.0426459312439
0.0429430007935
0.043792963028
0.0377588272095
0.0385730266571
0.0393989086151
0.0405058860779
0.0414798259735
0.0330440998077
0.0338461399078
0.0346760749817
0.0354700088501
0.0361800193787
0.0285799503326
0.0291571617126
0.0300421714783
0.0311710834503
0.0319101810455
0.0382399559021
0.038624048233
0.038810968399
0.0390160083771
0.0391900539398
0.0330238342285
0.0336120128632
0.0340130329132
0.034411907196
0.0346338748932
0.0226278305054
0.0229058265686
0.0232639312744
0.023638010025
0.0240318775177
0.0381870269775
0.038861989975
0.04368019104
0.0446510314941
0.0453500747681
0.0286509990692
0.0289621353149
0.0291900634766
0.0294399261475
0.0296981334686
0.0317969322205
0.0319600105286
0.0321109294891
0.0323400497437
0.032567024231
0.0284202098846
0.0287251472473
0.0289580821991
0.0291321277618
0.0292971134186
0.0252239704132
0.025554895401
0.0258560180664
0.0261418819427
0.026428937912
0.0257139205933
0.0259068012238
0.026093006134
0.0263519287109
0.0265159606934
0.0200681686401
0.0203030109406
0.0204870700836
0.0206801891327
0.0209460258484
0.0240368843079
0.0243968963623
0.0246820449829
0.0248749256134
0.0250408649445
0.0263102054596
0.0266931056976
0.0270202159882
0.0271940231323
0.0274121761322
0.0310499668121
0.031436920166
0.0316898822784
0.0320038795471
0.032320022583
0.0284698009491
0.0288488864899
0.0292029380798
0.0295507907867
0.0297629833221
0.0340781211853
0.0342631340027
0.0344660282135
0.0346391201019
0.0348629951477
0.0318470001221
0.0323450565338
0.0328269004822
0.0333549976349
0.0337369441986
0.0286309719086
0.0295062065125
0.0299010276794
0.0302081108093
0.0308079719543
0.0239949226379
0.0242857933044
0.0246119499207
0.0249547958374
0.025141954422
0.0336489677429
0.0339510440826
0.0342471599579
0.0345361232758
0.0348379611969
0.0221982002258
0.0231680870056
0.0238761901855
0.0242371559143
0.0248141288757
0.0269050598145
0.0274329185486
0.0279541015625
0.0289299488068
0.0299589633942
0.0302090644836
0.030543088913
0.0308690071106
0.0312261581421
0.0315120220184
0.0333859920502
0.0337197780609
0.0339679718018
0.0344088077545
0.0346038341522
0.0278680324554
0.0281889438629
0.0283961296082
0.0285880565643
0.0288579463959
0.0280170440674
0.0282778739929
0.0285029411316
0.0287220478058
0.0289309024811
0.0276560783386
0.0278451442719
0.0280220508575
0.0282170772552
0.0283710956573
0.0317258834839
0.031975030899
0.032231092453
0.0324809551239
0.0326910018921
0.0316359996796
0.0319168567657
0.0321419239044
0.0323629379272
0.0325458049774
0.0258178710938
0.0260200500488
0.0262548923492
0.0264649391174
0.0266790390015
0.0233960151672
0.0236229896545
0.0238039493561
0.0239770412445
0.0241510868073
0.0236599445343
0.0239369869232
0.0242278575897
0.0245718955994
0.0248489379883
0.0273909568787
0.0277280807495
0.0279440879822
0.0281310081482
0.0284221172333
0.0219669342041
0.0223059654236
0.0226240158081
0.0229399204254
0.0232560634613
0.0284929275513
0.0287239551544
0.0289459228516
0.0291519165039
0.0293650627136
0.0257549285889
0.0260548591614
0.0263130664825
0.026524066925
0.0268189907074
0.0204548835754
0.0206408500671
0.0208368301392
0.021194934845
0.021369934082
0.0330801010132
0.0332961082458
0.0334901809692
0.0336511135101
0.0338280200958
0.0312330722809
0.0319728851318
0.0323379039764
0.0327069759369
0.0332860946655
0.0293309688568
0.0297999382019
0.0300300121307
0.0303089618683
0.0306839942932
0.0359110832214
0.0370440483093
0.0381410121918
0.0391149520874
0.0397651195526
0.0363779067993
0.0370647907257
0.0376479625702
0.0382308959961
0.0388548374176
0.027939081192
0.0287919044495
0.0296080112457
0.0304200649261
0.0311870574951
0.0286581516266
0.029335975647
0.0299861431122
0.0306479930878
0.0334541797638
0.0290448665619
0.029983997345
0.0307569503784
0.0319578647614
0.0359370708466
0.0228679180145
0.0239489078522
0.0247030258179
0.0256049633026
0.0266859531403
0.033145904541
0.0337879657745
0.034511089325
0.0351829528809
0.0362279415131
0.0289850234985
0.0299119949341
0.0307819843292
0.0316219329834
0.0329010486603
0.0316278934479
0.0329768657684
0.0340049266815
0.0353457927704
0.0362927913666
0.034716129303
0.0356900691986
0.0366921424866
0.0378911495209
0.0390300750732
0.02996301651
0.0307378768921
0.0316758155823
0.0325899124146
0.0333359241486
0.0354690551758
0.0364310741425
0.0371561050415
0.0384340286255
0.0392110347748
0.0289461612701
0.0301380157471
0.0310530662537
0.0328090190887
0.0337469577789
0.0318999290466
0.0331399440765
0.0344309806824
0.035749912262
0.0371079444885
0.