0.0477950572968,
0.0578620433807,
0.0433230400085,
0.0437369346619,
0.0315570831299,
0.0318810939789,
0.0309240818024,
0.0311100482941,
0.026624917984,
0.0268120765686,
0.0410039424896,
0.0411820411682,
0.0405941009521,
0.0407729148865,
0.0376098155975,
0.0386049747467,
0.0379889011383,
0.0382878780365,
0.0356390476227,
0.0358281135559,
0.0266268253326,
0.0272779464722,
0.0306549072266,
0.0332849025726,
0.0436840057373,
0.0441658496857,
0.04660987854,
0.047917842865,
0.108451128006,
0.00135922431946,
0.0344820022583,
0.0346670150757,
0.0320730209351,
0.0322859287262,
0.027496099472,
0.0276851654053,
0.028666973114,
0.0298840999603,
0.0281701087952,
0.0285940170288,
0.0314450263977,
0.0316240787506,
0.0274760723114,
0.0276710987091,
0.0217981338501,
0.0301141738892,
0.0292670726776,
0.0297870635986,
0.0314528942108,
0.0322630405426,
0.0326449871063,
0.0327990055084,
0.0293180942535,
0.0301229953766,
0.0342581272125,
0.034795999527,
0.0333960056305,
0.0341060161591,
0.0256290435791,
0.0257959365845,
0.0319590568542,
0.0328061580658,
0.0328769683838,
0.0331430435181,
0.0499148368835,
0.0502090454102,
0.0331580638885,
0.0335071086884,
0.0248401165009,
0.0256791114807,
0.0268170833588,
0.0271480083466,
0.0269560813904,
0.0272431373596,
0.0264389514923,
0.026664018631,
0.0258729457855,
0.0260729789734,
0.0277760028839,
0.0280869007111,
0.0274300575256,
0.0276238918304,
0.0373289585114,
0.0383560657501,
0.0272529125214,
0.0274679660797,
0.0317451953888,
0.0319261550903,
0.0316739082336,
0.0319049358368,
0.0269639492035,
0.0272650718689,
0.0308730602264,
0.0311119556427,
0.0320961475372,
0.032299041748,
0.0360238552094,
0.0362188816071,
0.0262351036072,
0.0269181728363,
0.0215001106262,
0.0218889713287,
0.0277230739594,
0.0279080867767,
0.0300579071045,
0.0302519798279,
0.0517480373383,
0.052670955658,
0.0362029075623,
0.037428855896,
0.0288949012756,
0.029091835022,
0.0319519042969,
0.0321650505066,
0.0270791053772,
0.0273320674896,
0.0300018787384,
0.0305619239807,
0.0303030014038,
0.0307140350342,
0.0378131866455,
0.0380480289459,
0.0772929191589,
0.0780899524689,
0.0310130119324,
0.0318109989166,
0.0316169261932,
0.0317900180817,
0.0253591537476,
0.0255630016327,
0.0288770198822,
0.0290660858154,
0.0267701148987,
0.0269989967346,
0.0259490013123,
0.0267748832703,
0.0325951576233,
0.0332419872284,
0.0230300426483,
0.0233500003815,
0.0366811752319,
0.0374400615692,
0.0307788848877,
0.0314190387726,
0.0387399196625,
0.0393440723419,
0.030534029007,
0.0308411121368,
0.0379309654236,
0.0385308265686,
0.0317511558533,
0.0322530269623,
0.0460410118103,
0.0467240810394,
0.0404589176178,
0.0407800674438,
0.0311329364777,
0.0322871208191,
0.0328209400177,
0.033383846283,
0.0465650558472,
0.0504541397095,
0.0326619148254,
0.0332698822021,
0.0317449569702,
0.0320529937744,
0.035148859024,
0.0355298519135,
0.0250220298767,
0.0258870124817,
0.0475130081177,
0.0481100082397,
0.0304419994354,
0.0306310653687,
0.0280809402466,
0.028254032135,
0.0269792079926,
0.0271680355072,
0.0329458713531,
0.0331208705902,
0.0281908512115,
0.0286929607391,
0.0264959335327,
0.0266799926758,
0.0268819332123,
0.0270760059357,
0.0290229320526,
0.0293169021606,
0.0327701568604,
0.0330440998077,
0.0797600746155,
0.080470085144,
0.0366048812866,
0.0372450351715,
0.0649919509888,
0.0681970119476,
0.0366590023041,
0.0373041629791,
0.0329999923706,
0.0337920188904,
0.0406529903412,
0.0415508747101,
0.0345652103424,
0.0355000495911,
0.0335021018982,
0.0340750217438,
0.0640978813171,
0.0647249221802,
0.0588080883026,
0.0596001148224,
0.0310389995575,
0.0328860282898,
0.0339341163635,
0.0341291427612,
0.026762008667,
0.0269200801849,
0.0314080715179,
0.0316119194031,
0.0282640457153,
0.0284922122955,
0.11541891098,
0.115823030472,
0.0277740955353,
0.0279610157013,
0.0412368774414,
0.0414299964905,
0.0353438854218,
0.0356578826904,
0.0306880474091,
0.0309481620789,
0.0257029533386,
0.0259330272675,
0.0324559211731,
0.0331020355225,
0.0348420143127,
0.0352749824524,
0.0283420085907,
0.0285360813141,
0.0363748073578,
0.036661863327,
0.0283150672913,
0.0284910202026,
0.0260651111603,
0.0263531208038,
0.0271611213684,
0.0273711681366,
0.0287868976593,
0.0293009281158,
0.0263779163361,
0.0265560150146,
0.0256290435791,
0.0258750915527,
0.0277020931244,
0.0280358791351,
0.0298409461975,
0.0300807952881,
0.0292041301727,
0.0299000740051,
0.028431892395,
0.0291829109192,
0.0329468250275,
0.0334558486938,
0.0318348407745,
0.032518863678,
0.026290178299,
0.0411109924316,
0.0378839969635,
0.0380508899689,
0.0266399383545,
0.0270209312439,
0.0417280197144,
0.0443360805511,
0.0380799770355,
0.0382418632507,
0.0326871871948,
0.0331192016602,
0.028990983963,
0.0291841030121,
0.026290178299,
0.0264601707458,
0.0312340259552,
0.0314228534698,
0.0234110355377,
0.0235829353333,
0.0284481048584,
0.0286829471588,
0.0281970500946,
0.0283949375153,
0.0381650924683,
0.0384049415588,
0.0390751361847,
0.0401549339294,
0.0473020076752,
0.0480191707611,
0.0359580516815,
0.0362141132355,
0.0263090133667,
0.0265398025513,
0.0297958850861,
0.030152797699,
0.0299851894379,
0.0334579944611,
0.0294599533081,
0.0297849178314,
0.0334389209747,
0.0336511135101,
0.0218570232391,
0.0220868587494,
0.0375730991364,
0.037750005722,
0.0290229320526,
0.0292258262634,
0.0317268371582,
0.032075881958,
0.0236229896545,
0.0246489048004,
0.0377058982849,
0.0379087924957,
0.0321109294891,
0.0323081016541,
0.0405578613281,
0.040864944458,
0.0312910079956,
0.0314700603485,
0.0254499912262,
0.0256290435791,
0.0403659343719,
0.040559053421,
0.0377252101898,
0.0422480106354,
0.0319490432739,
0.0321340560913,
0.0324950218201,
0.0326719284058,
0.041200876236,
0.0413827896118,
0.0308339595795,
0.0310130119324,
0.0391199588776,
0.0393180847168,
0.0271790027618,
0.0273649692535,
0.0334761142731,
0.0339870452881,
0.0372190475464,
0.0380182266235,
0.0369319915771,
0.037672996521,
0.0871419906616,
0.0876250267029,
0.0304489135742,
0.0307259559631,
0.0331740379333,
0.0338640213013,
0.0235211849213,
0.0242500305176,
0.0281639099121,
0.0283961296082,
0.0307900905609,
0.0314469337463,
0.027715921402,
0.033264875412,
0.0316300392151,
0.0318748950958,
0.028510093689,
0.0287220478058,
0.032233953476,
0.0329079627991,
0.0435829162598,
0.0440618991852,
0.0372250080109,
0.0383369922638,
0.0596299171448,
0.0607378482819,
0.036593914032,
0.037291765213,
0.0352380275726,
0.0354599952698,
0.0307149887085,
0.0309009552002,
0.0301351547241,
0.0315661430359,
0.0301539897919,
0.0308690071106,
0.0286710262299,
0.0297260284424,
0.0319108963013,
0.0321478843689,
0.0281791687012,
0.0284249782562,
0.0348989963531,
0.0350940227509,
0.0386102199554,
0.0387871265411,
0.0267040729523,
0.027419090271,
0.0309231281281,
0.031613111496,
0.0356211662292,
0.0357949733734,
0.0350751876831,
0.0359129905701,
0.0343749523163,
0.0354158878326,
0.0332489013672,
0.0334508419037,
0.0342409610748,
0.0344300270081,
0.0328838825226,
0.0330698490143,
0.0315010547638,
0.0318682193756,
0.0309200286865,
0.0319709777832,
0.0246429443359,
0.0255720615387,
0.0317869186401,
0.0319809913635,
0.0276479721069,
0.0278398990631,
0.0291559696198,
0.0300190448761,
0.0374391078949,
0.037652015686,
0.0249979496002,
0.0252211093903,
0.0288670063019,
0.0294470787048,
0.0337569713593,
0.0343768596649,
0.0310389995575,
0.0312178134918,
0.0307748317719,
0.0309529304504,
0.0278038978577,
0.0280270576477,
0.0324189662933,
0.0326950550079,
0.0292580127716,
0.0294551849365,
0.0367140769958,
0.0368909835815,
0.0282988548279,
0.0284738540649,
0.0246031284332,
0.0247819423676,
0.0410828590393,
0.0419487953186,
0.0364811420441,
0.0366480350494,
0.0286259651184,
0.0288128852844,
0.0324759483337,
0.0327529907227,
0.0335009098053,
0.0344319343567,
0.039745092392,
0.0405921936035,
0.0353720188141,
0.0359439849854,
0.0315599441528,
0.0322279930115,
0.0267150402069,
0.0269830226898,
0.0314660072327,
0.031898021698,
0.035206079483,
0.0355339050293,
0.0368800163269,
0.0370919704437,
0.0324409008026,
0.0332670211792,
0.0282220840454,
0.0284111499786,
0.0272850990295,
0.027675151825,
0.0300769805908,
0.0305669307709,
0.0380330085754,
0.0385708808899,
0.0456280708313,
0.0458080768585,
0.0347089767456,
0.0357239246368,
0.0351669788361,
0.0358099937439,
0.0328497886658,
0.0331029891968,
0.0299398899078,
0.0301129817963,
0.0470390319824,
0.0472550392151,
0.0533170700073,
0.0534889698029,
0.0482950210571,
0.0491259098053,
0.0463888645172,
0.0472958087921,
0.030238866806,
0.030574798584,
0.0308878421783,
0.0310800075531,
0.0350880622864,
0.0352761745453,
0.0286798477173,
0.0288879871368,
0.0255010128021,
0.0257441997528,
0.0271408557892,
0.0275018215179,
0.0308599472046,
0.0310289859772,
0.0242221355438,
0.0252940654755,
0.0325081348419,
0.0326871871948,
0.0337600708008,
0.0339660644531,
0.0298178195953,
0.0305848121643,
0.0424320697784,
0.0426161289215,
0.0392451286316,
0.0396029949188,
0.0421290397644,
0.042295217514,
0.0284440517426,
0.0286741256714,
0.0301439762115,
0.0303349494934,
0.0350830554962,
0.036101102829,
0.0278310775757,
0.0280470848083,
0.0426409244537,
0.0434730052948,
0.0373749732971,
0.0377149581909,
0.0262711048126,
0.0271179676056,
0.0304670333862,
0.0319199562073,
0.0214319229126,
0.0228650569916,
0.0335869789124,
0.0340030193329,
0.0279679298401,
0.0282220840454,
0.0282468795776,
0.0284988880157,
0.0306718349457,
0.0313789844513,
0.10437297821,
0.104555130005,
0.0520000457764,
0.0522379875183,
0.0514948368073,
0.0517280101776,
0.055144071579,
0.0553278923035,
0.0306239128113,
0.0314559936523,
0.0363068580627,
0.0366868972778,
0.0416011810303,
0.042417049408,
0.0284729003906,
0.0287618637085,
0.0386950969696,
0.0389730930328,
0.0488309860229,
0.049546957016,
0.0218760967255,
0.0254499912262,
0.0176539421082,
0.0363249778748,
0.0307369232178,
0.0310578346252,
0.0307738780975,
0.0310518741608,
0.0250930786133,
0.0252950191498,
0.0239980220795,
0.0242419242859,
0.0350780487061,
0.0354499816895,
0.0366418361664,
0.0371580123901,
0.0385961532593,
0.0388391017914,
0.0451371669769,
0.0453610420227,
0.0392370223999,
0.0402028560638,
0.0417740345001,
0.0436429977417,
0.0341670513153,
0.0407381057739,
0.0262269973755,
0.02707695961,
0.0381932258606,
0.039332151413,
0.0401802062988,
0.0413460731506,
0.0372250080109,
0.037801027298,
0.0431580543518,
0.0438702106476,
0.0263869762421,
0.0271120071411,
0.0897481441498,
0.0903930664062,
0.0278899669647,
0.0289268493652,
0.0249059200287,
0.025092124939,
0.0326149463654,
0.0328450202942,
0.0258438587189,
0.0261180400848,
0.0362110137939,
0.0363969802856,
0.0304849147797,
0.0309269428253,
0.0302338600159,
0.0304498672485,
0.07106590271,
0.0712549686432,
0.0417580604553,
0.0462310314178,
0.0323719978333,
0.0325620174408,
0.028167963028,
0.0283470153809,
0.0273518562317,
0.0281879901886,
0.0247268676758,
0.025074005127,
0.0271599292755,
0.0273449420929,
0.0276658535004,
0.0278558731079,
0.0295648574829,
0.0301759243011,
0.0246160030365,
0.0248079299927,
0.0305409431458,
0.0307309627533,
0.0263531208038,
0.0265340805054,
0.0254371166229,
0.0257499217987,
0.0285220146179,
0.0287392139435,
0.0327467918396,
0.0329790115356,
0.0246350765228,
0.0250489711761,
0.0318899154663,
0.0320909023285,
0.0383410453796,
0.0385200977325,
0.0413529872894,
0.0426588058472,
0.0263199806213,
0.0264990329742,
0.0274481773376,
0.0276310443878,
0.0307419300079,
0.0310719013214,
0.0262777805328,
0.0264728069305,
0.0355629920959,
0.0358459949493,
0.0309240818024,
0.0316541194916,
0.0298790931702,
0.0307729244232,
0.0265309810638,
0.0276429653168,
0.03142786026,
0.0322329998016,
0.035315990448,
0.0356550216675,
0.0278189182281,
0.0280148983002,
0.0264801979065,
0.026878118515,
0.0322041511536,
0.0325491428375,
0.0311131477356,
0.0313811302185,
0.0252637863159,
0.0254728794098,
0.0266089439392,
0.02681183815,
0.0285148620605,
0.0287430286407,
0.0286061763763,
0.0290939807892,
0.0379440784454,
0.0381190776825,
0.0472810268402,
0.0474669933319,
0.0389430522919,
0.0391838550568,
0.0463819503784,
0.0465598106384,
0.038966178894,
0.0396931171417,
0.0459179878235,
0.0461139678955,
0.0278160572052,
0.0280292034149,
0.0337309837341,
0.0340740680695,
0.0355610847473,
0.0407240390778,
0.0263509750366,
0.0274660587311,
0.0298490524292,
0.0308918952942,
0.0261788368225,
0.0267460346222,
0.027813911438,
0.0284049510956,
0.10350394249,
0.00792789459229,
0.0386180877686,
0.0396778583527,
0.040011882782,
0.0403590202332,
0.0345380306244,
0.0348339080811,
0.102693080902,
0.102949142456,
0.0236060619354,
0.0237920284271,
0.0316588878632,
0.0318338871002,
0.0275650024414,
0.0278398990631,
0.030464887619,
0.0378999710083,
0.0298380851746,
0.0302460193634,
0.0480940341949,
0.0497469902039,
0.0363740921021,
0.0365359783173,
0.0621638298035,
0.0638098716736,
0.0294408798218,
0.0301280021667,
0.0208668708801,
0.0367739200592,
0.0367388725281,
0.0369980335236,
0.0241930484772,
0.0243740081787,
0.0281720161438,
0.0283551216125,
0.0423309803009,
0.0425069332123,
0.0274760723114,
0.0292160511017,
0.0401360988617,
0.0415811538696,
0.0386648178101,
0.0393500328064,
0.0406239032745,
0.0412619113922,
0.0210280418396,
0.0393979549408,
0.034138917923,
0.0348138809204,
0.0306770801544,
0.0308749675751,
0.0388629436493,
0.0391891002655,
0.0284111499786,
0.0288090705872,
0.0258851051331,
0.0266139507294,
0.0239541530609,
0.0355639457703,
0.0277140140533,
0.0295910835266,
0.0344090461731,
0.0346941947937,
0.0283889770508,
0.0291109085083,
0.0374739170074,
0.0378360748291,
0.0311489105225,
0.0322418212891,
0.0312089920044,
0.0319581031799,
0.0382931232452,
0.0387439727783,
0.0413930416107,
0.042102098465,
0.0367109775543,
0.037379026413,
0.0408561229706,
0.041216135025,
0.029275894165,
0.0297219753265,
0.0385398864746,
0.0388648509979,
0.046581029892,
0.0469419956207,
0.050302028656,
0.0505180358887,
0.0568070411682,
0.0571999549866,
0.0371539592743,
0.0379159450531,
0.0329880714417,
0.0331661701202,
0.0375320911407,
0.0379271507263,
0.025985956192,
0.0262939929962,
0.0287439823151,
0.029196023941,
0.0270218849182,
0.0272660255432,
0.0375740528107,
0.0380930900574,
0.0274250507355,
0.0280990600586,
0.0280239582062,
0.0327768325806,
0.0345149040222,
0.0352239608765,
0.0450878143311,
0.0461509227753,
0.0294489860535,
0.029678106308,
0.0398540496826,
0.0400748252869,
0.0394449234009,
0.0397090911865,
0.0430588722229,
0.0433177947998,
0.0516610145569,
0.0520260334015,
0.0398569107056,
0.0406649112701,
0.0436918735504,
0.0439138412476,
0.0459649562836,
0.0464291572571,
0.0400428771973,
0.0402438640594,
0.0506548881531,
0.0515279769897,
0.0345418453217,
0.0353188514709,
0.0448570251465,
0.0458579063416,
0.0289268493652,
0.0299429893494,
0.0383260250092,
0.0387771129608,
0.0252740383148,
0.0257821083069,
0.0287849903107,
0.0293600559235,
0.0294661521912,
0.0302820205688,
0.0263869762421,
0.0267658233643,
0.028443813324,
0.029070854187,
0.0287389755249,
0.0289311408997,
0.0352311134338,
0.0357789993286,
0.0386800765991,
0.0393309593201,
0.0272631645203,
0.0277941226959,
0.0469150543213,
0.0475051403046,
0.0246179103851,
0.0254218578339,
0.0383620262146,
0.0394141674042,
0.0343370437622,
0.0345590114594,
0.028578042984,
0.0287852287292,
0.0374019145966,
0.0379791259766,
0.0326268672943,
0.0333490371704,
0.0240199565887,
0.0242989063263,
0.0279421806335,
0.0281569957733,
0.129554033279,
0.0276620388031,
0.0852029323578,
0.0856599807739,
0.0315611362457,
0.0341670513153,
0.023325920105,
0.024258852005,
0.0327019691467,
0.0331048965454,
0.0541009902954,
0.0545008182526,
0.0378789901733,
0.039069890976,
0.0360012054443,
0.0367419719696,
0.0345361232758,
0.0390410423279,
0.0512139797211,
0.0515320301056,
0.0746920108795,
0.0754210948944,
0.049131155014,
0.0494201183319,
0.0842921733856,
0.0847370624542,
0.0148940086365,
0.0288150310516,
0.0485219955444,
0.0504229068756,
0.0410640239716,
0.0420699119568,
0.0180628299713,
0.0338699817657,
0.0275650024414,
0.027755022049,
0.0673580169678,
0.0675511360168,
0.029235124588,
0.0298211574554,
0.0315680503845,
0.0321590900421,
0.0273778438568,
0.0280020236969,
0.0473520755768,
0.0480740070343,
0.0320799350739,
0.0323638916016,
0.0320460796356,
0.0322091579437,
0.0451610088348,
0.0454518795013,
0.0258898735046,
0.0260770320892,
0.0348989963531,
0.0353610515594,
0.0341000556946,
0.0343501567841,
0.0374481678009,
0.0376579761505,
0.0349791049957,
0.0351660251617,
0.0252859592438,
0.0255270004272,
0.0263020992279,
0.0334541797638,
0.0310430526733,
0.0312340259552,
0.037230014801,
0.0374529361725,
0.0371909141541,
0.0373840332031,
0.0255439281464,
0.0257308483124,
0.0324749946594,
0.0326950550079,
0.0534298419952,
0.0537118911743,
0.0389399528503,
0.040148973465,
0.0298700332642,
0.0305840969086,
0.0279960632324,
0.0288491249084,
0.028135061264,
0.0288879871368,
0.0286247730255,
0.0288038253784,
0.0271141529083,
0.0273051261902,
0.0251259803772,
0.0253241062164,
0.0317392349243,
0.0319211483002,
0.0329039096832,
0.0331299304962,
0.0238568782806,
0.0240349769592,
0.0239498615265,
0.02423787117,
0.0274591445923,
0.0276460647583,
0.0241250991821,
0.0243589878082,
0.029109954834,
0.0293068885803,
0.0225419998169,
0.0236201286316,
0.0286319255829,
0.029433965683,
0.0281069278717,
0.0283601284027,
0.0320198535919,
0.0322589874268,
0.0262489318848,
0.0264348983765,
0.0326538085938,
0.0329530239105,
0.044426202774,
0.0467312335968,
0.0508649349213,
0.0511939525604,
0.0397441387177,
0.0400340557098,
0.0417098999023,
0.0419199466705,
0.037780046463,
0.0381569862366,
0.0263381004333,
0.0268790721893,
0.0356209278107,
0.0357880592346,
0.0263068675995,
0.0265400409698,
0.0247299671173,
0.0249619483948,
0.0298042297363,
0.0301880836487,
0.0270462036133,
0.0272841453552,
0.0305621623993,
0.030748128891,
0.0265839099884,
0.0268268585205,
0.0323309898376,
0.0329430103302,
0.025358915329,
0.0260479450226,
0.032958984375,
0.0336902141571,
0.0288569927216,
0.0298869609833,
0.0291180610657,
0.0298850536346,
0.0292630195618,
0.0299940109253,
0.0328168869019,
0.0329978466034,
0.0277631282806,
0.0280780792236,
0.0278680324554,
0.0281720161438,
0.0265939235687,
0.0268929004669,
0.0259928703308,
0.026359796524,
0.0260939598083,
0.0262830257416,
0.0228800773621,
0.0230829715729,
0.0297260284424,
0.0321450233459,
0.0324540138245,
0.0339248180389,
0.0254991054535,
0.0257091522217,
0.0348660945892,
0.0354249477386,
0.031877040863,
0.0330419540405,
0.0373520851135,
0.0381729602814,
0.0331859588623,
0.0339498519897,
0.0323119163513,
0.0329117774963,
0.0297739505768,
0.0301949977875,
0.0297439098358,
0.0299320220947,
0.0291268825531,
0.029314994812,
0.0328869819641,
0.033066034317,
0.0319311618805,
0.0322451591492,
0.0266690254211,
0.0269899368286,
0.036388874054,
0.0367658138275,
0.0424160957336,
0.0428700447083,
0.0261709690094,
0.0268568992615,
0.0300929546356,
0.0308680534363,
0.0304629802704,
0.0312252044678,
0.0310859680176,
0.0313429832458,
0.029168844223,
0.0294380187988,
0.0315067768097,
0.0316867828369,
0.0301761627197,
0.0303580760956,
0.0300939083099,
0.030287027359,
0.0296521186829,
0.0298850536346,
0.0323531627655,
0.032662153244,
0.0277659893036,
0.0279569625854,
0.0296561717987,
0.0298449993134,
0.0325870513916,
0.0327799320221,
0.0322239398956,
0.0324578285217,
0.0321528911591,
0.032427072525,
0.0393121242523,
0.0394899845123,
0.0266709327698,
0.0276238918304,
0.0469360351562,
0.0472319126129,
0.0323638916016,
0.0325939655304,
0.0275828838348,
0.0281708240509,
0.0394830703735,
0.0421369075775,
0.0368900299072,
0.0377390384674,
0.0256729125977,
0.027988910675,
0.0305998325348,
0.0307819843292,
0.0403938293457,
0.0406568050385,
0.0244190692902,
0.0247740745544,
0.0358119010925,
0.0360398292542,
0.0362210273743,
0.0364148616791,
0.0289800167084,
0.0292100906372,
0.0814671516418,
0.081864118576,
0.0318269729614,
0.034921169281,
0.0257089138031,
0.0259311199188,
0.0273621082306,
0.0275819301605,
0.0327060222626,
0.0330028533936,
0.040589094162,
0.0408420562744,
0.0257699489594,
0.0272178649902,
0.0275900363922,
0.0278198719025,
0.03972697258,
0.040421962738,
0.029198884964,
0.029746055603,
0.0472898483276,
0.0482249259949,
0.0315201282501,
0.031690120697,
0.029844045639,
0.0300240516663,
0.0260310173035,
0.0262761116028,
0.0293779373169,
0.0297698974609,
0.02894115448,
0.0291450023651,
0.0274410247803,
0.0277209281921,
0.027193069458,
0.0274341106415,
0.0327529907227,
0.0329689979553,
0.0293428897858,
0.0295219421387,
0.026603937149,
0.0268979072571,
0.0234360694885,
0.0236170291901,
0.0253779888153,
0.0255670547485,
0.025050163269,
0.0252630710602,
0.0269930362701,
0.0273082256317,
0.02619099617,
0.0263948440552,
0.0287489891052,
0.0289299488068,
0.0262808799744,
0.0264699459076,
0.0282809734344,
0.0285470485687,
0.0239489078522,
0.0243499279022,
0.0292739868164,
0.030179977417,
0.0327460765839,
0.0339860916138,
0.0305948257446,
0.0315179824829,
0.034373998642,
0.0345549583435,
0.0316610336304,
0.0318419933319,
0.0241570472717,
0.0258898735046,
0.0272350311279,
0.028067111969,
0.0309197902679,
0.0314857959747,
0.0286500453949,
0.0289490222931,
0.0448319911957,
0.0497210025787,
0.0289452075958,
0.0296840667725,
0.0403389930725,
0.0406129360199,
0.0269401073456,
0.0276479721069,
0.0270729064941,
0.0279738903046,
0.0326709747314,
0.0333969593048,
0.0308611392975,
0.0321230888367,
0.0280928611755,
0.0294468402863,
0.0266630649567,
0.0273759365082,
0.027706861496,
0.0287079811096,
0.0288050174713,
0.029522895813,
0.0401549339294,
0.0403378009796,
0.0287618637085,
0.0290999412537,
0.0265200138092,
0.0267059803009,
0.0255949497223,
0.0258331298828,
0.0254490375519,
0.0256481170654,
0.0223178863525,
0.0224919319153,
0.0263500213623,
0.0265340805054,
0.02614402771,
0.0263259410858,
0.0366678237915,
0.0374569892883,
0.0337309837341,
0.0343179702759,
0.0372989177704,
0.0375559329987,
0.035120010376,
0.0353059768677,
0.0306351184845,
0.03089594841,
0.031406879425,
0.0316138267517,
0.0314128398895,
0.0321109294891,
0.0267598628998,
0.0269498825073,
0.030925989151,
0.0313200950623,
0.0333199501038,
0.033695936203,
0.0235450267792,
0.0245649814606,
0.0350081920624,
0.0357880592346,
0.0259621143341,
0.0265321731567,
0.0313401222229,
0.0315310955048,
0.0317561626434,
0.0327532291412,
0.0253441333771,
0.0257971286774,
0.0425751209259,
0.0435330867767,
0.0282719135284,
0.0286071300507,
0.0316598415375,
0.032280921936,
0.0310389995575,
0.0316319465637,
0.0279450416565,
0.0282640457153,
0.0316491127014,
0.0318369865417,
0.0269079208374,
0.0270919799805,
0.0307009220123,
0.0308940410614,
0.0345280170441,
0.0348420143127,
0.0366401672363,
0.0369479656219,
0.0259511470795,
0.026134967804,
0.0258781909943,
0.0260541439056,
0.02561211586,
0.0257999897003,
0.0290791988373,
0.0292770862579,
0.0278351306915,
0.0280270576477,
0.0223748683929,
0.0233390331268,
0.0295698642731,
0.029748916626,
0.0360679626465,
0.0362539291382,
0.0398600101471,
0.0400428771973,
0.0258500576019,
0.0264320373535,
0.0283050537109,
0.0289340019226,
0.0229070186615,
0.0235078334808,
0.0297310352325,
0.0299961566925,
0.0293900966644,
0.0295701026917,
0.0252430438995,
0.0254600048065,
0.0275678634644,
0.0278198719025,
0.0314700603485,
0.0317342281342,
0.0351440906525,
0.035355091095,
0.0309159755707,
0.0311019420624,
0.0295450687408,
0.0297470092773,
0.0293688774109,
0.0295538902283,
0.0327820777893,
0.0329639911652,
0.0329940319061,
0.0337400436401,
0.0446639060974,
0.0455098152161,
0.0358800888062,
0.0361440181732,
0.0284249782562,
0.0287630558014,
0.0330879688263,
0.0353288650513,
0.0291669368744,
0.0303709506989,
0.0386941432953,
0.0399520397186,
0.0352380275726,
0.0355780124664,
0.0246698856354,
0.0249938964844,
0.0280871391296,
0.0283939838409,
0.0289220809937,
0.0292360782623,
0.0275189876556,
0.0279350280762,
0.0291619300842,
0.0295760631561,
0.0292110443115,
0.0295031070709,
0.0285098552704,
0.0287218093872,
0.0284979343414,
0.0287299156189,
0.0335350036621,
0.0341880321503,
0.0248520374298,
0.0250461101532,
0.0261018276215,
0.0268948078156,
0.0285019874573,
0.0293970108032,
0.0267200469971,
0.0268929004669,
0.0246479511261,
0.0248379707336,
0.0316200256348,
0.0323050022125,
0.027370929718,
0.0279588699341,
0.0247960090637,
0.0288619995117,
0.0640709400177,
0.0685420036316,
0.0272560119629,
0.0274310112,
0.0296800136566,
0.0303919315338,
0.0299780368805,
0.0306990146637,
0.0301010608673,
0.0302810668945,
0.0285768508911,
0.0288178920746,
0.0268130302429,
0.0272200107574,
0.0331010818481,
0.0337371826172,
0.0331079959869,
0.0341410636902,
0.0282399654388,
0.0289270877838,
0.0295810699463,
0.029855966568,
0.0312080383301,
0.0314788818359,
0.0335879325867,
0.0337808132172,
0.0311629772186,
0.0313429832458,
0.026789188385,
0.0269711017609,
0.031317949295,
0.0319969654083,
0.0263998508453,
0.0271298885345,
0.0277709960938,
0.0280439853668,
0.0208868980408,
0.0210599899292,
0.0286321640015,
0.0288300514221,
0.0288400650024,
0.0291221141815,
0.030378818512,
0.0305697917938,
0.0283110141754,
0.0284969806671,
0.0276980400085,
0.0279130935669,
0.0267689228058,
0.026957988739,
0.0244290828705,
0.0246181488037,
0.0279068946838,
0.0282459259033,
0.031170129776,
0.031368970871,
0.0264580249786,
0.0266330242157,
0.0283739566803,
0.0290958881378,
0.0352001190186,
0.0363259315491,
0.0297150611877,
0.0303540229797,
0.0251331329346,
0.0257139205933,
0.0435080528259,
0.0441410541534,
0.0626080036163,
0.0629780292511,
0.0241508483887,
0.0243999958038,
0.0319590568542,
0.032947063446,
0.0334072113037,
0.0340421199799,
0.0408811569214,
0.0415921211243,
0.0270991325378,
0.0280351638794,
0.0403988361359,
0.0411219596863,
0.0301358699799,
0.0305449962616,
0.0252838134766,
0.0255558490753,
0.0321450233459,
0.0324630737305,
0.0257260799408,
0.0259099006653,
0.0281629562378,
0.0283510684967,
0.0279181003571,
0.0281000137329,
0.0522019863129,
0.0529868602753,
0.0261771678925,
0.0263721942902,
0.0319330692291,
0.0321450233459,
0.0244069099426,
0.0248258113861,
0.0385389328003,
0.038712978363,
0.028284072876,
0.02849817276,
0.0257449150085,
0.0259439945221,
0.0278580188751,
0.0280320644379,
0.0277872085571,
0.0280451774597,
0.0404999256134,
0.0418930053711,
0.0569331645966,
0.0571260452271,
0.0747008323669,
0.0750210285187,
0.0320699214935,
0.0322690010071,
0.0277099609375,
0.0279619693756,
0.0280430316925,
0.028235912323,
0.0507748126984,
0.0510139465332,
0.060112953186,
0.0606420040131,
0.0286829471588,
0.029552936554,
0.0295381546021,
0.0304901599884,
0.0276980400085,
0.028510093689,
0.0294740200043,
0.0301959514618,
0.0247650146484,
0.0257880687714,
0.0271239280701,
0.0279088020325,
0.0313558578491,
0.03209400177,
0.032812833786,
0.0335178375244,
0.0350270271301,
0.0352590084076,
0.02570104599,
0.0258851051331,
0.0299489498138,
0.0303061008453,
0.0357799530029,
0.0361518859863,
0.0273480415344,
0.0275318622589,
0.0291590690613,
0.0293622016907,
0.0254650115967,
0.0256459712982,
0.0254831314087,
0.0256650447845,
0.0249979496002,
0.0252258777618,
0.0277690887451,
0.0285110473633,
0.0377159118652,
0.0380630493164,
0.027538061142,
0.0281431674957,
0.0247700214386,
0.025337934494,
0.0293569564819,
0.0296638011932,
0.0275158882141,
0.0278129577637,
0.0334920883179,
0.0339488983154,
0.0404779911041,
0.0407509803772,
0.0272300243378,
0.0276851654053,
0.0438368320465,
0.0447218418121,
0.0279278755188,
0.0282409191132,
0.0323867797852,
0.033185005188,
0.0423340797424,
0.0426030158997,
0.0523769855499,
0.0526931285858,
0.0303699970245,
0.0305399894714,
0.0311281681061,
0.0318970680237,
0.103409051895,
0.00363993644714,
0.0301721096039,
0.0304040908813,
0.0266950130463,
0.0273830890656,
0.0319218635559,
0.0325520038605,
0.0268571376801,
0.0275521278381,
0.090224981308,
0.0905158519745,
0.0398769378662,
0.0401470661163,
0.0860497951508,
0.0863537788391,
0.0284790992737,
0.0292179584503,
0.0253698825836,
0.0274949073792,
0.0289828777313,
0.0320448875427,
0.0392889976501,
0.0400519371033,
0.0302429199219,
0.0308368206024,
0.0214290618896,
0.02592420578,
0.0269451141357,
0.0271542072296,
0.0266728401184,
0.0268709659576,
0.0758450031281,
0.078204870224,
0.0444030761719,
0.0541260242462,
0.0299818515778,
0.0305149555206,
0.0369579792023,
0.037761926651,
0.0275049209595,
0.0276989936829,
0.0397539138794,
0.0402879714966,
0.0297360420227,
0.030492067337,
0.0324809551239,
0.0328810214996,
0.028755903244,
0.0290908813477,
0.0232729911804,
0.0234949588776,
0.0367300510406,
0.0377440452576,
0.0313529968262,
0.0323550701141,
0.0254318714142,
0.0260498523712,
0.0357081890106,
0.0362989902496,
0.0317010879517,
0.0321469306946,
0.02792096138,
0.0284469127655,
0.0306839942932,
0.0312979221344,
0.0382108688354,
0.0397279262543,
0.0371341705322,
0.0398030281067,
0.0349299907684,
0.0355348587036,
0.0308589935303,
0.031524181366,
0.0472059249878,
0.047975063324,
0.0453100204468,
0.0456991195679,
0.0304918289185,
0.030690908432,
0.0921068191528,
0.0924777984619,
0.0316951274872,
0.0318779945374,
0.0269618034363,
0.0272498130798,
0.0339858531952,
0.0350668430328,
0.0252161026001,
0.0274951457977,
0.0305309295654,
0.031555891037,
0.0261368751526,
0.0267779827118,
0.0348100662231,
0.0355591773987,
0.0520131587982,
0.052227973938,
0.0319380760193,
0.0326859951019,
0.0259020328522,
0.026111125946,
0.0360610485077,
0.0364971160889,
0.0447850227356,
0.0474231243134,
0.0286428928375,
0.0290689468384,
0.0356588363647,
0.0359518527985,
0.0345158576965,
0.0367619991302,
0.0278589725494,
0.0285241603851,
0.0270290374756,
0.027251958847,
0.0380139350891,
0.0382549762726,
0.0316309928894,
0.032744884491,
0.0306279659271,
0.0309698581696,
0.0270490646362,
0.0276610851288,
0.0233509540558,
0.0236120223999,
0.0326030254364,
0.0329599380493,
0.0216159820557,
0.021880865097,
0.0294201374054,
0.0296339988708,
0.026939868927,
0.0277500152588,
0.0253610610962,
0.0259690284729,
0.0435190200806,
0.0445790290833,
0.0446660518646,
0.0470769405365,
0.0272328853607,
0.0325319766998,
0.0364370346069,
0.0367910861969,
0.0279960632324,
0.0282170772552,
0.036957025528,
0.0371570587158,
0.0261108875275,
0.0262889862061,
0.0274369716644,
0.0281450748444,
0.0290379524231,
0.0293037891388,
0.0318200588226,
0.0322210788727,
0.0212728977203,
0.023453950882,
0.0290219783783,
0.0298249721527,
0.0286819934845,
0.0297839641571,
0.0321750640869,
0.0324029922485,
0.0361709594727,
0.0364601612091,
0.0266771316528,
0.0268590450287,
0.026750087738,
0.0269138813019,
0.0212750434875,
0.0214579105377,
0.0351300239563,
0.0363280773163,
0.0269799232483,
0.0273098945618,
0.0275950431824,
0.0277750492096,
0.0266370773315,
0.0268449783325,
0.0260241031647,
0.0263080596924,
0.034008026123,
0.0342390537262,
0.0290169715881,
0.0294549465179,
0.0284881591797,
0.0288441181183,
0.0232231616974,
0.0236160755157,
0.0575561523438,
0.0582010746002,
0.0320708751678,
0.0326800346375,
0.0247831344604,
0.0254600048065,
0.0283000469208,
0.0290830135345,
0.0289499759674,
0.029198884964,
0.0394721031189,
0.0402541160583,
0.0461640357971,
0.0465240478516,
0.0420341491699,
0.0422170162201,
0.0484068393707,
0.0487189292908,
0.0442969799042,
0.0446710586548,
0.0601191520691,
0.0605189800262,
0.0299549102783,
0.0302407741547,
0.0260248184204,
0.027557849884,
0.0776600837708,
0.0783700942993,
0.0265400409698,
0.0273699760437,
0.0291349887848,
0.0296719074249,
0.026841878891,
0.0273859500885,
0.0304708480835,
0.0310969352722,
0.028510093689,
0.0291769504547,
0.0283398628235,
0.029002904892,
0.0298490524292,
0.0306971073151,
0.0294411182404,
0.0300581455231,
0.0265531539917,
0.0274460315704,
0.0290129184723,
0.0292229652405,
0.025750875473,
0.0260100364685,
0.0346541404724,
0.0350360870361,
0.0269200801849,
0.0272080898285,
0.0360291004181,
0.0363011360168,
0.0589320659637,
0.0593240261078,
0.0413539409637,
0.0418491363525,
0.0314111709595,
0.0320281982422,
0.0248591899872,
0.0254731178284,
0.0325729846954,
0.0334210395813,
0.0331490039825,
0.0333371162415,
0.0288259983063,
0.0292348861694,
0.033499956131,
0.0346949100494,
0.041002035141,
0.0412101745605,
0.0404229164124,
0.0408999919891,
0.0362057685852,
0.0363759994507,
0.0403678417206,
0.04057097435,
0.0294110774994,
0.0296111106873,
0.0253279209137,
0.0255310535431,
0.0292971134186,
0.0303931236267,
0.0294878482819,
0.0297050476074,
0.0257778167725,
0.0259537696838,
0.0246231555939,
0.0283720493317,
0.0324330329895,
0.0326151847839,
0.0311441421509,
0.031485080719,
0.0378499031067,
0.0382189750671,
0.0610420703888,
0.0612800121307,
0.0364191532135,
0.0367670059204,
0.0325582027435,
0.0328781604767,
0.0396862030029,
0.0400540828705,
0.0420908927917,
0.0423889160156,
0.0332870483398,
0.0334968566895,
0.02783203125,
0.0280251502991,
0.0203540325165,
0.0318670272827,
0.0219259262085,
0.0222179889679,
0.0295331478119,
0.029865026474,
0.0252451896667,
0.0254690647125,
0.0347921848297,
0.0353200435638,
0.0285742282867,
0.0288841724396,
0.0281620025635,
0.0284769535065,
0.0317919254303,
0.0320060253143,
0.0271928310394,
0.0275540351868,
0.0305819511414,
0.0309128761292,
0.0252649784088,
0.025661945343,
0.0246539115906,
0.0248508453369,
0.0256199836731,
0.025810956955,
0.0296580791473,
0.029844045639,
0.0250070095062,
0.0253601074219,
0.0296440124512,
0.032191991806,
0.0298719406128,
0.0300498008728,
0.0266411304474,
0.0268380641937,
0.0289089679718,
0.0314359664917,
0.0292689800262,
0.0295879840851,
0.0232329368591,
0.0235497951508,
0.0314161777496,
0.03160405159,
0.0206871032715,
0.0208721160889,
0.0216600894928,
0.022027015686,
0.0310089588165,
0.0312249660492,
0.0255780220032,
0.0258378982544,
0.0311601161957,
0.0314710140228,
0.028491973877,
0.0286619663239,
0.0272560119629,
0.0276019573212,
0.0283160209656,
0.0284988880157,
0.0282888412476,
0.0286009311676,
0.0273370742798,
0.0277509689331,
0.0312712192535,
0.0314431190491,
0.0262770652771,
0.0264739990234,
0.0259900093079,
0.0264570713043,
0.0348019599915,
0.035050868988,
0.0289409160614,
0.029659986496,
0.0287330150604,
0.0294919013977,
0.0278038978577,
0.0323610305786,
0.0355739593506,
0.0359230041504,
0.0339879989624,
0.0342161655426,
0.0354599952698,
0.035679101944,
0.0255661010742,
0.0258600711823,
0.0324511528015,
0.0331521034241,
0.0285959243774,
0.0291080474854,
0.0343751907349,
0.0347051620483,
0.0324540138245,
0.0326910018921,
0.0333111286163,
0.0336401462555,
0.0329167842865,
0.0332479476929,
0.0297498703003,
0.0304589271545,
0.0272569656372,
0.0274498462677,
0.0207769870758,
0.0210869312286,
0.0252890586853,
0.0255968570709,
0.0285310745239,
0.0287590026855,
0.0271799564362,
0.0275321006775,
0.0270450115204,
0.0272889137268,
0.0281109809875,
0.0283060073853,
0.027116060257,
0.0273230075836,
0.0250189304352,
0.0252389907837,
0.0273270606995,
0.0277240276337,
0.0331740379333,
0.0335550308228,
0.0294361114502,
0.0301971435547,
0.0275249481201,
0.0277869701385,
0.0230369567871,
0.0232901573181,
0.0284280776978,
0.0286660194397,
0.0304310321808,
0.031093120575,
0.0331518650055,
0.0338008403778,
0.0264649391174,
0.0268008708954,
0.0294790267944,
0.0319409370422,
0.0279579162598,
0.0281589031219,
0.0318119525909,
0.0320658683777,
0.034530878067,
0.0347170829773,
0.0303590297699,
0.0305440425873,
0.0351591110229,
0.0353422164917,
0.0322189331055,
0.032438993454,
0.0326979160309,
0.0329058170319,
0.0326550006866,
0.0329940319061,
0.0326488018036,
0.0329737663269,
0.0380139350891,
0.0401477813721,
0.0245940685272,
0.0247881412506,
0.0305898189545,
0.0307879447937,
0.0258028507233,
0.0260210037231,
0.0251400470734,
0.0253798961639,
0.0331859588623,
0.0335729122162,
0.0306060314178,
0.0308768749237,
0.0321719646454,
0.0329070091248,
0.0285201072693,
0.0290729999542,
0.0351138114929,
0.0356860160828,
0.0312180519104,
0.0318050384521,
0.0361530780792,
0.0371441841125,
0.0461361408234,
0.0465841293335,
0.0262100696564,
0.0266251564026,
0.0299501419067,
0.0303001403809,
0.0934090614319,
0.0939629077911,
0.0730540752411,
0.073753118515,
0.0264320373535,
0.0268211364746,
0.0284309387207,
0.0287621021271,
0.0238831043243,
0.0241010189056,
0.022304058075,
0.0225059986115,
0.0260820388794,
0.0264542102814,
0.0284028053284,
0.0286519527435,
0.0302860736847,
0.0304980278015,
0.0393879413605,
0.0397369861603,
0.0262839794159,
0.0264949798584,
0.0283179283142,
0.0287148952484,
0.0262379646301,
0.0264620780945,
0.0282571315765,
0.0284790992737,
0.0271368026733,
0.0275468826294,
0.0265419483185,
0.0269529819489,
0.0278508663177,
0.0285139083862,
0.0320479869843,
0.0325529575348,
0.0349411964417,
0.0351421833038,
0.0282330513,
0.0287399291992,
0.0376482009888,
0.0383710861206,
0.0367338657379,
0.0373179912567,
0.0389659404755,
0.0396890640259,
0.0355958938599,
0.0363619327545,
0.0569410324097,
0.0578608512878,
0.0385301113129,
0.039165019989,
0.0294559001923,
0.0301389694214,
0.0293531417847,
0.0428099632263,
0.0220391750336,
0.0392951965332,
0.0360839366913,
0.0382769107819,
0.0358369350433,
0.0371379852295,
0.0486781597137,
0.0489139556885,
0.0437760353088,
0.0444529056549,
0.0706520080566,
0.0714540481567,
0.0446259975433,
0.0456399917603,
0.0494911670685,
0.0502631664276,
0.0289280414581,
0.0291390419006,
0.0256400108337,
0.0259108543396,
0.0268969535828,
0.027134180069,
0.0315680503845,
0.0318069458008,
0.0359728336334,
0.0367829799652,
0.0377130508423,
0.037889957428,
0.027410030365,
0.0277841091156,
0.026654958725,
0.0270578861237,
0.0229671001434,
0.023246049881,
0.0272769927979,
0.0274660587311,
0.0315670967102,
0.0319640636444,
0.0299949645996,
0.0303690433502,
0.0293829441071,
0.029669046402,
0.0303320884705,
0.0308191776276,
0.0274579524994,
0.0276811122894,
0.029196023941,
0.0298101902008,
0.0319488048553,
0.0321838855743,
0.0290009975433,
0.0292358398438,
0.029128074646,
0.0300440788269,
0.0309641361237,
0.0311870574951,
0.0311050415039,
0.0318200588226,
0.0403170585632,
0.0411860942841,
0.0449318885803,
0.0455310344696,
0.0286250114441,
0.0295259952545,
0.0360939502716,
0.0381510257721,
0.0255980491638,
0.0264360904694,
0.0327930450439,
0.0329599380493,
0.028477191925,
0.0288510322571,
0.0270428657532,
0.0280239582062,
0.0329420566559,
0.0336000919342,
0.0292899608612,
0.0301859378815,
0.0319130420685,
0.0324449539185,
0.0359089374542,
0.0396819114685,
0.0386021137238,
0.0391161441803,
0.0409269332886,
0.0416140556335,
0.0287599563599,
0.0292720794678,
0.0632219314575,
0.063462972641,
0.0399959087372,
0.0402448177338,
0.0439910888672,
0.0449450016022,
0.0333869457245,
0.0341830253601,
0.0265839099884,
0.0268249511719,
0.0297439098358,
0.0299768447876,
0.0239658355713,
0.0300948619843,
0.029079914093,
0.0294160842896,
0.0283210277557,
0.0285530090332,
0.0263271331787,
0.0265431404114,
0.0332109928131,
0.0335788726807,
0.0300171375275,
0.0303602218628,
0.0327360630035,
0.032947063446,
0.0264329910278,
0.026645898819,
0.0285220146179,
0.02943110466,
0.0303618907928,
0.0305488109589,
0.03617811203,
0.0364310741425,
0.0313181877136,
0.0315551757812,
0.0274119377136,
0.0277369022369,
0.0385091304779,
0.0388541221619,
0.0301959514618,
0.0304188728333,
0.0323419570923,
0.0326359272003,
0.0390961170197,
0.0393769741058,
0.0386490821838,
0.0398681163788,
0.0331358909607,
0.0338020324707,
0.032842874527,
0.0330379009247,
0.0305659770966,
0.0311870574951,
0.0304360389709,
0.0307509899139,
0.0288920402527,
0.0472979545593,
0.0372500419617,
0.0378351211548,
0.0267431735992,
0.0274271965027,
0.0319969654083,
0.0322418212891,
0.025778055191,
0.0265738964081,
0.0392830371857,
0.0402388572693,
0.0240688323975,
0.0243089199066,
0.0304780006409,
0.0306921005249,
0.0240249633789,
0.0252330303192,
0.0297119617462,
0.0317368507385,
0.045487165451,
0.0458211898804,
0.030562877655,
0.0312340259552,
0.0366928577423,
0.0368928909302,
0.0281989574432,
0.028578042984,
0.0270390510559,
0.0273270606995,
0.027979850769,
0.0281920433044,
0.0307359695435,
0.0309770107269,
0.0258729457855,
0.0261290073395,
0.0328080654144,
0.0334868431091,
0.0274670124054,
0.0276501178741,
0.04217004776,
0.042690038681,
0.0292558670044,
0.0517799854279,
0.0323610305786,
0.0325901508331,
0.0325930118561,
0.0337550640106,
0.0277938842773,
0.0279979705811,
0.051707983017,
0.0521697998047,
0.0240910053253,
0.0244338512421,
0.0325639247894,
0.0333428382874,
0.029659986496,
0.029914855957,
0.0499360561371,
0.0502409934998,
0.0364561080933,
0.0368590354919,
0.0472159385681,
0.0481338500977,
0.0338549613953,
0.0351979732513,
0.0353190898895,
0.0362620353699,
0.0408709049225,
0.0417850017548,
0.0368978977203,
0.0370879173279,
0.0274119377136,
0.0276229381561,
0.0425930023193,
0.0428490638733,
0.0277950763702,
0.0281000137329,
0.0316700935364,
0.0321481227875,
0.0300281047821,
0.0302360057831,
0.0298988819122,
0.0301048755646,
0.0288200378418,
0.0329120159149,
0.0324249267578,
0.0326008796692,
0.0321888923645,
0.0324120521545,
0.0368041992188,
0.0370450019836,
0.0325818061829,
0.0329349040985,
0.0596921443939,
0.0600051879883,
0.0288112163544,
0.0290431976318,
0.0488708019257,
0.0490469932556,
0.0417821407318,
0.0419640541077,
0.0423829555511,
0.0427498817444,
0.0437500476837,
0.0442280769348,
0.0274920463562,
0.0280780792236,
0.0606899261475,
0.0620899200439,
0.0510311126709,
0.0515971183777,
0.0336441993713,
0.0339570045471,
0.0288050174713,
0.0291669368744,
0.0327060222626,
0.0333549976349,
0.0368349552155,
0.0374848842621,
0.0282280445099,
0.0284950733185,
0.0330679416656,
0.0332729816437,
0.0234107971191,
0.0235838890076,
0.0268750190735,
0.0270659923553,
0.0389931201935,
0.0392110347748,
0.0387148857117,
0.0389869213104,
0.0360569953918,
0.0363478660583,
0.0326070785522,
0.0328040122986,
0.0449941158295,
0.0452389717102,
0.0361640453339,
0.0366690158844,
0.0223309993744,
0.0269420146942,
0.0269339084625,
0.0271768569946,
0.0304079055786,
0.0306308269501,
0.0352160930634,
0.0355250835419,
0.026261806488,
0.0265648365021,
0.0282068252563,
0.0286560058594,
0.031898021698,
0.032222032547,
0.0251359939575,
0.0253260135651,
0.0289151668549,
0.0292980670929,
0.0324161052704,
0.0326819419861,
0.0331709384918,
0.0336980819702,
0.0357899665833,
0.0359690189362,
0.0294580459595,
0.029639005661,
0.0385341644287,
0.0390050411224,
0.0311489105225,
0.0315978527069,
0.0288240909576,
0.0293729305267,
0.0331559181213,
0.0348808765411,
0.0359160900116,
0.0365979671478,
0.0247650146484,
0.025386095047,
0.0285840034485,
0.0291700363159,
0.0297620296478,
0.0303511619568,
0.0340070724487,
0.0346140861511,
0.0320239067078,
0.0322389602661,
0.0286290645599,
0.0288560390472,
0.030247926712,
0.0304379463196,
0.0237448215485,
0.0246398448944,
0.026978969574,
0.0271890163422,
0.0283899307251,
0.0288310050964,
0.0301370620728,
0.0306780338287,
0.0266060829163,
0.0269720554352,
0.0221841335297,
0.0227971076965,
0.0355629920959,
0.0389997959137,
0.0276439189911,
0.0278260707855,
0.0294139385223,
0.0295958518982,
0.0243031978607,
0.0245630741119,
0.0383100509644,
0.0386140346527,
0.0383281707764,
0.0385031700134,
0.0319490432739,
0.032851934433,
0.0316140651703,
0.0322549343109,
0.0321409702301,
0.0337789058685,
0.0273499488831,
0.0275368690491,
0.0258328914642,
0.0260829925537,
0.0264558792114,
0.0267949104309,
0.0288918018341,
0.029531955719,
0.0285921096802,
0.0292711257935,
0.0259921550751,
0.0266311168671,
0.026398897171,
0.0272469520569,
0.0219759941101,
0.0232739448547,
0.0323891639709,
0.0333261489868,
0.025899887085,
0.0264389514923,
0.0354080200195,
0.0359380245209,
0.0284521579742,
0.0337309837341,
0.0622148513794,
0.0640959739685,
0.039783000946,
0.0445468425751,
0.0220699310303,
0.0393478870392,
0.0513198375702,
0.0521879196167,
0.0286819934845,
0.0292780399323,
0.0266330242157,
0.0273470878601,
0.0239419937134,
0.0629251003265,
0.0352759361267,
0.0362210273743,
0.0225219726562,
0.0255589485168,
0.0316059589386,
0.0320761203766,
0.0367519855499,
0.0374100208282,
0.0349020957947,
0.0357260704041,
0.0308508872986,
0.0315358638763,
0.0305750370026,
0.0312459468842,
0.0386641025543,
0.0394310951233,
0.0276250839233,
0.0281779766083,
0.0367019176483,
0.037211894989,
0.081396818161,
0.0815598964691,
0.0258331298828,
0.026046037674,
0.027676820755,
0.027899980545,
0.0276730060577,
0.0279347896576,
0.0219941139221,
0.0222461223602,
0.0293509960175,
0.0295848846436,
0.0235579013824,
0.0237729549408,
0.0274510383606,
0.0276579856873,
0.0217301845551,
0.0220501422882,
0.0291740894318,
0.0293381214142,
0.0290970802307,
0.029333114624,
0.0218570232391,
0.0220911502838,
0.026859998703,
0.0271260738373,
0.026046037674,
0.0272381305695,
0.0259299278259,
0.0266718864441,
0.033429145813,
0.0342969894409,
0.028874874115,
0.0297808647156,
0.0269229412079,
0.0274620056152,
0.031054019928,
0.0320789813995,
0.0339357852936,
0.0346219539642,
0.0535321235657,
0.0542440414429,
0.0330898761749,
0.0333318710327,
0.0238749980927,
0.0242850780487,
0.0407650470734,
0.0409319400787,
0.032378911972,
0.0326759815216,
0.0287160873413,
0.0290150642395,
0.0325601100922,
0.032772064209,
0.0271909236908,
0.027379989624,
0.0290129184723,
0.0291938781738,
0.0271289348602,
0.027312040329,
0.0270209312439,
0.027204990387,
0.0361499786377,
0.0363399982452,
0.0274040699005,
0.0275800228119,
0.0252339839935,
0.0254390239716,
0.025083065033,
0.0254249572754,
0.0269238948822,
0.0271029472351,
0.0253961086273,
0.0256309509277,
0.0289759635925,
0.0291409492493,
0.0321910381317,
0.0323781967163,
0.0265769958496,
0.0267598628998,
0.0327069759369,
0.0329179763794,
0.032751083374,
0.0330679416656,
0.0268468856812,
0.0276899337769,
0.0272920131683,
0.0275239944458,
0.0288209915161,
0.029009103775,
0.0195350646973,
0.0345830917358,
0.0267708301544,
0.0269799232483,
0.0359659194946,
0.0367939472198,
0.0423028469086,
0.0438230037689,
0.0338270664215,
0.0348391532898,
0.0357630252838,
0.0359370708466,
0.049222946167,
0.0508201122284,
0.0811049938202,
0.0816979408264,
0.0421810150146,
0.0423710346222,
0.0388717651367,
0.0394358634949,
0.0322518348694,
0.033166885376,
0.025780916214,
0.0263659954071,
0.0317161083221,
0.0337619781494,
0.116446971893,
0.00521802902222,
0.138592004776,
0.0297181606293,
0.0879380702972,
0.0884289741516,
0.0350029468536,
0.0355129241943,
0.0345838069916,
0.0353379249573,
0.0363960266113,
0.0366280078888,
0.0246019363403,
0.0395700931549,
0.0612099170685,
0.061518907547,
0.0388689041138,
0.0390319824219,
0.0283508300781,
0.0285239219666,
0.0367510318756,
0.0375161170959,
0.0321278572083,
0.0323710441589,
0.0252418518066,
0.025447845459,
0.0323550701141,
0.0325438976288,
0.0287628173828,
0.0289537906647,
0.0369129180908,
0.0386409759521,
0.0444848537445,
0.0447809696198,
0.032014131546,
0.0322592258453,
0.0308151245117,
0.0310111045837,
0.0363018512726,
0.0365018844604,
0.0318939685822,
0.0321218967438,
0.0265898704529,
0.0268640518188,
0.0265557765961,
0.0267879962921,
0.0283827781677,
0.0286250114441,
0.0348920822144,
0.0354189872742,
0.0310428142548,
0.0343029499054,
0.026890039444,
0.0270881652832,
0.0271499156952,
0.0273959636688,
0.0236990451813,
0.0239369869232,
0.0300660133362,
0.0311620235443,
0.0280640125275,
0.0284321308136,
0.0292048454285,
0.0295789241791,
0.0285210609436,
0.028881072998,
0.0276520252228,
0.0278608798981,
0.0234880447388,
0.0237081050873,
0.0276319980621,
0.0278470516205,
0.027811050415,
0.0280680656433,
0.0316588878632,
0.0319299697876,
0.0265419483185,
0.0269150733948,
0.0258541107178,
0.026034116745,
0.0310969352722,
0.0313210487366,
0.0322091579437,
0.0325789451599,
0.0537240505219,
0.053915977478,
0.0316860675812,
0.0319418907166,
0.0287528038025,
0.0289528369904,
0.028538942337,
0.0287399291992,
0.0375869274139,
0.0426290035248,
0.0376529693604,
0.0378189086914,
0.0270988941193,
0.0273809432983,
0.0226180553436,
0.0228259563446,
0.025465965271,
0.0256650447845,
0.0315511226654,
0.0324301719666,
0.0312860012054,
0.0314800739288,
0.0239591598511,
0.0241510868073,
0.0414018630981,
0.0416040420532,
0.0272850990295,
0.0274801254272,
0.0314679145813,
0.0316438674927,
0.0256369113922,
0.0258779525757,
0.0268859863281,
0.0278089046478,
0.0306980609894,
0.0309000015259,
0.0301270484924,
0.0304081439972,
0.0296349525452,
0.0298938751221,
0.0257420539856,
0.0266649723053,
0.0267050266266,
0.0269050598145,
0.0272350311279,
0.0274579524994,
0.0269451141357,
0.0272109508514,
0.025377035141,
0.0257139205933,
0.0254559516907,
0.0257630348206,
0.028244972229,
0.0285930633545,
0.0286471843719,
0.0289011001587,
0.0404660701752,
0.0408380031586,
0.027410030365,
0.0277118682861,
0.0517089366913,
0.0533540248871,
0.0304021835327,
0.0309550762177,
0.0326628684998,
0.0332489013672,
0.0340821743011,
0.0343952178955,
0.0266170501709,
0.0268740653992,
0.0359530448914,
0.0362129211426,
0.0465049743652,
0.0470139980316,
0.0270349979401,
0.0273609161377,
0.0293447971344,
0.0295338630676,
0.0316541194916,
0.0345809459686,
0.0274050235748,
0.0277781486511,
0.0323948860168,
0.0332238674164,
0.0285429954529,
0.0291888713837,
0.0198450088501,
0.0350260734558,
0.0268099308014,
0.0270349979401,
0.0381770133972,
0.0386080741882,
0.0306680202484,
0.0309021472931,
0.0303678512573,
0.0311880111694,
0.0332250595093,
0.0338249206543,
0.0431380271912,
0.0434710979462,
0.0363111495972,
0.0365130901337,
0.0336139202118,
0.0338339805603,
0.0282759666443,
0.0284831523895,
0.0278279781342,
0.0280339717865,
0.0265390872955,
0.0277409553528,
0.0343790054321,
0.0348019599915,
0.026967048645,
0.02738904953,
0.0281419754028,
0.0286729335785,
0.0277419090271,
0.0279541015625,
0.0322229862213,
0.032418012619,
0.0277879238129,
0.0449719429016,
0.0308220386505,
0.0335810184479,
0.0274560451508,
0.028736114502,
0.04018