0.0296819210052,
0.0299990177155,
0.0316829681396,
0.0324580669403,
0.0350670814514,
0.0354840755463,
0.0261309146881,
0.026349067688,
0.0267381668091,
0.0269989967346,
0.0321879386902,
0.0325558185577,
0.0272629261017,
0.0330460071564,
0.0696840286255,
0.0700969696045,
0.0538690090179,
0.055780172348,
0.0451128482819,
0.0461409091949,
0.0333321094513,
0.0341110229492,
0.0262539386749,
0.0264439582825,
0.031849861145,
0.0322070121765,
0.0303761959076,
0.0308320522308,
0.0284569263458,
0.0286428928375,
0.0397791862488,
0.0400049686432,
0.031592130661,
0.0317800045013,
0.0272510051727,
0.0275838375092,
0.0319437980652,
0.0322248935699,
0.0462648868561,
0.0474689006805,
0.0312671661377,
0.0320160388947,
0.0293350219727,
0.0295298099518,
0.0328540802002,
0.0330672264099,
0.0277500152588,
0.0280311107635,
0.0319449901581,
0.0358800888062,
0.0299949645996,
0.0302829742432,
0.0246810913086,
0.0282490253448,
0.0343391895294,
0.0391399860382,
0.0502419471741,
0.0504579544067,
0.0255279541016,
0.0257720947266,
0.0329179763794,
0.0331010818481,
0.0266408920288,
0.0270168781281,
0.0290298461914,
0.0294609069824,
0.0267221927643,
0.0269250869751,
0.0295510292053,
0.0297870635986,
0.0351271629333,
0.0353410243988,
0.0370569229126,
0.0384430885315,
0.034108877182,
0.0342819690704,
0.040020942688,
0.0402479171753,
0.0341229438782,
0.0356040000916,
0.0271129608154,
0.0274620056152,
0.0267770290375,
0.0269651412964,
0.0251469612122,
0.0254030227661,
0.0272109508514,
0.027713060379,
0.033322095871,
0.0340399742126,
0.0404319763184,
0.0406711101532,
0.0386109352112,
0.0390529632568,
0.0329010486603,
0.0332260131836,
0.0287189483643,
0.0291831493378,
0.0286269187927,
0.0295519828796,
0.0249660015106,
0.0254430770874,
0.0263559818268,
0.0267090797424,
0.0263271331787,
0.0266470909119,
0.0281028747559,
0.0284168720245,
0.0248939990997,
0.025759935379,
0.0329060554504,
0.0388350486755,
0.034520149231,
0.035392999649,
0.032341003418,
0.0326490402222,
0.0333340167999,
0.0337121486664,
0.0279772281647,
0.0281682014465,
0.0354509353638,
0.0356259346008,
0.0358738899231,
0.0360288619995,
0.0239968299866,
0.0242159366608,
0.0313358306885,
0.0314857959747,
0.0286419391632,
0.0288510322571,
0.0293169021606,
0.0299038887024,
0.026064157486,
0.0265500545502,
0.0290920734406,
0.0298321247101,
0.0276968479156,
0.0278639793396,
0.0275869369507,
0.0277698040009,
0.0304219722748,
0.0307788848877,
0.0337250232697,
0.033919095993,
0.030415058136,
0.031485080719,
0.0329260826111,
0.0339999198914,
0.0265390872955,
0.0267200469971,
0.0364170074463,
0.0371110439301,
0.0327730178833,
0.0332560539246,
0.0396060943604,
0.0400619506836,
0.0315001010895,
0.0318260192871,
0.0331511497498,
0.0334100723267,
0.0350151062012,
0.0352010726929,
0.0305070877075,
0.0306959152222,
0.033863067627,
0.0341360569,
0.0371210575104,
0.0373220443726,
0.0342679023743,
0.0345818996429,
0.0288119316101,
0.0290060043335,
0.0234129428864,
0.0235960483551,
0.033371925354,
0.0343389511108,
0.0337572097778,
0.0344212055206,
0.0257189273834,
0.0258889198303,
0.0274279117584,
0.027872800827,
0.0252811908722,
0.0260801315308,
0.0304448604584,
0.0313699245453,
0.0278339385986,
0.0280549526215,
0.0280270576477,
0.0282180309296,
0.0289089679718,
0.0291430950165,
0.0245399475098,
0.0247650146484,
0.0356991291046,
0.0365221500397,
0.0312480926514,
0.0324320793152,
0.0295059680939,
0.0297958850861,
0.0328419208527,
0.033303976059,
0.0263049602509,
0.0274538993835,
0.0328009128571,
0.0330698490143,
0.0313048362732,
0.0360369682312,
0.0464820861816,
0.0469081401825,
0.0276951789856,
0.0279002189636,
0.0284509658813,
0.0286710262299,
0.0339210033417,
0.0344760417938,
0.0207080841064,
0.0214819908142,
0.0320889949799,
0.0326840877533,
0.0350029468536,
0.0355370044708,
0.035041809082,
0.0358278751373,
0.0315318107605,
0.0327599048615,
0.0310699939728,
0.0318019390106,
0.015909910202,
0.022402048111,
0.0344250202179,
0.0346100330353,
0.029237985611,
0.0294439792633,
0.0337331295013,
0.0344500541687,
0.0322070121765,
0.032989025116,
0.026535987854,
0.0274369716644,
0.0229020118713,
0.023875951767,
0.0194599628448,
0.0330369472504,
0.0350539684296,
0.0357398986816,
0.031543970108,
0.0317490100861,
0.0303478240967,
0.0313148498535,
0.0363330841064,
0.0369610786438,
0.0366430282593,
0.0373630523682,
0.0310509204865,
0.0312929153442,
0.0305511951447,
0.0307741165161,
0.0407061576843,
0.0408711433411,
0.0306780338287,
0.0308630466461,
0.0347018241882,
0.0348818302155,
0.0342729091644,
0.0344529151917,
0.0372679233551,
0.0381209850311,
0.0331609249115,
0.0338950157166,
0.0250041484833,
0.0257730484009,
0.028960943222,
0.029186964035,
0.0315220355988,
0.0317540168762,
0.0308780670166,
0.0310649871826,
0.0273611545563,
0.0275919437408,
0.0300509929657,
0.0303859710693,
0.0393190383911,
0.0395741462708,
0.0307641029358,
0.0314950942993,
0.0251100063324,
0.0259158611298,
0.0461730957031,
0.0516860485077,
0.0376360416412,
0.038556098938,
0.0444049835205,
0.0447449684143,
0.0418081283569,
0.0420880317688,
0.023442029953,
0.0236129760742,
0.0304560661316,
0.0306329727173,
0.0257680416107,
0.0259449481964,
0.0284678936005,
0.0286347866058,
0.0321691036224,
0.0323560237885,
0.0303289890289,
0.0305449962616,
0.0319399833679,
0.0321669578552,
0.0277590751648,
0.0279901027679,
0.030956029892,
0.0311450958252,
0.0323369503021,
0.0325100421906,
0.0273380279541,
0.0277688503265,
0.030207157135,
0.0303671360016,
0.0323739051819,
0.0325589179993,
0.0308909416199,
0.031082868576,
0.0327119827271,
0.032900094986,
0.0272150039673,
0.0274441242218,
0.0265190601349,
0.0266880989075,
0.0281589031219,
0.0289168357849,
0.0328299999237,
0.0337870121002,
0.0313339233398,
0.0331690311432,
0.0321841239929,
0.0331599712372,
0.0271770954132,
0.0282571315765,
0.0310580730438,
0.0312550067902,
0.0284597873688,
0.0286459922791,
0.0321791172028,
0.0323770046234,
0.0272369384766,
0.0274331569672,
0.0284571647644,
0.0286390781403,
0.0281491279602,
0.0285620689392,
0.0351920127869,
0.0353848934174,
0.0310559272766,
0.0318930149078,
0.0257019996643,
0.0264251232147,
0.0282700061798,
0.0291478633881,
0.0252561569214,
0.0259470939636,
0.0268089771271,
0.0270049571991,
0.0254940986633,
0.0256819725037,
0.0303452014923,
0.0305330753326,
0.0274958610535,
0.0276789665222,
0.0276691913605,
0.0289001464844,
0.0276339054108,
0.0286870002747,
0.036808013916,
0.037801027298,
0.0353410243988,
0.0363001823425,
0.030858039856,
0.0310370922089,
0.0338699817657,
0.0340638160706,
0.031644821167,
0.0318257808685,
0.0265979766846,
0.0267760753632,
0.027636051178,
0.0278239250183,
0.0277531147003,
0.0279331207275,
0.0308449268341,
0.0434379577637,
0.0306489467621,
0.0308949947357,
0.0375149250031,
0.0378859043121,
0.0305361747742,
0.0312349796295,
0.0278370380402,
0.0280940532684,
0.0256400108337,
0.0258929729462,
0.0308270454407,
0.0310280323029,
0.025985956192,
0.0262010097504,
0.0256519317627,
0.0258409976959,
0.0226049423218,
0.023176908493,
0.0325748920441,
0.0330410003662,
0.0257148742676,
0.0266699790955,
0.0342040061951,
0.0348179340363,
0.0366039276123,
0.0372970104218,
0.0365519523621,
0.0371980667114,
0.0525949001312,
0.0527558326721,
0.0261189937592,
0.0263750553131,
0.033548116684,
0.0339710712433,
0.0332269668579,
0.0340528488159,
0.0418770313263,
0.0425140857697,
0.034371137619,
0.0346820354462,
0.0379600524902,
0.0385210514069,
0.0296409130096,
0.0300488471985,
0.0339250564575,
0.0345549583435,
0.0330810546875,
0.034303188324,
0.0265390872955,
0.0272550582886,
0.0257630348206,
0.0264120101929,
0.0323750972748,
0.0327920913696,
0.0331599712372,
0.0340299606323,
0.0311210155487,
0.0319919586182,
0.02987408638,
0.030632019043,
0.0356471538544,
0.0370509624481,
0.0312039852142,
0.0319130420685,
0.0349221229553,
0.0362410545349,
0.0359919071198,
0.0366079807281,
0.0271689891815,
0.0274848937988,
0.0264008045197,
0.0269038677216,
0.0373938083649,
0.0383079051971,
0.0390610694885,
0.0394930839539,
0.0288422107697,
0.0290510654449,
0.0266890525818,
0.0270130634308,
0.0365378856659,
0.0371990203857,
0.0411231517792,
0.041620016098,
0.0324130058289,
0.0332500934601,
0.0348060131073,
0.0360109806061,
0.0373239517212,
0.0379700660706,
0.0227510929108,
0.0234479904175,
0.0319550037384,
0.0321679115295,
0.0273330211639,
0.0275499820709,
0.0270280838013,
0.0272271633148,
0.0305099487305,
0.0307440757751,
0.0402719974518,
0.0405149459839,
0.0289871692657,
0.029895067215,
0.026015996933,
0.026193857193,
0.0286221504211,
0.028815984726,
0.0399861335754,
0.0403411388397,
0.0367279052734,
0.0370409488678,
0.0360269546509,
0.036209821701,
0.0356237888336,
0.0359098911285,
0.0286891460419,
0.0294680595398,
0.0311160087585,
0.0325849056244,
0.0294568538666,
0.0297999382019,
0.0401940345764,
0.0404450893402,
0.0299310684204,
0.0301549434662,
0.0275089740753,
0.0278718471527,
0.0274078845978,
0.0277829170227,
0.0268168449402,
0.0277597904205,
0.0280148983002,
0.0282039642334,
0.0268700122833,
0.0271198749542,
0.050164937973,
0.0505220890045,
0.029107093811,
0.0292999744415,
0.0266499519348,
0.0273160934448,
0.024158000946,
0.024374961853,
0.0264708995819,
0.0266928672791,
0.0320611000061,
0.0322761535645,
0.0318200588226,
0.0320510864258,
0.0277318954468,
0.0279231071472,
0.031142950058,
0.0321969985962,
0.0274620056152,
0.0276679992676,
0.0293610095978,
0.0295741558075,
0.0273499488831,
0.0279531478882,
0.0273818969727,
0.0276160240173,
0.0273449420929,
0.0275368690491,
0.0272591114044,
0.0274310112,
0.0354521274567,
0.0361649990082,
0.0295159816742,
0.0296790599823,
0.0360889434814,
0.0363919734955,
0.0382649898529,
0.0396678447723,
0.0598590373993,
0.060024023056,
0.0421040058136,
0.0424919128418,
0.0460929870605,
0.0463128089905,
0.0530381202698,
0.0533480644226,
0.0545840263367,
0.0550420284271,
0.0316560268402,
0.0318579673767,
0.0573968887329,
0.0577008724213,
0.0264639854431,
0.0266470909119,
0.0270898342133,
0.0272810459137,
0.0421869754791,
0.0424160957336,
0.026223897934,
0.0289709568024,
0.0473351478577,
0.0475101470947,
0.047502040863,
0.0478069782257,
0.0399420261383,
0.0402550697327,
0.053377866745,
0.0539720058441,
0.0306129455566,
0.030818939209,
0.0300989151001,
0.0303509235382,
0.0302450656891,
0.0304300785065,
0.0321209430695,
0.032301902771,
0.0262458324432,
0.0268058776855,
0.0259318351746,
0.0264868736267,
0.0331280231476,
0.0336649417877,
0.0463697910309,
0.0471868515015,
0.0283679962158,
0.0286979675293,
0.0348510742188,
0.0350699424744,
0.0339579582214,
0.0342378616333,
0.0422151088715,
0.0424029827118,
0.0370619297028,
0.0374000072479,
0.0426931381226,
0.0431950092316,
0.0435328483582,
0.043751001358,
0.0304379463196,
0.0309529304504,
0.0406951904297,
0.0411810874939,
0.0302920341492,
0.0305380821228,
0.0392107963562,
0.0394887924194,
0.0278720855713,
0.0280539989471,
0.0278022289276,
0.0280392169952,
0.033066034317,
0.0332770347595,
0.0250828266144,
0.0257580280304,
0.0277669429779,
0.0280618667603,
0.0273480415344,
0.0275971889496,
0.0362629890442,
0.0364859104156,
0.0299079418182,
0.0304479598999,
0.0264410972595,
0.0273411273956,
0.0294251441956,
0.0301280021667,
0.0331501960754,
0.033408164978,
0.0319728851318,
0.0324440002441,
0.0371301174164,
0.0374519824982,
0.0227208137512,
0.0229258537292,
0.0496079921722,
0.0498189926147,
0.0290780067444,
0.0297360420227,
0.0381639003754,
0.0383899211884,
0.0327589511871,
0.0333580970764,
0.0595550537109,
0.0625650882721,
0.0419130325317,
0.0420970916748,
0.032557964325,
0.0327978134155,
0.0410199165344,
0.042042016983,
0.049535036087,
0.0542871952057,
0.064444065094,
0.0647850036621,
0.0394999980927,
0.0407500267029,
0.035551071167,
0.0366170406342,
0.02681183815,
0.0275509357452,
0.0301949977875,
0.0303599834442,
0.0305421352386,
0.0308041572571,
0.028520822525,
0.0288488864899,
0.0358309745789,
0.0364830493927,
0.0291221141815,
0.029865026474,
0.0381960868835,
0.0390529632568,
0.0385689735413,
0.0387580394745,
0.0280411243439,
0.0286350250244,
0.0266330242157,
0.027633190155,
0.0300431251526,
0.030739068985,
0.0302979946136,
0.0310530662537,
0.0297908782959,
0.0301859378815,
0.0282869338989,
0.0284738540649,
0.0253829956055,
0.0255649089813,
0.0333788394928,
0.0335960388184,
0.0349960327148,
0.0352201461792,
0.0276188850403,
0.0285189151764,
0.0833389759064,
0.0845539569855,
0.0350201129913,
0.0355460643768,
0.0293130874634,
0.0294950008392,
0.0307049751282,
0.0309529304504,
0.0239000320435,
0.0241770744324,
0.0306169986725,
0.0309460163116,
0.0263719558716,
0.0265448093414,
0.0334279537201,
0.033627986908,
0.0313251018524,
0.0315430164337,
0.0236678123474,
0.0239579677582,
0.0325288772583,
0.0327229499817,
0.0332038402557,
0.0335688591003,
0.0331230163574,
0.0332930088043,
0.0265247821808,
0.0271627902985,
0.0261030197144,
0.0266001224518,
0.0261790752411,
0.0263941287994,
0.027193069458,
0.0275399684906,
0.0282790660858,
0.0284841060638,
0.0287890434265,
0.029021024704,
0.0296370983124,
0.0298302173615,
0.0315549373627,
0.0323350429535,
0.0366320610046,
0.0368311405182,
0.0306029319763,
0.0308549404144,
0.030916929245,
0.0311460494995,
0.0342299938202,
0.0346219539642,
0.0345189571381,
0.0346939563751,
0.0335729122162,
0.0337889194489,
0.0289821624756,
0.0291521549225,
0.0248610973358,
0.0250761508942,
0.0262799263,
0.0270209312439,
0.0437469482422,
0.0449380874634,
0.0397729873657,
0.0408418178558,
0.0358729362488,
0.0365650653839,
0.0403220653534,
0.0409619808197,
0.0474619865417,
0.0491139888763,
0.0288789272308,
0.0290639400482,
0.0369229316711,
0.0374610424042,
0.0290489196777,
0.029482126236,
0.0288610458374,
0.0293641090393,
0.0305049419403,
0.0311350822449,
0.0361721515656,
0.0364191532135,
0.0295281410217,
0.0297541618347,
0.0304770469666,
0.0306880474091,
0.0280778408051,
0.0285909175873,
0.0259621143341,
0.0267019271851,
0.0289921760559,
0.0297160148621,
0.027134180069,
0.0273129940033,
0.0229249000549,
0.0233418941498,
0.0347480773926,
0.0349271297455,
0.0281119346619,
0.0283138751984,
0.0322780609131,
0.033301115036,
0.0228450298309,
0.023041009903,
0.0289268493652,
0.029314994812,
0.0311989784241,
0.0313720703125,
0.027410030365,
0.0279881954193,
0.0288150310516,
0.0300860404968,
0.034548997879,
0.0350110530853,
0.0287139415741,
0.0289120674133,
0.0266399383545,
0.0273280143738,
0.0498261451721,
0.0512161254883,
0.0376279354095,
0.0385711193085,
0.037181854248,
0.0379219055176,
0.0305650234222,
0.0307679176331,
0.0334529876709,
0.033627986908,
0.0267798900604,
0.0269498825073,
0.0257940292358,
0.0259771347046,
0.0371000766754,
0.0374131202698,
0.0317661762238,
0.0368449687958,
0.0294229984283,
0.0307509899139,
0.033203125,
0.0342881679535,
0.033725976944,
0.0354471206665,
0.0302360057831,
0.0304911136627,
0.0287818908691,
0.0289649963379,
0.0323221683502,
0.032487154007,
0.0305280685425,
0.0307171344757,
0.0294761657715,
0.0297260284424,
0.0283088684082,
0.0285198688507,
0.0319359302521,
0.0322968959808,
0.0299990177155,
0.0349769592285,
0.027214050293,
0.0333321094513,
0.0317749977112,
0.0334241390228,
0.033145904541,
0.0332918167114,
0.0374140739441,
0.0378949642181,
0.0334498882294,
0.0341508388519,
0.0286741256714,
0.0296311378479,
0.0277569293976,
0.0286109447479,
0.028440952301,
0.0294060707092,
0.0363390445709,
0.0366621017456,
0.0346958637238,
0.0350558757782,
0.0519700050354,
0.0522971153259,
0.0486209392548,
0.0488269329071,
0.0437560081482,
0.0440630912781,
0.0273098945618,
0.0275130271912,
0.0311288833618,
0.0313079357147,
0.0346648693085,
0.0348539352417,
0.0275769233704,
0.0283257961273,
0.0347030162811,
0.035523891449,
0.0310461521149,
0.0312240123749,
0.0270819664001,
0.027302980423,
0.0306828022003,
0.0308690071106,
0.0279121398926,
0.0281119346619,
0.039824962616,
0.0411450862885,
0.026260137558,
0.0333161354065,
0.0217220783234,
0.0219280719757,
0.0211930274963,
0.0213890075684,
0.0252840518951,
0.025484085083,
0.0254218578339,
0.0256600379944,
0.0282471179962,
0.0284640789032,
0.0315930843353,
0.0318021774292,
0.0275042057037,
0.0280690193176,
0.0380330085754,
0.038624048233,
0.0348300933838,
0.035569190979,
0.0276038646698,
0.0284929275513,
0.0335431098938,
0.0346910953522,
0.027163028717,
0.027370929718,
0.028177022934,
0.0284988880157,
0.0220339298248,
0.0222399234772,
0.0316209793091,
0.0318539142609,
0.0305788516998,
0.0313119888306,
0.0262320041656,
0.0270001888275,
0.0257189273834,
0.0265970230103,
0.0273189544678,
0.0280630588531,
0.0298528671265,
0.0308640003204,
0.048810005188,
0.0605199337006,
0.0267848968506,
0.0278398990631,
0.034609079361,
0.0433030128479,
0.0327360630035,
0.0331029891968,
0.0316100120544,
0.0319240093231,
0.0436029434204,
0.0438048839569,
0.027813911438,
0.0280020236969,
0.0302829742432,
0.0305619239807,
0.0336740016937,
0.0365529060364,
0.0292708873749,
0.030280828476,
0.0285861492157,
0.0294899940491,
0.0292119979858,
0.0300529003143,
0.0286009311676,
0.0288970470428,
0.0266749858856,
0.0268909931183,
0.0260610580444,
0.0262360572815,
0.0413680076599,
0.0422329902649,
0.0446150302887,
0.0447962284088,
0.0457451343536,
0.0466701984406,
0.0300929546356,
0.0304100513458,
0.0359320640564,
0.0361568927765,
0.0272579193115,
0.0274820327759,
0.065535068512,
0.0658669471741,
0.0559630393982,
0.0610129833221,
0.0364861488342,
0.0500140190125,
0.0402841567993,
0.0405130386353,
0.029314994812,
0.0294940471649,
0.0320990085602,
0.0369288921356,
0.0264902114868,
0.0267322063446,
0.0337219238281,
0.0344529151917,
0.0271689891815,
0.0274710655212,
0.0288679599762,
0.0290780067444,
0.0257971286774,
0.0259790420532,
0.0252630710602,
0.0254831314087,
0.0263299942017,
0.0265491008759,
0.0251569747925,
0.0253608226776,
0.0272908210754,
0.0282669067383,
0.0228190422058,
0.0230050086975,
0.0261118412018,
0.0262849330902,
0.032154083252,
0.0323419570923,
0.0310349464417,
0.0312530994415,
0.0418701171875,
0.0420639514923,
0.122283935547,
0.125077962875,
0.0356199741364,
0.03577709198,
0.036906003952,
0.0379951000214,
0.0356550216675,
0.0364460945129,
0.0364949703217,
0.0435137748718,
0.0314919948578,
0.0322329998016,
0.0362751483917,
0.0368971824646,
0.0384230613708,
0.03950715065,
0.0378038883209,
0.0385339260101,
0.0331580638885,
0.0333690643311,
0.0252389907837,
0.0256440639496,
0.0396931171417,
0.0400111675262,
0.0293819904327,
0.0296528339386,
0.0333302021027,
0.033506155014,
0.0331878662109,
0.0334219932556,
0.0223319530487,
0.0225210189819,
0.0357918739319,
0.0369589328766,
0.0271530151367,
0.0279159545898,
0.0296339988708,
0.0298659801483,
0.0401749610901,
0.0404100418091,
0.0398209095001,
0.0401549339294,
0.0375580787659,
0.0385010242462,
0.0319020748138,
0.0321271419525,
0.0403189659119,
0.0405390262604,
0.0264708995819,
0.026832818985,
0.0421059131622,
0.0423190593719,
0.0275681018829,
0.027755022049,
0.0410339832306,
0.0413129329681,
0.0435810089111,
0.043927192688,
0.0277891159058,
0.0279700756073,
0.0384888648987,
0.0386738777161,
0.0404989719391,
0.0550558567047,
0.0262849330902,
0.0270099639893,
0.0291759967804,
0.0303771495819,
0.0304019451141,
0.0313670635223,
0.0327980518341,
0.0335991382599,
0.0343060493469,
0.0352699756622,
0.0343840122223,
0.0350861549377,
0.0357069969177,
0.0364060401917,
0.0155799388885,
0.0234107971191,
0.0439150333405,
0.0464899539948,
0.0366351604462,
0.037446975708,
0.028538942337,
0.0292990207672,
0.0458068847656,
0.0493848323822,
0.026291847229,
0.0269298553467,
0.0436270236969,
0.0445539951324,
0.0255720615387,
0.0262961387634,
0.0331099033356,
0.0341811180115,
0.0269539356232,
0.0271289348602,
0.0283308029175,
0.0285859107971,
0.0259010791779,
0.0261390209198,
0.0267970561981,
0.0269911289215,
0.0281319618225,
0.028324842453,
0.0286650657654,
0.0290019512177,
0.0222499370575,
0.0225019454956,
0.0279228687286,
0.0281128883362,
0.0289969444275,
0.0292270183563,
0.0281250476837,
0.0283300876617,
0.0232400894165,
0.0234298706055,
0.0260570049286,
0.0262649059296,
0.0284259319305,
0.0286099910736,
0.026261806488,
0.0266258716583,
0.0398149490356,
0.0400829315186,
0.0281629562378,
0.0283830165863,
0.0328209400177,
0.0334899425507,
0.0252408981323,
0.0254278182983,
0.034786939621,
0.0352349281311,
0.0263221263885,
0.0270059108734,
0.0291879177094,
0.029373884201,
0.0281538963318,
0.0283648967743,
0.0241279602051,
0.0243670940399,
0.0309679508209,
0.0322458744049,
0.0305571556091,
0.0308649539948,
0.0251979827881,
0.025810956955,
0.0380280017853,
0.0381948947906,
0.030622959137,
0.0308248996735,
0.0265350341797,
0.0267190933228,
0.0343391895294,
0.03457903862,
0.0259490013123,
0.0261318683624,
0.0262348651886,
0.0264070034027,
0.0335021018982,
0.0336761474609,
0.0338151454926,
0.0349080562592,
0.0299298763275,
0.0308270454407,
0.037623167038,
0.0384531021118,
0.0325989723206,
0.032931804657,
0.0281989574432,
0.0310969352722,
0.025496006012,
0.0262610912323,
0.0340600013733,
0.034707069397,
0.0324120521545,
0.0326080322266,
0.0500109195709,
0.0502150058746,
0.0358788967133,
0.0361709594727,
0.0403048992157,
0.0405259132385,
0.0324440002441,
0.0331978797913,
0.0280668735504,
0.028981924057,
0.0384809970856,
0.0391898155212,
0.0330820083618,
0.0338730812073,
0.0394730567932,
0.0401921272278,
0.0311398506165,
0.0318200588226,
0.0396790504456,
0.0405468940735,
0.0371251106262,
0.0373980998993,
0.0268740653992,
0.0271000862122,
0.0286469459534,
0.0288441181183,
0.0332748889923,
0.0337469577789,
0.0351030826569,
0.0361521244049,
0.029139995575,
0.0305240154266,
0.0273990631104,
0.0276019573212,
0.0323438644409,
0.0325620174408,
0.0272750854492,
0.0274860858917,
0.0283460617065,
0.0286948680878,
0.0309860706329,
0.0319111347198,
0.0299007892609,
0.0302999019623,
0.0240638256073,
0.0243918895721,
0.0302760601044,
0.0305979251862,
0.0320770740509,
0.0323350429535,
0.029237985611,
0.0296840667725,
0.0325610637665,
0.0327920913696,
0.0284729003906,
0.0288650989532,
0.0241229534149,
0.0243740081787,
0.0274500846863,
0.0277020931244,
0.0406250953674,
0.0408239364624,
0.03236079216,
0.0328509807587,
0.029198884964,
0.0296990871429,
0.0327389240265,
0.0331649780273,
0.0293300151825,
0.0301699638367,
0.0319340229034,
0.0321249961853,
0.033035993576,
0.0336909294128,
0.0283510684967,
0.0286290645599,
0.0276660919189,
0.0278642177582,
0.0265049934387,
0.0267250537872,
0.0250868797302,
0.0252859592438,
0.0223870277405,
0.0230689048767,
0.0257680416107,
0.0259418487549,
0.0263998508453,
0.0269160270691,
0.0329151153564,
0.0340180397034,
0.0305640697479,
0.0307579040527,
0.033802986145,
0.0339920520782,
0.0420141220093,
0.0429530143738,
0.033194065094,
0.0339291095734,
0.0365099906921,
0.037339925766,
0.0283432006836,
0.0291781425476,
0.0291078090668,
0.0297908782959,
0.0371730327606,
0.0376758575439,
0.0404281616211,
0.0410490036011,
0.0363790988922,
0.0370481014252,
0.0398139953613,
0.0463380813599,
0.036073923111,
0.0365078449249,
0.0316231250763,
0.0321040153503,
0.0280940532684,
0.0285818576813,
0.0343070030212,
0.0353488922119,
0.042149066925,
0.0430929660797,
0.0340309143066,
0.0346610546112,
0.0347828865051,
0.0350050926208,
0.0272369384766,
0.0274109840393,
0.0365669727325,
0.036740064621,
0.0335729122162,
0.0338568687439,
0.0260379314423,
0.0262699127197,
0.0284109115601,
0.0286169052124,
0.0292558670044,
0.0294499397278,
0.0301470756531,
0.0303330421448,
0.0222101211548,
0.0231530666351,
0.0265169143677,
0.02747797966,
0.0324339866638,
0.032735824585,
0.0348749160767,
0.0354418754578,
0.0308709144592,
0.031751871109,
0.0283439159393,
0.029139995575,
0.0334529876709,
0.0337281227112,
0.0263040065765,
0.026538848877,
0.0250930786133,
0.0253880023956,
0.0214509963989,
0.0218541622162,
0.0310990810394,
0.0313041210175,
0.0267040729523,
0.0268630981445,
0.0289978981018,
0.0294549465179,
0.0290811061859,
0.0293412208557,
0.0322580337524,
0.0324509143829,
0.0308408737183,
0.0311958789825,
0.0275230407715,
0.0277440547943,
0.0321390628815,
0.0325009822845,
0.0363168716431,
0.0364980697632,
0.0288980007172,
0.0291879177094,
0.0376918315887,
0.0378739833832,
0.0254170894623,
0.0256080627441,
0.0222148895264,
0.0224168300629,
0.0314841270447,
0.0325381755829,
0.0320289134979,
0.0327899456024,
0.0332970619202,
0.0334711074829,
0.0286049842834,
0.028825044632,
0.027309179306,
0.027633190155,
0.0253119468689,
0.0255420207977,
0.0328099727631,
0.0335049629211,
0.0294308662415,
0.0301678180695,
0.0270149707794,
0.0272068977356,
0.0316860675812,
0.0327119827271,
0.0303709506989,
0.0305788516998,
0.0375070571899,
0.0386290550232,
0.0371918678284,
0.037369966507,
0.0919308662415,
0.0926580429077,
0.0264160633087,
0.0266320705414,
0.0267097949982,
0.0268969535828,
0.0263118743896,
0.0268409252167,
0.0305259227753,
0.0313730239868,
0.0299601554871,
0.0302901268005,
0.0344500541687,
0.0346739292145,
0.0524339675903,
0.0532469749451,
0.0249788761139,
0.0263719558716,
0.0280539989471,
0.0291039943695,
0.0300340652466,
0.0309760570526,
0.0335268974304,
0.0367250442505,
0.0246858596802,
0.0256788730621,
0.0325591564178,
0.0334911346436,
0.0296540260315,
0.030690908432,
0.0289180278778,
0.0297620296478,
0.0275840759277,
0.0283250808716,
0.0282809734344,
0.029009103775,
0.0512528419495,
0.0522899627686,
0.0274128913879,
0.0281608104706,
0.035717010498,
0.0362050533295,
0.0227930545807,
0.0243151187897,
0.020546913147,
0.0502369403839,
0.0327131748199,
0.0329010486603,
0.0302028656006,
0.0304658412933,
0.0289430618286,
0.0292539596558,
0.0285849571228,
0.0287959575653,
0.0445358753204,
0.0453448295593,
0.0369930267334,
0.0372879505157,
0.0305590629578,
0.0312609672546,
0.0412011146545,
0.0426180362701,
0.0559251308441,
0.0561890602112,
0.0291829109192,
0.0293979644775,
0.0382380485535,
0.0386979579926,
0.0403070449829,
0.0405840873718,
0.0242359638214,
0.0245928764343,
0.0286118984222,
0.028825044632,
0.0343780517578,
0.0348191261292,
0.0275478363037,
0.0280618667603,
0.0370988845825,
0.0372960567474,
0.0296578407288,
0.0299868583679,
0.0259540081024,
0.0261290073395,
0.0384948253632,
0.0387439727783,
0.0512571334839,
0.0525960922241,
0.0272109508514,
0.0274019241333,
0.0271611213684,
0.0274209976196,
0.104980945587,
0.105859994888,
0.040433883667,
0.0406129360199,
0.0392549037933,
0.039519071579,
0.0602278709412,
0.0605669021606,
0.0287339687347,
0.0291287899017,
0.0269720554352,
0.0278100967407,
0.0369689464569,
0.0374889373779,
0.04044008255,
0.0414500236511,
0.0300509929657,
0.0308258533478,
0.0701699256897,
0.0703248977661,
0.0294749736786,
0.0296640396118,
0.037104845047,
0.0372848510742,
0.0329508781433,
0.0331628322601,
0.0294480323792,
0.0297169685364,
0.0219600200653,
0.0221400260925,
0.0224330425262,
0.0226700305939,
0.0348958969116,
0.0361688137054,
0.0296039581299,
0.0298800468445,
0.0278639793396,
0.0280661582947,
0.0330231189728,
0.0332009792328,
0.033175945282,
0.0334010124207,
0.0329711437225,
0.0332670211792,
0.0308091640472,
0.0312621593475,
0.028126001358,
0.0283970832825,
0.0257980823517,
0.0405089855194,
0.0353169441223,
0.0354731082916,
0.0296521186829,
0.0298311710358,
0.0496180057526,
0.0503489971161,
0.0334918498993,
0.0337820053101,
0.0332269668579,
0.0335650444031,
0.0335350036621,
0.0337719917297,
0.0362319946289,
0.0364310741425,
0.0299880504608,
0.0303750038147,
0.03089594841,
0.0311810970306,
0.0334920883179,
0.033753156662,
0.0254371166229,
0.0256202220917,
0.0262551307678,
0.026437997818,
0.0291800498962,
0.0294091701508,
0.028932094574,
0.0292501449585,
0.032310962677,
0.0325210094452,
0.0302758216858,
0.0304689407349,
0.0282590389252,
0.0286729335785,
0.0409369468689,
0.0416970252991,
0.0305268764496,
0.0309879779816,
0.0278310775757,
0.0280220508575,
0.0275840759277,
0.0277671813965,
0.0355269908905,
0.0363028049469,
0.0356879234314,
0.0364630222321,
0.0381469726562,
0.0385098457336,
0.0325150489807,
0.0328900814056,
0.0368700027466,
0.037055015564,
0.0304379463196,
0.0306239128113,
0.0324850082397,
0.0326960086823,
0.0303847789764,
0.0310478210449,
0.0265228748322,
0.0267159938812,
0.0311739444733,
0.0319199562073,
0.024994134903,
0.0257411003113,
0.0282318592072,
0.0288879871368,
0.0280888080597,
0.0289359092712,
0.0239541530609,
0.0246210098267,
0.0418491363525,
0.0426659584045,
0.036689043045,
0.0373070240021,
0.0359270572662,
0.0362300872803,
0.0237371921539,
0.0240571498871,
0.0271148681641,
0.0274329185486,
0.0303790569305,
0.030827999115,
0.0285170078278,
0.0288870334625,
0.0281431674957,
0.0283679962158,
0.0365869998932,
0.039412021637,
0.030259847641,
0.0310778617859,
0.029953956604,
0.0301539897919,
0.0304172039032,
0.0307030677795,
0.0309510231018,
0.0316269397736,
0.0272200107574,
0.0280940532684,
0.0362219810486,
0.0364050865173,
0.0417819023132,
0.0421180725098,
0.0278091430664,
0.0280079841614,
0.0266618728638,
0.0275428295135,
0.0315811634064,
0.0318870544434,
0.025680065155,
0.0262899398804,
0.0279269218445,
0.0281040668488,
0.03071808815,
0.0310270786285,
0.0374190807343,
0.0454339981079,
0.0310528278351,
0.0313239097595,
0.0301339626312,
0.0303280353546,
0.0332601070404,
0.0334391593933,
0.0290470123291,
0.0292360782623,
0.0328838825226,
0.0336730480194,
0.0292251110077,
0.0320150852203,
0.0360770225525,
0.0362529754639,
0.0318460464478,
0.032035112381,
0.0370628833771,
0.0372838973999,
0.0301380157471,
0.030454158783,
0.0290830135345,
0.0292840003967,
0.0320081710815,
0.0322949886322,
0.0349409580231,
0.0352230072021,
0.100294828415,
0.10049200058,
0.0405831336975,
0.0408730506897,
0.0361468791962,
0.0375699996948,
0.0243241786957,
0.0244960784912,
0.0270779132843,
0.0272719860077,
0.0325798988342,
0.0327789783478,
0.0258939266205,
0.0261030197144,
0.0299940109253,
0.0303339958191,
0.034478187561,
0.0348300933838,
0.0283448696136,
0.0285260677338,
0.0295650959015,
0.0299820899963,
0.0282871723175,
0.0284700393677,
0.0284731388092,
0.0292010307312,
0.0338869094849,
0.0345029830933,
0.0263278484344,
0.0267028808594,
0.0284080505371,
0.0286900997162,
0.0280449390411,
0.0282769203186,
0.0257461071014,
0.0259280204773,
0.0284130573273,
0.0285890102386,
0.0273411273956,
0.0275390148163,
0.0259671211243,
0.0261480808258,
0.0264511108398,
0.0285830497742,
0.033499956131,
0.0336878299713,
0.042356967926,
0.0426499843597,
0.0578901767731,
0.0581700801849,
0.0296409130096,
0.0304479598999,
0.0271430015564,
0.0273339748383,
0.0345869064331,
0.0347728729248,
0.0340721607208,
0.0342330932617,
0.029669046402,
0.0304100513458,
0.0253019332886,
0.026093006134,
0.0335781574249,
0.0345861911774,
0.0319209098816,
0.034588098526,
0.031042098999,
0.0312011241913,
0.0323588848114,
0.0325319766998,
0.0280470848083,
0.0282831192017,
0.0351009368896,
0.0352609157562,
0.0309760570526,
0.0311460494995,
0.029452085495,
0.0296349525452,
0.0274410247803,
0.0276300907135,
0.0269298553467,
0.0271389484406,
0.0336430072784,
0.0338909626007,
0.0288798809052,
0.0290548801422,
0.0253829956055,
0.0261359214783,
0.0319890975952,
0.0326399803162,
0.0271799564362,
0.028256893158,
0.0403418540955,
0.04065990448,
0.0289540290833,
0.0293321609497,
0.0241808891296,
0.0243630409241,
0.0424799919128,
0.0426640510559,
0.0279588699341,
0.0283598899841,
0.0313410758972,
0.0321140289307,
0.0283939838409,
0.0290148258209,
0.028431892395,
0.0289208889008,
0.0280089378357,
0.0287470817566,
0.0397000312805,
0.0398910045624,
0.0265839099884,
0.0272600650787,
0.0307199954987,
0.0318639278412,
0.0370311737061,
0.038125038147,
0.0521759986877,
0.0591559410095,
0.032928943634,
0.033665895462,
0.038624048233,
0.0393841266632,
0.043869972229,
0.0441720485687,
0.0386049747467,
0.0389120578766,
0.0261108875275,
0.0267629623413,
0.0304880142212,
0.0310609340668,
0.0292558670044,
0.0297389030457,
0.0274810791016,
0.0278220176697,
0.0271079540253,
0.0276608467102,
0.0353751182556,
0.036838054657,
0.0321588516235,
0.0368230342865,
0.0299549102783,
0.0308849811554,
0.0383470058441,
0.0385670661926,
0.0349209308624,
0.0351989269257,
0.0348358154297,
0.0351159572601,
0.0281519889832,
0.02845287323,
0.0308718681335,
0.0310559272766,
0.0289280414581,
0.0291500091553,
0.026859998703,
0.0270841121674,
0.0275781154633,
0.0294620990753,
0.0290589332581,
0.0323898792267,
0.0253169536591,
0.0255861282349,
0.0277800559998,
0.031238079071,
0.0261609554291,
0.026468038559,
0.0258760452271,
0.0260560512543,
0.0269339084625,
0.0271458625793,
0.0293090343475,
0.0295031070709,
0.0225150585175,
0.0227091312408,
0.0309119224548,
0.0310981273651,
0.0294618606567,
0.0296518802643,
0.0330209732056,
0.033271074295,
0.0317311286926,
0.0319051742554,
0.0239441394806,
0.0241341590881,
0.0385408401489,
0.038722038269,
0.037024974823,
0.0372178554535,
0.0305550098419,
0.0308549404144,
0.0311968326569,
0.0319287776947,
0.0280790328979,
0.0283858776093,
0.0379059314728,
0.0380730628967,
0.0353770256042,
0.0355560779572,
0.0283670425415,
0.0331258773804,
0.0337600708008,
0.035108089447,
0.0273928642273,
0.0278630256653,
0.0325210094452,
0.0327179431915,
0.0315690040588,
0.0318710803986,
0.032665014267,
0.0333261489868,
0.0352609157562,
0.0359210968018,
0.0310580730438,
0.0312459468842,
0.029571056366,
0.0297780036926,
0.0241370201111,
0.024313211441,
0.0337409973145,
0.0339539051056,
0.0331428050995,
0.0336668491364,
0.0290639400482,
0.0298581123352,
0.0327081680298,
0.0331130027771,
0.0235919952393,
0.023766040802,
0.0337378978729,
0.033921957016,
0.0341598987579,
0.0344460010529,
0.0341310501099,
0.034332036972,
0.0289590358734,
0.0293989181519,
0.0336229801178,
0.0338020324707,
0.0326318740845,
0.0334148406982,
0.0234808921814,
0.0238349437714,
0.0335509777069,
0.0337460041046,
0.0325450897217,
0.0332350730896,
0.0278429985046,
0.0280702114105,
0.0226209163666,
0.0231909751892,
0.0283620357513,
0.0287189483643,
0.024838924408,
0.0251278877258,
0.028843164444,
0.0290400981903,
0.0285611152649,
0.0288801193237,
0.0287179946899,
0.0290281772614,
0.0232379436493,
0.0234689712524,
0.0331170558929,
0.0332989692688,
0.0283861160278,
0.0285940170288,
0.0269989967346,
0.0271809101105,
0.0260679721832,
0.0269048213959,
0.0272579193115,
0.0285420417786,
0.0292029380798,
0.0293819904327,
0.0303390026093,
0.0305228233337,
0.0304679870605,
0.0311989784241,
0.0270609855652,
0.027820110321,
0.0341780185699,
0.0350689888,
0.0326220989227,
0.0333781242371,
0.0271220207214,
0.027713060379,
0.0326659679413,
0.0333099365234,
0.0313990116119,
0.0321679115295,
0.0400679111481,
0.040265083313,
0.0296700000763,
0.0298790931702,
0.0281820297241,
0.0284450054169,
0.0295958518982,
0.0297729969025,
0.0288081169128,
0.0290019512177,
0.0298569202423,
0.0300328731537,
0.0291101932526,
0.0300900936127,
0.0281579494476,
0.0283470153809,
0.0322999954224,
0.0324838161469,
0.0319721698761,
0.0331530570984,
0.0262861251831,
0.0265350341797,
0.0254199504852,
0.0256099700928,
0.0251929759979,
0.0254011154175,
0.0290179252625,
0.029256105423,
0.0284371376038,
0.0286250114441,
0.0283298492432,
0.0289738178253,
0.0241749286652,
0.0243489742279,
0.0269861221313,
0.0277900695801,
0.0309820175171,
0.0311560630798,
0.0239629745483,
0.0246670246124,
0.029846906662,
0.0300719738007,
0.0370440483093,
0.0373749732971,
0.0375199317932,
0.0377128124237,
0.0391800403595,
0.0394151210785,
0.0301871299744,
0.0303890705109,
0.0228369235992,
0.0233619213104,
0.0320620536804,
0.0322539806366,
0.0349431037903,
0.0351870059967,
0.0347390174866,
0.0349130630493,
0.0293300151825,
0.0295040607452,
0.0305640697479,
0.0310771465302,
0.0373690128326,
0.0382108688354,
0.0296399593353,
0.0334649085999,
0.0342857837677,
0.0349547863007,
0.0271770954132,
0.0295879840851,
0.0288560390472,
0.0333938598633,
0.0317809581757,
0.0329079627991,
0.0338449478149,
0.0358819961548,
0.0391020774841,
0.03995013237,
0.0360600948334,
0.0379478931427,
0.0359599590302,
0.0366351604462,
0.0304977893829,
0.0314528942108,
0.0318779945374,
0.0334050655365,
0.0309739112854,
0.0338170528412,
0.0272960662842,
0.0301411151886,
0.0398488044739,
0.0428400039673,
0.0288050174713,
0.0310418605804,
0.0300190448761,
0.0319850444794,
0.0284049510956,
0.029648065567,
0.0263900756836,
0.0272510051727,
0.0385499000549,
0.0396368503571,
0.0315659046173,
0.0350589752197,
0.041797876358,
0.0424439907074,
0.0277421474457,
0.0279240608215,
0.0381600856781,
0.0427119731903,
0.0271139144897,
0.0274338722229,
0.0407478809357,
0.0419309139252,
0.0323870182037,
0.0330989360809,
0.0363221168518,
0.0372440814972,
0.0348620414734,
0.0358638763428,
0.0253598690033,
0.0266268253326,
0.0311999320984,
0.0317659378052,
0.0285708904266,
0.0290269851685,
0.0382499694824,
0.0389659404755,
0.0298299789429,
0.0305399894714,
0.0337810516357,
0.0344641208649,
0.0331571102142,
0.033949136734,
0.0405020713806,
0.0413630008698,
0.0304880142212,
0.0317301750183,
0.049045085907,
0.0499579906464,
0.0312731266022,
0.0317931175232,
0.0243108272552,
0.0256378650665,
0.0304398536682,
0.031131029129,
0.029226064682,
0.035530090332,
0.0221700668335,
0.0260620117188,
0.0295062065125,
0.0302360057831,
0.0404119491577,
0.0408399105072,
0.0262260437012,
0.0266849994659,
0.0333359241486,
0.0339059829712,
0.029764175415,
0.0339930057526,
0.0267441272736,
0.0304691791534,
0.0378658771515,
0.0394659042358,
0.041305065155,
0.0438289642334,
0.0263941287994,
0.0272071361542,
0.0325438976288,
0.0328269004822,
0.0303170681,
0.0305109024048,
0.030445098877,
0.0306329727173,
0.0326850414276,
0.0330140590668,
0.0334749221802,
0.0336828231812,
0.0292980670929,
0.0296149253845,
0.0255150794983,
0.0256950855255,
0.0279619693756,
0.0281410217285,
0.0317149162292,
0.0319559574127,
0.0314350128174,
0.0316281318665,
0.0221359729767,
0.0226261615753,
0.0446791648865,
0.0452680587769,
0.0341730117798,
0.0350830554962,
0.030277967453,
0.0313010215759,
0.0422098636627,
0.0424048900604,
0.0279860496521,
0.0282011032104,
0.0264627933502,
0.0266568660736,
0.0320339202881,
0.0322558879852,
0.0360820293427,
0.0363309383392,
0.0224030017853,
0.0225811004639,
0.0338308811188,
0.0341598987579,
0.0288059711456,
0.0293741226196,
0.0333118438721,
0.033910036087,
0.0266451835632,
0.0276031494141,
0.0284111499786,
0.0290369987488,
0.0287871360779,
0.0289602279663,
0.0376839637756,
0.0390589237213,
0.0316050052643,
0.0324549674988,
0.0275750160217,
0.0286400318146,
0.0269961357117,
0.0275120735168,
0.0366010665894,
0.0368058681488,
0.0267100334167,
0.0272390842438,
0.0322511196136,
0.0329539775848,
0.0309600830078,
0.031170129776,
0.0260951519012,
0.0263011455536,
0.0264101028442,
0.0266029834747,
0.024581193924,
0.024777173996,
0.0280239582062,
0.0282089710236,
0.0275330543518,
0.0277199745178,
0.0295321941376,
0.0303480625153,
0.0347578525543,
0.0356130599976,
0.0277760028839,
0.0287001132965,
0.0375759601593,
0.0385580062866,
0.0373229980469,
0.0380959510803,
0.0261330604553,
0.0269432067871,
0.0381498336792,
0.0393018722534,
0.0299789905548,
0.031200170517,
0.0347671508789,
0.0361280441284,
0.0327529907227,
0.033280134201,
0.0256059169769,
0.0263838768005,
0.0285849571228,
0.0293810367584,
0.0338339805603,
0.0345587730408,
0.0287320613861,
0.0297858715057,
0.0299091339111,
0.0388939380646,
0.0240910053253,
0.0246651172638,
0.0294671058655,
0.0301430225372,
0.0246930122375,
0.0248780250549,
0.0303361415863,
0.0305240154266,
0.0257580280304,
0.0259511470795,
0.0320880413055,
0.0325229167938,
0.0321931838989,
0.0324091911316,
0.0268249511719,
0.0273108482361,
0.0292880535126,
0.0302410125732,
0.0220201015472,
0.0384159088135,
0.0284090042114,
0.0290009975433,
0.0279440879822,
0.0286030769348,
0.0300409793854,
0.0306360721588,
0.0286581516266,
0.0292451381683,
0.0254850387573,
0.0260679721832,
0.023371219635,
0.0241401195526,
0.0462839603424,
0.046844959259,
0.0261960029602,
0.0268681049347,
0.0246398448944,
0.0248830318451,
0.0309700965881,
0.0311431884766,
0.0324649810791,
0.0327458381653,
0.0263938903809,
0.0265698432922,
0.0253000259399,
0.0257370471954,
0.0293929576874,
0.0303859710693,
0.0344638824463,
0.0354480743408,
0.0283617973328,
0.0285768508911,
0.0263781547546,
0.0269651412964,
0.0261571407318,
0.0263440608978,
0.0290820598602,
0.0292940139771,
0.0276567935944,
0.0278358459473,
0.0240080356598,
0.0246329307556,
0.0296840667725,
0.0301420688629,
0.0254819393158,
0.0256910324097,
0.0307729244232,
0.0309491157532,
0.0276401042938,
0.0287110805511,
0.0276310443878,
0.0285611152649,
0.0244481563568,
0.0249500274658,
0.0337669849396,
0.0341958999634,
0.035295009613,
0.045284986496,
0.0385599136353,
0.0388569831848,
0.0321590900421,
0.0324041843414,
0.0312361717224,
0.0317440032959,
0.0261681079865,
0.0268671512604,
0.0276811122894,
0.028459072113,
0.0373530387878,
0.0381710529327,
0.0301949977875,
0.0303871631622,
0.0254371166229,
0.0257790088654,
0.027615070343,
0.0280139446259,
0.0279099941254,
0.0281898975372,
0.0270500183105,
0.0272581577301,
0.0267398357391,
0.0269320011139,
0.0291020870209,
0.0293140411377,
0.0273079872131,
0.0275640487671,
0.0296831130981,
0.0298709869385,
0.0252108573914,
0.0254409313202,
0.0259749889374,
0.0261619091034,
0.0424020290375,
0.0427238941193,
0.0414869785309,
0.0417041778564,
0.022805929184,
0.0229890346527,
0.0306611061096,
0.0308480262756,
0.0363318920135,
0.0367040634155,
0.027988910675,
0.0281629562378,
0.024829864502,
0.0252239704132,
0.028666973114,
0.0289030075073,
0.036453962326,
0.036700963974,
0.0277271270752,
0.0279371738434,
0.0279121398926,
0.0281071662903,
0.027440071106,
0.0277090072632,
0.0301439762115,
0.0303561687469,
0.0260269641876,
0.0262200832367,
0.0302839279175,
0.0304989814758,
0.0300278663635,
0.0302309989929,
0.0362141132355,
0.0366051197052,
0.0315489768982,
0.0317869186401,
0.0312149524689,
0.0313899517059,
0.0309660434723,
0.031142950058,
0.0769019126892,
0.0770790576935,
0.0253829956055,
0.0257320404053,
0.0383088588715,
0.0384938716888,
0.0614831447601,
0.0634860992432,
0.031751871109,
0.0319218635559,
0.0261709690094,
0.0264110565186,
0.026538848877,
0.0273149013519,
0.0303239822388,
0.0305230617523,
0.0172028541565,
0.0420789718628,
0.0304398536682,
0.0308859348297,
0.0254349708557,
0.0256209373474,
0.0311839580536,
0.0314428806305,
0.0275201797485,
0.0277011394501,
0.0352969169617,
0.035572052002,
0.0254311561584,
0.0256941318512,
0.0273039340973,
0.0274939537048,
0.0293321609497,
0.0295150279999,
0.0251698493958,
0.025358915329,
0.0270600318909,
0.0272500514984,
0.0222630500793,
0.0226030349731,
0.041601896286,
0.0418758392334,
0.0701439380646,
0.0703308582306,
0.0344860553741,
0.0352749824524,
0.025780916214,
0.0259850025177,
0.0393419265747,
0.0395359992981,
0.0282440185547,
0.0308239459991,
0.0282399654388,
0.0284259319305,
0.0400879383087,
0.0406110286713,
0.0339958667755,
0.0346219539642,
0.0312368869781,
0.0362498760223,
0.036416053772,
0.0368440151215,
0.0284869670868,
0.0292880535126,
0.0357360839844,
0.0359129905701,
0.041198015213,
0.0414040088654,
0.0265290737152,
0.0267341136932,
0.0258839130402,
0.0261380672455,
0.0376620292664,
0.0378401279449,
0.037896156311,
0.0381009578705,
0.0361621379852,
0.0364980697632,
0.0358879566193,
0.0361020565033,
0.031849861145,
0.0328340530396,
0.0296881198883,
0.0298681259155,
0.0334730148315,
0.0337421894073,
0.0258378982544,
0.0260238647461,
0.0466141700745,
0.0472991466522,
0.0301198959351,
0.0309159755707,
0.0343000888824,
0.0347819328308,
0.0284280776978,
0.0293681621552,
0.0262989997864,
0.0272510051727,
0.0268061161041,
0.0283958911896,
0.0351459980011,
0.036679983139,
0.035434961319,
0.0361449718475,
0.0272319316864,
0.0275809764862,
0.0201499462128,
0.0328459739685,
0.0421929359436,
0.0432100296021,
0.0368211269379,
0.0375161170959,
0.055214881897,
0.0563209056854,
0.0230469703674,
0.0237429141998,
0.0354611873627,
0.0370299816132,
0.0357191562653,
0.0359342098236,
0.0282800197601,
0.0285940170288,
0.0280499458313,
0.0283510684967,
0.0326418876648,
0.0328190326691,
0.0374879837036,
0.0376551151276,
0.0304908752441,
0.0362169742584,
0.0258369445801,
0.0260488986969,
0.0175249576569,
0.017786026001,
0.0272169113159,
0.0273928642273,
0.0303750038147,
0.0305860042572,
0.0230898857117,
0.0232977867126,
0.0321221351624,
0.0323190689087,
0.028580904007,
0.0292208194733,
0.0285470485687,
0.0292410850525,
0.0244009494781,
0.0245878696442,
0.0294060707092,
0.029748916626,
0.03466796875,
0.0348899364471,
0.0276300907135,
0.0278129577637,
0.0293958187103,
0.0295748710632,
0.0315561294556,
0.0326170921326,
0.0294570922852,
0.0305690765381,
0.0248398780823,
0.025456905365,
0.0362229347229,
0.0364198684692,
0.0334889888763,
0.0345840454102,
0.031898021698,
0.0325541496277,
0.0347938537598,
0.0355188846588,
0.0254158973694,
0.0256149768829,
0.0266270637512,
0.0270390510559,
0.0260548591614,
0.0265798568726,
0.0268099308014,
0.0274579524994,
0.0283679962158,
0.0291299819946,
0.0312340259552,
0.0321390628815,
0.0331089496613,
0.0341808795929,
0.0251109600067,
0.0258810520172,
0.0405859947205,
0.040815114975,
0.0239109992981,
0.0240778923035,
0.0275180339813,
0.02769780159,
0.0288729667664,
0.0292229652405,
0.0261101722717,
0.0263061523438,
0.0292208194733,
0.0294289588928,
0.032655954361,
0.0328350067139,
0.0276439189911,
0.0279099941254,
0.0318779945374,
0.032163143158,
0.0298268795013,
0.0300960540771,
0.0298359394073,
0.0300400257111,
0.0314049720764,
0.031769990921,
0.0236568450928,
0.023943901062,
0.0316309928894,
0.0319480895996,
0.027419090271,
0.0276069641113,
0.0308198928833,
0.0311350822449,
0.0306189060211,
0.0325620174408,
0.0332159996033,
0.0399858951569,
0.0278580188751,
0.0285620689392,
0.0614550113678,
0.0623087882996,
0.0273220539093,
0.0274980068207,
0.0271589756012,
0.0273599624634,
0.0272371768951,
0.0274291038513,
0.0255088806152,
0.0256838798523,
0.0318520069122,
0.0321791172028,
0.0252289772034,
0.0254299640656,
0.0278308391571,
0.0285558700562,
0.0350091457367,
0.0356619358063,
0.0257818698883,
0.0265100002289,
0.0302758216858,
0.0304419994354,
0.0283539295197,
0.0286870002747,
0.0254328250885,
0.0256788730621,
0.0302419662476,
0.0304088592529,
0.0262629985809,
0.0264520645142,
0.0216081142426,
0.0219280719757,
0.0293159484863,
0.0303649902344,
0.0256979465485,
0.0261781215668,
0.0380198955536,
0.0385048389435,
0.0277841091156,
0.0283281803131,
0.0300149917603,
0.032646894455,
0.0205128192902,
0.0345299243927,
0.0510411262512,
0.0526139736176,
0.0459840297699,
0.0463409423828,
0.0336828231812,
0.0344967842102,
0.0451209545135,
0.0458099842072,
0.0301480293274,
0.0305120944977,
0.0371179580688,
0.0373029708862,
0.0305998325348,
0.0308289527893,
0.033164024353,
0.0334639549255,
0.0353438854218,
0.0357189178467,
0.0288290977478,
0.0290160179138,
0.0242960453033,
0.024512052536,
0.031476020813,
0.0316531658173,
0.0318500995636,
0.0339729785919,
0.0320861339569,
0.0327870845795,
0.028578042984,
0.0288650989532,
0.0299820899963,
0.0311739444733,
0.0377471446991,
0.0389640331268,
0.0413799285889,
0.0420958995819,
0.0307698249817,
0.0313708782196,
0.0348172187805,
0.0350770950317,
0.0346720218658,
0.0349500179291,
0.0357880592346,
0.0360550880432,
0.0333611965179,
0.0338840484619,
0.0328221321106,
0.0330340862274,
0.0293707847595,
0.0299727916718,
0.0335130691528,
0.0342009067535,
0.0258750915527,
0.02698802948,
0.0231590270996,
0.0233209133148,
0.0339710712433,
0.0349991321564,
0.0275890827179,
0.0283551216125,
0.0335879325867,
0.0338068008423,
0.0311450958252,
0.0313379764557,
0.0257680416107,
0.0262498855591,
0.0276749134064,
0.0282938480377,
0.0590801239014,
0.0596420764923,
0.0262150764465,
0.0269389152527,
0.0355570316315,
0.0362620353699,
0.0278880596161,
0.0281460285187,
0.0287039279938,
0.0291328430176,
0.0264389514923,
0.0266690254211,
0.0265960693359,
0.0269849300385,
0.0327498912811,
0.0332090854645,
0.0284638404846,
0.0309858322144,
0.0274028778076,
0.0276749134064,
0.0284028053284,
0.0288097858429,
0.0394830703735,
0.0396649837494,
0.0286099910736,
0.0288710594177,
0.0482978820801,
0.0488409996033,
0.0349612236023,
0.0351362228394,
0.0383439064026,
0.0386879444122,
0.0238060951233,
0.0248460769653,
0.0299470424652,
0.0301551818848,
0.0259211063385,
0.026123046875,
0.0263538360596,
0.0265779495239,
0.0288319587708,
0.0291349887848,
0.0325710773468,
0.0335910320282,
0.0274829864502,
0.0278759002686,
0.0231649875641,
0.0243308544159,
0.0286819934845,
0.0303049087524,
0.0235440731049,
0.0237228870392,
0.0283579826355,
0.028685092926,
0.024297952652,
0.0288760662079,
0.0280959606171,
0.0283119678497,
0.0254130363464,
0.0256419181824,
0.0246160030365,
0.0248870849609,
0.0273649692535,
0.0275480747223,
0.0220010280609,
0.0222189426422,
0.0284550189972,
0.0289242267609,
0.0348110198975,
0.035637140274,
0.0359599590302,
0.0367469787598,
0.0315289497375,
0.0317018032074,
0.0273580551147,
0.0275321006775,
0.0336029529572,
0.0337700843811,
0.0402278900146,
0.0404009819031,
0.0425119400024,
0.0464928150177,
0.0268888473511,
0.027153968811,
0.0271909236908,
0.0273480415344,
0.0221118927002,
0.0245809555054,
0.0267939567566,
0.026978969574,
0.0259091854095,
0.0262382030487,
0.0281589031219,
0.0283389091492,
0.0272490978241,
0.0274350643158,
0.0252850055695,
0.0254640579224,
0.0228660106659,
0.0236399173737,
0.0289251804352,
0.0296831130981,
0.0357120037079,
0.0369129180908,
0.0301909446716,
0.0303730964661,
0.0242531299591,
0.0245950222015,
0.0262529850006,
0.0273938179016,
0.0497310161591,
0.0541760921478,
0.0346879959106,
0.0397629737854,
0.0224828720093,
0.0404498577118,
0.0236029624939,
0.0239779949188,
0.0322911739349,
0.0324790477753,
0.0303649902344,
0.0326039791107,
0.0291268825531,
0.0302040576935,
0.0333189964294,
0.0337910652161,
0.0364141464233,
0.0373690128326,
0.039806842804,
0.0407998561859,
0.0404300689697