0.0253851413727,
0.0255789756775,
0.0343010425568,
0.0347011089325,
0.032840013504,
0.0330531597137,
0.0264439582825,
0.0268070697784,
0.0274379253387,
0.0289089679718,
0.0418238639832,
0.0420358181,
0.0387878417969,
0.0389978885651,
0.0384140014648,
0.0386941432953,
0.0274438858032,
0.0277948379517,
0.0245749950409,
0.0247638225555,
0.0358459949493,
0.0360291004181,
0.127436876297,
0.127884864807,
0.0383968353271,
0.0389838218689,
0.0655550956726,
0.065936088562,
0.0408809185028,
0.0412938594818,
0.0337738990784,
0.0344359874725,
0.029648065567,
0.0327548980713,
0.0269432067871,
0.0276780128479,
0.0343990325928,
0.03457903862,
0.0263199806213,
0.0265138149261,
0.0261058807373,
0.0263178348541,
0.0372071266174,
0.0374720096588,
0.0326080322266,
0.033439874649,
0.0262861251831,
0.0266079902649,
0.0271000862122,
0.0272860527039,
0.0258779525757,
0.0260479450226,
0.0279021263123,
0.028076171875,
0.0262660980225,
0.0270690917969,
0.0325629711151,
0.0336270332336,
0.0254628658295,
0.0265278816223,
0.0216228961945,
0.0219218730927,
0.0344908237457,
0.0346829891205,
0.0306358337402,
0.0318138599396,
0.0252709388733,
0.0254499912262,
0.0336821079254,
0.0373520851135,
0.0409240722656,
0.043053150177,
0.0298659801483,
0.0308640003204,
0.0262777805328,
0.0264887809753,
0.0277020931244,
0.0279529094696,
0.0283617973328,
0.0286309719086,
0.0354640483856,
0.0360009670258,
0.0183389186859,
0.0185639858246,
0.017560005188,
0.0355989933014,
0.0273439884186,
0.0275590419769,
0.0336711406708,
0.0342259407043,
0.030699968338,
0.0350689888,
0.0299551486969,
0.0301871299744,
0.0266170501709,
0.0268950462341,
0.0261950492859,
0.0263681411743,
0.0285940170288,
0.0288970470428,
0.026046037674,
0.0262269973755,
0.0283288955688,
0.0285069942474,
0.0242290496826,
0.0244140625,
0.0262410640717,
0.026407957077,
0.0262050628662,
0.0263891220093,
0.0312879085541,
0.0315139293671,
0.0255742073059,
0.0257570743561,
0.0309238433838,
0.0318059921265,
0.0287549495697,
0.0289328098297,
0.0254211425781,
0.0255930423737,
0.0298569202423,
0.0301029682159,
0.0422549247742,
0.0424978733063,
0.0261998176575,
0.0270400047302,
0.0268740653992,
0.0271091461182,
0.0317599773407,
0.031986951828,
0.0277669429779,
0.027951002121,
0.0271430015564,
0.0273180007935,
0.0282409191132,
0.0291428565979,
0.0335080623627,
0.0336871147156,
0.032567024231,
0.0328340530396,
0.0254769325256,
0.0256869792938,
0.0255558490753,
0.0257728099823,
0.0287280082703,
0.0296931266785,
0.0273849964142,
0.028126001358,
0.0328578948975,
0.0330529212952,
0.03093791008,
0.0311229228973,
0.0285098552704,
0.0287017822266,
0.0341711044312,
0.0351929664612,
0.0278170108795,
0.0290141105652,
0.0265390872955,
0.0267419815063,
0.0324459075928,
0.0326449871063,
0.0292019844055,
0.0300600528717,
0.0284111499786,
0.0291171073914,
0.0250821113586,
0.0252809524536,
0.0277240276337,
0.0279231071472,
0.0270140171051,
0.027204990387,
0.0251078605652,
0.0253419876099,
0.0353879928589,
0.0357880592346,
0.0268099308014,
0.0275599956512,
0.0324158668518,
0.0332069396973,
0.0276851654053,
0.0284721851349,
0.0239927768707,
0.0241508483887,
0.0276310443878,
0.0278179645538,
0.0334489345551,
0.0336258411407,
0.0281949043274,
0.0283761024475,
0.0253489017487,
0.0255520343781,
0.0253219604492,
0.0255870819092,
0.034805059433,
0.0353920459747,
0.0372939109802,
0.0378580093384,
0.030522108078,
0.0307171344757,
0.0268468856812,
0.0277419090271,
0.0279920101166,
0.0282039642334,
0.0327839851379,
0.0345349311829,
0.0261249542236,
0.0270800590515,
0.0269949436188,
0.0271770954132,
0.0268251895905,
0.0270121097565,
0.0294370651245,
0.0296580791473,
0.0243248939514,
0.0245599746704,
0.0239281654358,
0.0241010189056,
0.0254318714142,
0.0256938934326,
0.0279321670532,
0.0281112194061,
0.0328500270844,
0.0330200195312,
0.0280330181122,
0.0282399654388,
0.0262069702148,
0.0271871089935,
0.0264220237732,
0.0376210212708,
0.0297319889069,
0.0308270454407,
0.028135061264,
0.0291790962219,
0.0290911197662,
0.0301899909973,
0.0269050598145,
0.027086019516,
0.0225350856781,
0.02281498909,
0.0334370136261,
0.0341229438782,
0.0296771526337,
0.0305330753326,
0.0289719104767,
0.0297899246216,
0.0323538780212,
0.0325248241425,
0.0289490222931,
0.0295929908752,
0.0369400978088,
0.0371630191803,
0.0301790237427,
0.030385017395,
0.0283219814301,
0.0289690494537,
0.0274059772491,
0.028126001358,
0.0265729427338,
0.0274250507355,
0.0291907787323,
0.029364824295,
0.0286459922791,
0.0290899276733,
0.0418660640717,
0.0423741340637,
0.0434839725494,
0.0437350273132,
0.0335829257965,
0.0338640213013,
0.0628039836884,
0.0631539821625,
0.036413192749,
0.0372200012207,
0.0406980514526,
0.0418410301208,
0.0264501571655,
0.0271699428558,
0.0293018817902,
0.0301530361176,
0.0404789447784,
0.0412549972534,
0.0237481594086,
0.0245690345764,
0.0376129150391,
0.0390989780426,
0.0283899307251,
0.029139995575,
0.0366938114166,
0.0369398593903,
0.0432000160217,
0.0439400672913,
0.0419552326202,
0.0427241325378,
0.0414090156555,
0.043506860733,
0.0391120910645,
0.0396780967712,
0.031112909317,
0.0313100814819,
0.0292999744415,
0.0299680233002,
0.0367228984833,
0.0369069576263,
0.0343129634857,
0.034499168396,
0.0296370983124,
0.0298471450806,
0.043741941452,
0.0443410873413,
0.0461201667786,
0.0462939739227,
0.0362029075623,
0.0370268821716,
0.0300722122192,
0.0309131145477,
0.0343039035797,
0.0350978374481,
0.0228300094604,
0.0239861011505,
0.0355179309845,
0.0358350276947,
0.0278708934784,
0.028058052063,
0.0296421051025,
0.0301620960236,
0.0274059772491,
0.0308420658112,
0.0426430702209,
0.0428459644318,
0.0276551246643,
0.0278520584106,
0.0288920402527,
0.0290629863739,
0.0368099212646,
0.0370869636536,
0.0357708930969,
0.0360379219055,
0.0285909175873,
0.028795003891,
0.0266301631927,
0.0268051624298,
0.034234046936,
0.0354158878326,
0.0317180156708,
0.0320670604706,
0.0328800678253,
0.0331709384918,
0.0351090431213,
0.0359129905701,
0.0310790538788,
0.0321362018585,
0.0385630130768,
0.0387499332428,
0.0305140018463,
0.0307722091675,
0.0312039852142,
0.0314109325409,
0.0267949104309,
0.0270011425018,
0.0259749889374,
0.0261590480804,
0.0246658325195,
0.0248618125916,
0.0301179885864,
0.0304379463196,
0.0309410095215,
0.0311172008514,
0.0272209644318,
0.0274260044098,
0.0304250717163,
0.0306000709534,
0.0260698795319,
0.0262539386749,
0.0284569263458,
0.0286419391632,
0.0321359634399,
0.032338142395,
0.0260081291199,
0.0262429714203,
0.0298159122467,
0.0300028324127,
0.0287201404572,
0.029345035553,
0.0355410575867,
0.0358679294586,
0.0295491218567,
0.0297410488129,
0.0313251018524,
0.0315709114075,
0.0538771152496,
0.0540800094604,
0.0381138324738,
0.0386159420013,
0.0294070243835,
0.0304219722748,
0.0246558189392,
0.0254678726196,
0.0289759635925,
0.0297899246216,
0.0337748527527,
0.0343580245972,
0.0275151729584,
0.0279731750488,
0.0362739562988,
0.0364470481873,
0.0274028778076,
0.0276029109955,
0.0352098941803,
0.035434961319,
0.0293071269989,
0.0295181274414,
0.0306799411774,
0.0309278964996,
0.0281541347504,
0.0283250808716,
0.0347189903259,
0.0352540016174,
0.0320761203766,
0.0327138900757,
0.0310261249542,
0.0316870212555,
0.0395920276642,
0.0398690700531,
0.0470509529114,
0.0479319095612,
0.0318629741669,
0.0325019359589,
0.0263481140137,
0.0268468856812,
0.0401139259338,
0.0426549911499,
0.0347278118134,
0.0349140167236,
0.0254008769989,
0.0256040096283,
0.0271968841553,
0.0276300907135,
0.0431840419769,
0.0434720516205,
0.0522830486298,
0.0529191493988,
0.0301859378815,
0.030720949173,
0.0370531082153,
0.0378000736237,
0.0378210544586,
0.0379769802094,
0.0372688770294,
0.037467956543,
0.0341429710388,
0.0343368053436,
0.0283510684967,
0.0285861492157,
0.029510974884,
0.0296759605408,
0.0293409824371,
0.0297360420227,
0.035129070282,
0.0378758907318,
0.027783870697,
0.0279688835144,
0.0285170078278,
0.0287201404572,
0.0292270183563,
0.0294229984283,
0.0275409221649,
0.0277178287506,
0.0498380661011,
0.0508100986481,
0.0640320777893,
0.0645141601562,
0.0545721054077,
0.0547430515289,
0.0630431175232,
0.0639691352844,
0.0285410881042,
0.0287671089172,
0.0314271450043,
0.0316112041473,
0.0290110111237,
0.029217004776,
0.0276479721069,
0.0279648303986,
0.0297350883484,
0.0304980278015,
0.0567970275879,
0.0575850009918,
0.0444231033325,
0.0446240901947,
0.0264320373535,
0.0266151428223,
0.0375509262085,
0.0378329753876,
0.0748851299286,
0.0750601291656,
0.0378568172455,
0.0381209850311,
0.0323138237,
0.0330429077148,
0.0290331840515,
0.0299510955811,
0.0269589424133,
0.0271649360657,
0.0316550731659,
0.0318200588226,
0.0323081016541,
0.0324950218201,
0.0332539081573,
0.0334358215332,
0.028254032135,
0.0287270545959,
0.032075881958,
0.0327208042145,
0.0288519859314,
0.0296909809113,
0.0313811302185,
0.0318431854248,
0.0296769142151,
0.0300071239471,
0.029531955719,
0.0311009883881,
0.029403924942,
0.0297250747681,
0.0292711257935,
0.0297770500183,
0.0412290096283,
0.041396856308,
0.0251359939575,
0.0253129005432,
0.0282142162323,
0.0283861160278,
0.0322530269623,
0.032478094101,
0.0302948951721,
0.0304708480835,
0.0290651321411,
0.037024974823,
0.0275259017944,
0.0289587974548,
0.0280539989471,
0.0288779735565,
0.0249509811401,
0.025132894516,
0.0308339595795,
0.0310261249542,
0.0246438980103,
0.0254998207092,
0.0456418991089,
0.0458297729492,
0.031996011734,
0.0321748256683,
0.0338740348816,
0.0340559482574,
0.028596162796,
0.0289170742035,
0.027722120285,
0.028048992157,
0.0316469669342,
0.0318808555603,
0.0265619754791,
0.0267970561981,
0.028480052948,
0.0286779403687,
0.0296370983124,
0.0298199653625,
0.0281820297241,
0.0284080505371,
0.0321810245514,
0.0324611663818,
0.026340007782,
0.0265548229218,
0.0318491458893,
0.0327379703522,
0.0298020839691,
0.0304000377655,
0.0284349918365,
0.0291178226471,
0.029000043869,
0.0297260284424,
0.0253849029541,
0.0263419151306,
0.0308899879456,
0.0318601131439,
0.0322968959808,
0.0330128669739,
0.0282928943634,
0.029079914093,
0.027272939682,
0.0283508300781,
0.0300920009613,
0.0307791233063,
0.037346124649,
0.0381560325623,
0.037095785141,
0.0378890037537,
0.0417399406433,
0.0419161319733,
0.028302192688,
0.0286560058594,
0.0293300151825,
0.0296368598938,
0.0310299396515,
0.0311939716339,
0.0256011486053,
0.0258231163025,
0.0249090194702,
0.0251438617706,
0.0269751548767,
0.0271451473236,
0.0248608589172,
0.0250790119171,
0.0285339355469,
0.028881072998,
0.0283348560333,
0.0286619663239,
0.0338220596313,
0.0340790748596,
0.0412728786469,
0.0420408248901,
0.0328590869904,
0.0333950519562,
0.0210039615631,
0.023745059967,
0.031445980072,
0.0321559906006,
0.0408029556274,
0.0415079593658,
0.0343267917633,
0.0350058078766,
0.0338780879974,
0.034912109375,
0.028639793396,
0.0294659137726,
0.0429329872131,
0.0439369678497,
0.0268371105194,
0.0274121761322,
0.050400018692,
0.0512888431549,
0.0223288536072,
0.0226099491119,
0.0337660312653,
0.0340180397034,
0.0284230709076,
0.0291011333466,
0.0899569988251,
0.0905590057373,
0.0360360145569,
0.0365629196167,
0.0392439365387,
0.0397009849548,
0.0332489013672,
0.0339059829712,
0.0285630226135,
0.0287561416626,
0.026417016983,
0.0266580581665,
0.0352251529694,
0.0354080200195,
0.0268290042877,
0.0271410942078,
0.0348119735718,
0.0353651046753,
0.0259239673615,
0.0265970230103,
0.0332078933716,
0.0337579250336,
0.0292589664459,
0.0294899940491,
0.0312180519104,
0.0320069789886,
0.0300090312958,
0.0302541255951,
0.0324938297272,
0.0327649116516,
0.0298919677734,
0.0306260585785,
0.0325181484222,
0.032781124115,
0.0310709476471,
0.0314321517944,
0.026566028595,
0.0267541408539,
0.0270438194275,
0.0272238254547,
0.028923034668,
0.0291950702667,
0.0268800258636,
0.0270640850067,
0.026771068573,
0.0270791053772,
0.0290021896362,
0.029235124588,
0.0326869487762,
0.0332469940186,
0.0279381275177,
0.0285241603851,
0.0264101028442,
0.0272541046143,
0.0289258956909,
0.0293779373169,
0.0300960540771,
0.0305919647217,
0.0280089378357,
0.0282030105591,
0.0279891490936,
0.0282649993896,
0.0294530391693,
0.029834985733,
0.0264232158661,
0.0269510746002,
0.0268099308014,
0.027508020401,
0.0409338474274,
0.041121006012,
0.0604259967804,
0.0606458187103,
0.033588886261,
0.0341069698334,
0.0328121185303,
0.0337800979614,
0.0425598621368,
0.0428969860077,
0.0747039318085,
0.0754609107971,
0.0645151138306,
0.0647201538086,
0.0455980300903,
0.0465841293335,
0.0374088287354,
0.038537979126,
0.0396659374237,
0.0398240089417,
0.0408380031586,
0.0410168170929,
0.0384860038757,
0.0386719703674,
0.0682380199432,
0.0690760612488,
0.0274629592896,
0.0281410217285,
0.0244269371033,
0.0246739387512,
0.0312309265137,
0.0314619541168,
0.0313360691071,
0.0315220355988,
0.0320971012115,
0.0322871208191,
0.0319981575012,
0.032653093338,
0.0400128364563,
0.0402138233185,
0.0235049724579,
0.0236799716949,
0.0367040634155,
0.0385780334473,
0.0302970409393,
0.0304698944092,
0.0273270606995,
0.0275051593781,
0.0387489795685,
0.0390069484711,
0.0378310680389,
0.0380239486694,
0.0404229164124,
0.041955947876,
0.0313360691071,
0.0316600799561,
0.0599238872528,
0.060201883316,
0.0275728702545,
0.0277690887451,
0.0477910041809,
0.0611588954926,
0.0264060497284,
0.0265719890594,
0.0354409217834,
0.0372629165649,
0.0342569351196,
0.0363137722015,
0.0401740074158,
0.0415570735931,
0.0284199714661,
0.02911901474,
0.0228679180145,
0.0243699550629,
0.027969121933,
0.0283100605011,
0.0336651802063,
0.0340521335602,
0.0362958908081,
0.0364880561829,
0.0279941558838,
0.0293910503387,
0.0325241088867,
0.0336639881134,
0.0287489891052,
0.0295269489288,
0.033723115921,
0.0338971614838,
0.0405609607697,
0.0416429042816,
0.0329248905182,
0.0338139533997,
0.0501718521118,
0.0506720542908,
0.0471050739288,
0.047336101532,
0.0358920097351,
0.0368111133575,
0.0369441509247,
0.0371041297913,
0.0362651348114,
0.0364480018616,
0.0353209972382,
0.0355031490326,
0.0288491249084,
0.0291159152985,
0.0261740684509,
0.0267250537872,
0.026319026947,
0.026556968689,
0.0286951065063,
0.028902053833,
0.0259110927582,
0.0260970592499,
0.0364301204681,
0.0366060733795,
0.025995016098,
0.0263350009918,
0.0291121006012,
0.0292890071869,
0.0305261611938,
0.0307550430298,
0.0364968776703,
0.0370390415192,
0.0415539741516,
0.0418729782104,
0.0259110927582,
0.0260891914368,
0.0501389503479,
0.0503120422363,
0.0351719856262,
0.0353639125824,
0.0368318557739,
0.0370018482208,
0.0339369773865,
0.0342378616333,
0.0265550613403,
0.0274119377136,
0.0419960021973,
0.0432281494141,
0.0718810558319,
0.0720710754395,
0.0214469432831,
0.0224368572235,
0.0299279689789,
0.0319221019745,
0.0305650234222,
0.0314719676971,
0.0319058895111,
0.0321850776672,
0.0298931598663,
0.0300920009613,
0.0370559692383,
0.0373570919037,
0.0505521297455,
0.0508260726929,
0.0398731231689,
0.0401730537415,
0.0277531147003,
0.0279910564423,
0.0334889888763,
0.0337200164795,
0.0453889369965,
0.0456418991089,
0.0436429977417,
0.0441389083862,
0.0590350627899,
0.0592060089111,
0.0342719554901,
0.034539937973,
0.0362651348114,
0.0364351272583,
0.0311899185181,
0.0316028594971,
0.0295040607452,
0.0296990871429,
0.0358588695526,
0.0362050533295,
0.0384750366211,
0.0389430522919,
0.0289018154144,
0.0302398204803,
0.0290648937225,
0.030061006546,
0.033262014389,
0.0342841148376,
0.03005194664,
0.0308678150177,
0.0300419330597,
0.0305650234222,
0.037593126297,
0.0380721092224,
0.0338580608368,
0.0343441963196,
0.0317761898041,
0.0325911045074,
0.0374200344086,
0.0429630279541,
0.0317389965057,
0.0326359272003,
0.0375800132751,
0.0380899906158,
0.0348510742188,
0.0355069637299,
0.0276439189911,
0.0290389060974,
0.0295181274414,
0.0296940803528,
0.029354095459,
0.0295491218567,
0.0369548797607,
0.0371370315552,
0.0227890014648,
0.0236659049988,
0.0281758308411,
0.0285639762878,
0.0366740226746,
0.0404319763184,
0.0239961147308,
0.0241940021515,
0.0366270542145,
0.0368239879608,
0.0352210998535,
0.036003112793,
0.0339748859406,
0.0348699092865,
0.0345571041107,
0.0352940559387,
0.0422899723053,
0.0433468818665,
0.0272798538208,
0.0304279327393,
0.0276961326599,
0.0280511379242,
0.0476109981537,
0.0487718582153,
0.0314681529999,
0.0322320461273,
0.0296900272369,
0.0305271148682,
0.0328860282898,
0.0336410999298,
0.0286190509796,
0.0295329093933,
0.0256018638611,
0.0264918804169,
0.0312190055847,
0.0317659378052,
0.0297939777374,
0.0299899578094,
0.0339341163635,
0.0341801643372,
0.0298779010773,
0.0303888320923,
0.0303330421448,
0.0311000347137,
0.0274851322174,
0.0284700393677,
0.0294191837311,
0.0299279689789,
0.0388760566711,
0.0401751995087,
0.0216357707977,
0.0218458175659,
0.0319399833679,
0.0325560569763,
0.028303861618,
0.0285179615021,
0.0312669277191,
0.031457901001,
0.0253648757935,
0.0255489349365,
0.0299758911133,
0.0302219390869,
0.0275251865387,
0.0277111530304,
0.0246500968933,
0.0249311923981,
0.026015996933,
0.0262370109558,
0.0280439853668,
0.0282759666443,
0.0312831401825,
0.0319390296936,
0.0286741256714,
0.0292801856995,
0.0387089252472,
0.0395019054413,
0.0335569381714,
0.0343019962311,
0.0356450080872,
0.0358238220215,
0.0268380641937,
0.0270900726318,
0.0279841423035,
0.0288960933685,
0.0403070449829,
0.0429680347443,
0.0400769710541,
0.0411520004272,
0.0452659130096,
0.0463800430298,
0.0467629432678,
0.047868013382,
0.03160405159,
0.0324461460114,
0.0388100147247,
0.0393600463867,
0.0290529727936,
0.0300509929657,
0.0465619564056,
0.0477211475372,
0.035854101181,
0.0360219478607,
0.0310578346252,
0.0313529968262,
0.027517080307,
0.0283598899841,
0.0258128643036,
0.0262928009033,
0.0304000377655,
0.0311570167542,
0.0355219841003,
0.0358278751373,
0.0223710536957,
0.0225920677185,
0.0257029533386,
0.0267140865326,
0.029412984848,
0.0302169322968,
0.0302059650421,
0.0303750038147,
0.0250120162964,
0.0252029895782,
0.030485868454,
0.0306799411774,
0.0301067829132,
0.030327796936,
0.0322549343109,
0.0332329273224,
0.0294280052185,
0.0309121608734,
0.0301940441132,
0.0303800106049,
0.0290930271149,
0.0340139865875,
0.0291430950165,
0.029443025589,
0.0252950191498,
0.0256209373474,
0.0286190509796,
0.028795003891,
0.0306730270386,
0.0309710502625,
0.0220341682434,
0.0236811637878,
0.0444750785828,
0.0446450710297,
0.038754940033,
0.0395328998566,
0.0311999320984,
0.0313758850098,
0.0260410308838,
0.0262401103973,
0.036838054657,
0.0382421016693,
0.0268630981445,
0.0270729064941,
0.0668239593506,
0.067519903183,
0.0247359275818,
0.0253329277039,
0.0212070941925,
0.0219829082489,
0.0286350250244,
0.0294489860535,
0.0292630195618,
0.0300951004028,
0.0383141040802,
0.0385551452637,
0.0315680503845,
0.0317988395691,
0.0280649662018,
0.0308659076691,
0.0362050533295,
0.0406579971313,
0.0376958847046,
0.037880897522,
0.0418219566345,
0.0419979095459,
0.0441918373108,
0.0448889732361,
0.0268671512604,
0.0272760391235,
0.0230178833008,
0.0232748985291,
0.0377089977264,
0.0389161109924,
0.0538940429688,
0.0546300411224,
0.0258209705353,
0.0323050022125,
0.0272290706635,
0.0321791172028,
0.0283410549164,
0.0293159484863,
0.0407748222351,
0.0409398078918,
0.0278179645538,
0.0280039310455,
0.0284788608551,
0.0292220115662,
0.0274741649628,
0.0277850627899,
0.0328600406647,
0.0335681438446,
0.0261759757996,
0.0271699428558,
0.0284149646759,
0.0286638736725,
0.025976896286,
0.0261600017548,
0.0251808166504,
0.0253708362579,
0.0253419876099,
0.0255589485168,
0.0335381031036,
0.0337100028992,
0.0254800319672,
0.0257060527802,
0.0274560451508,
0.028153181076,
0.057639837265,
0.0578329563141,
0.0371949672699,
0.0374350547791,
0.0328669548035,
0.034129858017,
0.0306160449982,
0.0308120250702,
0.0381999015808,
0.0383749008179,
0.0324060916901,
0.0326001644135,
0.0341250896454,
0.0344910621643,
0.0302939414978,
0.0309319496155,
0.0309519767761,
0.031131029129,
0.0418310165405,
0.0422718524933,
0.0255331993103,
0.025731086731,
0.0354208946228,
0.0356290340424,
0.0286049842834,
0.0293140411377,
0.0223271846771,
0.0231530666351,
0.0326061248779,
0.033411026001,
0.0320920944214,
0.0327999591827,
0.0476770401001,
0.0479168891907,
0.040876865387,
0.0410969257355,
0.028666973114,
0.0292599201202,
0.0287628173828,
0.0295460224152,
0.0282769203186,
0.02947306633,
0.0260601043701,
0.0262539386749,
0.032604932785,
0.0328080654144,
0.0281419754028,
0.0283570289612,
0.0279450416565,
0.0281760692596,
0.0320358276367,
0.0322239398956,
0.0263969898224,
0.0273430347443,
0.0265820026398,
0.0274238586426,
0.0310609340668,
0.0332038402557,
0.026104927063,
0.026948928833,
0.0287029743195,
0.0295050144196,
0.0219709873199,
0.022518157959,
0.0208079814911,
0.050724029541,
0.0445830821991,
0.0447709560394,
0.0278830528259,
0.0281219482422,
0.0331370830536,
0.03338098526,
0.0237381458282,
0.0240480899811,
0.052549123764,
0.0535099506378,
0.0311989784241,
0.0313799381256,
0.0350158214569,
0.0357618331909,
0.044764995575,
0.0470261573792,
0.0487761497498,
0.0493590831757,
0.0285499095917,
0.0292267799377,
0.0491349697113,
0.049329996109,
0.0288829803467,
0.0290608406067,
0.0290219783783,
0.0296120643616,
0.0338408946991,
0.0340049266815,
0.034049987793,
0.0342319011688,
0.0285489559174,
0.0287239551544,
0.0272829532623,
0.0274698734283,
0.0324749946594,
0.0332419872284,
0.0305879116058,
0.0307819843292,
0.0265128612518,
0.026731967926,
0.026643037796,
0.0268659591675,
0.027352809906,
0.0280640125275,
0.0433449745178,
0.0436000823975,
0.0306208133698,
0.0308258533478,
0.0402140617371,
0.0413491725922,
0.0315201282501,
0.0325531959534,
0.0251100063324,
0.0254499912262,
0.0273289680481,
0.0275690555573,
0.0271258354187,
0.0273609161377,
0.0260441303253,
0.0262751579285,
0.0335760116577,
0.0338470935822,
0.0306880474091,
0.0309059619904,
0.0283188819885,
0.0285019874573,
0.0321321487427,
0.0323331356049,
0.0256569385529,
0.0258450508118,
0.0293219089508,
0.0294990539551,
0.0461759567261,
0.0468649864197,
0.0381510257721,
0.0385699272156,
0.0261490345001,
0.0268468856812,
0.044487953186,
0.0446670055389,
0.0289709568024,
0.0291850566864,
0.0251281261444,
0.0253200531006,
0.0356590747833,
0.0368971824646,
0.0291979312897,
0.0298340320587,
0.0289590358734,
0.0291340351105,
0.0287899971008,
0.0289688110352,
0.0297889709473,
0.0300900936127,
0.0265200138092,
0.0267000198364,
0.0262539386749,
0.0264329910278,
0.0365722179413,
0.0368101596832,
0.0282640457153,
0.0284631252289,
0.0265829563141,
0.0267617702484,
0.0269660949707,
0.0271601676941,
0.0316030979156,
0.0319111347198,
0.0342221260071,
0.0414969921112,
0.0434219837189,
0.0441210269928,
0.0568890571594,
0.0575361251831,
0.0369319915771,
0.037575006485,
0.0324869155884,
0.0330648422241,
0.0397930145264,
0.0407559871674,
0.0273230075836,
0.0275459289551,
0.0256819725037,
0.0258469581604,
0.0268921852112,
0.0271151065826,
0.0268890857697,
0.0278210639954,
0.0521869659424,
0.0528788566589,
0.0413539409637,
0.0415530204773,
0.0330719947815,
0.0333690643311,
0.0352959632874,
0.0354759693146,
0.0264358520508,
0.0266170501709,
0.0347590446472,
0.0363919734955,
0.0284729003906,
0.0310368537903,
0.0336890220642,
0.0338778495789,
0.0333781242371,
0.0337870121002,
0.0364928245544,
0.0366899967194,
0.0352370738983,
0.0354301929474,
0.0676209926605,
0.0684680938721,
0.0347058773041,
0.0356969833374,
0.0310189723969,
0.0311939716339,
0.0303881168365,
0.0306141376495,
0.0258848667145,
0.0267479419708,
0.0324809551239,
0.0332779884338,
0.0297391414642,
0.0303821563721,
0.0395910739899,
0.0397880077362,
0.0311410427094,
0.0313339233398,
0.0347321033478,
0.0349571704865,
0.0326509475708,
0.033567905426,
0.0384790897369,
0.0392060279846,
0.0320448875427,
0.0327320098877,
0.037535905838,
0.0380959510803,
0.0360391139984,
0.036600112915,
0.0445339679718,
0.0451898574829,
0.0361108779907,
0.0367059707642,
0.0303258895874,
0.0316910743713,
0.0307841300964,
0.0314631462097,
0.0450260639191,
0.0465059280396,
0.0359890460968,
0.0372931957245,
0.0345168113708,
0.0352618694305,
0.0415320396423,
0.0421440601349,
0.0343918800354,
0.0348379611969,
0.0267848968506,
0.0269999504089,
0.0246951580048,
0.025032043457,
0.0344381332397,
0.0347499847412,
0.0335738658905,
0.0347638130188,
0.0315709114075,
0.0318470001221,
0.0333151817322,
0.033488035202,
0.0460040569305,
0.04678606987,
0.0396680831909,
0.0398881435394,
0.0487380027771,
0.0496101379395,
0.0252499580383,
0.0264749526978,
0.0317509174347,
0.0324850082397,
0.0273749828339,
0.0280170440674,
0.0320980548859,
0.0330970287323,
0.0368781089783,
0.0371260643005,
0.0307068824768,
0.0315618515015,
0.0307669639587,
0.0309610366821,
0.0262770652771,
0.0265159606934,
0.0289080142975,
0.0295050144196,
0.0255169868469,
0.0260870456696,
0.0182518959045,
0.0405049324036,
0.0474848747253,
0.0517899990082,
0.0311889648438,
0.0313708782196,
0.0353088378906,
0.0359838008881,
0.0282499790192,
0.0295469760895,
0.0268568992615,
0.0277488231659,
0.0252480506897,
0.0261769294739,
0.0275640487671,
0.0284361839294,
0.029393196106,
0.0301461219788,
0.0267889499664,
0.0275599956512,
0.0347309112549,
0.0357429981232,
0.0272719860077,
0.0284740924835,
0.0313529968262,
0.0320630073547,
0.0398659706116,
0.0402200222015,
0.0295660495758,
0.0300529003143,
0.0475640296936,
0.0482749938965,
0.0325570106506,
0.0327298641205,
0.0262789726257,
0.0265860557556,
0.0300788879395,
0.0303728580475,
0.038253068924,
0.0390229225159,
0.0256960391998,
0.0268168449402,
0.0290360450745,
0.0297958850861,
0.0257520675659,
0.0259580612183,
0.0272750854492,
0.0274901390076,
0.0213129520416,
0.0220160484314,
0.0258781909943,
0.0266690254211,
0.0287759304047,
0.0295569896698,
0.0293860435486,
0.0302920341492,
0.0274178981781,
0.0276811122894,
0.0276918411255,
0.027979850769,
0.0289840698242,
0.0417900085449,
0.0313529968262,
0.0364608764648,
0.0306520462036,
0.0441651344299,
0.085037946701,
0.0860290527344,
0.0262429714203,
0.0266690254211,
0.0394878387451,
0.0402359962463,
0.0270829200745,
0.0272839069366,
0.0337691307068,
0.0339651107788,
0.0283880233765,
0.0285720825195,
0.0264110565186,
0.0265951156616,
0.0271451473236,
0.0274121761322,
0.0262889862061,
0.0264689922333,
0.0262272357941,
0.0264141559601,
0.0260338783264,
0.0262260437012,
0.0339140892029,
0.0341060161591,
0.0282990932465,
0.0304851531982,
0.0282499790192,
0.0289988517761,
0.0393390655518,
0.0402309894562,
0.0267081260681,
0.0273101329803,
0.030394077301,
0.030632019043,
0.0359678268433,
0.036153793335,
0.0314428806305,
0.0316309928894,
0.0262639522552,
0.0264499187469,
0.0382528305054,
0.0384550094604,
0.0241928100586,
0.0246670246124,
0.0391099452972,
0.0393590927124,
0.0296370983124,
0.0301871299744,
0.0262200832367,
0.0269689559937,
0.052099943161,
0.0551800727844,
0.0344960689545,
0.0351071357727,
0.0234129428864,
0.023647069931,
0.0331590175629,
0.0340421199799,
0.0307259559631,
0.0311839580536,
0.0992469787598,
0.100453853607,
0.0279450416565,
0.0284810066223,
0.0471589565277,
0.04763007164,
0.0227808952332,
0.0229949951172,
0.0245361328125,
0.0246920585632,
0.0340251922607,
0.0342681407928,
0.025801897049,
0.0260338783264,
0.0264391899109,
0.0266120433807,
0.0264499187469,
0.0266389846802,
0.0263350009918,
0.0265300273895,
0.0263919830322,
0.0265839099884,
0.0262880325317,
0.026477098465,
0.0282039642334,
0.0284059047699,
0.0281589031219,
0.0283968448639,
0.0281238555908,
0.0283010005951,
0.0279808044434,
0.0281758308411,
0.0283858776093,
0.0289249420166,
0.030198097229,
0.0308611392975,
0.0240888595581,
0.0454800128937,
0.0371239185333,
0.0386919975281,
0.0256531238556,
0.0258231163025,
0.0275831222534,
0.0277590751648,
0.0387201309204,
0.0393409729004,
0.0268712043762,
0.0290811061859,
0.0210747718811,
0.021773815155,
0.0309040546417,
0.0311670303345,
0.0327000617981,
0.0330600738525,
0.0380690097809,
0.0383460521698,
0.0353138446808,
0.0355579853058,
0.0322239398956,
0.0323889255524,
0.0328550338745,
0.0330350399017,
0.0723149776459,
0.0725948810577,
0.0224940776825,
0.0233170986176,
0.0257620811462,
0.0268940925598,
0.0284788608551,
0.0286610126495,
0.0362179279327,
0.0363919734955,
0.0256371498108,
0.0262169837952,
0.0245921611786,
0.0250551700592,
0.0327529907227,
0.0342328548431,
0.0374910831451,
0.0381410121918,
0.0280120372772,
0.0282471179962,
0.0262908935547,
0.0266849994659,
0.0333390235901,
0.0335969924927,
0.0258440971375,
0.0266091823578,
0.0272800922394,
0.0281579494476,
0.0275020599365,
0.027951002121,
0.0303471088409,
0.0331840515137,
0.0284490585327,
0.0292780399323,
0.0286748409271,
0.0296258926392,
0.0332100391388,
0.0338711738586,
0.0303549766541,
0.0315418243408,
0.0291249752045,
0.0298619270325,
0.028354883194,
0.0293769836426,
0.0319600105286,
0.0324671268463,
0.0279710292816,
0.0287339687347,
0.0302820205688,
0.0304911136627,
0.0307459831238,
0.0309290885925,
0.0433139801025,
0.0435519218445,
0.0304911136627,
0.0306959152222,
0.0284388065338,
0.0287230014801,
0.0327980518341,
0.0335471630096,
0.0265960693359,
0.0267908573151,
0.0265650749207,
0.0272541046143,
0.027361869812,
0.0278780460358,
0.0328290462494,
0.0329990386963,
0.038302898407,
0.0384750366211,
0.0412089824677,
0.0414559841156,
0.0251569747925,
0.0253269672394,
0.0244429111481,
0.0246169567108,
0.0236759185791,
0.0248508453369,
0.0297148227692,
0.0298988819122,
0.0394971370697,
0.0407431125641,
0.0378160476685,
0.0382750034332,
0.0262379646301,
0.026780128479,
0.0253479480743,
0.0255479812622,
0.0478808879852,
0.0484278202057,
0.0284597873688,
0.0292727947235,
0.0360181331635,
0.0364780426025,
0.026359796524,
0.0271098613739,
0.0583341121674,
0.0592150688171,
0.0424201488495,
0.0441291332245,
0.043163061142,
0.0438179969788,
0.033763885498,
0.0343499183655,
0.0251049995422,
0.0257079601288,
0.0157599449158,
0.0379099845886,
0.0354628562927,
0.0363729000092,
0.0333650112152,
0.0336818695068,
0.0283441543579,
0.0285379886627,
0.039510011673,
0.0397441387177,
0.0265741348267,
0.0267670154572,
0.0237998962402,
0.0240828990936,
0.0287330150604,
0.0290131568909,
0.0316779613495,
0.0320060253143,
0.0403618812561,
0.0408120155334,
0.0320889949799,
0.0328631401062,
0.0356268882751,
0.0359048843384,
0.0315690040588,
0.0317480564117,
0.0268909931183,
0.0270700454712,
0.0279891490936,
0.0281701087952,
0.0301060676575,
0.0302770137787,
0.028373003006,
0.0290870666504,
0.0277199745178,
0.028468132019,
0.0347759723663,
0.0358510017395,
0.0272281169891,
0.0274081230164,
0.0282640457153,
0.028480052948,
0.0271780490875,
0.0273928642273,
0.0245671272278,
0.02476811409,
0.0265798568726,
0.026762008667,
0.0264091491699,
0.0265860557556,
0.0292670726776,
0.0294530391693,
0.0304548740387,
0.031368970871,
0.0284450054169,
0.0292189121246,
0.0283060073853,
0.0284969806671,
0.0310499668121,
0.0312299728394,
0.0259430408478,
0.0261251926422,
0.0316200256348,
0.0321590900421,
0.0272030830383,
0.0273630619049,
0.0297379493713,
0.0299179553986,
0.0295398235321,
0.0297608375549,
0.0282759666443,
0.0284941196442,
0.0294651985168,
0.0299961566925,
0.0288219451904,
0.0303897857666,
0.0338838100433,
0.0348148345947,
0.0277760028839,
0.0285370349884,
0.0299198627472,
0.0306439399719,
0.0253920555115,
0.0255761146545,
0.030081987381,
0.0303709506989,
0.0262739658356,
0.0264499187469,
0.0267848968506,
0.026969909668,
0.0270330905914,
0.0272130966187,
0.0307810306549,
0.0317270755768,
0.0413827896118,
0.0421628952026,
0.0257918834686,
0.0259699821472,
0.0266840457916,
0.0268678665161,
0.024405002594,
0.0245859622955,
0.0259308815002,
0.0261080265045,
0.0261580944061,
0.0263800621033,
0.0286610126495,
0.0295059680939,
0.025768995285,
0.0259220600128,
0.0260190963745,
0.0261931419373,
0.0287899971008,
0.0294389724731,
0.0278570652008,
0.0284469127655,
0.0324981212616,
0.033390045166,
0.0477590560913,
0.0480411052704,
0.0228090286255,
0.0230150222778,
0.0464630126953,
0.0468308925629,
0.0454831123352,
0.0457570552826,
0.0326879024506,
0.0331928730011,
0.0336468219757,
0.0344879627228,
0.0416269302368,
0.041827917099,
0.0305531024933,
0.0310831069946,
0.0333750247955,
0.0342209339142,
0.0334088802338,
0.0340168476105,
0.0358600616455,
0.036376953125,
0.0265588760376,
0.0272908210754,
0.0323300361633,
0.0328469276428,
0.0397121906281,
0.040431022644,
0.0410070419312,
0.0422279834747,
0.0317409038544,
0.0321428775787,
0.0269589424133,
0.0278940200806,
0.0325181484222,
0.0333499908447,
0.0186529159546,
0.0466320514679,
0.0339820384979,
0.0348401069641,
0.0216619968414,
0.0223829746246,
0.028617143631,
0.0292100906372,
0.0616009235382,
0.0621650218964,
0.0592849254608,
0.0602090358734,
0.044930934906,
0.0456838607788,
0.0281701087952,
0.0289270877838,
0.0528249740601,
0.0535199642181,
0.0253190994263,
0.0265531539917,
0.0280480384827,
0.0293860435486,
0.0382521152496,
0.0384471416473,
0.0244309902191,
0.0249071121216,
0.0278401374817,
0.0282621383667,
0.0319919586182,
0.0323169231415,
0.0331149101257,
0.0333180427551,
0.0281190872192,
0.0283379554749,
0.0287680625916,
0.0289580821991,
0.0209798812866,
0.0212059020996,
0.0282039642334,
0.0285270214081,
0.0664200782776,
0.0666489601135,
0.0278389453888,
0.0280199050903,
0.0262050628662,
0.0264608860016,
0.0299308300018,
0.0301139354706,
0.0284161567688,
0.0286300182343,
0.0329411029816,
0.0336132049561,
0.0262608528137,
0.0271759033203,
0.0300359725952,
0.030858039856,
0.059250831604,
0.0596070289612,
0.0271110534668,
0.0273551940918,
0.0258638858795,
0.0260639190674,
0.0435440540314,
0.0439150333405,
0.0270340442657,
0.0272350311279,
0.0272779464722,
0.0274739265442,
0.026248216629,
0.026486158371,
0.0255019664764,
0.02578997612,
0.0309991836548,
0.0311710834503,
0.0301959514618,
0.0308620929718,
0.029149055481,
0.0298790931702,
0.026319026947,
0.0273759365082,
0.0288310050964,
0.0292038917542,
0.0305609703064,
0.0308268070221,
0.0247821807861,
0.0250430107117,
0.0299301147461,
0.0301110744476,
0.02849817276,
0.0286819934845,
0.0276970863342,
0.0278830528259,
0.0307641029358,
0.0316970348358,
0.0364949703217,
0.0367469787598,
0.0288479328156,
0.0296478271484,
0.0423278808594,
0.0426278114319,
0.0283868312836,
0.0285618305206,
0.0386738777161,
0.0388958454132,
0.0320830345154,
0.0322961807251,
0.0308668613434,
0.0315768718719,
0.0411720275879,
0.0414021015167,
0.0312662124634,
0.0317981243134,
0.0286030769348,
0.0288760662079,
0.027104139328,
0.0272831916809,
0.0257279872894,
0.0259079933167,
0.0394730567932,
0.0396611690521,
0.0256969928741,
0.0260128974915,
0.0265440940857,
0.0274839401245,
0.0258531570435,
0.0263869762421,
0.0276520252228,
0.027841091156,
0.034364938736,
0.0345840454102,
0.0242638587952,
0.0247468948364,
0.0436599254608,
0.0438418388367,
0.0262360572815,
0.0264201164246,
0.0226330757141,
0.0230369567871,
0.0314030647278,
0.0317108631134,
0.0346188545227,
0.0357220172882,
0.0263631343842,
0.0266780853271,
0.0364909172058,
0.0368189811707,
0.039883852005,
0.0400788784027,
0.0271739959717,
0.0280179977417,
0.0293099880219,
0.0300929546356,
0.0298788547516,
0.0306458473206,
0.0282618999481,
0.0284569263458,
0.0253760814667,
0.0255720615387,
0.0279469490051,
0.0281050205231,
0.0282731056213,
0.0284512042999,
0.0320181846619,
0.0322051048279,
0.0290811061859,
0.030149936676,
0.027675151825,
0.0279200077057,
0.0281839370728,
0.0283839702606,
0.031261920929,
0.0314729213715,
0.0341289043427,
0.034334897995,
0.0292830467224,
0.0294880867004,
0.0266048908234,
0.0269720554352,
0.0297729969025,
0.0302448272705,
0.0257279872894,
0.0259368419647,
0.0350260734558,
0.035392999649,
0.0279569625854,
0.0281410217285,
0.0311601161957,
0.03133893013,
0.0373799800873,
0.0375878810883,
0.0615539550781,
0.0621709823608,
0.0285089015961,
0.0286889076233,
0.0429408550262,
0.0431609153748,
0.0324590206146,
0.033264875412,
0.0280230045319,
0.0281989574432,
0.0261840820312,
0.0273151397705,
0.0289280414581,
0.0290830135345,
0.0278389453888,
0.028126001358,
0.0268661975861,
0.0272791385651,
0.0275249481201,
0.0277240276337,
0.0282900333405,
0.0286350250244,
0.105121850967,
0.10528588295,
0.0261051654816,
0.0262861251831,
0.030522108078,
0.0312449932098,
0.0312440395355,
0.0320341587067,
0.0271799564362,
0.0273671150208,
0.0398170948029,
0.0400061607361,
0.0262169837952,
0.0271859169006,
0.0298709869385,
0.0302491188049,
0.0279660224915,
0.0285270214081,
0.0281779766083,
0.0283479690552,
0.0277101993561,
0.0278890132904,
0.0262579917908,
0.0266089439392,
0.0279378890991,
0.0281789302826,
0.0377209186554,
0.0385539531708,
0.0264320373535,
0.027547121048,
0.0335929393768,
0.0337879657745,
0.0354189872742,
0.0356531143188,
0.0296862125397,
0.0305681228638,
0.0425231456757,
0.0429921150208,
0.0377910137177,
0.038566827774,
0.0413801670074,
0.0415551662445,
0.0298080444336,
0.0300328731537,
0.0335440635681,
0.0337271690369,
0.0367538928986,
0.0375099182129,
0.0291850566864,
0.0299289226532,
0.0333950519562,
0.0336039066315,
0.0239639282227,
0.0241780281067,
0.0322308540344,
0.0333478450775,
0.0315310955048,
0.0318210124969,
0.0231161117554,
0.0234639644623,
0.182673931122,
0.184427022934,
0.0319089889526,
0.0322251319885,
0.027440071106,
0.0276300907135,
0.0267541408539,
0.0269441604614,
0.0258338451385,
0.0260488986969,
0.0283930301666,
0.0285830497742,
0.0323390960693,
0.0325140953064,
0.0280268192291,
0.0283198356628,
0.0278658866882,
0.0280649662018,
0.0258460044861,
0.0260648727417,
0.0281729698181,
0.028352022171,
0.0378608703613,
0.0383219718933,
0.0254468917847,
0.0257730484009,
0.0348589420319,
0.0356888771057,
0.0275678634644,
0.0278317928314,
0.0441009998322,
0.044401884079,
0.0287489891052,
0.0290298461914,
0.051924943924,
0.0521268844604,
0.0321989059448,
0.0325109958649,
0.0312221050262,
0.0315639972687,
0.0559341907501,
0.0562541484833,
0.0460078716278,
0.0461947917938,
0.0277669429779,
0.0279591083527,
0.0322849750519,
0.0329301357269,
0.0290060043335,
0.0293362140656,
0.0317058563232,
0.0320529937744,
0.0272891521454,
0.0274701118469,
0.0250630378723,
0.0252649784088,
0.0272741317749,
0.0274629592896,
0.0318250656128,
0.0323829650879,
0.0313279628754,
0.0315310955048,
0.0295548439026,
0.0298178195953,
0.0303199291229,
0.0310549736023,
0.027941942215,
0.0281140804291,
0.0270569324493,
0.0272328853607,
0.0260529518127,
0.026223897934,
0.0280630588531,
0.0282399654388,
0.0265259742737,
0.0267181396484,
0.0274078845978,
0.0288608074188,
0.0297319889069,
0.0305709838867,
0.0270168781281,
0.0278520584106,
0.0271530151367,
0.0274147987366,
0.0328679084778,
0.033374786377,
0.0394117832184,
0.0404138565063,
0.0238661766052,
0.0246160030365,
0.0395770072937,
0.0409910678864,
0.0273408889771,
0.0283079147339,
0.0448739528656,
0.0455119609833,
0.0372428894043,
0.0411739349365,
0.037101984024,
0.0376658439636,
0.0396420955658,
0.0402479171753,
0.0332660675049,
0.0337901115417,
0.0376119613647,
0.0380940437317,
0.0394070148468,
0.0398790836334,
0.037318944931,
0.0377380847931,
0.0341968536377,
0.035521030426,
0.034499168396,
0.0441591739655,
0.0331060886383,
0.0337960720062,
0.0490880012512,
0.0554151535034,
0.037269115448,
0.0379710197449,
0.0301141738892,
0.031289100647,
0.0404870510101,
0.041216135025,
0.0280239582062,
0.0282189846039,
0.0337319374084,
0.0341320037842,
0.0270121097565,
0.0273530483246,
0.0243670940399,
0.0245671272278,
0.0390751361847,
0.0394320487976,
0.0341520309448,
0.0344729423523,
0.0296101570129,
0.0298039913177,
0.0341219902039,
0.0343158245087,
0.0388131141663,
0.038999080658,
0.041167974472,
0.0418410301208,
0.0358481407166,
0.0366790294647,
0.0319039821625,
0.0324618816376,
0.0263350009918,
0.0272569656372,
0.0316638946533,
0.031919002533,
0.0320279598236,
0.0327317714691,
0.0293970108032,
0.0326352119446,
0.0293049812317,
0.0301759243011,
0.0285921096802,
0.0293710231781,
0.0271878242493,
0.0279438495636,
0.0183460712433,
0.0366899967194,
0.0665590763092,
0.0680401325226,
0.0233500003815,
0.0258979797363,
0.0255589485168,
0.0262229442596,
0.0347938537598,
0.0356647968292,
0.0267918109894,
0.0309438705444,
0.0263378620148,
0.027144908905,
0.034252166748,
0.0350801944733,
0.03191614151,
0.0321850776672,
0.0313580036163,
0.0315501689911,
0.0274279117584,
0.0276398658752,
0.0274729728699,
0.0276539325714,
0.0291500091553,
0.0293319225311,
0.0278060436249,
0.0279948711395,
0.0322420597076,
0.0334610939026,
0.0284090042114,
0.0294380187988,
0.0265588760376,
0.0274000167847,
0.0366518497467,
0.0369548797607,
0.0374319553375,
0.0376138687134,
0.0620410442352,
0.0628268718719,
0.0261991024017,
0.0263769626617,
0.0267391204834,
0.0269260406494,
0.0275490283966,
0.0277619361877,
0.026535987854,
0.0267770290375,
0.0283989906311,
0.0285778045654,
0.0365381240845,
0.037369966507,
0.0260779857635,
0.0267009735107,
0.0278301239014,
0.0280110836029,
0.0304620265961,
0.0306680202484,
0.0290598869324,
0.0292489528656,
0.0279989242554,
0.0281898975372,
0.0290279388428,
0.0292499065399,
0.0288951396942,
0.0303239822388,
0.027538061142,
0.0293719768524,
0.0300810337067,
0.0302448272705,
0.0294070243835,
0.0296139717102,
0.0285940170288,
0.0288081169128,
0.0266511440277,
0.026887178421,
0.035768032074,
0.035952091217,
0.0281410217285,
0.0290520191193,
0.0260910987854,
0.0271470546722,
0.0282318592072,
0.0295369625092,
0.0317921638489,
0.0321710109711,
0.0288400650024,
0.0291030406952,
0.0292000770569,
0.0294001102448,
0.0409409999847,
0.0411441326141,
0.032613992691,
0.0328450202942,
0.0441658496857,
0.0443379878998,
0.0270569324493,
0.0273640155792,
0.0292990207672,
0.0297789573669,
0.0451979637146,
0.0459170341492,
0.0377430915833,
0.038547039032,
0.0346162319183,
0.0348460674286,
0.0379478931427,
0.038204908371,
0.0367090702057,
0.0369040966034,
0.036789894104,
0.0373198986053,
0.0343101024628,
0.0348091125488,
0.0336539745331,
0.0344891548157,
0.0310769081116,
0.0318918228149,
0.0320501327515,
0.0331530570984,
0.0441431999207,
0.0447261333466,
0.0336079597473,
0.0367968082428,
0.0440449714661,
0.0544440746307,
0.037101984024,
0.0375108718872,
0.0345020294189,
0.0347139835358,
0.0349910259247,
0.0356130599976,
0.0380070209503,
0.0383241176605,
0.0341739654541,
0.0348591804504,
0.0271451473236,
0.0273480415344,
0.0487492084503,
0.0489521026611,
0.0497019290924,
0.0498809814453,
0.0442750453949,
0.0444889068604,
0.0278759002686,
0.0281047821045,
0.038526058197,
0.0391299724579,
0.034688949585,
0.0359361171722,
0.0400369167328,
0.0433459281921,
0.0217750072479,
0.0224859714508,
0.0287239551544,
0.0289330482483,
0.113746881485,
0.114087820053,
0.0358769893646,
0.0366411209106,
0.0311269760132,
0.0317230224609,
0.0255119800568,
0.0269341468811,
0.0317981243134,
0.032252073288,
0.0476050376892,
0.0477621555328,
0.0507850646973,
0.0523061752319,
0.0534090995789,
0.0535731315613,
0.0304870605469,
0.0306708812714,
0.0441489219666,
0.0482699871063,
0.056027173996,
0.0562369823456,
0.0638711452484,
0.0650570392609,
0.0302448272705,
0.0310609340668,
0.0431680679321,
0.0433559417725,
0.0433158874512,
0.0444228649139,
0.0383479595184,
0.038645029068,
0.0370318889618,
0.0376360416412,
0.0486238002777,
0.0488038063049,
0.0543940067291,
0.0547239780426,
0.0283639431,
0.0285439491272,
0.0314438343048,
0.0316288471222,
0.0217230319977,
0.0219399929047,
0.0433459281921,
0.0436840057373,
0.0543410778046,
0.0548150539398,
0.0349960327148,
0.0352680683136,
0.0423099994659,
0.0428380966187,
0.0336380004883,
0.0338180065155,
0.034882068634,
0.0350780487061,
0.0261969566345,
0.0264010429382,
0.0488090515137,
0.0489900112152,
0.0533449649811,
0.0540678501129,
0.0284988880157,
0.0291340351105,
0.02672290802,
0.0276319980621,
0.0565369129181,
0.0575568675995,
0.0425078868866,
0.0430588722229,
0.0506160259247,
0.0509209632874,
0.0282850265503,
0.0294671058655,
0.0231010913849,
0.0237939357758,
0.0288860797882,
0.0291159152985,
0.0272128582001,
0.0274069309235,
0.0283689498901,
0.0285520553589,
0.0967469215393,
0.0982639789581,
0.0366518497467,
0.0368239879608,
0.0385320186615,
0.0390300750732,
0.0528600215912,
0.0538659095764,
0.0349659919739,
0.0356831550598,
0.036721944809,
0.0372970104218,
0.0382268428802,
0.038419008255,
0.0317418575287,
0.0319240093231,
0.0706181526184,
0.0709609985352,
0.0351967811584,
0.035395860672,
0.0291419029236,
0.0309889316559,
0.0361211299896,
0.03630900383,
0.0392949581146,
0.0394639968872,
0.0247459411621,
0.0249540805817,
0.0351932048798,
0.0359401702881,
0.0251319408417,
0.0255188941956,
0.0282700061798,
0.0285449028015,
0.024453163147,
0.0247180461884,
0.0278971195221,
0.0281229019165,
0.0289261341095,
0.0298891067505,
0.0265080928802,
0.0272109508514,
0.0261721611023,
0.0264070034027,
0.0277128219604,
0.0280787944794,
0.0257549285889,
0.025955915451,
0.0285658836365,
0.0287909507751,
0.0315070152283,
0.0317010879517,
0.0266010761261,
0.0269269943237,
0.022775888443,
0.0285539627075,
0.0271611213684,
0.0274720191956,
0.0507078170776,
0.0511128902435,
0.0410959720612,
0.0412738323212,
0.0346021652222,
0.0348410606384,
0.0273189544678,
0.027538061142,
0.0269000530243,
0.0272209644318,
0.0289700031281,
0.0293400287628,
0.0268340110779,
0.0270171165466,
0.0272181034088,
0.0279660224915,
0.0311501026154,
0.0319299697876,
0.029079914093,
0.0297849178314,
0.0267400741577,
0.0274350643158,
0.0285830497742,
0.0287621021271,
0.0266349315643,
0.0268108844757,
0.0286350250244,
0.0288531780243,
0.0265278816223,
0.0267109870911,
0.0287418365479,
0.0294759273529,
0.0265250205994,
0.0272881984711,
0.0256009101868,
0.0265028476715,
0.0324509143829,
0.0329580307007,
0.0330638885498,
0.0332820415497,
0.0318310260773,
0.0320060253143,
0.0219631195068,
0.0224750041962,
0.0281491279602,
0.0283551216125,
0.0261828899384,
0.0263929367065,
0.0307731628418,
0.0310921669006,
0.0371060371399,
0.038407087326,
0.0256640911102,
0.0261580944061,
0.0276298522949,
0.028461933136,
0.0374281406403,
0.0381731987,
0.0497069358826,
0.0499310493469,
0.0301861763,
0.0303909778595,
0.04518699646,
0.0454640388489,
0.0233991146088,
0.0236949920654,
0.0425989627838,
0.0427870750427,
0.0353949069977,
0.0356390476227,
0.0304880142212,
0.0307471752167,
0.0290191173553,
0.0296399593353,
0.0292761325836,
0.0299789905548,
0.0264360904694,
0.0275840759277,
0.032665014267,
0.0335958003998,
0.033576965332,
0.0348529815674,
0.0289301872253,
0.0292201042175,
0.0432760715485,
0.0444509983063,
0.0284478664398,
0.0287709236145,
0.0291409492493,
0.0294301509857,
0.0307061672211,
0.0309841632843,
0.0279450416565,
0.0281231403351,
0.025416135788,
0.0255949497223,
0.0289790630341,
0.0291810035706,
0.02632188797,
0.0264949798584,
0.0272219181061,
0.0274219512939,
0.057275056839,
0.0575549602509,
0.0270321369171,
0.0272641181946,
0.0286989212036,
0.0290219783783,
0.0275931358337,
0.0278480052948,
0.0280179977417,
0.0285248756409,
0.0359110832214,
0.0365390777588,
0.0270888805389,
0.0276780128479,
0.0303561687469,
0.0309100151062,
0.0399301052094,
0.0401499271393,
0.0298910140991,
0.0300970077515,
0.0278220176697,
0.0283310413361,
0.0416610240936,
0.0419061183929,
0.0284039974213,
0.0287070274353,
0.0275540351868,
0.0286500453949,
0.0394299030304,
0.0401368141174,
0.0420229434967,
0.0428709983826,
0.0517687797546,
0.0520098209381,
0.0310399532318,
0.031280040741,
0.0262868404388,
0.0265188217163,
0.0318021774292,
0.0319890975952,
0.0310411453247,
0.0312571525574,
0.0292570590973,
0.0294299125671,
0.0282030105591,
0.0283958911896,
0.0260908603668,
0.0262739658356,
0.0240869522095,
0.0242910385132,
0.0452809333801,
0.0458779335022,
0.021073102951,
0.0406019687653,
0.0270268917084,
0.0276758670807,
0.0273199081421,
0.0281200408936,
0.0304350852966,
0.0309000015259,
0.0288450717926,
0.0295059680939,
0.028422832489,
0.0293068885803,
0.0275270938873,
0.0280070304871,
0.0304210186005,
0.0307269096375,
0.0438988208771,
0.0440678596497,
0.0309200286865,
0.0316438674927,
0.0405559539795,
0.041356086731,
0.0352938175201,
0.0357999801636,
0.0270779132843,
0.0272541046143,
0.0305941104889,
0.0307710170746,
0.033233165741,
0.0334911346436,
0.0315520763397,
0.0321650505066,
0.0310349464417,
0.0320820808411,
0.027633190155,
0.0301790237427,
0.0464079380035,
0.0466010570526,
0.0401530265808,
0.0404031276703,
0.0457310676575,
0.0459091663361,
0.0331320762634,
0.0333170890808,
0.0573978424072,
0.057746887207,
0.0262598991394,
0.0267629623413,
0.0254220962524,
0.0256171226501,
0.0260651111603,
0.026242017746,
0.0270600318909,
0.0272479057312,
0.0269758701324,
0.0271809101105,
0.0293350219727,
0.0301809310913,
0.03311419487,
0.0337200164795,
0.0296740531921,
0.0304520130157,
0.0314738750458,
0.0324869155884,
0.026939868927,
0.0270960330963,
0.0267770290375,
0.0271139144897,
0.0297071933746,
0.0299291610718,
0.0289490222931,
0.0292568206787,
0.0234959125519,
0.0250840187073,
0.0207901000977,
0.0223920345306,
0.0310120582581,
0.031210899353,
0.0322380065918,
0.0324230194092,
0.0301418304443,
0.0303528308868,
0.0293710231781,
0.0301671028137,
0.033182144165,
0.0334830284119,
0.0279269218445,
0.0283138751984,
0.0391199588776,
0.0393190383911,
0.0260651111603,
0.0265581607819,
0.0338768959045,
0.0347390174866,
0.0306148529053,
0.0312888622284,
0.0317480564117,
0.032103061676,
0.0261130332947,
0.0262789726257,
0.0287599563599,
0.0289700031281,
0.0407009124756,
0.0409049987793,
0.0356938838959,
0.0359699726105,
0.0308039188385,
0.0309920310974,
0.0458240509033,
0.0459840297699,
0.0419199466705,
0.0421228408813,
0.038290977478,
0.0390529632568,
0.0371789932251,
0.0378668308258,
0.0488419532776,
0.0490329265594,
0.0275180339813,
0.0278050899506,
0.029040813446,
0.0292279720306,
0.0270018577576,
0.0272169113159,
0.029914855957,
0.0307719707489,
0.027232170105,
0.0278770923615,
0.0537579059601,
0.0551750659943,
0.0265929698