0.0285658836365,
0.0292398929596,
0.0243430137634,
0.0246839523315,
0.0318329334259,
0.0322139263153,
0.030387878418,
0.0308878421783,
0.0290260314941,
0.0302112102509,
0.0281949043274,
0.0284218788147,
0.0263998508453,
0.0265779495239,
0.0247039794922,
0.0248777866364,
0.0281240940094,
0.0283019542694,
0.0267059803009,
0.0268819332123,
0.0257029533386,
0.0259299278259,
0.0285170078278,
0.0286860466003,
0.0234251022339,
0.0246021747589,
0.0323829650879,
0.0331270694733,
0.0292918682098,
0.0300018787384,
0.0292329788208,
0.0300228595734,
0.0181438922882,
0.029679775238,
0.0300579071045,
0.0310499668121,
0.0341348648071,
0.0343418121338,
0.0337729454041,
0.0340118408203,
0.020788192749,
0.0281801223755,
0.0470280647278,
0.0474960803986,
0.0466301441193,
0.0469529628754,
0.0387649536133,
0.0391380786896,
0.0315010547638,
0.0317070484161,
0.0281400680542,
0.0283710956573,
0.0369608402252,
0.0373709201813,
0.032084941864,
0.0330090522766,
0.0278141498566,
0.0288491249084,
0.0371670722961,
0.0377612113953,
0.0268878936768,
0.0274701118469,
0.0241189002991,
0.0249330997467,
0.0320899486542,
0.0327241420746,
0.0303161144257,
0.0305671691895,
0.0301818847656,
0.0303950309753,
0.0240559577942,
0.0242390632629,
0.0413429737091,
0.0417039394379,
0.0326840877533,
0.0336179733276,
0.0300939083099,
0.0317230224609,
0.0316300392151,
0.032438993454,
0.0235638618469,
0.0433428287506,
0.0270321369171,
0.0278241634369,
0.0334417819977,
0.0336818695068,
0.0177628993988,
0.0337679386139,
0.0328330993652,
0.0334990024567,
0.0410680770874,
0.0420110225677,
0.0359799861908,
0.0367209911346,
0.0272810459137,
0.0283892154694,
0.0324699878693,
0.0337629318237,
0.030622959137,
0.0307929515839,
0.0288438796997,
0.0300290584564,
0.0342040061951,
0.0343580245972,
0.0275249481201,
0.0276939868927,
0.0358588695526,
0.0360338687897,
0.0309998989105,
0.0317859649658,
0.0372679233551,
0.0380721092224,
0.0325248241425,
0.0327019691467,
0.0288558006287,
0.0290598869324,
0.0267100334167,
0.0268919467926,
0.0256319046021,
0.0263760089874,
0.0347929000854,
0.0359098911285,
0.0338799953461,
0.03475689888,
0.0377340316772,
0.038467168808,
0.0331330299377,
0.0340139865875,
0.0343499183655,
0.0350420475006,
0.0359358787537,
0.0362379550934,
0.0336120128632,
0.0338010787964,
0.0279591083527,
0.0288081169128,
0.0288851261139,
0.029629945755,
0.0322511196136,
0.0332479476929,
0.0325729846954,
0.0333960056305,
0.0420920848846,
0.0451340675354,
0.0313491821289,
0.0321960449219,
0.026093006134,
0.0265159606934,
0.0297520160675,
0.0303370952606,
0.0260608196259,
0.0264530181885,
0.038990020752,
0.0397009849548,
0.0366940498352,
0.0372581481934,
0.0317139625549,
0.0323069095612,
0.0269780158997,
0.027596950531,
0.0256950855255,
0.0424590110779,
0.0290801525116,
0.0297291278839,
0.0316870212555,
0.0322811603546,
0.0250310897827,
0.0256390571594,
0.0355370044708,
0.0362010002136,
0.027360200882,
0.0280802249908,
0.0345950126648,
0.0352210998535,
0.0346310138702,
0.0357248783112,
0.0310130119324,
0.0316979885101,
0.0282430648804,
0.0287249088287,
0.041384935379,
0.0422780513763,
0.034600019455,
0.0350711345673,
0.0265741348267,
0.0273470878601,
0.0249140262604,
0.0257000923157,
0.0289101600647,
0.0297861099243,
0.0279769897461,
0.0287551879883,
0.0513110160828,
0.0516650676727,
0.0379209518433,
0.0381510257721,
0.0376210212708,
0.0390322208405,
0.0276720523834,
0.0282111167908,
0.0257530212402,
0.0263950824738,
0.0502910614014,
0.0505270957947,
0.025749206543,
0.0275661945343,
0.0387420654297,
0.0390448570251,
0.0308811664581,
0.031121969223,
0.0298070907593,
0.0303950309753,
0.0619740486145,
0.0625419616699,
0.0902969837189,
0.106914043427,
0.0558581352234,
0.0561981201172,
0.0287878513336,
0.0289840698242,
0.0336639881134,
0.034548997879,
0.0305161476135,
0.0311300754547,
0.0334198474884,
0.0339488983154,
0.0359139442444,
0.0364649295807,
0.0365991592407,
0.0369000434875,
0.0338540077209,
0.0340371131897,
0.0322160720825,
0.0323851108551,
0.0333330631256,
0.0336270332336,
0.0322980880737,
0.032653093338,
0.0256259441376,
0.0262589454651,
0.0316989421844,
0.032231092453,
0.0310649871826,
0.0314700603485,
0.0223841667175,
0.0225689411163,
0.0265109539032,
0.0267429351807,
0.0282559394836,
0.0284719467163,
0.0355000495911,
0.0356769561768,
0.0344860553741,
0.0352728366852,
0.0326869487762,
0.0333650112152,
0.0320789813995,
0.0332999229431,
0.0310559272766,
0.0320320129395,
0.042582988739,
0.0427958965302,
0.0262699127197,
0.0270309448242,
0.0269651412964,
0.0274920463562,
0.0266320705414,
0.0268759727478,
0.0421059131622,
0.0431089401245,
0.0415070056915,
0.0420501232147,
0.0425291061401,
0.043151140213,
0.0388219356537,
0.0392768383026,
0.0538811683655,
0.0541110038757,
0.0623791217804,
0.062548160553,
0.0485169887543,
0.0525858402252,
0.0400350093842,
0.0404570102692,
0.0302269458771,
0.0327210426331,
0.0273370742798,
0.0275130271912,
0.0281810760498,
0.0284540653229,
0.0260000228882,
0.0261971950531,
0.0272998809814,
0.0275599956512,
0.0281579494476,
0.0283451080322,
0.0281338691711,
0.0283229351044,
0.026407957077,
0.0265910625458,
0.0286149978638,
0.0288281440735,
0.0267579555511,
0.0270040035248,
0.0262939929962,
0.0274500846863,
0.0295748710632,
0.0303390026093,
0.0239069461823,
0.0248129367828,
0.025985956192,
0.0330069065094,
0.029736995697,
0.0303831100464,
0.0411109924316,
0.0418169498444,
0.0403230190277,
0.0408451557159,
0.0545718669891,
0.0547468662262,
0.0573170185089,
0.0575530529022,
0.0298130512238,
0.0300710201263,
0.0324878692627,
0.0329818725586,
0.0392560958862,
0.0402159690857,
0.0218408107758,
0.0227608680725,
0.0328469276428,
0.0336809158325,
0.0310139656067,
0.0311999320984,
0.0374271869659,
0.0376119613647,
0.0265710353851,
0.0267789363861,
0.0338289737701,
0.0344338417053,
0.0272850990295,
0.0287630558014,
0.0252199172974,
0.0254018306732,
0.0271050930023,
0.027291059494,
0.0333781242371,
0.0335869789124,
0.0271179676056,
0.0273180007935,
0.0280780792236,
0.028256893158,
0.0278239250183,
0.0280160903931,
0.0293679237366,
0.029552936554,
0.0232040882111,
0.024080991745,
0.0168399810791,
0.0323529243469,
0.026645898819,
0.026832818985,
0.0266938209534,
0.0268959999084,
0.0260949134827,
0.0263109207153,
0.0269901752472,
0.0271830558777,
0.0303151607513,
0.0305280685425,
0.0209550857544,
0.0326879024506,
0.0361108779907,
0.0362908840179,
0.0347728729248,
0.0355520248413,
0.0319340229034,
0.0321271419525,
0.0306708812714,
0.030858039856,
0.0333261489868,
0.0336592197418,
0.0232849121094,
0.0236248970032,
0.0283679962158,
0.0286719799042,
0.0525329113007,
0.0534698963165,
0.0286431312561,
0.0288600921631,
0.0316960811615,
0.032289981842,
0.0268039703369,
0.0269780158997,
0.038213968277,
0.0384268760681,
0.0319330692291,
0.0325260162354,
0.0293910503387,
0.0303092002869,
0.0384759902954,
0.0403718948364,
0.0252311229706,
0.0339870452881,
0.0211591720581,
0.0213980674744,
0.0320391654968,
0.0322451591492,
0.0297129154205,
0.0298879146576,
0.0325989723206,
0.0329561233521,
0.0334119796753,
0.0353639125824,
0.0375049114227,
0.0379090309143,
0.0257940292358,
0.0260648727417,
0.0255420207977,
0.0258569717407,
0.0243771076202,
0.0246469974518,
0.0254240036011,
0.0256199836731,
0.0314259529114,
0.0316751003265,
0.0274558067322,
0.0276908874512,
0.0399239063263,
0.0430958271027,
0.0381920337677,
0.0385580062866,
0.0233969688416,
0.0252997875214,
0.0261840820312,
0.0263981819153,
0.040167093277,
0.040843963623,
0.049684047699,
0.0503368377686,
0.027437210083,
0.0276741981506,
0.0303418636322,
0.0305860042572,
0.0323300361633,
0.0329439640045,
0.0302491188049,
0.0309569835663,
0.0208959579468,
0.0211660861969,
0.0354859828949,
0.0360820293427,
0.0352520942688,
0.0360639095306,
0.0288879871368,
0.0295910835266,
0.0277118682861,
0.0284237861633,
0.0320730209351,
0.0322411060333,
0.0327961444855,
0.0330710411072,
0.0284190177917,
0.0286288261414,
0.0276660919189,
0.0286049842834,
0.0296940803528,
0.0298619270325,
0.0191030502319,
0.0197560787201,
0.0382001399994,
0.0383641719818,
0.0339350700378,
0.034187078476,
0.0393650531769,
0.0395541191101,
0.0311229228973,
0.0318160057068,
0.0274569988251,
0.0277671813965,
0.0341050624847,
0.0343182086945,
0.0241498947144,
0.0250799655914,
0.0295770168304,
0.0304200649261,
0.0287408828735,
0.0296819210052,
0.0330901145935,
0.034157037735,
0.0327730178833,
0.0330300331116,
0.0285420417786,
0.028874874115,
0.0341558456421,
0.0344769954681,
0.0347459316254,
0.0352919101715,
0.0426709651947,
0.0434079170227,
0.0290269851685,
0.029345035553,
0.0342900753021,
0.0349159240723,
0.0289700031281,
0.0291991233826,
0.0320241451263,
0.0322210788727,
0.0293068885803,
0.0295958518982,
0.0365359783173,
0.0374329090118,
0.0287709236145,
0.0293030738831,
0.0330231189728,
0.0331931114197,
0.0317358970642,
0.0319309234619,
0.026447057724,
0.026643037796,
0.0230939388275,
0.0239758491516,
0.0261731147766,
0.0268671512604,
0.0228929519653,
0.0231399536133,
0.03542304039,
0.035835981369,
0.0371301174164,
0.0376291275024,
0.0263109207153,
0.0265250205994,
0.0313739776611,
0.0315878391266,
0.0268449783325,
0.0272789001465,
0.0281989574432,
0.0285210609436,
0.0251219272614,
0.0253100395203,
0.0278849601746,
0.0280618667603,
0.024621963501,
0.0248329639435,
0.0288949012756,
0.0290749073029,
0.0274410247803,
0.0276229381561,
0.0276160240173,
0.0279109477997,
0.0304679870605,
0.0307078361511,
0.0285830497742,
0.0289409160614,
0.0256938934326,
0.0259170532227,
0.0290679931641,
0.0292608737946,
0.0329241752625,
0.0331130027771,
0.0269110202789,
0.0270929336548,
0.0291290283203,
0.0293371677399,
0.0278990268707,
0.0287170410156,
0.0320250988007,
0.0328190326691,
0.0257699489594,
0.0265259742737,
0.0300390720367,
0.0309209823608,
0.0258920192719,
0.0260720252991,
0.0282168388367,
0.0284399986267,
0.0297570228577,
0.0300509929657,
0.0279219150543,
0.0280959606171,
0.0437970161438,
0.0442678928375,
0.0604298114777,
0.0608789920807,
0.0467119216919,
0.0474309921265,
0.045156955719,
0.0458190441132,
0.0503420829773,
0.0504961013794,
0.0457191467285,
0.0458891391754,
0.0770211219788,
0.0772120952606,
0.106101036072,
0.109004974365,
0.0364470481873,
0.0366451740265,
0.0305869579315,
0.0309638977051,
0.0275161266327,
0.0276899337769,
0.0305650234222,
0.0319020748138,
0.0233111381531,
0.0234851837158,
0.0277960300446,
0.0279920101166,
0.028736114502,
0.0289399623871,
0.0280799865723,
0.0282549858093,
0.0260031223297,
0.0261759757996,
0.0293190479279,
0.0296580791473,
0.0320830345154,
0.0324950218201,
0.0272450447083,
0.0274498462677,
0.0266721248627,
0.0269050598145,
0.0283579826355,
0.0285358428955,
0.0281920433044,
0.0283720493317,
0.0275869369507,
0.0278589725494,
0.0262360572815,
0.0264291763306,
0.0281538963318,
0.0283570289612,
0.029510974884,
0.0301790237427,
0.0270910263062,
0.027538061142,
0.0270619392395,
0.0272281169891,
0.0284621715546,
0.0287292003632,
0.045264005661,
0.045511007309,
0.0345327854156,
0.0348119735718,
0.0294678211212,
0.0304620265961,
0.0267012119293,
0.0274560451508,
0.0222029685974,
0.0420758724213,
0.0336008071899,
0.0339868068695,
0.0446388721466,
0.0448989868164,
0.0305171012878,
0.0307121276855,
0.0417520999908,
0.0419759750366,
0.0361371040344,
0.0363280773163,
0.0505771636963,
0.0508270263672,
0.0316619873047,
0.0320279598236,
0.0330948829651,
0.03338098526,
0.0313291549683,
0.03151512146,
0.030207157135,
0.030531167984,
0.0331599712372,
0.033341884613,
0.0348029136658,
0.0351557731628,
0.0304539203644,
0.0310099124908,
0.0267488956451,
0.0272920131683,
0.0315201282501,
0.0317859649658,
0.0231440067291,
0.0233678817749,
0.0365149974823,
0.0369260311127,
0.0357460975647,
0.0360610485077,
0.0334210395813,
0.0336060523987,
0.0249788761139,
0.025162935257,
0.0384051799774,
0.0385780334473,
0.0318670272827,
0.0321929454803,
0.050460100174,
0.0509121417999,
0.0318448543549,
0.0323870182037,
0.0268099308014,
0.0271708965302,
0.0353848934174,
0.0367000102997,
0.0291731357574,
0.0298159122467,
0.0279660224915,
0.0286920070648,
0.0360419750214,
0.0367860794067,
0.0191290378571,
0.027204990387,
0.0343050956726,
0.0344841480255,
0.0296950340271,
0.0303571224213,
0.0273749828339,
0.0275900363922,
0.0361030101776,
0.0575850009918,
0.0372369289398,
0.0374119281769,
0.0254371166229,
0.0256400108337,
0.0316169261932,
0.0317990779877,
0.0279340744019,
0.0281620025635,
0.0253851413727,
0.0257680416107,
0.0282850265503,
0.0284960269928,
0.0257918834686,
0.0259900093079,
0.0329730510712,
0.0341320037842,
0.0298449993134,
0.0307819843292,
0.0326361656189,
0.0340831279755,
0.0418400764465,
0.0488901138306,
0.0400161743164,
0.0402760505676,
0.0352687835693,
0.0354478359222,
0.0271680355072,
0.0273530483246,
0.0295000076294,
0.0297999382019,
0.0385599136353,
0.0387330055237,
0.0252559185028,
0.0258858203888,
0.0266661643982,
0.0268411636353,
0.036386013031,
0.0389108657837,
0.0247588157654,
0.0249919891357,
0.0227770805359,
0.0229871273041,
0.034882068634,
0.0358278751373,
0.0274360179901,
0.0281610488892,
0.0262920856476,
0.0265619754791,
0.0241560935974,
0.0245380401611,
0.0257370471954,
0.0260949134827,
0.0280919075012,
0.0284080505371,
0.0448541641235,
0.045086145401,
0.026654958725,
0.0268318653107,
0.0281839370728,
0.0293200016022,
0.0343091487885,
0.0344970226288,
0.0254189968109,
0.0256199836731,
0.0289318561554,
0.0291349887848,
0.029226064682,
0.0294048786163,
0.0254170894623,
0.0256369113922,
0.0522389411926,
0.0524699687958,
0.0405068397522,
0.0410368442535,
0.0348188877106,
0.0355868339539,
0.0307860374451,
0.0314960479736,
0.0156438350677,
0.0252590179443,
0.0270538330078,
0.0278038978577,
0.0291390419006,
0.0295701026917,
0.0253958702087,
0.0257458686829,
0.0346541404724,
0.0351300239563,
0.0326430797577,
0.0328271389008,
0.0365388393402,
0.0368728637695,
0.0270190238953,
0.0272121429443,
0.0338358879089,
0.0340960025787,
0.0262370109558,
0.0271329879761,
0.0345630645752,
0.0349638462067,
0.038843870163,
0.0391609668732,
0.0347950458527,
0.0351350307465,
0.0360388755798,
0.0362188816071,
0.0329298973083,
0.0331428050995,
0.0312831401825,
0.0315370559692,
0.0334470272064,
0.0336511135101,
0.0339341163635,
0.0343849658966,
0.0421030521393,
0.0423369407654,
0.032173871994,
0.0324749946594,
0.0260269641876,
0.0262670516968,
0.0272159576416,
0.0277180671692,
0.0374729633331,
0.0376408100128,
0.0257189273834,
0.0259809494019,
0.0293180942535,
0.0295009613037,
0.0271048545837,
0.0272889137268,
0.0306899547577,
0.0308589935303,
0.0270471572876,
0.0279099941254,
0.0262589454651,
0.0269680023193,
0.0287661552429,
0.0295751094818,
0.0352470874786,
0.0360882282257,
0.0284638404846,
0.0292699337006,
0.0266661643982,
0.0274980068207,
0.0263810157776,
0.0273208618164,
0.0287380218506,
0.0297920703888,
0.0297451019287,
0.0299360752106,
0.0272901058197,
0.0274569988251,
0.0249519348145,
0.0251820087433,
0.0267610549927,
0.0269620418549,
0.0250720977783,
0.0252900123596,
0.0253341197968,
0.0255570411682,
0.0271830558777,
0.0278291702271,
0.0475969314575,
0.0483980178833,
0.033390045166,
0.0345711708069,
0.0291659832001,
0.029659986496,
0.0325179100037,
0.0334968566895,
0.0313830375671,
0.0331439971924,
0.0267322063446,
0.0274541378021,
0.0424330234528,
0.0431430339813,
0.037428855896,
0.0384938716888,
0.0264501571655,
0.0271270275116,
0.0342819690704,
0.0350520610809,
0.0243289470673,
0.0251958370209,
0.0346899032593,
0.0348830223083,
0.0211851596832,
0.0213739871979,
0.0322148799896,
0.0328807830811,
0.0264599323273,
0.0266411304474,
0.0315148830414,
0.0316970348358,
0.0287878513336,
0.0290939807892,
0.030914068222,
0.0312950611115,
0.0329141616821,
0.0331130027771,
0.0269660949707,
0.0272550582886,
0.0292570590973,
0.0301370620728,
0.0325360298157,
0.0376460552216,
0.0261769294739,
0.0264480113983,
0.0287802219391,
0.0289921760559,
0.0254509449005,
0.025691986084,
0.0300469398499,
0.0302419662476,
0.0284111499786,
0.0289549827576,
0.0269241333008,
0.0272431373596,
0.0326628684998,
0.0336809158325,
0.0411729812622,
0.0469110012054,
0.0255079269409,
0.0263481140137,
0.0262570381165,
0.0268650054932,
0.0342571735382,
0.0348119735718,
0.0351951122284,
0.0360591411591,
0.0403208732605,
0.0406758785248,
0.0381519794464,
0.0383489131927,
0.0334470272064,
0.0336480140686,
0.0172889232635,
0.0315039157867,
0.0351159572601,
0.0353949069977,
0.0284011363983,
0.0419270992279,
0.0309209823608,
0.0312149524689,
0.0285849571228,
0.0292229652405,
0.0291359424591,
0.0293281078339,
0.0281670093536,
0.0283920764923,
0.0275721549988,
0.0299670696259,
0.0337660312653,
0.0351870059967,
0.031641960144,
0.0318388938904,
0.0346360206604,
0.0348060131073,
0.0382740497589,
0.038633108139,
0.0301179885864,
0.0303220748901,
0.0258350372314,
0.026015996933,
0.0280179977417,
0.0323679447174,
0.0264959335327,
0.0267050266266,
0.0273840427399,
0.0279381275177,
0.0266180038452,
0.0271470546722,
0.0371170043945,
0.0378849506378,
0.0334429740906,
0.0336129665375,
0.0285520553589,
0.0287261009216,
0.0272040367126,
0.0273849964142,
0.0291259288788,
0.0294549465179,
0.0302958488464,
0.0306069850922,
0.0255990028381,
0.026741027832,
0.0261070728302,
0.0267980098724,
0.0350651741028,
0.0352680683136,
0.0292139053345,
0.0293979644775,
0.0331220626831,
0.0333201885223,
0.0276019573212,
0.0278961658478,
0.0347881317139,
0.0355379581451,
0.0298528671265,
0.0305180549622,
0.0396528244019,
0.0407028198242,
0.0294589996338,
0.0296359062195,
0.0264539718628,
0.0266270637512,
0.0256180763245,
0.0258219242096,
0.0255391597748,
0.0257821083069,
0.0343480110168,
0.0361959934235,
0.0222082138062,
0.0224211215973,
0.0258989334106,
0.0260858535767,
0.0265700817108,
0.0267469882965,
0.0312168598175,
0.0314240455627,
0.031543970108,
0.0320961475372,
0.0287120342255,
0.0295429229736,
0.0333080291748,
0.0335729122162,
0.0334939956665,
0.0336880683899,
0.0273189544678,
0.0274999141693,
0.0324230194092,
0.0326068401337,
0.0342140197754,
0.0345170497894,
0.0251309871674,
0.0253009796143,
0.0291309356689,
0.0293259620667,
0.0280940532684,
0.0282990932465,
0.0313849449158,
0.031840801239,
0.0300719738007,
0.0307328701019,
0.0315089225769,
0.0317199230194,
0.0301229953766,
0.0303339958191,
0.0391290187836,
0.039449930191,
0.0314469337463,
0.0320990085602,
0.0251431465149,
0.0254299640656,
0.0330147743225,
0.0337469577789,
0.0438339710236,
0.0461919307709,
0.0311639308929,
0.0320711135864,
0.047641992569,
0.0490441322327,
0.0316700935364,
0.031928062439,
0.0292301177979,
0.0294480323792,
0.0382630825043,
0.0385069847107,
0.0245001316071,
0.0247321128845,
0.0284740924835,
0.0286841392517,
0.0264739990234,
0.0268278121948,
0.042496919632,
0.0427601337433,
0.027163028717,
0.0273408889771,
0.023001909256,
0.0232648849487,
0.0281829833984,
0.0283799171448,
0.0281598567963,
0.0284759998322,
0.0275909900665,
0.0277938842773,
0.0267610549927,
0.0273978710175,
0.0268368721008,
0.0274469852448,
0.0315959453583,
0.0318999290466,
0.027724981308,
0.0279080867767,
0.0258049964905,
0.02610206604,
0.0297758579254,
0.0302639007568,
0.0221130847931,
0.0226399898529,
0.0282638072968,
0.0288379192352,
0.026349067688,
0.0273160934448,
0.0276930332184,
0.0279161930084,
0.0252859592438,
0.0255250930786,
0.0213329792023,
0.0221228599548,
0.0374040603638,
0.0392949581146,
0.0281100273132,
0.0282890796661,
0.0314691066742,
0.0316660404205,
0.0374000072479,
0.0375881195068,
0.0288419723511,
0.0290319919586,
0.0328829288483,
0.0330770015717,
0.0284368991852,
0.0286290645599,
0.0262219905853,
0.0293309688568,
0.0278959274292,
0.0286939144135,
0.0279638767242,
0.0287199020386,
0.0307919979095,
0.0312960147858,
0.0345931053162,
0.0357909202576,
0.037428855896,
0.038477897644,
0.0196189880371,
0.0509750843048,
0.0522429943085,
0.0529429912567,
0.0272259712219,
0.028058052063,
0.028470993042,
0.0293419361115,
0.0316460132599,
0.032240152359,
0.0404379367828,
0.0411541461945,
0.0703499317169,
0.0713250637054,
0.0332119464874,
0.0339510440826,
0.0280060768127,
0.0281760692596,
0.0256638526917,
0.0258409976959,
0.0275480747223,
0.0277268886566,
0.0254640579224,
0.0256400108337,
0.0265560150146,
0.0267329216003,
0.028902053833,
0.0291690826416,
0.0329668521881,
0.03315782547,
0.0360791683197,
0.0363380908966,
0.0312051773071,
0.0313830375671,
0.0272030830383,
0.0274128913879,
0.027951002121,
0.0281579494476,
0.0262548923492,
0.0264580249786,
0.0275030136108,
0.0277090072632,
0.0249710083008,
0.0251500606537,
0.0248861312866,
0.0250961780548,
0.0288150310516,
0.0289912223816,
0.0266909599304,
0.0268988609314,
0.0250601768494,
0.0257649421692,
0.0273020267487,
0.0285849571228,
0.0285811424255,
0.0291731357574,
0.0287339687347,
0.0295279026031,
0.0309729576111,
0.0318138599396,
0.0285577774048,
0.0292658805847,
0.0297060012817,
0.0309240818024,
0.0438570976257,
0.0442490577698,
0.0345749855042,
0.0354180335999,
0.0399081707001,
0.0401151180267,
0.0273180007935,
0.0275459289551,
0.0269820690155,
0.0278799533844,
0.0265130996704,
0.0271530151367,
0.0217459201813,
0.022686958313,
0.0328440666199,
0.0338010787964,
0.0284898281097,
0.0303678512573,
0.0257489681244,
0.0261919498444,
0.0382759571075,
0.038516998291,
0.0333540439606,
0.0335500240326,
0.0368590354919,
0.037034034729,
0.0290939807892,
0.0299561023712,
0.0308990478516,
0.0315260887146,
0.0291800498962,
0.0295150279999,
0.028911113739,
0.0291149616241,
0.0310039520264,
0.0311758518219,
0.0266618728638,
0.0268638134003,
0.046471118927,
0.0471630096436,
0.0236279964447,
0.0238118171692,
0.0326850414276,
0.0328829288483,
0.026426076889,
0.0266029834747,
0.0268578529358,
0.0278968811035,
0.029000043869,
0.0297870635986,
0.040650844574,
0.0417029857635,
0.0346248149872,
0.0358099937439,
0.0306880474091,
0.0315198898315,
0.0271019935608,
0.027382850647,
0.0388860702515,
0.0394160747528,
0.0470521450043,
0.047639131546,
0.0553607940674,
0.0559508800507,
0.0677590370178,
0.0685720443726,
0.0258479118347,
0.0260410308838,
0.0253620147705,
0.0255930423737,
0.0301320552826,
0.0305919647217,
0.0253591537476,
0.0255291461945,
0.0274641513824,
0.0276920795441,
0.075208902359,
0.0753610134125,
0.0306510925293,
0.0313251018524,
0.028559923172,
0.0296080112457,
0.0266079902649,
0.0277698040009,
0.0283710956573,
0.0285429954529,
0.0288457870483,
0.0292978286743,
0.0271060466766,
0.027302980423,
0.026731967926,
0.0269050598145,
0.0246500968933,
0.0248849391937,
0.0223670005798,
0.0225920677185,
0.0264091491699,
0.0265860557556,
0.0340662002563,
0.0345430374146,
0.0509161949158,
0.0517420768738,
0.0188150405884,
0.0359971523285,
0.0376300811768,
0.0379321575165,
0.0385439395905,
0.0388998985291,
0.0768268108368,
0.0813448429108,
0.027104139328,
0.0273280143738,
0.0277860164642,
0.0279631614685,
0.0263509750366,
0.0274019241333,
0.0304200649261,
0.030592918396,
0.0261521339417,
0.0264940261841,
0.032289981842,
0.0330488681793,
0.0744559764862,
0.0746219158173,
0.0373899936676,
0.0377669334412,
0.0517199039459,
0.052414894104,
0.0330679416656,
0.0332379341125,
0.0274310112,
0.0276260375977,
0.028450012207,
0.0292239189148,
0.0350291728973,
0.036159992218,
0.027508020401,
0.0283098220825,
0.0227029323578,
0.0228791236877,
0.027202129364,
0.0273830890656,
0.0278270244598,
0.0280151367188,
0.0264041423798,
0.0266771316528,
0.0233750343323,
0.0276291370392,
0.0273780822754,
0.0276570320129,
0.0291111469269,
0.0293040275574,
0.0311460494995,
0.0313391685486,
0.0276079177856,
0.0278170108795,
0.0289859771729,
0.0291659832001,
0.0259339809418,
0.0261249542236,
0.0273230075836,
0.0275390148163,
0.0301120281219,
0.0303092002869,
0.0280089378357,
0.0281939506531,
0.0305619239807,
0.0307588577271,
0.0271470546722,
0.0274751186371,
0.033280134201,
0.0334391593933,
0.0298590660095,
0.0300400257111,
0.0283892154694,
0.028568983078,
0.0279951095581,
0.0287179946899,
0.0231509208679,
0.0239839553833,
0.0232288837433,
0.0240659713745,
0.0833249092102,
0.0839369297028,
0.123652935028,
0.123824834824,
0.0416898727417,
0.0452108383179,
0.0388240814209,
0.0389859676361,
0.0468518733978,
0.0470769405365,
0.0596470832825,
0.0631160736084,
0.0625309944153,
0.0641798973083,
0.0265259742737,
0.0268499851227,
0.0278918743134,
0.0280568599701,
0.025365114212,
0.0255899429321,
0.0265440940857,
0.0269029140472,
0.032014131546,
0.0323090553284,
0.0289349555969,
0.0291180610657,
0.0267488956451,
0.0269429683685,
0.0294840335846,
0.0301480293274,
0.0266509056091,
0.0268430709839,
0.033812046051,
0.0339939594269,
0.0296249389648,
0.0298199653625,
0.029107093811,
0.029335975647,
0.0459871292114,
0.0463180541992,
0.0320580005646,
0.0331950187683,
0.0338618755341,
0.0341038703918,
0.0302150249481,
0.0305089950562,
0.0260288715363,
0.0269939899445,
0.0301339626312,
0.0309519767761,
0.0266771316528,
0.0277500152588,
0.0372087955475,
0.0380539894104,
0.0284881591797,
0.0292880535126,
0.0372109413147,
0.0373890399933,
0.0361721515656,
0.0363690853119,
0.0278880596161,
0.0280869007111,
0.0422370433807,
0.0425379276276,
0.0334370136261,
0.0336141586304,
0.0329790115356,
0.0331768989563,
0.0450899600983,
0.0453400611877,
0.028382062912,
0.0287041664124,
0.0256350040436,
0.0258491039276,
0.039577960968,
0.0467767715454,
0.0290811061859,
0.0292971134186,
0.0296068191528,
0.0298368930817,
0.0311329364777,
0.0313868522644,
0.0259599685669,
0.0261468887329,
0.0312440395355,
0.0314738750458,
0.0258700847626,
0.0261640548706,
0.029440164566,
0.0296151638031,
0.0294239521027,
0.0296018123627,
0.036957025528,
0.0371291637421,
0.0327858924866,
0.0329689979553,
0.0337800979614,
0.0339579582214,
0.0364608764648,
0.0367238521576,
0.0282390117645,
0.0284340381622,
0.0330839157104,
0.0332689285278,
0.0330021381378,
0.0332980155945,
0.0232470035553,
0.0234839916229,
0.0319480895996,
0.0321569442749,
0.0338380336761,
0.0349950790405,
0.0289490222931,
0.0295989513397,
0.0309147834778,
0.0316619873047,
0.0305361747742,
0.0312960147858,
0.0305042266846,
0.0314211845398,
0.0264961719513,
0.0266830921173,
0.0220119953156,
0.036031961441,
0.032931804657,
0.0341799259186,
0.139167070389,
0.139643192291,
0.0504970550537,
0.050675868988,
0.0446450710297,
0.0448288917542,
0.0416579246521,
0.0418388843536,
0.0255470275879,
0.0316851139069,
0.0260999202728,
0.0269148349762,
0.0294060707092,
0.0295870304108,
0.0274019241333,
0.0275769233704,
0.0322279930115,
0.0325961112976,
0.0409741401672,
0.0476460456848,
0.0362820625305,
0.0377609729767,
0.0323269367218,
0.0324890613556,
0.042337179184,
0.0427269935608,
0.0357751846313,
0.0360100269318,
0.0234000682831,
0.0235891342163,
0.0268089771271,
0.0269949436188,
0.0331239700317,
0.0337519645691,
0.0213420391083,
0.0215749740601,
0.0367770195007,
0.0371279716492,
0.0364830493927,
0.0369708538055,
0.0292549133301,
0.0300109386444,
0.0277481079102,
0.029186964035,
0.0284969806671,
0.0293390750885,
0.0261249542236,
0.0266530513763,
0.0296170711517,
0.0305581092834,
0.0408699512482,
0.0412240028381,
0.0227680206299,
0.0231080055237,
0.0243408679962,
0.024514913559,
0.027575969696,
0.0282258987427,
0.0323538780212,
0.0325338840485,
0.023689031601,
0.0239379405975,
0.0311920642853,
0.0313861370087,
0.0337059497833,
0.0338878631592,
0.0359399318695,
0.0361230373383,
0.0393469333649,
0.0397298336029,
0.0347838401794,
0.0350449085236,
0.0321118831635,
0.0335199832916,
0.0365560054779,
0.0374031066895,
0.0390801429749,
0.039605140686,
0.0254969596863,
0.0262680053711,
0.0320038795471,
0.032763004303,
0.0457699298859,
0.0468468666077,
0.0847320556641,
0.0860221385956,
0.055811882019,
0.0562520027161,
0.0308082103729,
0.0315351486206,
0.0352780818939,
0.0360422134399,
0.0380899906158,
0.0382990837097,
0.0335178375244,
0.0337018966675,
0.0275099277496,
0.027843952179,
0.0270459651947,
0.0276429653168,
0.0131850242615,
0.0290219783783,
0.0354359149933,
0.0356569290161,
0.034322977066,
0.0344951152802,
0.0399420261383,
0.0401508808136,
0.0271990299225,
0.0273780822754,
0.0272219181061,
0.0281529426575,
0.0320420265198,
0.0325248241425,
0.0273110866547,
0.027508020401,
0.0307619571686,
0.0309419631958,
0.0388119220734,
0.0390999317169,
0.0288729667664,
0.0291299819946,
0.0333478450775,
0.0338690280914,
0.0298719406128,
0.0306560993195,
0.0276579856873,
0.0285739898682,
0.0334029197693,
0.0338780879974,
0.0261821746826,
0.0274081230164,
0.0426030158997,
0.042916059494,
0.0292720794678,
0.0294470787048,
0.0742490291595,
0.0747230052948,
0.0347828865051,
0.0351738929749,
0.0397510528564,
0.0404670238495,
0.0393538475037,
0.0398588180542,
0.0458719730377,
0.0466270446777,
0.0441091060638,
0.0481820106506,
0.0391929149628,
0.0395259857178,
0.0211279392242,
0.0218710899353,
0.0365700721741,
0.0367510318756,
0.033408164978,
0.0336000919342,
0.0385429859161,
0.0394949913025,
0.0367558002472,
0.0374989509583,
0.0361919403076,
0.0369329452515,
0.0307569503784,
0.0315878391266,
0.0450010299683,
0.045706987381,
0.0392060279846,
0.0401220321655,
0.0294549465179,
0.0296638011932,
0.0288698673248,
0.0293829441071,
0.0301148891449,
0.0303349494934,
0.0328259468079,
0.0332670211792,
0.0297739505768,
0.0300688743591,
0.0316598415375,
0.0322079658508,
0.0260038375854,
0.0269148349762,
0.0359129905701,
0.0365178585052,
0.025817155838,
0.0264210700989,
0.0348110198975,
0.0366311073303,
0.0379140377045,
0.0384240150452,
0.0282909870148,
0.0286428928375,
0.0226891040802,
0.0228681564331,
0.028716802597,
0.0292019844055,
0.0291330814362,
0.0293040275574,
0.0292718410492,
0.0294649600983,
0.0309548377991,
0.0318958759308,
0.0373740196228,
0.0375781059265,
0.0294740200043,
0.0300040245056,
0.0301940441132,
0.039243221283,
0.0270290374756,
0.0272598266602,
0.0306670665741,
0.0315020084381,
0.0278661251068,
0.0281281471252,
0.0307009220123,
0.0308859348297,
0.0282831192017,
0.0284759998322,
0.0274088382721,
0.0275928974152,
0.0264899730682,
0.0267028808594,
0.0277190208435,
0.0284419059753,
0.0390350818634,
0.0407419204712,
0.0513260364532,
0.0514919757843,
0.0442688465118,
0.0458719730377,
0.0539209842682,
0.0541369915009,
0.0234050750732,
0.023689031601,
0.0310728549957,
0.0312328338623,
0.0315129756927,
0.0316948890686,
0.0268359184265,
0.0270400047302,
0.0381369590759,
0.0383110046387,
0.0309498310089,
0.0313718318939,
0.0284070968628,
0.0289371013641,
0.0260601043701,
0.0263259410858,
0.0287189483643,
0.0293478965759,
0.0233039855957,
0.0236690044403,
0.0352032184601,
0.0353920459747,
0.0397109985352,
0.0408799648285,
0.0547399520874,
0.0552539825439,
0.0355751514435,
0.0370969772339,
0.040510892868,
0.0406830310822,
0.0374429225922,
0.0379688739777,
0.0322589874268,
0.0325019359589,
0.0473549365997,
0.047534942627,
0.0418639183044,
0.0421369075775,
0.0265531539917,
0.0271670818329,
0.0296738147736,
0.0303409099579,
0.0308911800385,
0.0318100452423,
0.0241868495941,
0.0247449874878,
0.0294668674469,
0.030131816864,
0.0282340049744,
0.0284118652344,
0.0273451805115,
0.0280270576477,
0.0393722057343,
0.0405161380768,
0.0306491851807,
0.0313231945038,
0.0320382118225,
0.0333042144775,
0.0391268730164,
0.0409739017487,
0.0378351211548,
0.038008928299,
0.0318760871887,
0.0322420597076,
0.0347540378571,
0.0349481105804,
0.0277798175812,
0.0279459953308,
0.0305731296539,
0.0307500362396,
0.0295071601868,
0.0298340320587,
0.0364248752594,
0.0366060733795,
0.032103061676,
0.0323140621185,
0.0283889770508,
0.0287129878998,
0.0270099639893,
0.0272300243378,
0.0311667919159,
0.0313589572906,
0.0265109539032,
0.0268199443817,
0.0263180732727,
0.0270590782166,
0.03182721138,
0.03200507164,
0.0310552120209,
0.0312871932983,
0.0312399864197,
0.0314950942993,
0.0357391834259,
0.036110162735,
0.0280499458313,
0.0284168720245,
0.0296471118927,
0.0298280715942,
0.0383720397949,
0.038624048233,
0.0352430343628,
0.0354208946228,
0.0302290916443,
0.030415058136,
0.030061006546,
0.0302438735962,
0.0296769142151,
0.0300040245056,
0.0310280323029,
0.0312371253967,
0.0307919979095,
0.0313260555267,
0.0312309265137,
0.0315320491791,
0.0304100513458,
0.0310809612274,
0.0407218933105,
0.04132604599,
0.037750005722,
0.038360118866,
0.0240709781647,
0.0243098735809,
0.0266199111938,
0.0307381153107,
0.0220541954041,
0.026340007782,
0.0277621746063,
0.0279591083527,
0.0389010906219,
0.039458990097,
0.0326738357544,
0.0332109928131,
0.0269021987915,
0.0275790691376,
0.0283060073853,
0.0287489891052,
0.0270681381226,
0.0279591083527,
0.0310170650482,
0.031751871109,
0.0315048694611,
0.0316820144653,
0.030091047287,
0.0302748680115,
0.0375468730927,
0.0377659797668,
0.0328500270844,
0.0333909988403,
0.0262389183044,
0.0270969867706,
0.0366041660309,
0.0408821105957,
0.0349431037903,
0.0358221530914,
0.0377728939056,
0.0380358695984,
0.0393249988556,
0.0399289131165,
0.0407390594482,
0.04150390625,
0.0330410003662,
0.0338449478149,
0.0353939533234,
0.0361869335175,
0.0317630767822,
0.0323829650879,
0.0276889801025,
0.0282769203186,
0.0366399288177,
0.0376961231232,
0.0227270126343,
0.023432970047,
0.0324530601501,
0.0332729816437,
0.029335975647,
0.0301370620728,
0.0481159687042,
0.060359954834,
0.0424120426178,
0.0426959991455,
0.0304799079895,
0.0307071208954,
0.0341370105743,
0.0368249416351,
0.0308399200439,
0.0310471057892,
0.0359690189362,
0.0367641448975,
0.0289399623871,
0.0291759967804,
0.0262780189514,
0.0264768600464,
0.031672000885,
0.0318439006805,
0.0281159877777,
0.0283579826355,
0.0284788608551,
0.0287020206451,
0.0290069580078,
0.0292499065399,
0.0272309780121,
0.0274119377136,
0.0322830677032,
0.0327270030975,
0.0272610187531,
0.0274798870087,
0.0319230556488,
0.0321760177612,
0.0316729545593,
0.0340020656586,
0.0298190116882,
0.0306088924408,
0.0282778739929,
0.0292408466339,
0.0291130542755,
0.0293071269989,
0.0246889591217,
0.0250639915466,
0.0328359603882,
0.0331809520721,
0.0326290130615,
0.0328099727631,
0.0264689922333,
0.0270190238953,
0.029324054718,
0.0295078754425,
0.0329270362854,
0.0331201553345,
0.0333020687103,
0.0334820747375,
0.0364220142365,
0.0367460250854,
0.0293309688568,
0.0296339988708,
0.0285170078278,
0.0287020206451,
0.0273399353027,
0.0275111198425,
0.0298998355865,
0.0302150249481,
0.0221090316772,
0.0223820209503,
0.0342040061951,
0.0344748497009,
0.0292069911957,
0.0293881893158,
0.0342428684235,
0.0396280288696,
0.0240180492401,
0.0242040157318,
0.0300590991974,
0.0309870243073,
0.046718120575,
0.0563900470734,
0.0292739868164,
0.0298049449921,
0.0408220291138,
0.0410048961639,
0.0258078575134,
0.0261700153351,
0.032940864563,
0.0370078086853,
0.0361571311951,
0.036327123642,
0.0269050598145,
0.0277140140533,
0.0273489952087,
0.0275249481201,
0.0331890583038,
0.0343670845032,
0.0331499576569,
0.0335211753845,
0.0417990684509,
0.0420958995819,
0.0248489379883,
0.0250499248505,
0.0270130634308,
0.0272860527039,
0.0286390781403,
0.0288209915161,
0.0266659259796,
0.0268528461456,
0.02858710289,
0.0288732051849,
0.0280470848083,
0.0283989906311,
0.026780128479,
0.0273239612579,
0.0347201824188,
0.0355060100555,
0.0415270328522,
0.0444800853729,
0.0284020900726,
0.0287020206451,
0.0409798622131,
0.0411648750305,
0.0313649177551,
0.0315678119659,
0.0488247871399,
0.0491459369659,
0.0271148681641,
0.0276489257812,
0.0304701328278,
0.0306670665741,
0.0301921367645,
0.0312550067902,
0.0306470394135,
0.0345430374146,
0.0453372001648,
0.0458071231842,
0.0863990783691,
0.0871748924255,
0.0375928878784,
0.0377728939056,
0.031191110611,
0.0313789844513,
0.0263049602509,
0.0264818668365,
0.0290150642395,
0.029205083847,
0.0267851352692,
0.02698802948,
0.0270471572876,
0.0273239612579,
0.0284688472748,
0.0286569595337,
0.0231709480286,
0.0233910083771,
0.0306148529053,
0.0308170318604,
0.0296039581299,
0.0298199653625,
0.0327877998352,
0.0336399078369,
0.0380609035492,
0.0389449596405,
0.0269379615784,
0.0271079540253,
0.0303587913513,
0.0305438041687,
0.0275781154633,
0.027850151062,
0.0290729999542,
0.0292689800262,
0.0392878055573,
0.0394787788391,
0.0396721363068,
0.0416920185089,
0.0395829677582,
0.0398058891296,
0.0653550624847,
0.066085100174,
0.0248470306396,
0.0257701873779,
0.0295329093933,
0.0304799079895,
0.0292580127716,
0.0301489830017,
0.0362989902496,
0.0370268821716,
0.0278449058533,
0.0281848907471,
0.0258657932281,
0.0261609554291,
0.0279591083527,
0.028990983963,
0.0255539417267,
0.0259070396423,
0.0334119796753,
0.0336649417877,
0.0418050289154,
0.0427489280701,
0.0503299236298,
0.0511589050293,
0.0296359062195,
0.0303099155426,
0.0258128643036,
0.0266389846802,
0.0370020866394,
0.0380239486694,
0.0262517929077,
0.0398559570312,
0.0276989936829,
0.0285608768463,
0.0275249481201,
0.0283751487732,
0.0274081230164,
0.0275769233704,
0.0265159606934,
0.0274407863617,
0.0286140441895,
0.0287790298462,
0.0277161598206,
0.0279011726379,
0.031888961792,
0.0320911407471,
0.0281050205231,
0.0283310413361,
0.16197180748,
0.162159919739,
0.0283970832825,
0.0296821594238,
0.0307288169861,
0.0310349464417,
0.0305030345917,
0.0308828353882,
0.0277960300446,
0.027969121933,
0.0256459712982,
0.0258390903473,
0.0332701206207,
0.0334491729736,
0.0282008647919,
0.028538942337,
0.0315101146698,
0.031760931015,
0.0275139808655,
0.0279178619385,
0.0286519527435,
0.0290439128876,
0.0256929397583,
0.0260810852051,
0.0268919467926,
0.0270609855652,
0.0255091190338,
0.0257580280304,
0.0262560844421,
0.0265760421753,
0.0276770591736,
0.0279970169067,
0.0267260074615,
0.0270731449127,
0.0290141105652,
0.0292160511017,
0.0326960086823,
0.032870054245,
0.0279901027679,
0.0281829833984,
0.033203125,
0.0334911346436,
0.0281319618225,
0.0282919406891,
0.0308029651642,
0.031140089035,
0.0644278526306,
0.0652370452881,
0.0595819950104,
0.0600318908691,
0.0845720767975,
0.0848081111908,
0.0558819770813,
0.0588419437408,
0.0906569957733,
0.0909190177917,
0.0299601554871,
0.0301651954651,
0.0417048931122,
0.0419909954071,
0.0223162174225,
0.0225701332092,
0.0259239673615,
0.0261371135712,
0.0273308753967,
0.0278708934784,
0.044341802597,
0.0449979305267,
0.0356059074402,
0.0364899635315,
0.0274488925934,
0.0282289981842,
0.0306990146637,
0.0313210487366,
0.0288560390472,
0.0296900272369,
0.0322589874268,
0.03253698349,
0.0277101993561,
0.0279421806335,
0.0316979885101,
0.0318939685822,
0.0293707847595,
0.0295548439026,
0.0320250988007,
0.0322501659393,
0.028617143631,
0.0292119979858,
0.02876496315,
0.0289540290833,
0.0296359062195,
0.0298449993134,
0.0354199409485,
0.0357248783112,
0.0253019332886,
0.0255379676819,
0.0261209011078,
0.0264739990234,
0.0306398868561,
0.0314090251923,
0.0306131839752,
0.0313382148743,
0.0292429924011,
0.0299661159515,
0.0289859771729,
0.0296759605408,
0.0282769203186,
0.0293228626251,
0.0264708995819,
0.0266690254211,
0.0328919887543,
0.0332181453705,
0.027704000473,
0.0283918380737,
0.0274198055267,
0.0281159877777,
0.0272748470306,
0.0278778076172,
0.032900094986,
0.0336101055145,
0.0267758369446,
0.0278849601746,
0.025249004364,
0.0259830951691,
0.0272970199585,
0.0281958580017,
0.033627986908,
0.0347340106964,
0.0333609580994,
0.0343987941742,
0.0448040962219,
0.0455720424652,
0.0373830795288,
0.0375900268555,
0.0288469791412,
0.0290858745575,
0.0273978710175,
0.0276348590851,
0.025377035141,
0.0257070064545,
0.0247001647949,
0.0253691673279,
0.0312991142273,
0.0315141677856,
0.0379819869995,
0.038645029068,
0.0372240543365,
0.0373890399933,
0.027535200119,
0.0277140140533,
0.0321369171143,
0.0323278903961,
0.0281331539154,
0.0283281803131,
0.0359950065613,
0.0361800193787,
0.0354909896851,
0.0356779098511,
0.0309319496155,
0.0312049388885,
0.028354883194,
0.0285408496857,
0.0200779438019,
0.0359570980072,
0.0290670394897,
0.0293591022491,
0.0412390232086,
0.0420660972595,
0.0345818996429,
0.034795999527,
0.0302348136902,
0.0307309627533,
0.0348610877991,
0.0350501537323,
0.0248651504517,
0.0250990390778,
0.0351669788361,
0.0353548526764,
0.0246689319611,
0.024836063385,
0.0413038730621,
0.0418679714203,
0.0289640426636,
0.0292780399323,
0.0282368659973,
0.0285239219666,
0.0294508934021,
0.0296568870544,
0.0281229019165,
0.0283029079437,
0.0361897945404,
0.0371189117432,
0.026043176651,
0.0272130966187,
0.0364310741425,
0.0373120307922,
0.0416619777679,
0.0447130203247,
0.0390808582306,
0.0396199226379,
0.0353629589081,
0.0442328453064,
0.0303049087524,
0.0309629440308,
0.0505530834198,
0.0515050888062,
0.0502779483795,
0.0513100624084,
0.0400750637054,
0.0402419567108,
0.0273180007935,
0.0274930000305,
0.0232620239258,
0.023451089859,
0.0271580219269,
0.027379989624,
0.0253820419312,
0.0257349014282,
0.0273411273956,
0.0275270938873,
0.026603937149,
0.0269160270691,
0.0285239219666,
0.0289568901062,
0.0379180908203,
0.0381932258606,
0.0283000469208,
0.0286180973053,
0.0289821624756,
0.0292270183563,
0.0278301239014,
0.0280129909515,
0.0293350219727,
0.02960896492,
0.0412199497223,
0.0419669151306,
0.0292971134186,
0.0295181274414,
0.0300190448761,
0.030238866806,
0.0336229801178,
0.0338389873505,
0.0289351940155,
0.0291562080383,
0.0258941650391,
0.0260851383209,
0.0258138179779,
0.0261628627777,
0.0227029323578,
0.0235271453857,
0.0274651050568,
0.0283570289612,
0.0326030254364,
0.0334231853485,
0.0268070697784,
0.0269801616669,
0.0298998355865,
0.0303118228912,
0.0313150882721,
0.03156208992,
0.0373270511627,
0.0375111103058,
0.025071144104,
0.0252602100372,
0.0275869369507,
0.0277650356293,
0.0314080715179,
0.031592130661,
0.0250890254974,
0.0253419876099,
0.0312609672546,
0.0318989753723,
0.0311200618744,
0.0315690040588,
0.0266020298004,
0.0267789363861,
0.0292041301727,
0.0293939113617,
0.027843952179,
0.0288209915161,
0.0289840698242,
0.0298252105713,
0.0276019573212,
0.0286800861359,
0.0243399143219,
0.0245428085327,
0.0235638618469,
0.0267808437347,
0.0290460586548,
0.0297801494598,
0.0259389877319,
0.0261619091034,
0.0372929573059,
0.0380561351776,
0.0294878482819,
0.0301079750061,
0.0251731872559,
0.0260782241821,
0.0272099971771,
0.0277149677277,
0.0249450206757,
0.0401690006256,
0.0368928909302,
0.0370678901672,
0.0299220085144,
0.0300908088684,
0.0348989963531,
0.0351309776306,
0.0330770015717,
0.0340049266815,
0.0360898971558,
0.0371289253235,
0.0297830104828,
0.0356509685516,
0.0301449298859,
0.0308890342712,
0.0420908927917,
0.0496549606323,
0.0333471298218,
0.0335071086884,
0.0382971763611,
0.0384790897369,
0.0361731052399,
0.0363440513611,
0.0522167682648,
0.0524017810822,
0.0453040599823,
0.0455069541931,
0.0513169765472,
0.0517768859863,
0.0358119010925,
0.0365669727325,
0.0365710258484,
0.0367438793182,
0.0535519123077,
0.0543100833893,
0.0629560947418,
0.0635039806366,
0.0459370613098,
0.0466830730438,
0.0325679779053,
0.0327439308167,
0.0280790328979,
0.0282959938049,
0.0322539806366,
0.0329189300537,
0.0372309684753,
0.0375940799713,
0.0308661460876,
0.0310921669006,
0.0497531890869,
0.0500221252441,
0.0712258815765,
0.0720319747925,
0.0394279956818,
0.0396130084991,
0.0386018753052,
0.0387749671936,
0.0276200771332,
0.0283381938934,
0.0306949615479,
0.0316588878632,
0.0311770439148,
0.0317928791046,
0.0308940410614,
0.0316610336304,
0.0325748920441,
0.0339848995209,
0.024610042572,
0.0254390239716,
0.0273609161377,
0.0282778739929,
0.0377821922302,
0.0380420684814,
0.0458991527557,
0.0625231266022,
0.0678989887238,
0.0681350231171,
0.0470821857452,
0.0473380088806,
0.0460948944092,
0.0462739467621,
0.0382869243622,
0.0385890007019,
0.0240168571472,
0.0243148803711,
0.0492651462555,
0.0504550933838,
0.0564479827881,
0.0567600727081,
0.0418508052826,
0.0463769435883,
0.0333259105682,
0.0335168838501,
0.0330369472504,
0.0332748889923,
0.0308058261871,
0.0310249328613,
0.0520820617676,
0.0523700714111,
0.0634050369263,
0.0648939609528,
0.0384519100189,
0.0389230251312,
0.0594551563263,
0.0598402023315,
0.048779964447,
0.0497620105743,
0.0351338386536,
0.0366580486298,
0.0489687919617,
0.0492358207703,
0.0408890247345,
0.0419251918793,
0.0306978225708,
0.0309648513794,
0.0426530838013,
0.0428311824799,
0.029363155365,
0.0321190357208,
0.0256960391998,
0.0269620418549,
0.0331001281738,
0.0337860584259,
0.0269370079041,
0.0276069641113,
0.0284440517426,
0.0295989513397,
0.0317840576172,
0.0319690704346,
0.025671005249,
0.025866985321,
0.0305390357971,
0.0307431221008,
0.0264189243317,
0.0271399021149,
0.0289390087128,
0.0294888019562,
0.0328249931335,
0.0333769321442,
0.0387880802155,
0.0390138626099,
0.0325038433075,
0.0327208042145,
0.0340781211853,
0.0349681377411,
0.025386095047,
0.0257019996643,
0.0301489830017,
0.0303189754486,
0.0270869731903,
0.0272901058197,
0.0286018848419,
0.0299479961395,
0.028902053833,
0.0294210910797,
0.0293688774109,
0.0307159423828,
0.024619102478,
0.0259630680084,
0.0294890403748,
0.0300750732422,
0.099189043045,
0.100481987,
0.104923009872,
0.106834173203,
0.0391440391541,
0.0393579006195,
0.0265440940857,
0.0267992019653,
0.0323879718781,
0.0325698852539,
0.0263109207153,
0.0264899730682,
0.0264160633087,
0.0266110897064,
0.02876496315,
0.0295879840851,
0.0368609428406,
0.0378150939941,
0.0224988460541,
0.0278890132904,
0.0245079994202,
0.0255670547485,
0.0326631069183,
0.0364720821381,
0.0342929363251,
0.0344760417938,
0.0265970230103,
0.0269010066986,
0.027755022049,
0.028000831604,
0.0317318439484,
0.0319838523865,
0.0293290615082,
0.0295100212097,
0.0276050567627,
0.0278980731964,
0.0266120433807,
0.0268270969391,
0.0376300811768,
0.0379629135132,
0.0307250022888,
0.0317280292511,
0.0347440242767,
0.0357508659363,
0.0304322242737,
0.0306601524353,
0.0271210670471,
0.0281610488892,
0.0298709869385,
0.0301430225372,
0.0301539897919,
0.0304808616638,
0.0259130001068,
0.0260920524597,
0.0264928340912,
0.0273289680481,
0.0245711803436,
0.0252840518951,
0.0507249832153,
0.051234960556,
0.0333461761475,
0.0341811180115,
0.0306980609894,
0.0314218997955,
0.0267949104309,
0.0275628566742,
0.0283200740814,
0.0284960269928,
0.0285489559174,
0.0287778377533,
0.0724079608917,
0.0726549625397,
0.0473082065582,
0.0475981235504,
0.123950958252,
0.126133918762,
0.0413010120392,
0.041974067688,
0.0420727729797,
0.0429298877716,
0.0436840057373,
0.0438978672028,
0.0304660797119,
0.031898021698,
0.0263521671295,
0.0271470546722,
0.0340309143066,
0.0380790233612,
0.0235910415649,
0.0272438526154,
0.0358850955963,
0.0368709564209,
0.0296621322632,
0.029844045639,
0.0312960147858,
0.0320000648499,
0.0298879146576,
0.0307750701904,
0.0328469276428,
0.0330040454865,
0.0300941467285,
0.0302910804749,
0.0295989513397,
0.0297968387604,
0.0312309265137,
0.0314729213715,
0.0390620231628,
0.0393600463867,
0.0266959667206,
0.0271990299225,
0.0261170864105,
0.0268311500549,
0.0433042049408,
0.0442562103271,
0.0251619815826,
0.0260488986969,
0.0279080867767,
0.0289640426636,
0.0418858528137,
0.0421109199524,
0.0226130485535,
0.0228221416473,
0.0307080745697,
0.0310611724854,
0.0348520278931,
0.0355861186981,
0.0218679904938,
0.0225911140442,
0.0310730934143,
0.0319290161133,
0.0279839038849,
0.0293509960175,
0.040431022644,
0.0444459915161,
0.0332820415497,
0.034059047699,
0.0298340320587,
0.0305271148682,
0.0253491401672,
0.0262889862061,
0.0234611034393,
0.0236701965332,
0.0345730781555,
0.0347480773926,
0.0275158882141,
0.0278260707855,
0.0266809463501,
0.0269269943237,
0.026153087616,
0.0263690948486,
0.0284950733185,
0.0286841392517,
0.033588886261,
0.0344529151917,
0.0330650806427,
0.0339379310608,
0.0404589176178,
0.0411229133606,
0.0289850234985,
0.0296900272369,
0.0298700332642,
0.0300691127777,
0.0271148681641,
0.0273518562317,
0.0271401405334,
0.027951002121,
0.0292251110077,
0.029403924942,
0.0300600528717,
0.0302650928497,
0.0315968990326,
0.0324029922485,
0.036041021347,
0.0368270874023,
0.0313448905945,
0.0315370559692,
0.0290429592133,
0.0293538570404,
0.0300319194794,
0.0302419662476,
0.0252208709717,
0.0254168510437,
0.0281338691711,
0.028324842453,
0.0311939716339,
0.0313758850098,
0.0268340110779,
0.0270118713379,
0.02934217453,
0.0300400257111,
0.029767036438,
0.0303421020508,
0.0331628322601,
0.033698797226,
0.0380008220673,
0.0390028953552,
0.037043094635,
0.037605047226,
0.0319309234619,
0.0326728820801,
0.0402369499207,
0.0405750274658,
0.0269460678101,
0.0273551940918,
0.0299119949341,
0.0302150249481,
0.0365869998932,
0.0368349552155,
0.031457901001,
0.0320558547974,
0.031965970993,
0.0322489738464,
0.0285170078278,
0.02885389328,
0.0301070213318,
0.0302832126617,
0.0366561412811,
0.0368640422821,
0.0317208766937,
0.0318999290466,
0.0360600948334,
0.0362370014191,
0.0368130207062,
0.0370118618011,
0.0265531539917,
0.0267570018768,
0.0306439399719,
0.0309009552002,
0.0262501239777,
0.0264830589294,
0.027496099472,
0.0277991294861,
0.0271999835968,
0.0274519920349,
0.0268051624298,
0.0272932052612,
0.0313758850098,
0.0320148468018,
0.0283658504486,
0.0290489196777,
0.0290679931641,
0.029247045517,
0.032742023468,
0.0329439640045,
0.0291650295258,
0.0294320583344,
0.0282909870148,
0.0284550189972,
0.0374090671539,
0.0375821590424,
0.0279479026794,
0.0281360149384,
0.0280110836029,
0.0281980037689,
0.0277411937714,
0.0279190540314,
0.0285778045654,
0.0321748256683,
0.0317749977112,
0.0319540500641,
0.0313119888306,
0.031476020813,
0.0267899036407,
0.0269708633423,
0.0329570770264,
0.033322095871,
0.0351941585541,
0.0359151363373,
0.0312540531158,
0.0324151515961,
0.0320029258728,
0.0328059196472,
0.0313129425049,
0.0321309566498,
0.0259871482849,
0.0262789726257,
0.0313630104065,
0.0316081047058,
0.0589971542358,
0.060075044632,
0.044497013092,
0.046982049942,
0.0374381542206,
0.0434670448303,
0.0226049423218,
0.0231668949127,
0.0378649234772,
0.0380640029907,
0.036159992218,
0.0370950698853,
0.0354180335999,
