0.0327661037445,
0.0332059860229,
0.0151770114899,
0.0307581424713,
0.0263540744781,
0.0265491008759,
0.0271849632263,
0.0273690223694,
0.0252449512482,
0.0254409313202,
0.0273199081421,
0.0275018215179,
0.030590057373,
0.031357049942,
0.0296669006348,
0.029876947403,
0.0326099395752,
0.0334610939026,
0.0309550762177,
0.0319979190826,
0.0330421924591,
0.0343770980835,
0.0351569652557,
0.0354180335999,
0.0282709598541,
0.0285859107971,
0.0280230045319,
0.0282549858093,
0.0326790809631,
0.0329530239105,
0.0335509777069,
0.0339438915253,
0.034649848938,
0.0390768051147,
0.0261950492859,
0.0270619392395,
0.0329768657684,
0.033145904541,
0.024915933609,
0.0250840187073,
0.0250260829926,
0.0252990722656,
0.0276608467102,
0.0278358459473,
0.0298399925232,
0.0300199985504,
0.0253710746765,
0.0256090164185,
0.0271508693695,
0.0273888111115,
0.0284998416901,
0.0287370681763,
0.0278010368347,
0.02805519104,
0.0277218818665,
0.0284650325775,
0.0310587882996,
0.0312459468842,
0.0305049419403,
0.030690908432,
0.0266439914703,
0.0268590450287,
0.0259530544281,
0.0261731147766,
0.0233850479126,
0.0248551368713,
0.0294320583344,
0.0302939414978,
0.0384149551392,
0.0536849498749,
0.0349359512329,
0.0359361171722,
0.0323569774628,
0.0335199832916,
0.0419218540192,
0.0433340072632,
0.0343308448792,
0.0352449417114,
0.0306191444397,
0.0316500663757,
0.0268740653992,
0.0276548862457,
0.0325191020966,
0.0332901477814,
0.0288739204407,
0.0296559333801,
0.0447590351105,
0.0488979816437,
0.0606729984283,
0.0612578392029,
0.0556240081787,
0.0558722019196,
0.0521681308746,
0.0523979663849,
0.0694351196289,
0.0696470737457,
0.0433259010315,
0.0435059070587,
0.0387699604034,
0.0415408611298,
0.0354869365692,
0.0360889434814,
0.0357019901276,
0.0364940166473,
0.0347630977631,
0.0359139442444,
0.0361919403076,
0.0368359088898,
0.0244019031525,
0.025249004364,
0.0334961414337,
0.0340700149536,
0.03639793396,
0.0373978614807,
0.0248680114746,
0.0258598327637,
0.0296099185944,
0.0311250686646,
0.0236539840698,
0.0243811607361,
0.0333240032196,
0.033595085144,
0.0253040790558,
0.0259780883789,
0.0291731357574,
0.0296370983124,
0.0273938179016,
0.0279598236084,
0.0411460399628,
0.0414628982544,
0.0266780853271,
0.0273048877716,
0.0309119224548,
0.0311930179596,
0.0326678752899,
0.0328328609467,
0.0686280727386,
0.0690159797668,
0.0694940090179,
0.0698370933533,
0.0285201072693,
0.0291569232941,
0.0258829593658,
0.0264761447906,
0.0294020175934,
0.0301909446716,
0.0216159820557,
0.0221080780029,
0.0280239582062,
0.0286200046539,
0.0271260738373,
0.0279679298401,
0.0282170772552,
0.0289580821991,
0.0234920978546,
0.0244951248169,
0.0270550251007,
0.0280070304871,
0.0291600227356,
0.0298800468445,
0.0446109771729,
0.0448310375214,
0.0307159423828,
0.0309088230133,
0.0389430522919,
0.039134979248,
0.0374610424042,
0.0378642082214,
0.0340600013733,
0.0358560085297,
0.0298299789429,
0.0306050777435,
0.0412750244141,
0.0415151119232,
0.0294649600983,
0.0296700000763,
0.0285840034485,
0.0287661552429,
0.0278739929199,
0.0280621051788,
0.0268540382385,
0.0270578861237,
0.0236458778381,
0.0238778591156,
0.0267648696899,
0.0269479751587,
0.0268700122833,
0.0270938873291,
0.0332779884338,
0.033518075943,
0.031347990036,
0.0316247940063,
0.0308909416199,
0.031082868576,
0.0408501625061,
0.0410311222076,
0.0599579811096,
0.0602118968964,
0.0371930599213,
0.0373680591583,
0.0557310581207,
0.0560660362244,
0.0435371398926,
0.043731212616,
0.0266740322113,
0.0272030830383,
0.0322420597076,
0.0324239730835,
0.0311510562897,
0.0547308921814,
0.0556039810181,
0.055771112442,
0.0848820209503,
0.0900421142578,
0.0258111953735,
0.0259971618652,
0.0296099185944,
0.0297701358795,
0.0476489067078,
0.0478868484497,
0.0223479270935,
0.0225238800049,
0.0361368656158,
0.0365779399872,
0.0441210269928,
0.0449290275574,
0.0676710605621,
0.0684242248535,
0.0635199546814,
0.0643358230591,
0.111193180084,
0.111382961273,
0.0381009578705,
0.0382738113403,
0.024139881134,
0.024337053299,
0.0507168769836,
0.0508990287781,
0.0355508327484,
0.0365478992462,
0.0463140010834,
0.0465030670166,
0.027811050415,
0.0283100605011,
0.0271589756012,
0.0278129577637,
0.0268950462341,
0.0273780822754,
0.029550075531,
0.0302700996399,
0.0286951065063,
0.0291740894318,
0.026547908783,
0.0272858142853,
0.0318281650543,
0.0324192047119,
0.0294389724731,
0.0302031040192,
0.02965092659,
0.0306849479675,
0.0260248184204,
0.0264658927917,
0.0232429504395,
0.0240359306335,
0.0285868644714,
0.0291199684143,
0.0245740413666,
0.0259349346161,
0.0403621196747,
0.0405700206757,
0.0258991718292,
0.0260720252991,
0.0270049571991,
0.027174949646,
0.0332188606262,
0.0334060192108,
0.0220007896423,
0.0228078365326,
0.026004076004,
0.0267400741577,
0.0260059833527,
0.0261571407318,
0.0257668495178,
0.0259549617767,
0.0214028358459,
0.0216438770294,
0.0410850048065,
0.0413770675659,
0.0332391262054,
0.0338680744171,
0.0324599742889,
0.0332248210907,
0.0319950580597,
0.0325100421906,
0.0329949855804,
0.033185005188,
0.0323860645294,
0.0329558849335,
0.0329909324646,
0.0335748195648,
0.027007818222,
0.027204990387,
0.0288069248199,
0.02943110466,
0.0582940578461,
0.0592069625854,
0.0408298969269,
0.0411579608917,
0.0282640457153,
0.0284669399261,
0.0294630527496,
0.0296721458435,
0.0230319499969,
0.0240218639374,
0.0271470546722,
0.0278890132904,
0.0292370319366,
0.030012845993,
0.0323889255524,
0.0325508117676,
0.0280628204346,
0.0282578468323,
0.0241949558258,
0.0244190692902,
0.0238559246063,
0.0240299701691,
0.0237898826599,
0.0240209102631,
0.0323128700256,
0.0328848361969,
0.0280449390411,
0.0287179946899,
0.0260980129242,
0.0268449783325,
0.0366659164429,
0.0374350547791,
0.0280299186707,
0.0289080142975,
0.028470993042,
0.0289459228516,
0.0389568805695,
0.0391809940338,
0.0268499851227,
0.0270750522614,
0.0236761569977,
0.0239360332489,
0.0259709358215,
0.0261678695679,
0.0264098644257,
0.0266330242157,
0.0287301540375,
0.0289800167084,
0.0336389541626,
0.0338540077209,
0.0290501117706,
0.029237985611,
0.0286858081818,
0.028913974762,
0.0254149436951,
0.0256049633026,
0.026104927063,
0.0263040065765,
0.0276110172272,
0.0282230377197,
0.0274660587311,
0.0279169082642,
0.0281360149384,
0.0285420417786,
0.0279710292816,
0.0281839370728,
0.0270349979401,
0.0273411273956,
0.0305080413818,
0.030797958374,
0.0269567966461,
0.0271489620209,
0.0222129821777,
0.0224440097809,
0.0268380641937,
0.0270171165466,
0.0271899700165,
0.0273659229279,
0.028312921524,
0.0284879207611,
0.0278952121735,
0.0281250476837,
0.0324130058289,
0.0326020717621,
0.0340969562531,
0.0342819690704,
0.0354769229889,
0.0356698036194,
0.0375831127167,
0.0378332138062,
0.0287418365479,
0.0289390087128,
0.027125120163,
0.0273780822754,
0.0259411334991,
0.0261280536652,
0.025386095047,
0.0255870819092,
0.0422878265381,
0.0428049564362,
0.0399191379547,
0.0405559539795,
0.0411779880524,
0.0419092178345,
0.0314409732819,
0.0316410064697,
0.0268290042877,
0.0270590782166,
0.03560090065,
0.0359890460968,
0.0320959091187,
0.0323429107666,
0.0253598690033,
0.0256638526917,
0.0449118614197,
0.045224905014,
0.0552699565887,
0.0555410385132,
0.0519590377808,
0.0521340370178,
0.0364210605621,
0.037143945694,
0.0346992015839,
0.0354740619659,
0.0361230373383,
0.0370149612427,
0.0350198745728,
0.0351939201355,
0.0279660224915,
0.0281460285187,
0.0319619178772,
0.0322148799896,
0.032233953476,
0.0334489345551,
0.0319848060608,
0.0327098369598,
0.0270409584045,
0.0277810096741,
0.0474269390106,
0.0483438968658,
0.0284929275513,
0.0298750400543,
0.0227398872375,
0.0229759216309,
0.027636051178,
0.0282249450684,
0.0349600315094,
0.0351760387421,
0.105168104172,
0.105342149734,
0.0211861133575,
0.0214281082153,
0.0283391475677,
0.0285241603851,
0.0286238193512,
0.0294919013977,
0.0363810062408,
0.0375828742981,
0.0403711795807,
0.041216135025,
0.0330200195312,
0.0337409973145,
0.0491509437561,
0.0504050254822,
0.0485270023346,
0.0492031574249,
0.0776031017303,
0.0783200263977,
0.0367839336395,
0.0378589630127,
0.0413479804993,
0.0421221256256,
0.0357398986816,
0.0366940498352,
0.0362191200256,
0.0372290611267,
0.033597946167,
0.0346939563751,
0.0358579158783,
0.0365970134735,
0.0282771587372,
0.0287091732025,
0.0390610694885,
0.0398411750793,
0.0311369895935,
0.0319769382477,
0.032219171524,
0.0326540470123,
0.0322210788727,
0.0325300693512,
0.02783203125,
0.0381178855896,
0.0391080379486,
0.039379119873,
0.0249071121216,
0.025239944458,
0.0268058776855,
0.027107000351,
0.0286979675293,
0.0288589000702,
0.0282869338989,
0.0285820960999,
0.0304172039032,
0.0307431221008,
0.0420451164246,
0.0458791255951,
0.0571298599243,
0.0598130226135,
0.0759029388428,
0.0764379501343,
0.0640110969543,
0.0645391941071,
0.031121969223,
0.0317480564117,
0.038388967514,
0.038966178894,
0.0595049858093,
0.0602860450745,
0.0600590705872,
0.0609791278839,
0.0320398807526,
0.0324509143829,
0.0329670906067,
0.0332679748535,
0.0559709072113,
0.0564320087433,
0.0398700237274,
0.0400490760803,
0.0322341918945,
0.032418012619,
0.0352869033813,
0.0364189147949,
0.0406789779663,
0.0411818027496,
0.0308589935303,
0.0316989421844,
0.038843870163,
0.0390269756317,
0.032791852951,
0.0332958698273,
0.0334529876709,
0.0341260433197,
0.0314860343933,
0.0317139625549,
0.0275919437408,
0.0277919769287,
0.0257089138031,
0.0258710384369,
0.0233490467072,
0.0236051082611,
0.0396058559418,
0.040412902832,
0.0292921066284,
0.0301330089569,
0.0280139446259,
0.0281851291656,
0.0230560302734,
0.0232911109924,
0.0253100395203,
0.0258188247681,
0.0374810695648,
0.0384330749512,
0.0318629741669,
0.0320780277252,
0.0397870540619,
0.0399811267853,
0.0331721305847,
0.0334270000458,
0.0361220836639,
0.0363020896912,
0.0390429496765,
0.0393178462982,
0.0313589572906,
0.0316088199615,
0.0364720821381,
0.037397146225,
0.0251848697662,
0.0253820419312,
0.0258519649506,
0.0261778831482,
0.0246028900146,
0.0248999595642,
0.0275318622589,
0.0277099609375,
0.0354299545288,
0.0356070995331,
0.0274889469147,
0.0278799533844,
0.0234680175781,
0.0236260890961,
0.0350677967072,
0.03528881073,
0.0327680110931,
0.0332341194153,
0.0305140018463,
0.0307719707489,
0.0415852069855,
0.0418341159821,
0.0323188304901,
0.032851934433,
0.0275168418884,
0.0277140140533,
0.0308101177216,
0.0310480594635,
0.0323691368103,
0.0325469970703,
0.0296809673309,
0.029876947403,
0.0318810939789,
0.0320858955383,
0.0343949794769,
0.0346138477325,
0.0356841087341,
0.035863161087,
0.0308430194855,
0.0310251712799,
0.0297091007233,
0.0298850536346,
0.0255138874054,
0.0257189273834,
0.0255210399628,
0.0257430076599,
0.0280630588531,
0.0282390117645,
0.025573015213,
0.0258078575134,
0.0264909267426,
0.0267219543457,
0.0263600349426,
0.0265309810638,
0.0459568500519,
0.0461430549622,
0.0307049751282,
0.0308940410614,
0.0306828022003,
0.0308837890625,
0.0266380310059,
0.0269038677216,
0.0225260257721,
0.0227429866791,
0.0254139900208,
0.0256149768829,
0.0330760478973,
0.0343189239502,
0.0288970470428,
0.029629945755,
0.0249500274658,
0.0250990390778,
0.0392389297485,
0.0395369529724,
0.0288989543915,
0.0296108722687,
0.0257580280304,
0.0260820388794,
0.0256061553955,
0.0259411334991,
0.0335218906403,
0.0338308811188,
0.0253190994263,
0.0256500244141,
0.0291829109192,
0.0295169353485,
0.0326001644135,
0.0327551364899,
0.0273959636688,
0.0275781154633,
0.026615858078,
0.0268039703369,
0.0285170078278,
0.0287210941315,
0.0275239944458,
0.0277001857758,
0.0275201797485,
0.0278451442719,
0.033910036087,
0.0342330932617,
0.0249769687653,
0.0251879692078,
0.0284290313721,
0.0286109447479,
0.0277111530304,
0.0279150009155,
0.0260229110718,
0.0268740653992,
0.037682056427,
0.0383951663971,
0.0306890010834,
0.0314970016479,
0.033725976944,
0.0370190143585,
0.0494508743286,
0.0502469539642,
0.0353300571442,
0.0355100631714,
0.0329229831696,
0.0332081317902,
0.0284631252289,
0.028636932373,
0.0313930511475,
0.0318520069122,
0.0405330657959,
0.0412890911102,
0.0326540470123,
0.0328390598297,
0.0303919315338,
0.0305759906769,
0.0363509654999,
0.036660194397,
0.0360491275787,
0.0362370014191,
0.0312781333923,
0.0315561294556,
0.0350730419159,
0.0352499485016,
0.0300281047821,
0.0301871299744,
0.0402801036835,
0.040461063385,
0.0543930530548,
0.0550010204315,
0.0318329334259,
0.0330760478973,
0.0405259132385,
0.0406939983368,
0.0254020690918,
0.025582075119,
0.037602186203,
0.0378232002258,
0.0282719135284,
0.0284459590912,
0.0298869609833,
0.030100107193,
0.0233721733093,
0.0235600471497,
0.0246949195862,
0.0248520374298,
0.0408220291138,
0.0412731170654,
0.036612033844,
0.0370109081268,
0.0257499217987,
0.0263271331787,
0.0337419509888,
0.0339109897614,
0.0304069519043,
0.0305950641632,
0.0263447761536,
0.0265247821808,
0.0264229774475,
0.0266029834747,
0.0482449531555,
0.0484240055084,
0.0223250389099,
0.022500038147,
0.0345430374146,
0.0347139835358,
0.0324149131775,
0.0330939292908,
0.0393648147583,
0.0395398139954,
0.0556478500366,
0.0560719966888,
0.029491186142,
0.0299730300903,
0.0284969806671,
0.029198884964,
0.0270600318909,
0.0273621082306,
0.0415489673615,
0.0417239665985,
0.045982837677,
0.0461668968201,
0.0544991493225,
0.0554659366608,
0.0736401081085,
0.0758521556854,
0.0300149917603,
0.0308840274811,
0.0947930812836,
0.0961530208588,
0.0255529880524,
0.0264430046082,
0.0499200820923,
0.050614118576,
0.0290100574493,
0.0296900272369,
0.0244359970093,
0.0250878334045,
0.026654958725,
0.0273928642273,
0.0302901268005,
0.0308840274811,
0.0252799987793,
0.0262458324432,
0.033360004425,
0.0338499546051,
0.0262079238892,
0.0272200107574,
0.0276920795441,
0.0281970500946,
0.0265529155731,
0.0275728702545,
0.0303299427032,
0.0309729576111,
0.0394260883331,
0.040402173996,
0.0419669151306,
0.0421321392059,
0.0270020961761,
0.0271880626678,
0.0258231163025,
0.0260021686554,
0.027055978775,
0.027813911438,
0.026848077774,
0.028028011322,
0.0243258476257,
0.0245969295502,
0.0236878395081,
0.0243098735809,
0.0250000953674,
0.0256071090698,
0.0238139629364,
0.024482011795,
0.0285379886627,
0.0293109416962,
0.0259339809418,
0.0261991024017,
0.029736995697,
0.0299069881439,
0.0255570411682,
0.0257651805878,
0.0276119709015,
0.0277979373932,
0.0265741348267,
0.0267641544342,
0.0307698249817,
0.0310399532318,
0.0298788547516,
0.0301110744476,
0.0257380008698,
0.0259149074554,
0.0293698310852,
0.0302259922028,
0.0273480415344,
0.028214931488,
0.029326915741,
0.0301079750061,
0.0311172008514,
0.0312881469727,
0.0264408588409,
0.0266149044037,
0.0263810157776,
0.0265619754791,
0.0227990150452,
0.0230860710144,
0.0338959693909,
0.0340809822083,
0.0266230106354,
0.0274209976196,
0.0290679931641,
0.0297629833221,
0.0281109809875,
0.0291109085083,
0.0241239070892,
0.0249798297882,
0.0301859378815,
0.0308659076691,
0.0291559696198,
0.0298268795013,
0.0266270637512,
0.0272459983826,
0.0559449195862,
0.0565860271454,
0.0262489318848,
0.0264430046082,
0.0565309524536,
0.0570669174194,
0.0314860343933,
0.0320911407471,
0.0766429901123,
0.0773739814758,
0.0719051361084,
0.0725531578064,
0.0274839401245,
0.0282380580902,
0.0604419708252,
0.0615248680115,
0.0620357990265,
0.0629959106445,
0.0370230674744,
0.0374870300293,
0.0483050346375,
0.0489070415497,
0.0398688316345,
0.040519952774,
0.0323269367218,
0.0330948829651,
0.0373129844666,
0.037868976593,
0.0395820140839,
0.040107011795,
0.0616888999939,
0.0624439716339,
0.0287458896637,
0.0289409160614,
0.0315039157867,
0.0323350429535,
0.0297069549561,
0.0299248695374,
0.0297980308533,
0.0299949645996,
0.0467989444733,
0.0483119487762,
0.0280900001526,
0.0292139053345,
0.0298659801483,
0.0310280323029,
0.0246930122375,
0.0255410671234,
0.0258181095123,
0.0266480445862,
0.0343668460846,
0.036052942276,
0.0299298763275,
0.0307059288025,
0.0300328731537,
0.030485868454,
0.0546970367432,
0.0553920269012,
0.0551061630249,
0.0556881427765,
0.0261301994324,
0.0263550281525,
0.0255529880524,
0.02587890625,
0.0695331096649,
0.0696830749512,
0.0242049694061,
0.0320789813995,
0.0326108932495,
0.0327849388123,
0.0352120399475,
0.0354800224304,
0.0195851325989,
0.0315411090851,
0.036700963974,
0.0370779037476,
0.0429158210754,
0.0434188842773,
0.0270400047302,
0.0274891853333,
0.0344829559326,
0.0352149009705,
0.0178651809692,
0.027517080307,
0.0245079994202,
0.0251181125641,
0.028687953949,
0.029373884201,
0.0320010185242,
0.0327560901642,
0.0586519241333,
0.0592458248138,
0.0341148376465,
0.0347068309784,
0.0624339580536,
0.0630331039429,
0.0336990356445,
0.0338771343231,
0.0364639759064,
0.0412440299988,
0.0298979282379,
0.030091047287,
0.0298569202423,
0.0300440788269,
0.02867603302,
0.0288650989532,
0.0303211212158,
0.0305762290955,
0.0292749404907,
0.0294609069824,
0.025722026825,
0.0263090133667,
0.0290551185608,
0.0297660827637,
0.0355169773102,
0.0362529754639,
0.0377850532532,
0.0385460853577,
0.0774688720703,
0.0785529613495,
0.0262479782104,
0.026526927948,
0.0263941287994,
0.0265810489655,
0.0255558490753,
0.0257668495178,
0.0358378887177,
0.03639793396,
0.0360069274902,
0.0433559417725,
0.0309801101685,
0.0318710803986,
0.0468590259552,
0.047159910202,
0.0223920345306,
0.0258738994598,
0.0300080776215,
0.0302910804749,
0.0266509056091,
0.0269629955292,
0.0318450927734,
0.032172203064,
0.0237441062927,
0.0242600440979,
0.0405921936035,
0.0411632061005,
0.0253582000732,
0.0259780883789,
0.0407729148865,
0.0413138866425,
0.0275359153748,
0.028548002243,
0.0304398536682,
0.0311589241028,
0.0265400409698,
0.0273928642273,
0.0257720947266,
0.0265111923218,
0.0402181148529,
0.040384054184,
0.0243489742279,
0.0250668525696,
0.0231099128723,
0.0236458778381,
0.0270750522614,
0.0276699066162,
0.035670042038,
0.0358719825745,
0.0290489196777,
0.0298938751221,
0.0298881530762,
0.0312740802765,
0.025671005249,
0.0261487960815,
0.0380129814148,
0.038890838623,
0.0325329303741,
0.0336220264435,
0.0311841964722,
0.0313341617584,
0.027156829834,
0.0273439884186,
0.025447845459,
0.0256550312042,
0.0332851409912,
0.0345389842987,
0.0423610210419,
0.0430212020874,
0.0350680351257,
0.0357999801636,
0.0399141311646,
0.0406610965729,
0.0310571193695,
0.0318629741669,
0.029552936554,
0.0301630496979,
0.0249531269073,
0.0255589485168,
0.0279800891876,
0.0288619995117,
0.0365970134735,
0.0368950366974,
0.0283999443054,
0.0285911560059,
0.0263669490814,
0.0265488624573,
0.0262188911438,
0.0263888835907,
0.0319430828094,
0.0321159362793,
0.026282787323,
0.0264749526978,
0.0419371128082,
0.0438051223755,
0.0292949676514,
0.0298991203308,
0.0270450115204,
0.0276670455933,
0.0261619091034,
0.0267810821533,
0.035395860672,
0.0375819206238,
0.0269949436188,
0.0288519859314,
0.032243013382,
0.0324549674988,
0.0436599254608,
0.043830871582,
0.031094789505,
0.0313279628754,
0.0267009735107,
0.0269429683685,
0.0300869941711,
0.0303220748901,
0.0276820659637,
0.0281209945679,
0.0288641452789,
0.0290851593018,
0.0290939807892,
0.0297899246216,
0.0258691310883,
0.0260751247406,
0.025976896286,
0.0262060165405,
0.0365650653839,
0.0367588996887,
0.025074005127,
0.0252630710602,
0.0278429985046,
0.0280721187592,
0.0263729095459,
0.0265789031982,
0.0285360813141,
0.0287189483643,
0.0231940746307,
0.0233731269836,
0.0272610187531,
0.0278871059418,
0.0293231010437,
0.030042886734,
0.0272271633148,
0.0276801586151,
0.028333902359,
0.0292420387268,
0.0357098579407,
0.0359578132629,
0.0263268947601,
0.026505947113,
0.0291118621826,
0.0296308994293,
0.025582075119,
0.026328086853,
0.02619099617,
0.0263679027557,
0.0285050868988,
0.0286710262299,
0.0282790660858,
0.0284721851349,
0.0259249210358,
0.0260970592499,
0.0317590236664,
0.0324139595032,
0.0295519828796,
0.0301561355591,
0.0290038585663,
0.0294690132141,
0.0328741073608,
0.0336930751801,
0.0299761295319,
0.0306980609894,
0.0277988910675,
0.0285239219666,
0.0260298252106,
0.0264308452606,
0.0456669330597,
0.0459928512573,
0.0419850349426,
0.0421850681305,
0.0457439422607,
0.0459129810333,
0.0681009292603,
0.0682790279388,
0.0350930690765,
0.0352840423584,
0.0367648601532,
0.0369448661804,
0.0568201541901,
0.0580320358276,
0.130435943604,
0.130712985992,
0.0284941196442,
0.0286829471588,
0.0332081317902,
0.0333759784698,
0.0379099845886,
0.0380890369415,
0.0324440002441,
0.0326359272003,
0.0358860492706,
0.0360760688782,
0.0378930568695,
0.0380671024323,
0.0313909053802,
0.0315990447998,
0.0360321998596,
0.0367321968079,
0.0277228355408,
0.0279819965363,
0.0286939144135,
0.0288918018341,
0.0308179855347,
0.0310108661652,
0.0356528759003,
0.0359609127045,
0.0253429412842,
0.026419878006,
0.0290658473969,
0.030012845993,
0.0306680202484,
0.0309071540833,
0.0286440849304,
0.0293309688568,
0.0335559844971,
0.0338180065155,
0.0288991928101,
0.0295670032501,
0.0285270214081,
0.0292718410492,
0.0262260437012,
0.0269510746002,
0.0279531478882,
0.0291240215302,
0.0402390956879,
0.0404050350189,
0.0284922122955,
0.0286741256714,
0.0250141620636,
0.0254690647125,
0.0331900119781,
0.0338578224182,
0.0279748439789,
0.028135061264,
0.0176539421082,
0.035717010498,
0.0702421665192,
0.0705211162567,
0.0480260848999,
0.0482740402222,
0.0598959922791,
0.0603168010712,
0.0470659732819,
0.0473301410675,
0.0669949054718,
0.0676279067993,
0.0360350608826,
0.0367529392242,
0.0227160453796,
0.0229208469391,
0.0238540172577,
0.0241708755493,
0.0292019844055,
0.0294370651245,
0.0220232009888,
0.0222470760345,
0.0281519889832,
0.0283379554749,
0.0277519226074,
0.027960062027,
0.0261480808258,
0.0263659954071,
0.0266718864441,
0.0276238918304,
0.0251269340515,
0.0266609191895,
0.0352709293365,
0.0354490280151,
0.0268688201904,
0.0270638465881,
0.0284130573273,
0.0285980701447,
0.0273849964142,
0.0275719165802,
0.0326189994812,
0.0328099727631,
0.029422044754,
0.0300140380859,
0.0370609760284,
0.0404949188232,
0.0345840454102,
0.0352349281311,
0.0428500175476,
0.043505191803,
0.0297260284424,
0.0299389362335,
0.0284340381622,
0.0286099910736,
0.0232748985291,
0.0237109661102,
0.0393490791321,
0.0395259857178,
0.0348119735718,
0.0349950790405,
0.0305440425873,
0.0311651229858,
0.0304489135742,
0.0309369564056,
0.0285148620605,
0.0287399291992,
0.0323629379272,
0.032753944397,
0.0275790691376,
0.027792930603,
0.0351860523224,
0.0354170799255,
0.0281021595001,
0.0282831192017,
0.0358669757843,
0.0362808704376,
0.0291731357574,
0.029354095459,
0.0331039428711,
0.0334379673004,
0.0354499816895,
0.0358710289001,
0.028352022171,
0.0291321277618,
0.0270988941193,
0.027813911438,
0.0261869430542,
0.0263810157776,
0.027909040451,
0.0283091068268,
0.029237985611,
0.0294120311737,
0.026435136795,
0.0268189907074,
0.0278069972992,
0.0279839038849,
0.0256509780884,
0.0258929729462,
0.0283629894257,
0.0286622047424,
0.0819499492645,
0.0824639797211,
0.0710511207581,
0.0724890232086,
0.0212728977203,
0.0214438438416,
0.0295429229736,
0.03289103508,
0.0148921012878,
0.0314540863037,
0.0307521820068,
0.0309979915619,
0.028795003891,
0.0290019512177,
0.0319440364838,
0.0321161746979,
0.0232939720154,
0.0234727859497,
0.0268619060516,
0.0271408557892,
0.0292458534241,
0.02965092659,
0.0273110866547,
0.0277030467987,
0.0404620170593,
0.0407238006592,
0.0303108692169,
0.030818939209,
0.0266199111938,
0.027251958847,
0.0343458652496,
0.034558057785,
0.0367641448975,
0.0376319885254,
0.0293200016022,
0.0299270153046,
0.0270390510559,
0.027223110199,
0.0255091190338,
0.025787115097,
0.0253338813782,
0.0260419845581,
0.0612609386444,
0.0619609355927,
0.0752029418945,
0.0758728981018,
0.0780131816864,
0.0791220664978,
0.0301530361176,
0.0303189754486,
0.0225050449371,
0.0230882167816,
0.0287499427795,
0.029335975647,
0.0321609973907,
0.0328450202942,
0.0247850418091,
0.0253131389618,
0.0287389755249,
0.0291998386383,
0.0259449481964,
0.0265820026398,
0.0280821323395,
0.0291891098022,
0.0267250537872,
0.0274200439453,
0.0303061008453,
0.0308480262756,
0.0323112010956,
0.0329489707947,
0.0285379886627,
0.0291719436646,
0.0292201042175,
0.0305559635162,
0.0304348468781,
0.0307049751282,
0.0443768501282,
0.0446410179138,
0.0317409038544,
0.0319440364838,
0.0336239337921,
0.0338139533997,
0.0334661006927,
0.0336511135101,
0.0326249599457,
0.0333559513092,
0.0362389087677,
0.0365068912506,
0.0283269882202,
0.0288209915161,
0.0266878604889,
0.0270299911499,
0.02201795578,
0.0226011276245,
0.0256428718567,
0.0264389514923,
0.0281231403351,
0.0291421413422,
0.035530090332,
0.0357949733734,
0.0305957794189,
0.0312337875366,
0.0299570560455,
0.0301270484924,
0.0251350402832,
0.0253100395203,
0.0351071357727,
0.03533411026,
0.0310509204865,
0.0316648483276,
0.0303630828857,
0.0310921669006,
0.026086807251,
0.0269038677216,
0.0458769798279,
0.0465760231018,
0.0377390384674,
0.0384621620178,
0.0274128913879,
0.0281310081482,
0.0335600376129,
0.0342531204224,
0.0310349464417,
0.0318970680237,
0.0273888111115,
0.0281829833984,
0.0394978523254,
0.0404949188232,
0.026337146759,
0.0273730754852,
0.0292489528656,
0.0301508903503,
0.0304479598999,
0.0311839580536,
0.0301959514618,
0.0308339595795,
0.0379629135132,
0.0386209487915,
0.0315170288086,
0.0319969654083,
0.0332520008087,
0.0335381031036,
0.0364429950714,
0.0373270511627,
0.0319550037384,
0.0325989723206,
0.0317399501801,
0.0326459407806,
0.0319018363953,
0.0398468971252,
0.0259480476379,
0.0265419483185,
0.0332751274109,
0.0336670875549,
0.0322699546814,
0.0324349403381,
0.025407075882,
0.0256049633026,
0.0252768993378,
0.0254609584808,
0.0215539932251,
0.0220139026642,
0.0275897979736,
0.0277719497681,
0.023313999176,
0.0235359668732,
0.0313510894775,
0.0315310955048,
0.0326428413391,
0.0328450202942,
0.0286149978638,
0.0293228626251,
0.0338759422302,
0.0360429286957,
0.032753944397,
0.0349690914154,
0.0219700336456,
0.022402048111,
0.0283298492432,
0.0285379886627,
0.0319211483002,
0.0321071147919,
0.029364824295,
0.0295588970184,
0.0291540622711,
0.0318598747253,
0.0422790050507,
0.0425310134888,
0.0212650299072,
0.0214519500732,
0.0306351184845,
0.0308291912079,
0.0293719768524,
0.029552936554,
0.0318610668182,
0.0325140953064,
0.0263509750366,
0.0270609855652,
0.0278589725494,
0.0286021232605,
0.0276379585266,
0.029000043869,
0.025563955307,
0.0263519287109,
0.027685880661,
0.0284149646759,
0.0274949073792,
0.028559923172,
0.0300109386444,
0.0306580066681,
0.0260992050171,
0.0268921852112,
0.0266029834747,
0.027370929718,
0.0302917957306,
0.0308649539948,
0.0294461250305,
0.0300900936127,
0.0257141590118,
0.0259211063385,
0.0274469852448,
0.0277240276337,
0.0271100997925,
0.0272998809814,
0.0260169506073,
0.0261960029602,
0.0281119346619,
0.0283260345459,
0.0276589393616,
0.0278630256653,
0.0267579555511,
0.0272121429443,
0.0668740272522,
0.067332983017,
0.0555160045624,
0.0563108921051,
0.0249938964844,
0.0254979133606,
0.0276758670807,
0.0280530452728,
0.0261480808258,
0.0269429683685,
0.0268697738647,
0.0274319648743,
0.0270199775696,
0.0278060436249,
0.0278279781342,
0.0280740261078,
0.030308008194,
0.0311169624329,
0.0313880443573,
0.0316610336304,
0.0345768928528,
0.034836769104,
0.0657398700714,
0.0664489269257,
0.0277190208435,
0.0279259681702,
0.028589963913,
0.0289299488068,
0.0303769111633,
0.0315289497375,
0.0223898887634,
0.0231559276581,
0.032646894455,
0.0331349372864,
0.0295491218567,
0.0301570892334,
0.049567937851,
0.0502479076385,
0.0270280838013,
0.0272390842438,
0.0458710193634,
0.0461850166321,
0.0621681213379,
0.0626740455627,
0.111613988876,
0.112504005432,
0.0336520671844,
0.0343658924103,
0.0631251335144,
0.0710771083832,
0.0503919124603,
0.0505709648132,
0.0249919891357,
0.0252361297607,
0.0441229343414,
0.0443148612976,
0.06036901474,
0.0607800483704,
0.0245649814606,
0.0254290103912,
0.0354559421539,
0.0362157821655,
0.0317449569702,
0.032408952713,
0.0357110500336,
0.0365538597107,
0.0297038555145,
0.0306448936462,
0.066684961319,
0.0673379898071,
0.0316269397736,
0.0322589874268,
0.0250971317291,
0.0253310203552,
0.0269691944122,
0.027153968811,
0.0253219604492,
0.0255198478699,
0.0372350215912,
0.0378098487854,
0.0283188819885,
0.0292129516602,
0.061546087265,
0.0621409416199,
0.0314819812775,
0.0321218967438,
0.0400910377502,
0.0407471656799,
0.0336351394653,
0.0343120098114,
0.0302119255066,
0.0304460525513,
0.0254580974579,
0.0257470607758,
0.0256679058075,
0.0258870124817,
0.0370149612427,
0.0372090339661,
0.031840801239,
0.0320279598236,
0.0355660915375,
0.0364720821381,
0.0498571395874,
0.0508999824524,
0.0344030857086,
0.0361452102661,
0.0288450717926,
0.0295679569244,
0.0497009754181,
0.0501551628113,
0.0330851078033,
0.0337219238281,
0.0329649448395,
0.0345320701599,
0.0347881317139,
0.0357689857483,
0.0438458919525,
0.0444390773773,
0.0556139945984,
0.0629999637604,
0.0560519695282,
0.0562589168549,
0.0287349224091,
0.0296628475189,
0.0410721302032,
0.0417339801788,
0.0327939987183,
0.0334169864655,
0.0323281288147,
0.0325310230255,
0.0276160240173,
0.0278108119965,
0.0468459129333,
0.0473008155823,
0.0299291610718,
0.0301311016083,
0.0347771644592,
0.0349280834198,
0.0392408370972,
0.0420639514923,
0.0352609157562,
0.0364580154419,
0.0344159603119,
0.040344953537,
0.0292830467224,
0.0299401283264,
0.0239689350128,
0.0248501300812,
0.0334148406982,
0.0338377952576,
0.032212972641,
0.0328278541565,
0.0273010730743,
0.0275120735168,
0.0319271087646,
0.0325770378113,
0.0294599533081,
0.0298888683319,
0.0298910140991,
0.0300681591034,
0.0331268310547,
0.0333569049835,
0.0325920581818,
0.0334401130676,
0.0276789665222,
0.0282790660858,
0.0263481140137,
0.026643037796,
0.0285680294037,
0.0290229320526,
0.0320339202881,
0.0329170227051,
0.0309500694275,
0.0316400527954,
0.0392379760742,
0.0445318222046,
0.0430788993835,
0.0436458587646,
0.0321781635284,
0.0331501960754,
0.0386500358582,
0.0390901565552,
0.0339851379395,
0.0345339775085,
0.0271530151367,
0.0277740955353,
0.0344340801239,
0.0348529815674,
0.0328168869019,
0.0335578918457,
0.025367975235,
0.0260601043701,
0.0346050262451,
0.034795999527,
0.0287759304047,
0.0292820930481,
0.0245740413666,
0.0254900455475,
0.0325150489807,
0.0327210426331,
0.0283200740814,
0.0285391807556,
0.0277359485626,
0.027941942215,
0.0265328884125,
0.0267369747162,
0.0256559848785,
0.0258491039276,
0.0254571437836,
0.0257110595703,
0.0289149284363,
0.0291039943695,
0.0252258777618,
0.0254499912262,
0.028223991394,
0.0284509658813,
0.0274448394775,
0.0276248455048,
0.0313808917999,
0.0318958759308,
0.0285971164703,
0.0291700363159,
0.0289452075958,
0.0296041965485,
0.0342900753021,
0.0349690914154,
0.0268080234528,
0.0274739265442,
0.0265278816223,
0.0272309780121,
0.0246300697327,
0.0256409645081,
0.0294899940491,
0.030574798584,
0.0257329940796,
0.0263481140137,
0.0182189941406,
0.0400431156158,
0.0265758037567,
0.0267488956451,
0.0815360546112,
0.0818200111389,
0.095263004303,
0.0955801010132,
0.1642100811,
0.165120124817,
0.147285938263,
0.147744894028,
0.036593914032,
0.0377490520477,
0.0292818546295,
0.0300140380859,
0.0280349254608,
0.0286779403687,
0.031289100647,
0.0319511890411,
0.0292840003967,
0.0300209522247,
0.0803251266479,
0.0806379318237,
0.0349380970001,
0.0355370044708,
0.0707778930664,
0.0709609985352,
0.0388340950012,
0.0390150547028,
0.0438389778137,
0.0440328121185,
0.0873820781708,
0.0875930786133,
0.0383400917053,
0.0385060310364,
0.0277440547943,
0.0279221534729,
0.0422391891479,
0.0424270629883,
0.035472869873,
0.035817861557,
0.0312609672546,
0.0315089225769,
0.0303130149841,
0.0306189060211,
0.0391390323639,
0.0394239425659,
0.0297029018402,
0.029993057251,
0.0338549613953,
0.0340361595154,
0.0327200889587,
0.0328969955444,
0.0282070636749,
0.0287580490112,
0.0297830104828,
0.0303089618683,
0.0288059711456,
0.0292990207672,
0.0272710323334,
0.0278301239014,
0.0261790752411,
0.0267720222473,
0.0325651168823,
0.0329909324646,
0.0273351669312,
0.0276370048523,
0.0269100666046,
0.0270991325378,
0.027400970459,
0.0276160240173,
0.0257761478424,
0.0263199806213,
0.0262467861176,
0.0266759395599,
0.0280559062958,
0.0286960601807,
0.0279901027679,
0.0284719467163,
0.0440311431885,
0.0442130565643,
0.0308599472046,
0.0310988426208,
0.0275130271912,
0.0277318954468,
0.0266950130463,
0.0269749164581,
0.029559135437,
0.0298130512238,
0.0324249267578,
0.0326039791107,
0.0315799713135,
0.0326359272003,
0.0325930118561,
0.0333588123322,
0.0262360572815,
0.0264890193939,
0.0265309810638,
0.0267939567566,
0.0264620780945,
0.0266602039337,
0.0267360210419,
0.0272281169891,
0.0276961326599,
0.0281820297241,
0.0279319286346,
0.0281219482422,
0.0260860919952,
0.0263431072235,
0.0297529697418,
0.029965877533,
0.0294530391693,
0.0301508903503,
0.0287959575653,
0.0290780067444,
0.0278940200806,
0.0281848907471,
0.0271890163422,
0.0274810791016,
0.0385649204254,
0.0387530326843,
0.0261030197144,
0.0268371105194,
0.0306529998779,
0.031191110611,
0.0290868282318,
0.0293478965759,
0.0274488925934,
0.0276398658752,
0.0289621353149,
0.0298490524292,
0.0285859107971,
0.0292689800262,
0.0278959274292,
0.0302600860596,
0.0404078960419,
0.0406849384308,
0.0263059139252,
0.026538848877,
0.032910823822,
0.0330889225006,
0.028146982193,
0.0283718109131,
0.0272970199585,
0.0275280475616,
0.0259909629822,
0.0262169837952,
0.0258228778839,
0.0260210037231,
0.0255408287048,
0.0257320404053,
0.0255482196808,
0.0257251262665,
0.0333909988403,
0.0335741043091,
0.0326519012451,
0.0331449508667,
0.0281510353088,
0.0286240577698,
0.0280201435089,
0.028724193573,
0.0388751029968,
0.0390689373016,
0.0268630981445,
0.0275440216064,
0.027086019516,
0.0274841785431,
0.0265390872955,
0.0267839431763,
0.0266110897064,
0.0269238948822,
0.0261068344116,
0.0264408588409,
0.0288450717926,
0.0290360450745,
0.0280351638794,
0.0282330513,
0.0290610790253,
0.0292460918427,
0.028048992157,
0.0282909870148,
0.0279920101166,
0.0283069610596,
0.0256419181824,
0.0258169174194,
0.0255529880524,
0.0258560180664,
0.0254800319672,
0.0257987976074,
0.0253357887268,
0.025593996048,
0.0291368961334,
0.0297458171844,
0.0263011455536,
0.0267941951752,
0.0250029563904,
0.0252108573914,
0.0341539382935,
0.0348298549652,
0.035514831543,
0.0362279415131,
0.0269179344177,
0.0270960330963,
0.040431022644,
0.0406119823456,
0.0244228839874,
0.0245850086212,
0.0251259803772,
0.0253369808197,
0.0259249210358,
0.0262129306793,
0.0281319618225,
0.0283358097076,
0.0282928943634,
0.0292918682098,
0.0263428688049,
0.0269989967346,
0.0223138332367,
0.0232679843903,
0.0260488986969,
0.0271308422089,
0.0263910293579,
0.0269739627838,
0.0330481529236,
0.0333111286163,
0.0375740528107,
0.0384230613708,
0.0471570491791,
0.047868013382,
0.0335381031036,
0.0340609550476,
0.0290250778198,
0.0296361446381,
0.036257982254,
0.0372068881989,
0.0404109954834,
0.0410969257355,
0.0514261722565,
0.0518670082092,
0.025545835495,
0.0261759757996,
0.0307421684265,
0.0309720039368,
0.0312049388885,
0.0328068733215,
0.0460369586945,
0.0468239784241,
0.0579319000244,
0.0581209659576,
0.0278511047363,
0.028058052063,
0.0263361930847,
0.026535987854,
0.0316109657288,
0.0323579311371,
0.0280780792236,
0.0282671451569,
0.0254018306732,
0.0255839824677,
0.0312538146973,
0.0314338207245,
0.0250170230865,
0.0252001285553,
0.0311818122864,
0.0313589572906,
0.0265719890594,
0.0267601013184,
0.0276219844818,
0.0278730392456,
0.0268270969391,
0.0270080566406,
0.0286178588867,
0.0288898944855,
0.0253829956055,
0.0257349014282,
0.0294420719147,
0.0330748558044,
0.0307431221008,
0.0355629920959,
0.0304081439972,
0.0306720733643,
0.0281929969788,
0.0284779071808,
0.0278041362762,
0.0281012058258,
0.0256178379059,
0.0259709358215,
0.0320448875427,
0.0322568416595,
0.0251920223236,
0.0253908634186,
0.0315179824829,
0.0316948890686,
0.0267090797424,
0.026890039444,
0.031277179718,
0.0314571857452,
0.0285310745239,
0.028706073761,
0.0316381454468,
0.0319821834564,
0.160495996475,
0.16073513031,
0.0372798442841,
0.037477016449,
0.0270569324493,
0.0347030162811,
0.0718739032745,
0.0721559524536,
0.0474460124969,
0.0481669902802,
0.0275359153748,
0.0289578437805,
0.0274691581726,
0.0281829833984,
0.0274138450623,
0.0279910564423,
0.025475025177,
0.0256540775299,
0.0287449359894,
0.0289149284363,
0.0282859802246,
0.0284569263458,
0.0258448123932,
0.0267848968506,
0.0733749866486,
0.0739510059357,
0.0796298980713,
0.0802819728851,
0.0430810451508,
0.0435650348663,
0.0325810909271,
0.0327670574188,
0.0255329608917,
0.0258030891418,
0.02543592453,
0.0257549285889,
0.0285768508911,
0.0287640094757,
0.0304970741272,
0.0307190418243,
0.0218710899353,
0.0226740837097,
0.0266840457916,
0.0273408889771,
0.0271091461182,
0.0272841453552,
0.0320708751678,
0.0322730541229,
0.0264549255371,
0.0271909236908,
0.0327668190002,
0.0333979129791,
0.0280740261078,
0.0282428264618,
0.02751994133,
0.027813911438,
0.0262289047241,
0.0265440940857,
0.0286309719086,
0.0292069911957,
0.0253050327301,
0.0254909992218,
0.0284509658813,
0.0286309719086,
0.0233521461487,
0.0235381126404,
0.0274159908295,
0.0276069641113,
0.021625995636,
0.022481918335,
0.0292911529541,
0.0299129486084,
0.0279111862183,
0.0281391143799,
0.0315120220184,
0.032114982605,
0.0312919616699,
0.0319039821625,
0.0555169582367,
0.0563380718231,
0.0297360420227,
0.0305609703064,
0.0351951122284,
0.0364201068878,
0.0432870388031,
0.0461869239807,
0.035304069519,
0.0359840393066,
0.0303869247437,
0.0311629772186,
0.0230219364166,
0.0236990451813,
0.0406379699707,
0.0413110256195,
0.0257937908173,
0.0260899066925,
0.0254290103912,
0.0256249904633,
0.0436868667603,
0.0460019111633,
0.0267360210419,
0.028284072876,
0.0325338840485,
0.0352799892426,
0.0402910709381,
0.0404810905457,
0.0671780109406,
0.0678780078888,
0.0271229743958,
0.0280039310455,
0.0352561473846,
0.0356969833374,
0.0264749526978,
0.0266830921173,
0.0262129306793,
0.0264060497284,
0.0282080173492,
0.0284922122955,
0.02805519104,
0.0282661914825,
0.0258741378784,
0.0266561508179,
0.0305280685425,
0.0307199954987,
0.063873052597,
0.0641770362854,
0.0327742099762,
0.033518075943,
0.0276989936829,
0.0286870002747,
0.0269272327423,
0.0277211666107,
0.0303812026978,
0.0310781002045,
0.025251865387,
0.0258989334106,
0.0226538181305,
0.0403189659119,
0.027339220047,
0.0275712013245,
0.0281009674072,
0.0283329486847,
0.0269320011139,
0.0271430015564,
0.0289788246155,
0.0296590328217,
0.0275611877441,
0.0282590389252,
0.027107000351,
0.0278420448303,
0.028354883194,
0.0285568237305,
0.0273051261902,
0.027871131897,
0.0296289920807,
0.0300500392914,
0.0329749584198,
0.0334899425507,
0.0388298034668,
0.0391139984131,
0.0280380249023,
0.0282781124115,
0.0275430679321,
0.0278239250183,
0.0262689590454,
0.0264761447906,
0.0358731746674,
0.036101102829,
0.0271239280701,
0.0272967815399,
0.0269658565521,
0.0271329879761,
0.0250160694122,
0.0251929759979,
0.0258131027222,
0.0266261100769,
0.0284869670868,
0.0344829559326,
0.0294799804688,
0.0299007892609,
0.0260181427002,
0.026848077774,
0.0296969413757,
0.0304818153381,
0.0270891189575,
0.0280561447144,
0.0271661281586,
0.0282080173492,
0.0306921005249,
0.031506061554,
0.0311961174011,
0.0322389602661,
0.0410420894623,
0.0413229465485,
0.0327379703522,
0.0367450714111,
0.0263199806213,
0.0271430015564,
0.036712884903,
0.0392608642578,
0.0251379013062,
0.0386929512024,
0.0408720970154,
0.0411200523376,
0.0243849754333,
0.0245740413666,
0.0250828266144,
0.025447845459,
0.0270102024078,
0.0271890163422,
0.0259938240051,
0.0262479782104,
0.0257380008698,
0.0261061191559,
0.0268681049347,
0.0270509719849,
0.0266571044922,
0.0268640518188,
0.0252709388733,
0.0254929065704,
0.0263588428497,
0.0265738964081,
0.0288500785828,
0.0291039943695,
0.0282719135284,
0.0284419059753,
0.0231471061707,
0.0233280658722,
0.0264458656311,
0.0266599655151,
0.0226910114288,
0.0229539871216,
0.0249350070953,
0.0251059532166,
0.0290710926056,
0.0292780399323,
0.0269610881805,
0.0271751880646,
0.0437738895416,
0.0448160171509,
0.0289750099182,
0.0295660495758,
0.0284051895142,
0.0286622047424,
0.0296900272369,
0.0299689769745,
0.024120092392,
0.0255630016327,
0.0919940471649,
0.0922749042511,
0.0416548252106,
0.0420370101929,
0.0925559997559,
0.093297958374,
0.0306701660156,
0.0311419963837,
0.0340440273285,
0.0345280170441,
0.032644033432,
0.0330879688263,
0.033056974411,
0.033548116684,
0.0335838794708,
0.0345060825348,
0.0369110107422,
0.0376901626587,
0.0307600498199,
0.031506061554,
0.0264549255371,
0.0266759395599,
0.0258271694183,
0.0260829925537,
0.0250368118286,
0.0251998901367,
0.0237159729004,
0.0239059925079,
0.0277080535889,
0.0278871059418,
0.0279448032379,
0.0285568237305,
0.0284841060638,
0.0294301509857,
0.02765583992,
0.0282649993896,
0.0282349586487,
0.0284039974213,
0.0290429592133,
0.0293021202087,
0.0283341407776,
0.02867603302,
0.0269620418549,
0.0276961326599,
0.0295310020447,
0.0301930904388,
0.0274198055267,
0.0280628204346,
0.0339069366455,
0.034500837326,
0.0362088680267,
0.0366988182068,
0.0897390842438,
0.0899109840393,
0.0272159576416,
0.0274138450623,
0.0216059684753,
0.0217788219452,
0.0276417732239,
0.0279288291931,
0.028247833252,
0.0284268856049,
0.0270910263062,
0.0273070335388,
0.022891998291,
0.0232410430908,
0.0200278759003,
0.0424008369446,
0.0382990837097,
0.0384790897369,
0.0285630226135,
0.0292010307312,
0.0321261882782,
0.0327219963074,
0.0278580188751,
0.0285019874573,
0.0291481018066,
0.0298900604248,
0.0311169624329,
0.0352509021759,
0.028440952301,
0.0287621021271,
0.0326979160309,
0.0328948497772,
0.0288860797882,
0.0293471813202,
0.0262777805328,
0.0269248485565,
0.0286359786987,
0.0295531749725,
0.0294349193573,
0.0301859378815,
0.0343220233917,
0.0381710529327,
0.057028055191,
0.0574560165405,
0.0342788696289,
0.0344460010529,
0.0257279872894,
0.0262768268585,
0.0327770709991,
0.0334529876709,
0.0470960140228,
0.0473580360413,
0.0250279903412,
0.0252230167389,
0.0286049842834,
0.0291469097137,
0.0265610218048,
0.026782989502,
0.0245730876923,
0.0247859954834,
0.0264339447021,
0.0267169475555,
0.0261721611023,
0.0263760089874,
0.0226061344147,
0.0227901935577,
0.0253970623016,
0.0257329940796,
0.0248799324036,
0.0250558853149,
0.0279378890991,
0.0281610488892,
0.0295059680939,
0.0297310352325,
0.0316560268402,
0.0318529605865,
0.025680065155,
0.0258731842041,
0.0274968147278,
0.0277028083801,
0.0276980400085,
0.0278830528259,
0.027951002121,
0.0281820297241,
0.0288360118866,
0.0296630859375,
0.0260190963745,
0.0264191627502,
0.0318899154663,
0.0321528911591,
0.0431418418884,
0.0439648628235,
0.0300540924072,
0.0307080745697,
0.0290360450745,
0.030021905899,
0.029816865921,
0.0308539867401,
0.0345549583435,
0.034805059433,
0.0275409221649,
0.0278689861298,
0.0270440578461,
0.027233839035,
0.0327801704407,
0.0330760478973,
0.0323419570923,
0.03262591362,
0.0317370891571,
0.0319919586182,
0.0297870635986,
0.0299801826477,
0.0307848453522,
0.0309898853302,
0.0365850925446,
0.0367770195007,
0.0294589996338,
0.0301790237427,
0.0258059501648,
0.0267140865326,
0.0288760662079,
0.029844045639,
0.0275888442993,
0.0282349586487,
0.0275988578796,
0.0279109477997,
0.0274930000305,
0.0277259349823,
0.0272459983826,
0.0281867980957,
0.0286889076233,
0.0289468765259,
0.0306260585785,
0.030797958374,
0.0285098552704,
0.0292949676514,
0.0292921066284,
0.0311169624329,
0.0287570953369,
0.0294711589813,
0.0262839794159,
0.0264990329742,
0.0312550067902,
0.0315499305725,
0.0256640911102,
0.0264630317688,
0.0250010490417,
0.0252430438995,
0.0257840156555,
0.0259811878204,
0.0255560874939,
0.0261220932007,
0.0307049751282,
0.0313351154327,
0.026859998703,
0.0277140140533,
0.0157389640808,
0.0259478092194,
0.0277209281921,
0.0284650325775,
0.0341799259186,
0.0343549251556,
0.0295989513397,
0.0297930240631,
0.0263569355011,
0.02654504776,
0.0252728462219,
0.025465965271,
0.022264957428,
0.0224721431732,
0.0284461975098,
0.0286390781403,
0.0263569355011,
0.0265679359436,
0.0248610973358,
0.0251100063324,
0.027734041214,
0.0279109477997,
0.0181469917297,
0.0302579402924,
0.0250329971313,
0.0257170200348,
0.0284938812256,
0.0290379524231,
0.0299232006073,
0.0301330089569,
0.0262129306793,
0.0264029502869,
0.0323870182037,
0.0331468582153,
0.0304610729218,
0.033763885498,
0.0293159484863,
0.0300228595734,
0.0281400680542,
0.0283319950104,
0.030935049057,
0.0311210155487,
0.0298120975494,
0.0302410125732,
0.0288732051849,
0.0291500091553,
0.0283381938934,
0.0285241603851,
0.0272359848022,
0.0274441242218,
0.0271909236908,
0.0273878574371,
0.0432629585266,
0.0439670085907,
0.052307844162,
0.0527470111847,
0.0325810909271,
0.0327589511871,
0.0646958351135,
0.064966917038,
0.0259470939636,
0.0261869430542,
0.0314779281616,
0.0318830013275,
0.0288479328156,
0.0291819572449,
0.0405929088593,
0.0407838821411,
0.0390079021454,
0.0392029285431,
0.035019159317,
0.0352311134338,
0.0308909416199,
0.0311148166656,
0.0303540229797,
0.0306160449982,
0.0314891338348,
0.0316731929779,
0.0276198387146,
0.0278389453888,
0.0277609825134,
0.028666973114,
0.0703060626984,
0.0704779624939,
0.0261721611023,
0.0263979434967,
0.0428838729858,
0.0437610149384,
0.0342280864716,
0.0345530509949,
0.0323629379272,
0.0330090522766,
0.0263810157776,
0.0266129970551,
0.0241980552673,
0.0248699188232,
0.0259220600128,
0.0267250537872,
0.0248849391937,
0.0250568389893,
0.0277199745178,
0.0280559062958,
0.0281410217285,
0.0288300514221,
0.0598649978638,
0.0601148605347,
0.0225780010223,
0.0228290557861,
0.0288209915161,
0.0290169715881,
0.0279080867767,
0.0281221866608,
0.0263829231262,
0.0270609855652,
0.0292339324951,
0.0297660827637,
0.0284349918365,
0.0290460586548,
0.0311398506165,
0.0318219661713,
0.0502808094025,
0.0505199432373,
0.0386309623718,
0.0390300750732,
0.0295479297638,
0.0303599834442,
0.0243380069733,
0.0245759487152,
0.0320689678192,
0.0323181152344,
0.0233509540558,
0.023561000824,
0.0253109931946,
0.0255060195923,
0.0291750431061,
0.0293550491333,
0.0328340530396,
0.0331120491028,
0.031466960907,
0.0317630767822,
0.0271949768066,
0.027801990509,
0.0359461307526,
0.0369169712067,
0.0260670185089,
0.026664018631,
0.0403578281403,
0.0410239696503,
0.0321810245514,
0.0328381061554,
0.0322639942169,
0.0329389572144,
0.0298597812653,
0.0305609703064,
0.0334770679474,
0.03422498703,
0.017333984375,
0.033940076828,
0.0395619869232,
0.0400488376617,
0.0658581256866,
0.0661361217499,
0.0395550727844,
0.0397670269012,
0.0347630977631,
0.0349550247192,
0.0374159812927,
0.0376541614532,
0.0380198955536,
0.0382649898529,
0.0283288955688,
0.0285129547119,
0.0280900001526,
0.0282778739929,
0.0271639823914,
0.0274629592896,
0.0298719406128,
0.0300879478455,
0.0267720222473,
0.0269989967346,
0.0312328338623,
0.0318078994751,
0.0303189754486,
0.0313019752502,
0.0217900276184,
0.0227129459381,
0.0262668132782,
0.0274398326874,
0.0281128883362,
0.0288469791412,
0.0268018245697,
0.0276198387146,
0.030925989151,
0.0319380760193,
0.0336978435516,
0.0343317985535,
0.0400478839874,
0.0412328243256,
0.0674369335175,
0.069620847702,
0.0338521003723,
0.0341699123383,
0.0765948295593,
0.0769848823547,
0.0289590358734,
0.0294699668884,
0.034600019455,
0.0348060131073,
0.0457720756531,
0.0460360050201,
0.0268571376801,
0.027755022049,
0.0272870063782,
0.0274968147278,
0.0414309501648,
0.0416030883789,
0.0374481678009,
0.0380420684814,
0.0299260616302,
0.0304870605469,
0.0281710624695,
0.028678894043,
0.0302319526672,
0.0311679840088,
0.0287449359894,
0.0291669368744,
0.0226731300354,
0.0232980251312,
0.0289590358734,
0.0297071933746,
0.0269548892975,
0.027578830719,
0.0251560211182,
0.0256261825562,
0.0296850204468,
0.0303230285645,
0.0309801101685,
0.0313282012939,
0.0272290706635,
0.0274579524994,
0.0353031158447,
0.0360379219055,
0.0228700637817,
0.0277168750763,
0.0348980426788,
0.0351049900055,
0.032233953476,
0.0324831008911,
0.0410449504852,
0.0414879322052,
0.0298979282379,
0.0304958820343,
0.037281036377,
0.0406517982483,
0.0300431251526,
0.0302209854126,
0.026111125946,
0.0269410610199,
0.0250940322876,
0.0252931118011,
0.0292100906372,
0.0300600528717,
0.0329298973083,
0.0338048934937,
0.0263071060181,
0.0264921188354,
0.0291318893433,
0.0297560691833,
0.0287470817566,
0.0295331478119,
0.0276758670807,
0.0279200077057,
0.0256509780884,
0.0261590480804,
0.0271298885345,
0.0278990268707,
0.0283389091492,
0.0290219783783,
0.0297880172729,
0.0299670696259,
0.0305969715118,
0.0312919616699,
0.0261788368225,
0.0263779163361,
0.0283710956573,
0.0285611152649,
0.0273118019104,
0.0275349617004,
0.0335259437561,
0.033814907074,
0.0278480052948,
0.0280299186707,
0.0285739898682,
0.0287480354309,
0.027804851532,
0.0279760360718,
0.0288829803467,
0.0291509628296,
0.0257561206818,
0.0259599685669,
0.0276229381561,
0.0278649330139,
0.0262079238892,
0.0264489650726,
0.0287210941315,
0.0289530754089,
0.0269720554352,
0.0271940231323,
0.0287230014801,
0.0288960933685,
0.0266351699829,
0.0268161296844,
0.0260038375854,
0.0268869400024,
0.0212941169739,
0.0220549106598,
0.0282669067383,
0.0288808345795,
0.0268449783325,
0.0275919437408,
0.0288908481598,
0.0296468734741,
0.0279140472412,
0.0286419391632,
0.0693519115448,
0.0695810317993,
0.0226278305054,
0.0228638648987,
0.0286722183228,
0.0288660526276,
0.0273368358612,
0.0280249118805,
0.0255601406097,
0.0274569988251,
0.0269289016724,
0.0276749134064,
0.0322110652924,
0.032900094986,
0.0326280593872,
0.0339469909668,
0.028804063797,
0.0295078754425,
0.0257730484009,
0.0264480113983,
0.0331768989563,
0.0374779701233,
0.0306921005249,
0.