0.0293388366699,
0.0305438041687,
0.02809882164,
0.0291068553925,
0.0241498947144,
0.0249688625336,
0.0246560573578,
0.0253729820251,
0.0253429412842,
0.0264630317688,
0.0427670478821,
0.0437750816345,
0.0365219116211,
0.0378310680389,
0.0192580223083,
0.0308680534363,
0.0320200920105,
0.0327401161194,
0.0286381244659,
0.0294711589813,
0.0306789875031,
0.0314848423004,
0.021772146225,
0.021989107132,
0.0251491069794,
0.0254149436951,
0.0234129428864,
0.0236330032349,
0.0163910388947,
0.025297164917,
0.0239109992981,
0.0241820812225,
0.0214359760284,
0.0219118595123,
0.0246880054474,
0.0253639221191,
0.0261168479919,
0.0263388156891,
0.0274038314819,
0.0277268886566,
0.0274810791016,
0.0277471542358,
0.0252511501312,
0.0255720615387,
0.0288560390472,
0.0291738510132,
0.0287201404572,
0.0289471149445,
0.0236959457397,
0.0241129398346,
0.0259921550751,
0.0263249874115,
0.025575876236,
0.0260329246521,
0.0426340103149,
0.0428500175476,
0.0341169834137,
0.0343518257141,
0.0224390029907,
0.0227088928223,
0.0250020027161,
0.0253119468689,
0.032203912735,
0.0324640274048,
0.0329329967499,
0.0331869125366,
0.037143945694,
0.0373299121857,
0.0255689620972,
0.0258028507233,
0.0257580280304,
0.0260009765625,
0.0278158187866,
0.0291428565979,
0.0267910957336,
0.0275371074677,
0.0279250144958,
0.0286190509796,
0.028470993042,
0.0293519496918,
0.0273370742798,
0.0282180309296,
0.0226690769196,
0.0236351490021,
0.0275440216064,
0.0283210277557,
0.220741987228,
0.221408843994,
0.0232758522034,
0.0240738391876,
0.0224230289459,
0.0230469703674,
0.0276839733124,
0.0285120010376,
0.0252549648285,
0.026340007782,
0.0259079933167,
0.0262248516083,
0.027498960495,
0.0277888774872,
0.0263469219208,
0.0265810489655,
0.0250270366669,
0.02525806427,
0.0283269882202,
0.0288150310516,
0.0432500839233,
0.0441629886627,
0.0466918945312,
0.048033952713,
0.0215280056,
0.0216960906982,
0.0304930210114,
0.0306839942932,
0.0217280387878,
0.0219678878784,
0.0291500091553,
0.029501914978,
0.0257110595703,
0.0259470939636,
0.0306670665741,
0.0310850143433,
0.0317549705505,
0.0320889949799,
0.0235810279846,
0.0239481925964,
0.0329730510712,
0.0332210063934,
0.027999162674,
0.02827501297,
0.0259990692139,
0.0262870788574,
0.0328261852264,
0.0331811904907,
0.0322768688202,
0.0328059196472,
0.0327391624451,
0.0333969593048,
0.0250041484833,
0.0263860225677,
0.027449131012,
0.0276970863342,
0.0215449333191,
0.0231320858002,
0.0321199893951,
0.0324149131775,
0.0457940101624,
0.0461120605469,
0.043133020401,
0.0438249111176,
0.0512220859528,
0.0519690513611,
0.0273749828339,
0.0282969474792,
0.0246860980988,
0.0251359939575,
0.0335581302643,
0.0337941646576,
0.0351440906525,
0.0355041027069,
0.056006193161,
0.0563931465149,
0.0369601249695,
0.0380630493164,
0.0387930870056,
0.0390100479126,
0.034530878067,
0.0348470211029,
0.059562921524,
0.0600249767303,
0.0536398887634,
0.0539019107819,
0.0458769798279,
0.0461630821228,
0.0277259349823,
0.0280909538269,
0.0239698886871,
0.0247650146484,
0.0294229984283,
0.0301330089569,
0.0334489345551,
0.0338699817657,
0.0240540504456,
0.0507559776306,
0.0378201007843,
0.0382571220398,
0.229974031448,
0.23047208786,
0.0699219703674,
0.0710170269012,
0.11055803299,
0.111728191376,
0.0295178890228,
0.0309629440308,
0.0405840873718,
0.0418889522552,
0.022304058075,
0.0228281021118,
0.0280969142914,
0.0284869670868,
0.0236029624939,
0.0241057872772,
0.0267059803009,
0.0278000831604,
0.0292160511017,
0.0304598808289,
0.0239949226379,
0.024806022644,
0.0275371074677,
0.0277810096741,
0.0798530578613,
0.0801100730896,
0.0257151126862,
0.0267860889435,
0.024246931076,
0.024444103241,
0.0247950553894,
0.0251522064209,
0.0384950637817,
0.0387079715729,
0.0325469970703,
0.032840013504,
0.0249388217926,
0.0253129005432,
0.021852016449,
0.0221381187439,
0.0215840339661,
0.0218119621277,
0.0246679782867,
0.0249760150909,
0.0249121189117,
0.0253341197968,
0.0234580039978,
0.0237669944763,
0.0223829746246,
0.0234050750732,
0.0244309902191,
0.0246469974518,
0.0256168842316,
0.0265769958496,
0.0835959911346,
0.0839478969574,
0.0268709659576,
0.0281200408936,
0.0230720043182,
0.0233659744263,
0.0158529281616,
0.0246000289917,
0.02419090271,
0.0244610309601,
0.0268530845642,
0.0271520614624,
0.0327470302582,
0.0330109596252,
0.0253500938416,
0.0255751609802,
0.0246760845184,
0.0249350070953,
0.0317289829254,
0.0319600105286,
0.0245561599731,
0.025053024292,
0.0234661102295,
0.024423122406,
0.0418241024017,
0.0432589054108,
0.0281019210815,
0.0287339687347,
0.0316300392151,
0.0323631763458,
0.0348160266876,
0.0358970165253,
0.0245609283447,
0.0254468917847,
0.023460149765,
0.0246279239655,
0.0297429561615,
0.0308151245117,
0.0250840187073,
0.0260579586029,
0.0240118503571,
0.0253529548645,
0.0302250385284,
0.0314340591431,
0.0353519916534,
0.0355591773987,
0.0284979343414,
0.0292000770569,
0.0264189243317,
0.0274860858917,
0.0223560333252,
0.0232820510864,
0.0331978797913,
0.034059047699,
0.0263822078705,
0.0274040699005,
0.0340778827667,
0.0347108840942,
0.0256989002228,
0.0268468856812,
0.0322880744934,
0.0331799983978,
0.0293159484863,
0.0296020507812,
0.0224339962006,
0.023078918457,
0.0327689647675,
0.033038854599,
0.0316028594971,
0.0318489074707,
0.030161857605,
0.0306129455566,
0.0300199985504,
0.0309250354767,
0.0303218364716,
0.0323188304901,
0.0215229988098,
0.0224299430847,
0.0338368415833,
0.0345890522003,
0.0249609947205,
0.0255868434906,
0.0279099941254,
0.0283238887787,
0.076318025589,
0.0783331394196,
0.0655269622803,
0.0665318965912,
0.0374829769135,
0.0379118919373,
0.0405688285828,
0.0420939922333,
0.0368311405182,
0.0370800495148,
0.0279271602631,
0.0282120704651,
0.031888961792,
0.0321388244629,
0.0335719585419,
0.0339081287384,
0.0264730453491,
0.0273339748383,
0.0415830612183,
0.0424389839172,
0.0242300033569,
0.0245819091797,
0.0412750244141,
0.0415668487549,
0.053151845932,
0.0534570217133,
0.045825958252,
0.0462100505829,
0.0309929847717,
0.0314500331879,
0.0407009124756,
0.0408959388733,
0.03151512146,
0.0317559242249,
0.0327970981598,
0.0330390930176,
0.0366261005402,
0.036915063858,
0.0213570594788,
0.0217859745026,
0.0279409885406,
0.0281798839569,
0.0347812175751,
0.0350642204285,
0.0318379402161,
0.0321669578552,
0.0334258079529,
0.0337069034576,
0.0229961872101,
0.0232989788055,
0.0266029834747,
0.02698802948,
0.0255029201508,
0.0257849693298,
0.0288438796997,
0.0291049480438,
0.0267219543457,
0.0279757976532,
0.0229411125183,
0.0232150554657,
0.0301539897919,
0.0305328369141,
0.0367081165314,
0.0376169681549,
0.0289688110352,
0.030033826828,
0.0331349372864,
0.0339689254761,
0.031800031662,
0.0320558547974,
0.0233249664307,
0.0237231254578,
0.0314588546753,
0.03253698349,
0.0201900005341,
0.0210180282593,
0.0316050052643,
0.0320320129395,
0.0349459648132,
0.0363900661469,
0.0263669490814,
0.0265979766846,
0.0426480770111,
0.0435190200806,
0.0311899185181,
0.0314400196075,
0.032487154007,
0.0327119827271,
0.0273571014404,
0.027575969696,
0.0260028839111,
0.0262351036072,
0.0536758899689,
0.053966999054,
0.0325300693512,
0.0328540802002,
0.0287339687347,
0.0289509296417,
0.0418288707733,
0.0420877933502,
0.026487827301,
0.0267119407654,
0.0241749286652,
0.0244400501251,
0.0241048336029,
0.0244798660278,
0.0312368869781,
0.0315458774567,
0.0366871356964,
0.037013053894,
0.0278069972992,
0.0280079841614,
0.0495841503143,
0.0498321056366,
0.0334470272064,
0.0337488651276,
0.042051076889,
0.0423040390015,
0.057676076889,
0.0580070018768,
0.0384302139282,
0.0392251014709,
0.0281929969788,
0.0292210578918,
0.0273449420929,
0.0281748771667,
0.0294289588928,
0.0298600196838,
0.0250589847565,
0.0256769657135,
0.0248720645905,
0.0252630710602,
0.0302438735962,
0.0305228233337,
0.0292270183563,
0.030375957489,
0.0298550128937,
0.0307610034943,
0.0242118835449,
0.025022983551,
0.0293879508972,
0.0301079750061,
0.0273489952087,
0.0282309055328,
0.0233170986176,
0.024080991745,
0.025661945343,
0.0264880657196,
0.0236780643463,
0.0244719982147,
0.0302970409393,
0.0310981273651,
0.0368781089783,
0.0376589298248,
0.0337381362915,
0.0341620445251,
0.0403480529785,
0.0406589508057,
0.0343220233917,
0.0349237918854,
0.0248119831085,
0.0251111984253,
0.040384054184,
0.040766954422,
0.0409510135651,
0.0413300991058,
0.044881105423,
0.0451121330261,
0.0416519641876,
0.0421850681305,
0.047966003418,
0.0483250617981,
0.0338470935822,
0.0342509746552,
0.057070016861,
0.057431936264,
0.0286250114441,
0.0290460586548,
0.0320811271667,
0.0328130722046,
0.0273921489716,
0.0277869701385,
0.0305728912354,
0.0316758155823,
0.0323581695557,
0.0339980125427,
0.0327498912811,
0.0338559150696,
0.0300889015198,
0.0316109657288,
0.0369470119476,
0.0378820896149,
0.0366230010986,
0.0384089946747,
0.0245821475983,
0.0258951187134,
0.0378410816193,
0.0381751060486,
0.0370121002197,
0.0373089313507,
0.0264091491699,
0.0269091129303,
0.0369250774384,
0.0372149944305,
0.0283780097961,
0.0287179946899,
0.0280261039734,
0.0283222198486,
0.0310800075531,
0.0314581394196,
0.0304682254791,
0.0307230949402,
0.0287439823151,
0.0290241241455,
0.053503036499,
0.0538768768311,
0.0276629924774,
0.0279459953308,
0.0390119552612,
0.0392789840698,
0.0278701782227,
0.0281331539154,
0.0277359485626,
0.0282218456268,
0.04132604599,
0.0415651798248,
0.0241420269012,
0.0244059562683,
0.0279140472412,
0.0282368659973,
0.0342059135437,
0.0344529151917,
0.0275008678436,
0.0278148651123,
0.0393948554993,
0.0397620201111,
0.0280718803406,
0.0283989906311,
0.0238320827484,
0.0242240428925,
0.0270190238953,
0.0274660587311,
0.0358679294586,
0.0363330841064,
0.0233089923859,
0.023686170578,
0.0239381790161,
0.0242211818695,
0.0268061161041,
0.0270481109619,
0.0266602039337,
0.0269021987915,
0.0248100757599,
0.0251882076263,
0.0282959938049,
0.0286839008331,
0.0260529518127,
0.026300907135,
0.0460319519043,
0.0464890003204,
0.0361371040344,
0.0364270210266,
0.025251865387,
0.0255069732666,
0.0285890102386,
0.0288648605347,
0.0310740470886,
0.0316500663757,
0.0261771678925,
0.0264661312103,
0.0328879356384,
0.0332498550415,
0.025318145752,
0.0257120132446,
0.0312731266022,
0.0316870212555,
0.0283238887787,
0.0287220478058,
0.0266489982605,
0.0269041061401,
0.0617160797119,
0.0619540214539,
0.0243260860443,
0.0246169567108,
0.0278098583221,
0.0280759334564,
0.0465800762177,
0.0471541881561,
0.0254740715027,
0.0258650779724,
0.0349400043488,
0.0351800918579,
0.0361020565033,
0.0363330841064,
0.0355298519135,
0.0360109806061,
0.0383310317993,
0.0386638641357,
0.0740611553192,
0.0750851631165,
0.0599119663239,
0.0614538192749,
0.03071808815,
0.0319030284882,
0.0300199985504,
0.0310599803925,
0.0702478885651,
0.0712018013,
0.0330519676208,
0.0340349674225,
0.0315039157867,
0.0458419322968,
0.0230870246887,
0.0238220691681,
0.0241219997406,
0.0242989063263,
0.0354089736938,
0.0356090068817,
0.0298991203308,
0.0302560329437,
0.0246810913086,
0.0250120162964,
0.0256409645081,
0.0260949134827,
0.0369310379028,
0.0376539230347,
0.0329229831696,
0.0331230163574,
0.016576051712,
0.0328109264374,
0.0221509933472,
0.0223491191864,
0.0248701572418,
0.0252931118011,
0.0353620052338,
0.0355648994446,
0.025218963623,
0.0256979465485,
0.0286459922791,
0.0290319919586,
0.0316998958588,
0.0319848060608,
0.0267479419708,
0.0270998477936,
0.0235772132874,
0.0241041183472,
0.0277271270752,
0.0291681289673,
0.0397610664368,
0.0409030914307,
0.0294921398163,
0.0302700996399,
0.0270807743073,
0.0279870033264,
0.0345001220703,
0.0355830192566,
0.0281391143799,
0.0288729667664,
0.0293548107147,
0.030268907547,
0.0260100364685,
0.0269539356232,
0.0343539714813,
0.035227060318,
0.0235750675201,
0.0244619846344,
0.020919084549,
0.021635055542,
0.0249860286713,
0.0257449150085,
0.0269198417664,
0.0270838737488,
0.0360369682312,
0.0372169017792,
0.0295457839966,
0.0303409099579,
0.031172990799,
0.0315818786621,
0.0152170658112,
0.0154850482941,
0.0260450839996,
0.0263261795044,
0.0352330207825,
0.0354900360107,
0.0239810943604,
0.0242371559143,
0.0237109661102,
0.023952960968,
0.0304639339447,
0.030730009079,
0.0295541286469,
0.0309171676636,
0.018275976181,
0.0186460018158,
0.0206987857819,
0.0215578079224,
0.0266921520233,
0.0270571708679,
0.0257170200348,
0.0263180732727,
0.0220241546631,
0.0228409767151,
0.0268039703369,
0.0271348953247,
0.0404779911041,
0.0422120094299,
0.0284690856934,
0.0297949314117,
0.034658908844,
0.035059928894,
0.0238449573517,
0.0240859985352,
0.0324060916901,
0.0332999229431,
0.0379149913788,
0.0387351512909,
0.0269050598145,
0.0281109809875,
0.0459721088409,
0.0472521781921,
0.0305819511414,
0.0315370559692,
0.0399580001831,
0.0411820411682,
0.0377511978149,
0.0381360054016,
0.027930021286,
0.028226852417,
0.025475025177,
0.0258419513702,
0.0295369625092,
0.0299689769745,
0.0302739143372,
0.0307159423828,
0.0305459499359,
0.0308330059052,
0.0314991474152,
0.0318682193756,
0.0267648696899,
0.0270268917084,
0.0340712070465,
0.0347740650177,
0.0266370773315,
0.0269329547882,
0.0237250328064,
0.0240039825439,
0.0246629714966,
0.0249328613281,
0.0241060256958,
0.0244379043579,
0.0251598358154,
0.025976896286,
0.0586869716644,
0.0604240894318,
0.0654411315918,
0.0663571357727,
0.0232670307159,
0.0238990783691,
0.0217680931091,
0.0228269100189,
0.0276079177856,
0.028580904007,
0.0388259887695,
0.0390229225159,
0.0351490974426,
0.0355241298676,
0.0566668510437,
0.0568909645081,
0.0296499729156,
0.030250787735,
0.0300071239471,
0.0303070545197,
0.0253410339355,
0.0255889892578,
0.0315480232239,
0.0320069789886,
0.0279858112335,
0.0284497737885,
0.0241329669952,
0.0244200229645,
0.0282599925995,
0.028687953949,
0.030501127243,
0.0307681560516,
0.0245690345764,
0.0248951911926,
0.0311920642853,
0.0313940048218,
0.0404281616211,
0.0407671928406,
0.0496261119843,
0.0499300956726,
0.0259320735931,
0.0262260437012,
0.0269110202789,
0.027801990509,
0.0261330604553,
0.0269989967346,
0.0242309570312,
0.0249419212341,
0.0225009918213,
0.0233559608459,
0.0257978439331,
0.0269949436188,
0.0429198741913,
0.0439300537109,
0.0268759727478,
0.027302980423,
0.0348269939423,
0.0350909233093,
0.029011964798,
0.0298099517822,
0.028177022934,
0.0284290313721,
0.0272591114044,
0.0274660587311,
0.0309631824493,
0.0314121246338,
0.0569350719452,
0.0573668479919,
0.0742158889771,
0.0744700431824,
0.094850063324,
0.0951800346375,
0.031035900116,
0.031347990036,
0.0224177837372,
0.022745847702,
0.0358800888062,
0.0362040996552,
0.0264570713043,
0.0266830921173,
0.0615618228912,
0.0618379116058,
0.0250680446625,
0.0254259109497,
0.0330889225006,
0.0334589481354,
0.0366389751434,
0.036945104599,
0.0368700027466,
0.037143945694,
0.0341379642487,
0.034500837326,
0.0319769382477,
0.0322558879852,
0.0359740257263,
0.0366840362549,
0.0376040935516,
0.0383729934692,
0.0309360027313,
0.0323300361633,
0.0333688259125,
0.0338969230652,
0.0410809516907,
0.0415029525757,
0.0244929790497,
0.0249490737915,
0.0319199562073,
0.0336420536041,
0.0325298309326,
0.0329179763794,
0.0321688652039,
0.0325179100037,
0.0327169895172,
0.0331149101257,
0.0326929092407,
0.0331289768219,
0.0413019657135,
0.0422439575195,
0.0225830078125,
0.0234649181366,
0.0282499790192,
0.0291409492493,
0.0245530605316,
0.0249218940735,
0.0226900577545,
0.022931098938,
0.0287811756134,
0.0290100574493,
0.0321209430695,
0.0333869457245,
0.0332028865814,
0.0340969562531,
0.0261821746826,
0.0274720191956,
0.0402619838715,
0.0404441356659,
0.0251247882843,
0.0254898071289,
0.0232260227203,
0.0236110687256,
0.0211639404297,
0.0214109420776,
0.0243680477142,
0.0246000289917,
0.021605014801,
0.0220460891724,
0.0237460136414,
0.0248200893402,
0.0387270450592,
0.0392780303955,
0.022234916687,
0.022598028183,
0.0270400047302,
0.0283250808716,
0.0251100063324,
0.0264880657196,
0.0345821380615,
0.0356240272522,
0.0270380973816,
0.0280220508575,
0.0285980701447,
0.030238866806,
0.0403559207916,
0.0415811538696,
0.0187959671021,
0.0352251529694,
0.0272860527039,
0.0277471542358,
0.0224349498749,
0.0227959156036,
0.0235040187836,
0.024032831192,
0.028272151947,
0.0286290645599,
0.0218560695648,
0.0221538543701,
0.0243730545044,
0.02467918396,
0.0232808589935,
0.0235869884491,
0.0242400169373,
0.0244700908661,
0.0234551429749,
0.0236840248108,
0.0223181247711,
0.0226349830627,
0.0299019813538,
0.0301129817963,
0.0290718078613,
0.0293748378754,
0.0272080898285,
0.0275890827179,
0.0281021595001,
0.0284700393677,
0.0224089622498,
0.0226418972015,
0.0288648605347,
0.0299410820007,
0.0221199989319,
0.022351026535,
0.0259041786194,
0.0261600017548,
0.0246829986572,
0.0249171257019,
0.0214700698853,
0.0217621326447,
0.0286891460419,
0.0291061401367,
0.0234189033508,
0.0237319469452,
0.0229420661926,
0.0232191085815,
0.0230009555817,
0.0232801437378,
0.0233480930328,
0.0235929489136,
0.0253491401672,
0.0255479812622,
0.0249688625336,
0.0254309177399,
0.0230948925018,
0.0234999656677,
0.0308129787445,
0.0312550067902,
0.0266790390015,
0.0270349979401,
0.0275428295135,
0.0277538299561,
0.0274839401245,
0.0279121398926,
0.0276041030884,
0.0280439853668,
0.0229499340057,
0.0234768390656,
0.047856092453,
0.0487649440765,
0.0310471057892,
0.0444722175598,
0.0263438224792,
0.0277268886566,
0.0224919319153,
0.0226957798004,
0.0241169929504,
0.0244090557098,
0.0232300758362,
0.0235021114349,
0.0318949222565,
0.0321609973907,
0.0267090797424,
0.0270390510559,
0.0253150463104,
0.0255990028381,
0.0257787704468,
0.0260519981384,
0.0232510566711,
0.0235061645508,
0.0212140083313,
0.0214970111847,
0.0269391536713,
0.0272171497345,
0.0323059558868,
0.0327000617981,
0.0259079933167,
0.0262110233307,
0.0238020420074,
0.0240530967712,
0.021271944046,
0.021497964859,
0.0231468677521,
0.0233860015869,
0.0245599746704,
0.0255990028381,
0.0228869915009,
0.0231640338898,
0.0212569236755,
0.0215249061584,
0.0316338539124,
0.0319058895111,
0.0213119983673,
0.0215928554535,
0.0233051776886,
0.0236790180206,
0.0226819515228,
0.0231230258942,
0.0377430915833,
0.0385670661926,
0.0328929424286,
0.0337600708008,
0.0331888198853,
0.0334289073944,
0.0260739326477,
0.0264029502869,
0.0294609069824,
0.0297539234161,
0.0294749736786,
0.0297567844391,
0.0312271118164,
0.0321409702301,
0.0236351490021,
0.0238871574402,
0.0260119438171,
0.0271058082581,
0.0278408527374,
0.0281639099121,
0.0333740711212,
0.0336699485779,
0.0289480686188,
0.0292048454285,
0.0282919406891,
0.0285930633545,
0.0249080657959,
0.0252060890198,
0.0273108482361,
0.0279219150543,
0.0318109989166,
0.0321679115295,
0.0324010848999,
0.0335731506348,
0.0236039161682,
0.0239548683167,
0.0250239372253,
0.0254321098328,
0.0235419273376,
0.0238108634949,
0.0245609283447,
0.0249049663544,
0.0303139686584,
0.0306148529053,
0.0236370563507,
0.023891210556,
0.0230948925018,
0.0233299732208,
0.0328049659729,
0.0330719947815,
0.0262720584869,
0.0266780853271,
0.0267570018768,
0.0270519256592,
0.0246179103851,
0.0248630046844,
0.0324561595917,
0.0327301025391,
0.0251839160919,
0.0259771347046,
0.0385699272156,
0.038861989975,
0.0301251411438,
0.0306091308594,
0.0254909992218,
0.0259428024292,
0.0327749252319,
0.0331099033356,
0.0231029987335,
0.0233869552612,
0.0265409946442,
0.0268540382385,
0.0297989845276,
0.0300889015198,
0.0290999412537,
0.0294890403748,
0.0242059230804,
0.0249590873718,
0.0259959697723,
0.0268609523773,
0.0360178947449,
0.0362658500671,
0.0266618728638,
0.0271620750427,
0.0347621440887,
0.0350639820099,
0.0235290527344,
0.0239129066467,
0.0228459835052,
0.0231959819794,
0.0242199897766,
0.0244810581207,
0.0302619934082,
0.0310120582581,
0.0246369838715,
0.0249719619751,
0.0238978862762,
0.024885892868,
0.023738861084,
0.0248379707336,
0.0217838287354,
0.0228819847107,
0.0289919376373,
0.0299789905548,
0.0239539146423,
0.0251839160919,
0.0214800834656,
0.0229539871216,
0.0236239433289,
0.023827791214,
0.0212650299072,
0.0216629505157,
0.0247049331665,
0.0250899791718,
0.0212368965149,
0.0214939117432,
0.0273110866547,
0.0277459621429,
0.0212249755859,
0.0214591026306,
0.0232520103455,
0.0235068798065,
0.0211880207062,
0.0214338302612,
0.0233240127563,
0.0237009525299,
0.0256240367889,
0.0258409976959,
0.0283930301666,
0.0295860767365,
0.0370700359344,
0.0373899936676,
0.028678894043,
0.0290729999542,
0.0338499546051,
0.0343158245087,
0.0257840156555,
0.0262649059296,
0.0273509025574,
0.0276188850403,
0.0291888713837,
0.0296330451965,
0.0308392047882,
0.0311331748962,
0.0234308242798,
0.023766040802,
0.0258729457855,
0.0261979103088,
0.0212800502777,
0.0216720104218,
0.0290729999542,
0.0313229560852,
0.0459651947021,
0.0462791919708,
0.0230710506439,
0.023649930954,
0.0292930603027,
0.02956199646,
0.0319690704346,
0.0333461761475,
0.0295159816742,
0.0298018455505,
0.0275051593781,
0.0279641151428,
0.0289781093597,
0.0292570590973,
0.0237169265747,
0.0239889621735,
0.0237140655518,
0.0241370201111,
0.0231158733368,
0.023542881012,
0.0232698917389,
0.023589849472,
0.027251958847,
0.0281310081482,
0.0255460739136,
0.0260488986969,
0.0172510147095,
0.0175268650055,
0.0297119617462,
0.0301120281219,
0.0227439403534,
0.0230829715729,
0.0244221687317,
0.0250351428986,
0.0249588489532,
0.0252299308777,
0.026575088501,
0.0268590450287,
0.0225868225098,
0.022922039032,
0.0237030982971,
0.0240399837494,
0.029422044754,
0.0296051502228,
0.0345129966736,
0.0355160236359,
0.0295989513397,
0.0307540893555,
0.023558139801,
0.0250070095062,
0.0223641395569,
0.0240631103516,
0.0290310382843,
0.0300559997559,
0.056941986084,
0.0582931041718,
0.0249860286713,
0.0263659954071,
0.0229909420013,
0.0240499973297,
0.0323739051819,
0.0333740711212,
0.0296111106873,
0.0304470062256,
0.0357439517975,
0.0368368625641,
0.0341730117798,
0.0350811481476,
0.154419183731,
0.154777050018,
0.0532619953156,
0.056510925293,
0.0354881286621,
0.0361211299896,
0.0793468952179,
0.0801150798798,
0.0691220760345,
0.0700480937958,
0.0224089622498,
0.0234379768372,
0.0272409915924,
0.0281369686127,
0.03604388237,
0.0367670059204,
0.0302178859711,
0.0308709144592,
0.0304710865021,
0.0312321186066,
0.0295648574829,
0.0301868915558,
0.0452868938446,
0.045881986618,
0.0322530269623,
0.0329339504242,
0.0321419239044,
0.0329749584198,
0.0319759845734,
0.0328710079193,
0.0327949523926,
0.0339500904083,
0.0288200378418,
0.0299599170685,
0.0273649692535,
0.0278248786926,
0.0242910385132,
0.0244748592377,
0.0338380336761,
0.0342299938202,
0.0342638492584,
0.034551858902,
0.0266599655151,
0.0269079208374,
0.0332629680634,
0.0334620475769,
0.0293779373169,
0.0309989452362,
0.0312840938568,
0.0327599048615,
0.0364310741425,
0.0376451015472,
0.0329301357269,
0.0343899726868,
0.0302059650421,
0.0305750370026,
0.0405550003052,
0.040806055069,
0.0231101512909,
0.0234341621399,
0.031142950058,
0.0313391685486,
0.0290451049805,
0.0293521881104,
0.0283200740814,
0.0287539958954,
0.031229019165,
0.0315539836884,
0.0341639518738,
0.0343821048737,
0.0333471298218,
0.033595085144,
0.0261471271515,
0.0264811515808,
0.0357899665833,
0.0361058712006,
0.0389478206635,
0.0392289161682,
0.0330100059509,
0.0332729816437,
0.0357301235199,
0.0360240936279,
0.0347390174866,
0.035001039505,
0.0302298069,
0.0306599140167,
0.0234181880951,
0.0238490104675,
0.027263879776,
0.0276188850403,
0.0230000019073,
0.0232748985291,
0.0301339626312,
0.0304179191589,
0.0305728912354,
0.0317258834839,
0.0317749977112,
0.0326809883118,
0.0541749000549,
0.0550858974457,
0.0320639610291,
0.0337290763855,
0.0258760452271,
0.0275340080261,
0.0274548530579,
0.029021024704,
0.0315890312195,
0.0329239368439,
0.0345559120178,
0.0360028743744,
0.0349719524384,
0.0372929573059,
0.0456540584564,
0.0470950603485,
0.035964012146,
0.0369930267334,
0.0288650989532,
0.0304441452026,
0.0318429470062,
0.0327320098877,
0.029727935791,
0.0299479961395,
0.0352280139923,
0.035472869873,
0.0267970561981,
0.0271301269531,
0.0262720584869,
0.0265371799469,
0.0228600502014,
0.0233108997345,
0.027881860733,
0.0286738872528,
0.0335850715637,
0.0345861911774,
0.0290458202362,
0.0300369262695,
0.0321660041809,
0.0334458351135,
0.0231628417969,
0.0234799385071,
0.0277540683746,
0.0287969112396,
0.0274291038513,
0.0278899669647,
0.0345990657806,
0.0349180698395,
0.0290539264679,
0.0293118953705,
0.0322051048279,
0.0324680805206,
0.0272169113159,
0.0274429321289,
0.0357332229614,
0.0362370014191,
0.0331559181213,
0.0333850383759,
0.025946855545,
0.0264089107513,
0.025398015976,
0.0256941318512,
0.0340201854706,
0.0354890823364,
0.0318288803101,
0.0320219993591,
0.0285661220551,
0.0287811756134,
0.0263528823853,
0.0272719860077,
0.027911901474,
0.0288369655609,
0.029464006424,
0.03005194664,
0.0267128944397,
0.027195930481,
0.0256731510162,
0.0259211063385,
0.0289371013641,
0.029333114624,
0.02672290802,
0.0269539356232,
0.0344560146332,
0.0349009037018,
0.0296449661255,
0.0298390388489,
0.027773141861,
0.0280041694641,
0.0222110748291,
0.0225291252136,
0.0264768600464,
0.0268259048462,
0.0285151004791,
0.0290739536285,
0.0241129398346,
0.0242989063263,
0.0264809131622,
0.0267479419708,
0.0319428443909,
0.0322239398956,
0.0314929485321,
0.0319571495056,
0.0327050685883,
0.032970905304,
0.0213460922241,
0.0215890407562,
0.0235619544983,
0.0238327980042,
0.0286960601807,
0.0289790630341,
0.0232608318329,
0.0235059261322,
0.0249688625336,
0.0253078937531,
0.0240740776062,
0.0245020389557,
0.0237820148468,
0.0242209434509,
0.0215389728546,
0.022607088089,
0.0314788818359,
0.0328938961029,
0.0261859893799,
0.0269780158997,
0.0277500152588,
0.0292038917542,
0.0234041213989,
0.0246250629425,
0.0341341495514,
0.0353500843048,
0.0251009464264,
0.0259730815887,
0.0301299095154,
0.0313999652863,
0.0367231369019,
0.0374441146851,
0.0408198833466,
0.041158914566,
0.0211548805237,
0.0214548110962,
0.0228078365326,
0.0231058597565,
0.0226860046387,
0.0230870246887,
0.0244381427765,
0.024649143219,
0.0248959064484,
0.0251660346985,
0.0317800045013,
0.0323138237,
0.023980140686,
0.0242669582367,
0.0228500366211,
0.0232281684875,
0.0252530574799,
0.0265161991119,
0.0236709117889,
0.023952960968,
0.033942937851,
0.0343179702759,
0.0270290374756,
0.0272779464722,
0.0228018760681,
0.0230979919434,
0.0280380249023,
0.0283629894257,
0.0225019454956,
0.0226988792419,
0.0245261192322,
0.0249559879303,
0.0374019145966,
0.0378079414368,
0.0389420986176,
0.0405840873718,
0.0267488956451,
0.027487039566,
0.0264928340912,
0.0274307727814,
0.0210020542145,
0.021763086319,
0.0308780670166,
0.0316441059113,
0.0223460197449,
0.0230770111084,
0.0272960662842,
0.0280990600586,
0.0360422134399,
0.0369222164154,
0.031641960144,
0.0330679416656,
0.0234060287476,
0.0241539478302,
0.0264520645142,
0.0271139144897,
0.0378170013428,
0.0385699272156,
0.041267156601,
0.0450930595398,
0.0270380973816,
0.0285530090332,
0.0327551364899,
0.037260055542,
0.0282740592957,
0.0285332202911,
0.025398015976,
0.0257411003113,
0.0282120704651,
0.028559923172,
0.0233900547028,
0.0238020420074,
0.0245749950409,
0.0248408317566,
0.0213971138,
0.0221271514893,
0.0293390750885,
0.0297119617462,
0.0232520103455,
0.0235769748688,
0.0292181968689,
0.0296621322632,
0.0277330875397,
0.0280950069427,
0.0242140293121,
0.0246949195862,
0.0247631072998,
0.0256819725037,
0.0304489135742,
0.0313110351562,
0.0989141464233,
0.0995330810547,
0.0377478599548,
0.0387098789215,
0.0449049472809,
0.0455379486084,
0.0861048698425,
0.0870320796967,
0.0865728855133,
0.0883800983429,
0.0231699943542,
0.0235588550568,
0.0225989818573,
0.0228848457336,
0.0218269824982,
0.0221049785614,
0.0241451263428,
0.0243999958038,
0.0248279571533,
0.0250761508942,
0.0268321037292,
0.0272679328918,
0.0224411487579,
0.0228011608124,
0.0247259140015,
0.0251021385193,
0.0238568782806,
0.0245959758759,
0.0336589813232,
0.0350859165192,
0.0410091876984,
0.0420861244202,
0.0310320854187,
0.0323770046234,
0.0320889949799,
0.0332760810852,
0.0363669395447,
0.0379550457001,
0.041965007782,
0.04287981987,
0.0331318378448,
0.0341320037842,
0.0402770042419,
0.0405049324036,
0.0276198387146,
0.0284259319305,
0.0257251262665,
0.0273060798645,
0.0278489589691,
0.0290720462799,
0.0315070152283,
0.0326199531555,
0.0347800254822,
0.0358190536499,
0.0611288547516,
0.062933921814,
0.0354771614075,
0.0361311435699,
0.0471298694611,
0.0482678413391,
0.0832319259644,
0.0845739841461,
0.0375578403473,
0.0387368202209,
0.0478661060333,
0.0491981506348,
0.0401389598846,
0.0414340496063,
0.0168690681458,
0.0339081287384,
0.0398550033569,
0.043771982193,
0.0181040763855,
0.0314359664917,
0.0446600914001,
0.0465099811554,
0.0161008834839,
0.0265970230103,
0.0278341770172,
0.0289552211761,
0.0374600887299,
0.0383701324463,
0.0375778675079,
0.0387268066406,
0.0355141162872,
0.0363750457764,
0.030993938446,
0.0321509838104,
0.0309958457947,
0.0317478179932,
0.0366449356079,
0.0379500389099,
0.0324120521545,
0.0333540439606,
0.0235919952393,
0.0247430801392,
0.0265951156616,
0.0268640518188,
0.0303049087524,
0.0305619239807,
0.0213520526886,
0.0215649604797,
0.0368800163269,
0.0372421741486,
0.0268869400024,
0.0271100997925,
0.0225110054016,
0.0227689743042,
0.0368139743805,
0.037248134613,
0.0320780277252,
0.0322690010071,
0.0316789150238,
0.0319011211395,
0.0327041149139,
0.0330290794373,
0.0216550827026,
0.0220849514008,
0.0309851169586,
0.0312678813934,
0.0232720375061,
0.0235421657562,
0.0294139385223,
0.0297110080719,
0.0227420330048,
0.0248990058899,
0.0231409072876,
0.0239429473877,
0.0354990959167,
0.0362300872803,
0.0240330696106,
0.0249989032745,
0.0415549278259,
0.0433599948883,
0.034332036972,
0.0345420837402,
0.0402839183807,
0.0404930114746,
0.043310880661,
0.0438408851624,
0.0272340774536,
0.0287640094757,
0.0270590782166,
0.028153181076,
0.0372381210327,
0.0406241416931,
0.0306549072266,
0.0313060283661,
0.0385639667511,
0.0397219657898,
0.0313110351562,
0.0320959091187,
0.0243790149689,
0.0247111320496,
0.02401304245,
0.025829076767,
0.0428428649902,
0.0443058013916,
0.0340621471405,
0.0351490974426,
0.0340268611908,
0.0349168777466,
0.0423672199249,
0.0432431697845,
0.0230331420898,
0.0387461185455,
0.0277118682861,
0.0285758972168,
0.0353770256042,
0.0369551181793,
0.0145108699799,
0.0310468673706,
0.0342230796814,
0.0351400375366,
0.0410759449005,
0.0423948764801,
0.0147559642792,
0.0277428627014,
0.0281190872192,
0.0292689800262,
0.0308218002319,
0.0326628684998,
0.0412719249725,
0.0420730113983,
0.0369260311127,
0.0379829406738,
0.0314519405365,
0.0330410003662,
0.0358090400696,
0.0370230674744,
0.0355079174042,
0.0364229679108,
0.0417068004608,
0.0419619083405,
0.0281620025635,
0.0292220115662,
0.0243000984192,
0.0245501995087,
0.0316600799561,
0.0318500995636,
0.0232520103455,
0.0236818790436,
0.0265519618988,
0.0269598960876,
0.0281388759613,
0.0284659862518,
0.0234200954437,
0.0238180160522,
0.0229690074921,
0.0232608318329,
0.029923915863,
0.0301311016083,
0.0315570831299,
0.0330250263214,
0.035964012146,
0.0361368656158,
0.0310189723969,
0.0312280654907,
0.049357175827,
0.0495371818542,
0.034765958786,
0.0350730419159,
0.0366239547729,
0.0379309654236,
0.059121131897,
0.0601279735565,
0.0655109882355,
0.0671629905701,
0.0395941734314,
0.0398621559143,
0.0360159873962,
0.0362629890442,
0.0348660945892,
0.0351400375366,
0.0273189544678,
0.0276529788971,
0.0410640239716,
0.0420272350311,
0.0404601097107,
0.041552066803,
0.0296640396118,
0.0307509899139,
0.0657680034637,
0.0668561458588,
0.0458271503448,
0.0460569858551,
0.0293569564819,
0.0296158790588,
0.0297281742096,
0.0303380489349,
0.0213530063629,
0.0216109752655,
0.0278670787811,
0.0281000137329,
0.024710893631,
0.0249528884888,
0.0229859352112,
0.0232610702515,
0.0271928310394,
0.0276639461517,
0.0429458618164,
0.0438950061798,
0.0229868888855,
0.0237798690796,
0.0340778827667,
0.0344779491425,
0.0260980129242,
0.0262849330902,
0.0476248264313,
0.0479869842529,
0.0324149131775,
0.0328888893127,
0.0433969497681,
0.0437209606171,
0.0354499816895,
0.0359010696411,
0.0568020343781,
0.0571839809418,
0.0596630573273,
0.0598759651184,
0.0442399978638,
0.0446429252625,
0.0243740081787,
0.0252470970154,
0.074187040329,
0.0748379230499,
0.0236699581146,
0.0238909721375,
0.0258650779724,
0.0263369083405,
0.0231549739838,
0.0238091945648,
0.0285429954529,
0.0289318561554,
0.0240910053253,
0.0243427753448,
0.0263178348541,
0.0274579524994,
0.0217649936676,
0.0219280719757,
0.0262818336487,
0.0265119075775,
0.0371220111847,
0.0377600193024,
0.0395250320435,
0.0402839183807,
0.0558850765228,
0.0566809177399,
0.0333762168884,
0.0341291427612,
0.0346169471741,
0.0361449718475,
0.0312869548798,
0.0318539142609,
0.0681931972504,
0.068500995636,
0.0273778438568,
0.0278089046478,
0.0315101146698,
0.0323851108551,
0.0292301177979,
0.0294950008392,
0.0270800590515,
0.027281999588,
0.0304229259491,
0.0306060314178,
0.0266699790955,
0.0271229743958,
0.0259010791779,
0.0261459350586,
0.025642156601,
0.0259120464325,
0.0279150009155,
0.0287690162659,
0.0295789241791,
0.0310399532318,
0.032947063446,
0.0343050956726,
0.0307819843292,
0.0320410728455,
0.0336561203003,
0.034854888916,
0.0409278869629,
0.0427060127258,
0.0246739387512,
0.0447919368744,
0.0365889072418,
0.0374319553375,
0.0327970981598,
0.0346491336823,
0.0191149711609,
0.0195178985596,
0.0313239097595,
0.0317080020905,
0.0621731281281,
0.062352180481,
0.0345189571381,
0.034814119339,
0.0262959003448,
0.0265970230103,
0.0323898792267,
0.0328478813171,
0.0454750061035,
0.0456941127777,
0.0307428836823,
0.0312650203705,
0.0247950553894,
0.0252139568329,
0.0288591384888,
0.0291872024536,
0.0386738777161,
0.0389060974121,
0.0257868766785,
0.0260829925537,
0.0309500694275,
0.0313739776611,
0.0240249633789,
0.0265181064606,
0.0270309448242,
0.0285367965698,
0.0361199378967,
0.0370969772339,
0.0369448661804,
0.0372340679169,
0.0328540802002,
0.0332119464874,
0.0273368358612,
0.0277659893036,
0.0421190261841,
0.042533159256,
0.0464301109314,
0.0479159355164,
0.0334150791168,
0.0346779823303,
0.0278499126434,
0.0280649662018,
0.0358471870422,
0.037034034729,
0.0290451049805,
0.0293729305267,
0.023384809494,
0.024092912674,
0.0315380096436,
0.0322790145874,
0.0229198932648,
0.0236837863922,
0.0248529911041,
0.0255260467529,
0.0238969326019,
0.0244588851929,
0.024258852005,
0.0245509147644,
0.03475689888,
0.0355298519135,
0.0233120918274,
0.0240139961243,
0.0251560211182,
0.0259931087494,
0.0238020420074,
0.024640083313,
0.0233690738678,
0.0240659713745,
0.0284070968628,
0.0292820930481,
0.025838136673,
0.0266931056976,
0.0231649875641,
0.0239839553833,
0.0248248577118,
0.0257840156555,
0.0244009494781,
0.0257019996643,
0.0299770832062,
0.0308990478516,
0.0223460197449,
0.0232408046722,
0.0407950878143,
0.0423860549927,
0.0514521598816,
0.0532200336456,
0.169188976288,
0.170453071594,
0.031919002533,
0.0322301387787,
0.0346570014954,
0.035108089447,
0.0260319709778,
0.0265491008759,
0.0287048816681,
0.0293607711792,
0.0229649543762,
0.0236248970032,
0.0264739990234,
0.0273468494415,
0.0314359664917,
0.0319180488586,
0.0283219814301,
0.0286169052124,
0.0347349643707,
0.0358710289001,
0.0410192012787,
0.0438001155853,
0.021744966507,
0.0225658416748,
0.0261771678925,
0.0271999835968,
0.0214500427246,
0.0221738815308,
0.0274879932404,
0.0281479358673,
0.0231111049652,
0.0243499279022,
0.0492570400238,
0.0497310161591,
0.0157470703125,
0.0160660743713,
0.0307188034058,
0.0309388637543,
0.0236978530884,
0.0240077972412,
0.0270960330963,
0.0273430347443,
0.0262532234192,
0.0264720916748,
0.0217320919037,
0.0220370292664,
0.0258150100708,
0.0263888835907,
0.02406001091,
0.0243330001831,
0.0283069610596,
0.0286450386047,
0.0247919559479,
0.0255858898163,
0.0243759155273,
0.0251598358154,
0.0240149497986,
0.0247337818146,
0.0230679512024,
0.0234508514404,
0.0194458961487,
0.0340929031372,
0.044182062149,
0.0461959838867,
0.0374460220337,
0.0376589298248,
0.0238978862762,
0.0241949558258,
0.02126288414,
0.0214989185333,
0.0293228626251,
0.0299758911133,
0.0241630077362,
0.0244967937469,
0.0231950283051,
0.0236659049988,
0.02135014534,
0.0216031074524,
0.0246329307556,
0.0261268615723,
0.028932094574,
0.0305600166321,
0.021675825119,
0.0218830108643,
0.0272059440613,
0.0274441242218,
0.0241661071777,
0.0243961811066,
0.0291740894318,
0.0299241542816,
0.018942117691,
0.0279500484467,
0.0233590602875,
0.0237469673157,
0.0210750102997,
0.0213348865509,
0.0246238708496,
0.0252327919006,
0.0229949951172,
0.0231759548187,
0.0267839431763,
0.0272169113159,
0.024719953537,
0.025074005127,
0.0259428024292,
0.0266280174255,
0.0251541137695,
0.025416135788,
0.0253720283508,
0.0258498191833,
0.028450012207,
0.028785943985,
0.0267469882965,
0.0271668434143,
0.0302441120148,
0.0304360389709,
0.0272088050842,
0.0274848937988,
0.0269141197205,
0.0273959636688,
0.0272209644318,
0.0274920463562,
0.0304820537567,
0.0307881832123,
0.0296289920807,
0.0314409732819,
0.0310389995575,
0.0320489406586,
0.0372099876404,
0.0388970375061,
0.0282130241394,
0.02947306633,
0.0326240062714,
0.0333769321442,
0.024337053299,
0.0249729156494,
0.0275509357452,
0.0277109146118,
0.0333678722382,
0.034304857254,
0.0277650356293,
0.0290801525116,
0.0253810882568,
0.0256071090698,
0.0271310806274,
0.0274360179901,
0.0211691856384,
0.0214231014252,
0.0288450717926,
0.0298001766205,
0.0228250026703,
0.0231719017029,
0.0219371318817,
0.022390127182,
0.0275158882141,
0.0278239250183,
0.0265438556671,
0.0269889831543,
0.0272409915924,
0.0275390148163,
0.0237288475037,
0.0242688655853,
0.0260198116302,
0.0263500213623,
0.0268380641937,
0.0271120071411,
0.0279030799866,
0.0285949707031,
0.0255191326141,
0.0258650779724,
0.0313711166382,
0.0317239761353,
0.0252242088318,
0.0255351066589,
0.0317578315735,
0.031956911087,
0.0315799713135,
0.0319888591766,
0.0237669944763,
0.0245819091797,
0.0292248725891,
0.0297358036041,
0.0281920433044,
0.0288691520691,
0.0321691036224,
0.0331239700317,
0.0227928161621,
0.0230669975281,
0.0284621715546,
0.028715133667,
0.031063079834,
0.0312960147858,
0.0252358913422,
0.0255188941956,
0.0224039554596,
0.022675037384,
0.0271618366241,
0.0274739265442,
0.0233700275421,
0.0236010551453,
0.0227780342102,
0.0230939388275,
0.0226888656616,
0.0229740142822,
0.0240728855133,
0.024365901947,
0.0292088985443,
0.0304908752441,
0.0219399929047,
0.0228900909424,
0.0266358852386,
0.0268318653107,
0.0235350131989,
0.023745059967,
0.0260210037231,
0.0263290405273,
0.0291969776154,
0.0296628475189,
0.0286991596222,
0.0301899909973,
0.0263299942017,
0.0273571014404,
0.0214369297028,
0.021693944931,
0.0309970378876,
0.0317070484161,
0.0252828598022,
0.0263040065765,
0.0283370018005,
0.0289490222931,
0.0240449905396,
0.0253629684448,
0.0230720043182,
0.0243890285492,
0.037782907486,
0.0385780334473,
0.0312979221344,
0.0327360630035,
0.036563873291,
0.0368149280548,
0.0261781215668,
0.0267441272736,
0.0211899280548,
0.0215809345245,
0.0245568752289,
0.0249288082123,
0.0269060134888,
0.027232170105,
0.0250859260559,
0.0254919528961,
0.025454044342,
0.0256640911102,
0.0311090946198,
0.0314059257507,
0.0250051021576,
0.0252361297607,
0.0228140354156,
0.0230388641357,
0.0308270454407,
0.0310750007629,
0.0248470306396,
0.0253119468689,
0.0232560634613,
0.0237169265747,
0.0224959850311,
0.0227890014648,
0.0262839794159,
0.0265498161316,
0.0220820903778,
0.022274017334,
0.0239989757538,
0.0242240428925,
0.027135848999,
0.0274138450623,
0.0266869068146,
0.0269858837128,
0.0227320194244,
0.0230429172516,
0.0242109298706,
0.0245690345764,
0.0281000137329,
0.0283269882202,
0.0270199775696,
0.0275499820709,
0.0246970653534,
0.0249919891357,
0.0336630344391,
0.033931016922,
0.0271761417389,
0.0276620388031,
0.0218830108643,
0.022225856781,
0.026713848114,
0.0269777774811,
0.0259871482849,
0.0267791748047,
0.0252401828766,
0.0263509750366,
0.0243270397186,
0.0256929397583,
0.0237638950348,
0.0246059894562,
0.0229880809784,
0.0238370895386,
0.0222978591919,
0.0225238800049,
0.0527009963989,
0.0531949996948,
0.159478902817,
0.159792900085,
0.0230910778046,
0.0234820842743,
0.0230510234833,
0.0233030319214,
0.023647069931,
0.0239360332489,
0.0285520553589,
0.0287899971008,
0.0218741893768,
0.0223162174225,
0.0228598117828,
0.0231809616089,
0.0245630741119,
0.0248742103577,
0.0233778953552,
0.0238659381866,
0.04327917099,
0.0436470508575,
0.0244560241699,
0.0247359275818,
0.0139601230621,
0.0250780582428,
0.0522191524506,
0.0527760982513,
0.0700180530548,
0.0704820156097,
0.0587530136108,
0.0590240955353,
0.0598089694977,
0.0607068538666,
0.0285911560059,
0.0291409492493,
0.0803661346436,
0.0806131362915,
0.07062292099,
0.0708119869232,
0.0629758834839,
0.0635769367218,
0.0442550182343,
0.0451600551605,
0.0229301452637,
0.0234961509705,
0.059072971344,
0.0593519210815,
0.0815620422363,
0.0821759700775,
0.0529189109802,
0.0534889698029,
0.0294389724731,
0.0298838615417,
0.075446844101,
0.076043844223,
0.0810539722443,
0.0813729763031,
0.0711140632629,
0.0719850063324,
0.041522026062,
0.0420150756836,
0.0323710441589,
0.0326409339905,
0.0530438423157,
0.053808927536,
0.0730769634247,
0.0733230113983,
0.0576648712158,
0.0581789016724,
0.0463769435883,
0.0466170310974,
0.0608830451965,
0.0617940425873,
0.0710048675537,
0.0715968608856,
0.0364379882812,
0.0367059707642,
0.0256340503693,
0.0259640216827,
0.0332810878754,
0.0336170196533,
0.0242030620575,
0.0246241092682,
0.0313670635223,
0.0315818786621,
0.0254437923431,
0.0257558822632,
0.0259909629822,
0.0261859893799,
0.024355173111,
0.0245699882507,
0.0380821228027,
0.0383491516113,
0.0299000740051,
0.0308909416199,
0.0287568569183,
0.0300168991089,
0.0354409217834,
0.0363328456879,
0.025731086731,
0.0265181064606,
0.036691904068,
0.0370569229126,
0.0214059352875,
0.0216109752655,
0.0235049724579,
0.0237319469452,
0.0226051807404,
0.0228869915009,
0.0286591053009,
0.0290191173553,
0.0247340202332,
0.0249750614166,
0.0239157676697,
0.024199962616,
0.0235919952393,
0.0239009857178,
0.0334129333496,
0.0336048603058,
0.0233299732208,
0.0236749649048,
0.0223741531372,
0.0226111412048,
0.0246798992157,
0.0251388549805,
0.0286030769348,
0.0289270877838,
0.0233428478241,
0.0238070487976,
0.0232410430908,
0.0239911079407,
0.0282521247864,
0.0285880565643,
0.0286509990692,
0.0289618968964,
0.0239279270172,
0.0247209072113,
0.0249409675598,
0.0252108573914,
0.0293078422546,
0.0296239852905,
0.0259380340576,
0.0274710655212,
0.0239789485931,
0.0253078937531,
0.0292389392853,
0.0310089588165,
0.0352671146393,
0.0363211631775,
0.0274288654327,
0.0278258323669,
0.0255348682404,
0.0258388519287,
0.0281391143799,
0.028440952301,
0.0315608978271,
0.0317749977112,
0.0224599838257,
0.0229368209839,
0.0281429290771,
0.0287160873413,
0.0481750965118,
0.0490770339966,
0.0506870746613,
0.0515820980072,
0.0407340526581,
0.0410380363464,
0.0355069637299,
0.0362370014191,
0.034019947052,
0.0342290401459,
0.0439541339874,
0.0442090034485,
0.0565659999847,
0.0568180084229,
0.0545492172241,
0.0548100471497,
0.0288529396057,
0.0298089981079,
0.0438940525055,
0.0446388721466,
0.0534310340881,
0.0540971755981,
0.0749371051788,
0.075532913208,
0.0354299545288,
0.0357100963593,
0.0397410392761,
0.040020942688,
0.0772562026978,
0.0776891708374,
0.0788218975067,
0.0794520378113,
0.037407875061,
0.0377368927002,
0.0443539619446,
0.0446009635925,
0.0325150489807,
0.0330839157104,
0.0536029338837,
0.054032087326,
0.0663621425629,
0.0668840408325,
0.0670869350433,
0.067409992218,
0.044627904892,
0.0452179908752,
0.0742449760437,
0.0751349925995,
0.0337479114532,
0.0344018936157,
0.0447480678558,
0.0453479290009,
0.0357477664948,
0.0360448360443,
0.038773059845,
0.0389800071716,
0.0509428977966,
0.0520658493042,
0.0309519767761,
0.0312390327454,
0.0246410369873,
0.0249619483948,
0.0318541526794,
0.0321221351624,
0.0230820178986,
0.0235149860382,
0.024845123291,
0.0252070426941,
0.0234849452972,
0.0238890647888,
0.0223150253296,
0.0226550102234,
0.0212650299072,
0.021842956543,
0.0237939357758,
0.0240309238434,
0.0289437770844,
0.0302729606628,
0.0237340927124,
0.0239698886871,
0.0245621204376,
0.0248539447784,
0.0240669250488,
0.0243520736694,
0.0242068767548,
0.0245170593262,
0.0223350524902,
0.0227739810944,
0.0684499740601,
0.0686688423157,
0.0659990310669,
0.0663969516754,
0.075394153595,
0.075718164444,
0.0297288894653,
0.0304880142212,
0.0536770820618,
0.0539469718933,
0.0670218467712,
0.0682969093323,
0.0287280082703,
0.0315690040588,
0.0429329872131,
0.0433130264282,
0.028589963913,
0.0293579101562,
0.0366721153259,
0.0370321273804,
0.060133934021,
0.0607628822327,
0.0916769504547,
0.0921018123627,
0.0612571239471,
0.0616669654846,
0.0545980930328,
0.0584080219269,
0.0478692054749,
0.0485610961914,
0.0504419803619,
0.0510520935059,
0.0498321056366,
0.0501079559326,
0.0316410064697,
0.0319321155548,
0.0270869731903,
0.027361869812,
0.0310051441193,
0.0312750339508,
0.0331480503082,
0.0333828926086,
0.0234930515289,
0.0237488746643,
0.0316278934479,
0.0318570137024,
0.0289559364319,
0.0292308330536,
0.0256099700928,
0.0259871482849,
0.0306389331818,
0.0310170650482,
0.0691950321198,
0.0694439411163,
0.0348598957062,
0.0351738929749,
0.024246931076,
0.0245499610901,
0.0374960899353,
0.0377380847931,
0.0268590450287,
0.0271589756012,
0.0263230800629,
0.0271611213684,
0.0278398990631,
0.0297601222992,
0.0220880508423,
0.0227510929108,
0.0242660045624,
0.0245449542999,
0.0258479118347,
0.0273249149323,
0.0327908992767,
0.033077955246,
0.0446779727936,
0.0456149578094,
0.0229420661926,
0.0233380794525,
0.0246751308441,
0.0250079631805,
0.0245649814606,
0.0248119831085,
0.0485889911652,
0.0488841533661,
0.042142868042,
0.0423958301544,
0.0262629985809,
0.0267210006714,
0.023962020874,
0.0248160362244,
0.0286748409271,
0.0295588970184,
0.0298280715942,
0.0302090644836,
0.0384809970856,
0.0391600131989,
0.0576570034027,
0.0587317943573,
0.0308139324188,
0.0317740440369,
0.0293829441071,
0.0305519104004,
0.0213088989258,
0.0223479270935,
0.0247988700867,
0.025200843811,
0.0237829685211,
0.0239927768707,
0.0222351551056,
0.0224781036377,
0.0229330062866,
0.023185968399,
0.0275270938873,
0.0279409885406,
0.0244200229645,
0.0246369838715,
0.0339879989624,
0.0342059135437,
0.0225820541382,
0.0230259895325,
0.0223889350891,
0.0227429866791,
0.0266690254211,
0.0268840789795,
0.0214278697968,
0.0219159126282,
0.028284072876,
0.0286159515381,
0.0222108364105,
0.022451877594,
0.0227839946747,
0.023017168045,
0.0272641181946,
0.0277991294861,
0.0242400169373,
0.0245530605316,
0.0285079479218,
0.0289719104767,
0.0222539901733,
0.0225789546967,
0.0246870517731,
0.0249810218811,
0.0279819965363,
0.0283830165863,
0.0223739147186,
0.0227370262146,
0.0229640007019,
0.0231800079346,
0.0290129184723,
0.0295078754425,
0.0203750133514,
0.03280210495,
0.0299241542816,
0.0315170288086,
0.0229840278625,
0.0251770019531,
0.0253171920776,
0.0256869792938,
0.0283889770508,
0.0286819934845,
0.0224950313568,
0.0228869915009,
0.025200843811,
0.0257139205933,
0.0227410793304,
0.0229909420013,
0.0236151218414,
0.0238480567932,
0.0229640007019,
0.0233628749847,
0.0278329849243,
0.0282878875732,
0.0230960845947,
0.023472070694,
0.0269758701324,
0.027272939682,
0.0280458927155,
0.0283560752869,
0.0286870002747,
0.0289249420166,
0.0277819633484,
0.0282731056213,
0.0312180519104,
0.0315430164337,
0.0207521915436,
0.0209670066833,
0.0233879089355,
0.0236878395081,
0.0233771800995,
0.0236849784851,
0.0260369777679,
0.0270609855652,
0.0232779979706,
0.0245089530945,
0.0239589214325,
0.0249519348145,
0.0219190120697,
0.0226180553436,
0.0295670032501,
0.0305449962616,
0.029149055481,
0.0295288562775,
0.0366010665894,
0.0371570587158,
0.0562000274658,
0.0565490722656,
0.0366580486298,
0.0369930267334,
0.0429508686066,
0.0437858104706,
0.0490758419037,
0.0497999191284,
0.0676829814911,
0.0685698986053,
0.0820069313049,
0.0823249816895,
0.0396149158478,
0.0406258106232,
0.0141780376434,
0.0152208805084,
0.0247189998627,
0.0251200199127,
0.0249328613281,
0.0251779556274,
0.0254459381104,
0.0257050991058,
0.0230088233948,
0.0233099460602,
0.0298080444336,
0.0302309989929,
0.0223069190979,
0.0225758552551,
0.022931098938,
0.0231599807739,
0.0272090435028,
0.0274310112,
0.0236880779266,
0.025160074234,
0.0232968330383,
0.0234830379486,
0.0228469371796,
0.0230979919434,
0.0243010520935,
0.0246040821075,
0.0242800712585,
0.0245440006256,
0.0207989215851,
0.0210649967194,
0.0243508815765,
0.0246338844299,
0.0210890769958,
0.021430015564,
0.0220699310303,
0.0225319862366,
0.027382850647,
0.0275988578796,
0.0228540897369,
0.0233058929443,
0.0263319015503,
0.0266780853271,
0.0230581760406,
0.0233471393585,
0.0248420238495,
0.025074005127,
0.0239398479462,
0.0243208408356,
0.0245130062103,
0.0247330665588,
0.0285151004791,
0.0287890434265,
0.0230391025543,
0.0234241485596,
0.0263431072235,
0.0267481803894,
0.0218799114227,
0.0223739147186,
0.028697013855,
0.0289471149445,
0.0257320404053,
0.0259120464325,
0.0229489803314,
0.023374080658,
0.0243480205536,
0.0245900154114,
0.0233800411224,
0.0237219333649,
0.0277299880981,
0.0280618667603,
0.0273480415344,
0.0275409221649,
0.0251178741455,
0.0264239311218,
0.0246109962463,
0.0248460769653,
0.0230610370636,
0.0241899490356,
0.0256049633026,
0.0268499851227,
0.0227439403534,
0.0230770111084,
0.0223300457001,
0.0225892066956,
0.0251059532166,
0.0254800319672,
0.0278580188751,
0.0290260314941,
0.0239849090576,
0.0243201255798,
0.0221130847931,
0.023