0.0255830287933,
0.02619099617,
0.0416481494904,
0.0424220561981,
0.0249140262604,
0.0256509780884,
0.0383219718933,
0.0395889282227,
0.0680408477783,
0.0689928531647,
0.0287380218506,
0.0303599834442,
0.0202798843384,
0.0391190052032,
0.0337409973145,
0.034786939621,
0.0244238376617,
0.0258870124817,
0.0206871032715,
0.034942150116,
0.0304851531982,
0.0319721698761,
0.0577600002289,
0.0590600967407,
0.0267071723938,
0.0274131298065,
0.0219230651855,
0.0221629142761,
0.0245959758759,
0.0250959396362,
0.0309429168701,
0.0317990779877,
0.0241279602051,
0.0250618457794,
0.0233120918274,
0.0240800380707,
0.0244688987732,
0.0253720283508,
0.0306770801544,
0.0316588878632,
0.0265030860901,
0.0267879962921,
0.0260429382324,
0.0262968540192,
0.0252330303192,
0.025493144989,
0.0274529457092,
0.0279779434204,
0.0374019145966,
0.0376389026642,
0.0371110439301,
0.037428855896,
0.0218119621277,
0.0220248699188,
0.0309839248657,
0.031240940094,
0.0297791957855,
0.0300040245056,
0.0327749252319,
0.0330650806427,
0.028294801712,
0.0287289619446,
0.0316209793091,
0.0318601131439,
0.0255079269409,
0.025759935379,
0.0322558879852,
0.0335760116577,
0.025239944458,
0.0255990028381,
0.0224180221558,
0.0227060317993,
0.0230951309204,
0.0233931541443,
0.0290820598602,
0.0299470424652,
0.0248739719391,
0.0258369445801,
0.0302259922028,
0.0305411815643,
0.0205991268158,
0.0210092067719,
0.0237851142883,
0.0241091251373,
0.0370450019836,
0.0374150276184,
0.0554678440094,
0.0558960437775,
0.0302250385284,
0.0304489135742,
0.0357570648193,
0.0362370014191,
0.021919965744,
0.0223400592804,
0.0235559940338,
0.0239210128784,
0.0236260890961,
0.0238480567932,
0.0754339694977,
0.075973033905,
0.0331871509552,
0.0337719917297,
0.0802178382874,
0.0808818340302,
0.0322449207306,
0.033166885376,
0.0399298667908,
0.040885925293,
0.0367338657379,
0.0378909111023,
0.0390360355377,
0.0399639606476,
0.0339639186859,
0.0351319313049,
0.0287311077118,
0.0297009944916,
0.0293538570404,
0.0301609039307,
0.0250301361084,
0.0253460407257,
0.0240070819855,
0.0245630741119,
0.0225200653076,
0.0235371589661,
0.0343790054321,
0.0361700057983,
0.0426259040833,
0.0434458255768,
0.038684129715,
0.0415899753571,
0.0309059619904,
0.0315937995911,
0.0415728092194,
0.0421559810638,
0.0371098518372,
0.0376718044281,
0.0317230224609,
0.0324490070343,
0.0137228965759,
0.0305950641632,
0.0308518409729,
0.0319828987122,
0.0379040241241,
0.0386140346527,
0.0309309959412,
0.0317058563232,
0.0422801971436,
0.0428731441498,
0.0357069969177,
0.0365121364594,
0.0287079811096,
0.0294098854065,
0.0396189689636,
0.041032075882,
0.0323901176453,
0.0330171585083,
0.0174210071564,
0.0355529785156,
0.0397760868073,
0.0428171157837,
0.042496919632,
0.0434629917145,
0.0195500850677,
0.0406560897827,
0.0306990146637,
0.0315659046173,
0.021281003952,
0.0215179920197,
0.0237240791321,
0.0239479541779,
0.0229470729828,
0.0231740474701,
0.0216658115387,
0.0218818187714,
0.0237500667572,
0.0240800380707,
0.0412559509277,
0.0417368412018,
0.0533330440521,
0.0535559654236,
0.0284781455994,
0.0287511348724,
0.0276739597321,
0.028156042099,
0.0311670303345,
0.0316228866577,
0.034656047821,
0.035609960556,
0.0344178676605,
0.035502910614,
0.0310869216919,
0.0314240455627,
0.0358040332794,
0.0360209941864,
0.0291759967804,
0.0298581123352,
0.0238528251648,
0.0242550373077,
0.0260720252991,
0.0263609886169,
0.0223400592804,
0.024393081665,
0.025367975235,
0.0264050960541,
0.0242321491241,
0.0245881080627,
0.0235722064972,
0.0238921642303,
0.0261850357056,
0.0274600982666,
0.0295519828796,
0.0297811031342,
0.0254461765289,
0.0257000923157,
0.023601770401,
0.0238118171692,
0.0283482074738,
0.0319910049438,
0.0278198719025,
0.0291228294373,
0.032194852829,
0.0324330329895,
0.0391430854797,
0.0394279956818,
0.0367069244385,
0.0371868610382,
0.039097070694,
0.0397310256958,
0.13783788681,
0.138160943985,
0.0488331317902,
0.0492630004883,
0.0292391777039,
0.0303561687469,
0.0430769920349,
0.0434491634369,
0.0214920043945,
0.0218229293823,
0.0245678424835,
0.024847984314,
0.0235919952393,
0.0239720344543,
0.0257258415222,
0.0262110233307,
0.0242700576782,
0.0246222019196,
0.0241711139679,
0.0244159698486,
0.0273759365082,
0.0286650657654,
0.0226218700409,
0.0237607955933,
0.0251450538635,
0.0261991024017,
0.0237181186676,
0.0239810943604,
0.0217599868774,
0.0220539569855,
0.0374279022217,
0.0377249717712,
0.0236501693726,
0.023873090744,
0.0261569023132,
0.0264139175415,
0.029237985611,
0.0303528308868,
0.0247371196747,
0.0252020359039,
0.0217809677124,
0.0221118927002,
0.0246031284332,
0.0249581336975,
0.0243630409241,
0.0247650146484,
0.0223321914673,
0.0227301120758,
0.0256519317627,
0.0258440971375,
0.0393619537354,
0.0399730205536,
0.0293431282043,
0.0303812026978,
0.0348541736603,
0.0356040000916,
0.0340099334717,
0.0347990989685,
0.031210899353,
0.0317499637604,
0.0320451259613,
0.0329580307007,
0.0332000255585,
0.0336720943451,
0.0242788791656,
0.0255930423737,
0.021950006485,
0.022784948349,
0.0289950370789,
0.0303158760071,
0.0243148803711,
0.025074005127,
0.0215950012207,
0.022540807724,
0.0228400230408,
0.0240950584412,
0.022705078125,
0.0241711139679,
0.0256640911102,
0.0258800983429,
0.0261399745941,
0.0264558792114,
0.0232918262482,
0.024650812149,
0.0248138904572,
0.0259969234467,
0.026239156723,
0.0270531177521,
0.0272860527039,
0.0285501480103,
0.0252139568329,
0.0261631011963,
0.0227839946747,
0.0242149829865,
0.0242459774017,
0.0259308815002,
0.0253858566284,
0.0270159244537,
0.027116060257,
0.0287170410156,
0.031014919281,
0.031201839447,
0.0271708965302,
0.0274369716644,
0.0280508995056,
0.0282959938049,
0.0249600410461,
0.0252242088318,
0.0247180461884,
0.0250799655914,
0.0231521129608,
0.023430109024,
0.024307012558,
0.0245361328125,
0.0321609973907,
0.032604932785,
0.0242309570312,
0.0245280265808,
0.0345900058746,
0.0348479747772,
0.17297911644,
0.173537969589,
0.0498909950256,
0.0506339073181,
0.0402200222015,
0.0415089130402,
0.0438849925995,
0.0448548793793,
0.057657957077,
0.0583338737488,
0.030876159668,
0.0317649841309,
0.0274481773376,
0.0286951065063,
0.0321440696716,
0.0333950519562,
0.0384109020233,
0.03972697258,
0.0223908424377,
0.023295879364,
0.0282561779022,
0.0294530391693,
0.0338010787964,
0.035336971283,
0.031769990921,
0.0334298610687,
0.0284838676453,
0.0299899578094,
0.0258169174194,
0.0260560512543,
0.0546100139618,
0.0551469326019,
0.0673439502716,
0.0682299137115,
0.0691390037537,
0.0700800418854,
0.0295770168304,
0.0302090644836,
0.028443813324,
0.0294749736786,
0.0375738143921,
0.0379929542542,
0.0234010219574,
0.0237820148468,
0.0121099948883,
0.0256550312042,
0.0225310325623,
0.0228159427643,
0.0242049694061,
0.0252010822296,
0.0233199596405,
0.0242450237274,
0.0232071876526,
0.0246040821075,
0.0329098701477,
0.0349087715149,
0.0338318347931,
0.0348119735718,
0.0283560752869,
0.0294880867004,
0.0364289283752,
0.0377669334412,
0.0344710350037,
0.0358941555023,
0.0363719463348,
0.0377278327942,
0.0281429290771,
0.029618024826,
0.0355710983276,
0.036985874176,
0.0323660373688,
0.0332090854645,
0.0397920608521,
0.0468308925629,
0.0372729301453,
0.0375640392303,
0.0501530170441,
0.0506150722504,
0.0267732143402,
0.0270709991455,
0.0314581394196,
0.0319390296936,
0.0356450080872,
0.0359399318695,
0.0341379642487,
0.0343298912048,
0.0331118106842,
0.033353805542,
0.0263590812683,
0.0277030467987,
0.0346949100494,
0.0362799167633,
0.0352458953857,
0.0364339351654,
0.0349059104919,
0.0351250171661,
0.0318620204926,
0.0321969985962,
0.032732963562,
0.0329461097717,
0.0323719978333,
0.0325880050659,
0.0308899879456,
0.0311100482941,
0.0294589996338,
0.0298371315002,
0.0420808792114,
0.0423018932343,
0.0304770469666,
0.0308239459991,
0.0493512153625,
0.0495870113373,
0.0224869251251,
0.0227379798889,
0.0305509567261,
0.0308170318604,
0.0314269065857,
0.0316469669342,
0.0312268733978,
0.0315308570862,
0.0307729244232,
0.0309998989105,
0.0302350521088,
0.030552148819,
0.0314729213715,
0.0317440032959,
0.0311710834503,
0.0313560962677,
0.0346231460571,
0.034853219986,
0.0289239883423,
0.0291440486908,
0.0321550369263,
0.0325000286102,
0.0382671356201,
0.0386071205139,
0.0335459709167,
0.0339071750641,
0.0261330604553,
0.0265171527863,
0.0303702354431,
0.0311641693115,
0.0246050357819,
0.0258779525757,
0.027419090271,
0.0279929637909,
0.0265529155731,
0.0272610187531,
0.0428991317749,
0.0440030097961,
0.0254311561584,
0.0261850357056,
0.029639005661,
0.0303108692169,
0.0224599838257,
0.0231239795685,
0.0224092006683,
0.0233311653137,
0.0235440731049,
0.0245661735535,
0.0238840579987,
0.0249700546265,
0.0255630016327,
0.0262970924377,
0.0238299369812,
0.0245039463043,
0.032222032547,
0.0325419902802,
0.0240948200226,
0.0251138210297,
0.0312540531158,
0.0320119857788,
0.0214810371399,
0.0222301483154,
0.0280771255493,
0.029541015625,
0.0235998630524,
0.0241758823395,
0.0249538421631,
0.0262429714203,
0.0287828445435,
0.0296249389648,
0.0307838916779,
0.0311448574066,
0.0260879993439,
0.0268490314484,
0.0254058837891,
0.0257439613342,
0.0247869491577,
0.0257189273834,
0.120670080185,
0.121075868607,
0.0262899398804,
0.026517868042,
0.0328269004822,
0.033106803894,
0.0216979980469,
0.0220949649811,
0.0308721065521,
0.0311250686646,
0.0294921398163,
0.0297870635986,
0.0366041660309,
0.036936044693,
0.0274991989136,
0.0279040336609,
0.0274090766907,
0.027724981308,
0.0261759757996,
0.0266289710999,
0.0282900333405,
0.028608083725,
0.03586602211,
0.0360791683197,
0.0336408615112,
0.0340168476105,
0.0313200950623,
0.0315680503845,
0.042487859726,
0.0428700447083,
0.0535669326782,
0.0538599491119,
0.0273160934448,
0.0287671089172,
0.0266530513763,
0.0281431674957,
0.0276319980621,
0.0280170440674,
0.0230319499969,
0.0238969326019,
0.0293748378754,
0.0297429561615,
0.0270509719849,
0.0273399353027,
0.0358610153198,
0.0360748767853,
0.0326919555664,
0.0329258441925,
0.0258691310883,
0.027134180069,
0.0223670005798,
0.0234069824219,
0.0328178405762,
0.0342168807983,
0.0288181304932,
0.0302109718323,
0.0298879146576,
0.0487949848175,
0.0139281749725,
0.0141429901123,
0.0272347927094,
0.0275039672852,
0.0218498706818,
0.0220880508423,
0.0700118541718,
0.0704998970032,
0.0598759651184,
0.0604150295258,
0.0234391689301,
0.0243442058563,
0.030699968338,
0.0312278270721,
0.0253279209137,
0.025603055954,
0.0335278511047,
0.0344159603119,
0.0221300125122,
0.0227420330048,
0.0229771137238,
0.0237789154053,
0.0271248817444,
0.0282068252563,
0.0339558124542,
0.0361847877502,
0.0333149433136,
0.0341169834137,
0.0245800018311,
0.0254020690918,
0.0433099269867,
0.0444231033325,
0.0332741737366,
0.0340812206268,
0.0310690402985,
0.032154083252,
0.0521337985992,
0.0527958869934,
0.0266091823578,
0.0277960300446,
0.0252749919891,
0.0269560813904,
0.0231878757477,
0.0248599052429,
0.0237550735474,
0.0246901512146,
0.0397689342499,
0.0402908325195,
0.0252180099487,
0.0254890918732,
0.0269420146942,
0.0272798538208,
0.0308649539948,
0.031457901001,
0.0286412239075,
0.029639005661,
0.0247881412506,
0.025062084198,
0.0245881080627,
0.0271911621094,
0.04048204422,
0.0414371490479,
0.0278799533844,
0.0288479328156,
0.0252089500427,
0.0260319709778,
0.0254409313202,
0.0262539386749,
0.0289859771729,
0.0296440124512,
0.0239210128784,
0.0242130756378,
0.020956993103,
0.021359205246,
0.0271759033203,
0.0274479389191,
0.0257098674774,
0.0268838405609,
0.0250761508942,
0.0261151790619,
0.0345239639282,
0.0357959270477,
0.0589928627014,
0.0604429244995,
0.0332601070404,
0.0343930721283,
0.0447371006012,
0.0458149909973,
0.0281989574432,
0.0291810035706,
0.043075799942,
0.0436768531799,
0.0470778942108,
0.0480170249939,
0.0368039608002,
0.0377070903778,
0.0255150794983,
0.0259771347046,
0.0597550868988,
0.0610289573669,
0.0318899154663,
0.0330369472504,
0.0255620479584,
0.0258510112762,
0.0269010066986,
0.0273480415344,
0.0236778259277,
0.0239419937134,
0.0237650871277,
0.0247609615326,
0.021723985672,
0.0225350856781,
0.0236098766327,
0.0239610671997,
0.0324800014496,
0.032989025116,
0.0232448577881,
0.0234608650208,
0.0208420753479,
0.0211749076843,
0.0242569446564,
0.0244598388672,
0.0236520767212,
0.0239319801331,
0.0293960571289,
0.0297040939331,
0.0264959335327,
0.0266900062561,
0.0215539932251,
0.021931886673,
0.023236989975,
0.023490190506,
0.0290729999542,
0.0292899608612,
0.0228049755096,
0.0233199596405,
0.0295219421387,
0.0297598838806,
0.0230767726898,
0.0233979225159,
0.0222780704498,
0.022528886795,
0.0281851291656,
0.028412103653,
0.0233910083771,
0.0237879753113,
0.0279099941254,
0.0290689468384,
0.0288529396057,
0.0297338962555,
0.0254878997803,
0.0267040729523,
0.0259811878204,
0.0263221263885,
0.0386908054352,
0.0401217937469,
0.0228459835052,
0.023167848587,
0.0242640972137,
0.0245130062103,
0.0235810279846,
0.0238840579987,
0.0224120616913,
0.0228579044342,
0.0271689891815,
0.0282158851624,
0.0231740474701,
0.0243310928345,
0.0245740413666,
0.0255479812622,
0.0286819934845,
0.0291550159454,
0.0209760665894,
0.021213054657,
0.0282809734344,
0.0287179946899,
0.0239479541779,
0.0242619514465,
0.0232439041138,
0.0235059261322,
0.0213890075684,
0.0216498374939,
0.0277628898621,
0.0280110836029,
0.0226888656616,
0.0238268375397,
0.0249810218811,
0.0260140895844,
0.0216910839081,
0.0221030712128,
0.0231099128723,
0.0234348773956,
0.0217671394348,
0.0220241546631,
0.0224800109863,
0.0228199958801,
0.0312321186066,
0.03147315979,
0.0233881473541,
0.0243442058563,
0.0240330696106,
0.0248589515686,
0.0293350219727,
0.0305421352386,
0.027398109436,
0.0284371376038,
0.0268070697784,
0.0282111167908,
0.0238618850708,
0.0248260498047,
0.0332040786743,
0.0344581604004,
0.0228319168091,
0.0230209827423,
0.0223309993744,
0.0226330757141,
0.0242519378662,
0.0245490074158,
0.0214998722076,
0.0218698978424,
0.0221412181854,
0.0223162174225,
0.0285940170288,
0.029107093811,
0.0236401557922,
0.0246059894562,
0.0248880386353,
0.0261268615723,
0.026918888092,
0.0272159576416,
0.0252349376678,
0.0255169868469,
0.0245490074158,
0.0250489711761,
0.0228629112244,
0.0231068134308,
0.023179769516,
0.0235419273376,
0.0250301361084,
0.025356054306,
0.0278089046478,
0.0280630588531,
0.0271379947662,
0.0275981426239,
0.0248050689697,
0.025074005127,
0.0232830047607,
0.0237121582031,
0.0210130214691,
0.0213661193848,
0.0247361660004,
0.0250070095062,
0.0235660076141,
0.0238509178162,
0.0229930877686,
0.0232970714569,
0.0231108665466,
0.0233428478241,
0.0223071575165,
0.0232219696045,
0.0249128341675,
0.0251939296722,
0.0246970653534,
0.0250120162964,
0.0285651683807,
0.0288510322571,
0.0243039131165,
0.0246758460999,
0.0270998477936,
0.0274868011475,
0.0245940685272,
0.0249330997467,
0.0283110141754,
0.0291249752045,
0.0228068828583,
0.0237500667572,
0.0251820087433,
0.0265719890594,
0.0356290340424,
0.0363709926605,
0.024022102356,
0.0257799625397,
0.0225660800934,
0.0235850811005,
0.0233509540558,
0.0243299007416,
0.0242230892181,
0.0252389907837,
0.0242908000946,
0.0253767967224,
0.0276820659637,
0.0288519859314,
0.0374710559845,
0.0377359390259,
0.0247991085052,
0.0250670909882,
0.0265049934387,
0.0269479751587,
0.0787229537964,
0.078971862793,
0.0251111984253,
0.0254111289978,
0.0270509719849,
0.0272228717804,
0.0243570804596,
0.0246160030365,
0.0311889648438,
0.03165102005,
0.0247950553894,
0.0250818729401,
0.0240697860718,
0.024297952652,
0.0235800743103,
0.0237860679626,
0.028745174408,
0.0299000740051,
0.0239560604095,
0.0255689620972,
0.0288589000702,
0.029159784317,
0.0259850025177,
0.0263259410858,
0.0304300785065,
0.0307559967041,
0.0802690982819,
0.0806751251221,
0.0240390300751,
0.0243630409241,
0.0328919887543,
0.0338249206543,
0.0235209465027,
0.0245299339294,
0.0248639583588,
0.0264189243317,
0.0346970558167,
0.0357031822205,
0.0244059562683,
0.0252590179443,
0.0241179466248,
0.0253789424896,
0.0311460494995,
0.0320808887482,
0.023265838623,
0.0234549045563,
0.0228378772736,
0.0232648849487,
0.0293810367584,
0.029736995697,
0.0272588729858,
0.0274858474731,
0.0246870517731,
0.0249681472778,
0.0236740112305,
0.0240049362183,
0.0230798721313,
0.0233898162842,
0.0235118865967,
0.0250890254974,
0.0342378616333,
0.0351858139038,
0.022716999054,
0.023754119873,
0.0247120857239,
0.0259580612183,
0.0273191928864,
0.0287320613861,
0.0343408584595,
0.0352990627289,
0.0295860767365,
0.0307660102844,
0.0321869850159,
0.0324721336365,
0.0238528251648,
0.0257108211517,
0.0234620571136,
0.0246181488037,
0.0236840248108,
0.0249040126801,
0.0248229503632,
0.0258860588074,
0.0250430107117,
0.0252459049225,
0.0276520252228,
0.0281710624695,
0.0320332050323,
0.0327641963959,
0.023736000061,
0.0247600078583,
0.0235249996185,
0.0242509841919,
0.0254189968109,
0.026407957077,
0.0242550373077,
0.0250859260559,
0.0283689498901,
0.0290868282318,
0.0243358612061,
0.0249979496002,
0.0312700271606,
0.0324730873108,
0.0349841117859,
0.0354640483856,
0.0275712013245,
0.027859210968,
0.0309929847717,
0.0313289165497,
0.0346789360046,
0.0349309444427,
0.022057056427,
0.0222969055176,
0.0287969112396,
0.0290720462799,
0.033506155014,
0.0344560146332,
0.0543320178986,
0.0545229911804,
0.0292999744415,
0.0299220085144,
0.0234110355377,
0.0240550041199,
0.03276014328,
0.0329430103302,
0.0285520553589,
0.028795003891,
0.0279750823975,
0.0283751487732,
0.0332188606262,
0.0335929393768,
0.0318379402161,
0.0321528911591,
0.0450041294098,
0.0452151298523,
0.0228691101074,
0.0231530666351,
0.033294916153,
0.033665895462,
0.035197019577,
0.0353689193726,
0.0313699245453,
0.031583070755,
0.0281901359558,
0.0284690856934,
0.0316188335419,
0.0318870544434,
0.0330498218536,
0.0332708358765,
0.0288460254669,
0.0298480987549,
0.027909040451,
0.0281040668488,
0.0328152179718,
0.0330951213837,
0.0319969654083,
0.0325610637665,
0.0255541801453,
0.0257630348206,
0.0314180850983,
0.0333230495453,
0.0329320430756,
0.0342168807983,
0.0325310230255,
0.0333008766174,
0.0254309177399,
0.026134967804,
0.0234961509705,
0.0243589878082,
0.0241270065308,
0.0244219303131,
0.0211901664734,
0.0215101242065,
0.0219149589539,
0.0222539901733,
0.0231218338013,
0.0232999324799,
0.0211160182953,
0.0215308666229,
0.0233330726624,
0.0236370563507,
0.025111913681,
0.0260689258575,
0.0227420330048,
0.0241959095001,
0.024040222168,
0.0252170562744,
0.0213310718536,
0.0226409435272,
0.0245780944824,
0.0248401165009,
0.0232031345367,
0.0234651565552,
0.0250959396362,
0.0253489017487,
0.0236179828644,
0.0239520072937,
0.0214760303497,
0.0217559337616,
0.0272300243378,
0.0275020599365,
0.117829799652,
0.118685007095,
0.02845287323,
0.0291259288788,
0.0447368621826,
0.0463309288025,
0.0331909656525,
0.0337870121002,
0.0296070575714,
0.0300841331482,
0.0304610729218,
0.0311698913574,
0.036180973053,
0.0369110107422,
0.0293109416962,
0.0302758216858,
0.0277421474457,
0.0289540290833,
0.0331048965454,
0.0333340167999,
0.0305368900299,
0.030907869339,
0.0278239250183,
0.0282318592072,
0.0216081142426,
0.0223579406738,
0.0315971374512,
0.0324649810791,
0.0266799926758,
0.0273039340973,
0.0216071605682,
0.0223679542542,
0.0252420902252,
0.0260031223297,
0.027517080307,
0.0282790660858,
0.0233829021454,
0.0241429805756,
0.0262219905853,
0.026526927948,
0.0260770320892,
0.0270760059357,
0.0236210823059,
0.024453163147,
0.0304579734802,
0.0315399169922,
0.0228400230408,
0.0239179134369,
0.0261700153351,
0.0265789031982,
0.0340828895569,
0.0354359149933,
0.0259518623352,
0.0272390842438,
0.065455198288,
0.0658040046692,
0.0253429412842,
0.0255889892578,
0.0283441543579,
0.028596162796,
0.0307040214539,
0.0311028957367,
0.0314071178436,
0.0318670272827,
0.0322818756104,
0.0326070785522,
0.0286800861359,
0.0296709537506,
0.025857925415,
0.0267078876495,
0.0283861160278,
0.0293180942535,
0.0370280742645,
0.0382390022278,
0.0231931209564,
0.0239322185516,
0.0298640727997,
0.0309610366821,
0.0337870121002,
0.0349102020264,
0.0300669670105,
0.0308120250702,
0.0335478782654,
0.0343689918518,
0.0328421592712,
0.0337312221527,
0.0316319465637,
0.0325229167938,
0.0288269519806,
0.0298199653625,
0.0300521850586,
0.0309112071991,
0.0276260375977,
0.0282990932465,
0.0333688259125,
0.0344967842102,
0.0323948860168,
0.0332908630371,
0.0303659439087,
0.0318689346313,
0.0350081920624,
0.0365769863129,
0.0298829078674,
0.0325629711151,
0.0276980400085,
0.028862953186,
0.0284380912781,
0.0286810398102,
0.0251879692078,
0.0266101360321,
0.0320310592651,
0.0322360992432,
0.0333797931671,
0.0337519645691,
0.0343279838562,
0.0357811450958,
0.0232238769531,
0.0236060619354,
0.0212910175323,
0.021537065506,
0.024927854538,
0.0252270698547,
0.0232498645782,
0.0245869159698,
0.0265481472015,
0.0269989967346,
0.0348210334778,
0.0352101325989,
0.0373702049255,
0.0383200645447,
0.0273199081421,
0.0287079811096,
0.023087978363,
0.0234169960022,
0.022540807724,
0.0227558612823,
0.0236389636993,
0.0238680839539,
0.0250098705292,
0.0254170894623,
0.0248289108276,
0.0262699127197,
0.0335240364075,
0.0341989994049,
0.0277070999146,
0.0280480384827,
0.0350430011749,
0.0354700088501,
0.0317900180817,
0.0320200920105,
0.0247559547424,
0.0250430107117,
0.025141954422,
0.0255129337311,
0.0326070785522,
0.0327899456024,
0.0220050811768,
0.0223069190979,
0.0255360603333,
0.0259370803833,
0.0228328704834,
0.0231959819794,
0.0227150917053,
0.0230159759521,
0.0252020359039,
0.0264852046967,
0.0236320495605,
0.023894071579,
0.0210971832275,
0.0213050842285,
0.0447800159454,
0.0462138652802,
0.0279650688171,
0.0289280414581,
0.0307650566101,
0.0342819690704,
0.0388178825378,
0.0397989749908,
0.0404920578003,
0.0408179759979,
0.0247349739075,
0.0249638557434,
0.0242440700531,
0.024600982666,
0.0266861915588,
0.0269219875336,
0.0243639945984,
0.0246598720551,
0.0232789516449,
0.0235288143158,
0.0291788578033,
0.0294349193573,
0.0265009403229,
0.0268039703369,
0.026428937912,
0.0266168117523,
0.023325920105,
0.0235719680786,
0.0248219966888,
0.025053024292,
0.0323610305786,
0.0328290462494,
0.0512051582336,
0.0515370368958,
0.0750560760498,
0.0752749443054,
0.039039850235,
0.0393199920654,
0.0261080265045,
0.0264921188354,
0.0242249965668,
0.0245192050934,
0.0295140743256,
0.0307559967041,
0.0308699607849,
0.0310680866241,
0.0232479572296,
0.0236730575562,
0.0222339630127,
0.0226030349731,
0.025671005249,
0.0263061523438,
0.0216319561005,
0.0218980312347,
0.0319039821625,
0.0322418212891,
0.0228550434113,
0.0237200260162,
0.0261559486389,
0.0269639492035,
0.024708032608,
0.0249500274658,
0.0240409374237,
0.0245010852814,
0.0300278663635,
0.0307519435883,
0.0238327980042,
0.0241539478302,
0.0240650177002,
0.0250341892242,
0.0282979011536,
0.0288310050964,
0.0219538211823,
0.022558927536,
0.025915145874,
0.0262701511383,
0.0281291007996,
0.0284960269928,
0.0342230796814,
0.035003900528,
0.0230031013489,
0.0232720375061,
0.0236480236053,
0.0247890949249,
0.0247359275818,
0.0250279903412,
0.0267388820648,
0.0283870697021,
0.0331370830536,
0.0333139896393,
0.0214550495148,
0.0217111110687,
0.0217769145966,
0.0219950675964,
0.0273749828339,
0.0276629924774,
0.0252089500427,
0.0256559848785,
0.0216379165649,
0.0219008922577,
0.0265729427338,
0.0269649028778,
0.0235748291016,
0.023866891861,
0.0254878997803,
0.0257339477539,
0.0225110054016,
0.0227320194244,
0.0290169715881,
0.0297539234161,
0.0296528339386,
0.0303280353546,
0.023775100708,
0.0246741771698,
0.0276839733124,
0.0279879570007,
0.0246438980103,
0.025486946106,
0.0275809764862,
0.0279359817505,
0.0264639854431,
0.0266828536987,
0.0283329486847,
0.0286228656769,
0.0232870578766,
0.0235779285431,
0.0229818820953,
0.0231668949127,
0.59318113327,
0.594536066055,
0.0461790561676,
0.0468990802765,
0.0253489017487,
0.0262489318848,
0.108916044235,
0.110784053802,
0.0386681556702,
0.0397491455078,
0.0816419124603,
0.0826108455658,
0.120526075363,
0.121116161346,
0.0215590000153,
0.0226061344147,
0.0293779373169,
0.0299971103668,
0.0307171344757,
0.0323071479797,
0.0249288082123,
0.0260639190674,
0.0285768508911,
0.0293929576874,
0.0136561393738,
0.0283560752869,
0.0249969959259,
0.026223897934,
0.0292139053345,
0.0299429893494,
0.0301268100739,
0.0310258865356,
0.0320990085602,
0.0342769622803,
0.044753074646,
0.0450351238251,
0.0307137966156,
0.0309348106384,
0.0310997962952,
0.0315709114075,
0.0375120639801,
0.037810087204,
0.0302698612213,
0.030524969101,
0.0282511711121,
0.0291051864624,
0.0266389846802,
0.0270318984985,
0.0506329536438,
0.0512931346893,
0.0322690010071,
0.0329730510712,
0.0311720371246,
0.0322518348694,
0.0815091133118,
0.0821690559387,
0.022675037384,
0.0236990451813,
0.031888961792,
0.0323879718781,
0.0229821205139,
0.023225069046,
0.0539329051971,
0.0541307926178,
0.0225949287415,
0.0230309963226,
0.0337040424347,
0.0342750549316,
0.0398900508881,
0.0401840209961,
0.0243999958038,
0.0254778862,
0.0322539806366,
0.033411026001,
0.0236940383911,
0.0248641967773,
0.0361728668213,
0.0372099876404,
0.0460500717163,
0.0468699932098,
0.0297980308533,
0.0305030345917,
0.0340859889984,
0.0357360839844,
0.0292019844055,
0.0300159454346,
0.0350570678711,
0.0358169078827,
0.028538942337,
0.0291619300842,
0.0325469970703,
0.0334281921387,
0.0323657989502,
0.0332138538361,
0.0323359966278,
0.0337738990784,
0.0378129482269,
0.0394189357758,
0.0378980636597,
0.0394279956818,
0.0289149284363,
0.0298600196838,
0.0300559997559,
0.0302829742432,
0.0310020446777,
0.0313060283661,
0.0218617916107,
0.0221118927002,
0.030580997467,
0.0308091640472,
0.0384819507599,
0.0391819477081,
0.0249087810516,
0.0252318382263,
0.0301349163055,
0.0303819179535,
0.023766040802,
0.0240519046783,
0.0286030769348,
0.0288619995117,
0.022224187851,
0.0225901603699,
0.0289220809937,
0.0291750431061,
0.0235559940338,
0.0241498947144,
0.0302910804749,
0.0311489105225,
0.0288350582123,
0.0290758609772,
0.0275371074677,
0.028342962265,
0.0324800014496,
0.036092042923,
0.0230710506439,
0.0239188671112,
0.0307879447937,
0.0315570831299,
0.0200049877167,
0.037761926651,
0.0406711101532,
0.0424180030823,
0.0268959999084,
0.0272920131683,
0.0265338420868,
0.0271480083466,
0.0272479057312,
0.0275099277496,
0.0293929576874,
0.0303521156311,
0.0319640636444,
0.0326101779938,
0.0258929729462,
0.0265040397644,
0.0232350826263,
0.0235779285431,
0.0260510444641,
0.0264029502869,
0.0285270214081,
0.0288400650024,
0.0257339477539,
0.0260260105133,
0.026762008667,
0.0271689891815,
0.0232470035553,
0.023540019989,
0.0334448814392,
0.0336768627167,
0.0315361022949,
0.0318169593811,
0.0347080230713,
0.0349740982056,
0.0325119495392,
0.0326919555664,
0.0370409488678,
0.0372469425201,
0.0308680534363,
0.0312840938568,
0.0255110263824,
0.0257210731506,
0.0284101963043,
0.028626203537,
0.0325829982758,
0.0328049659729,
0.0263228416443,
0.0273969173431,
0.0337879657745,
0.0347900390625,
0.02960896492,
0.0309419631958,
0.0378301143646,
0.0389289855957,
0.0267150402069,
0.0298969745636,
0.0258259773254,
0.0267469882965,
0.0639719963074,
0.0650160312653,
0.0331330299377,
0.0346369743347,
0.0226459503174,
0.0237929821014,
0.0778419971466,
0.0786488056183,
0.0309629440308,
0.0311958789825,
0.035425901413,
0.0356729030609,
0.0260009765625,
0.0264270305634,
0.0284531116486,
0.0287079811096,
0.0252459049225,
0.0255479812622,
0.0326890945435,
0.0330560207367,
0.0294668674469,
0.0297858715057,
0.0275018215179,
0.0277428627014,
0.0322721004486,
0.0326418876648,
0.0340399742126,
0.034245967865,
0.0340480804443,
0.0354731082916,
0.0272879600525,
0.0275020599365,
0.029492855072,
0.0296809673309,
0.0457651615143,
0.0468151569366,
0.0239999294281,
0.0248689651489,
0.0299949645996,
0.0307710170746,
0.0221629142761,
0.0232920646667,
0.0283801555634,
0.0331370830536,
0.0315539836884,
0.0325181484222,
0.0294361114502,
0.0306220054626,
0.032420873642,
0.0340909957886,
0.0306189060211,
0.031033039093,
0.0272529125214,
0.0274660587311,
0.0284299850464,
0.0286779403687,
0.027116060257,
0.0274560451508,
0.0273950099945,
0.0275800228119,
0.0574309825897,
0.0578739643097,
0.065554857254,
0.0658459663391,
0.0320799350739,
0.0324289798737,
0.0220019817352,
0.0222589969635,
0.0220499038696,
0.0224668979645,
0.0300271511078,
0.0303411483765,
0.0288169384003,
0.0291540622711,
0.030476808548,
0.0306949615479,
0.0316400527954,
0.0318541526794,
0.0372979640961,
0.0375049114227,
0.0251019001007,
0.0259389877319,
0.027724981308,
0.0287008285522,
0.0235590934753,
0.0250511169434,
0.027633190155,
0.0289170742035,
0.0272669792175,
0.0286920070648,
0.0257658958435,
0.0260989665985,
0.0284399986267,
0.0287809371948,
0.0267648696899,
0.0271089076996,
0.024139881134,
0.0243499279022,
0.0222580432892,
0.022579908371,
0.0224950313568,
0.0227789878845,
0.0373558998108,
0.0376279354095,
0.0288879871368,
0.0293118953705,
0.0281898975372,
0.0283699035645,
0.0233519077301,
0.0238189697266,
0.0454790592194,
0.0457770824432,
0.0343651771545,
0.0347700119019,
0.0336711406708,
0.0338699817657,
0.0302429199219,
0.0305099487305,
0.0236129760742,
0.0238029956818,
0.025279045105,
0.0256018638611,
0.0237319469452,
0.0240120887756,
0.0248370170593,
0.0257639884949,
0.0272469520569,
0.0281181335449,
0.0309011936188,
0.0313181877136,
0.0293128490448,
0.0296928882599,
0.0283451080322,
0.0286240577698,
0.0303258895874,
0.0307109355927,
0.028557062149,
0.0290079116821,
0.02374792099,
0.0239260196686,
0.0334160327911,
0.0336999893188,
0.0283811092377,
0.0286450386047,
0.0272948741913,
0.0276579856873,
0.0353510379791,
0.0356171131134,
0.0234289169312,
0.0243029594421,
0.032753944397,
0.0344929695129,
0.0343379974365,
0.034646987915,
0.0310411453247,
0.0312969684601,
0.0287671089172,
0.0290791988373,
0.0294599533081,
0.0296540260315,
0.0302221775055,
0.0304090976715,
0.0295209884644,
0.0297958850861,
0.0222499370575,
0.0226299762726,
0.0224599838257,
0.02281498909,
0.0297100543976,
0.0298972129822,
0.0325648784637,
0.0338468551636,
0.031956911087,
0.0336420536041,
0.0272340774536,
0.0289330482483,
0.0290801525116,
0.0293581485748,
0.0287449359894,
0.0290567874908,
0.0390889644623,
0.0393109321594,
0.0330948829651,
0.0334579944611,
0.0300908088684,
0.0303099155426,
0.0334420204163,
0.0337982177734,
0.0285890102386,
0.0288970470428,
0.0382061004639,
0.0385282039642,
0.031229019165,
0.0314798355103,
0.0310719013214,
0.0312609672546,
0.0331308841705,
0.0334279537201,
0.0303599834442,
0.030651807785,
0.0241389274597,
0.0245938301086,
0.0308678150177,
0.0311470031738,
0.0259749889374,
0.0263388156891,
0.037367105484,
0.0375959873199,
0.0246319770813,
0.0249729156494,
0.0237638950348,
0.0239708423615,
0.0263590812683,
0.0266139507294,
0.0294070243835,
0.0296630859375,
0.0289459228516,
0.0292730331421,
0.0294799804688,
0.030778169632,
0.0237350463867,
0.0247800350189,
0.0297510623932,
0.0308971405029,
0.0324678421021,
0.0327649116516,
0.0238881111145,
0.0243480205536,
0.027440071106,
0.028048992157,
0.0288589000702,
0.0297889709473,
0.0394220352173,
0.039803981781,
0.0284659862518,
0.0287868976593,
0.0273058414459,
0.0277659893036,
0.0343060493469,
0.0345509052277,
0.0263180732727,
0.0265231132507,
0.0285670757294,
0.0288610458374,
0.0232858657837,
0.0236330032349,
0.0336201190948,
0.033872127533,
0.0238890647888,
0.0241410732269,
0.0224978923798,
0.02286195755,
0.0263850688934,
0.0266110897064,
0.0201411247253,
0.0203931331635,
0.0332279205322,
0.0334868431091,
0.0291550159454,
0.0294399261475,
0.0278880596161,
0.0281779766083,
0.0311501026154,
0.0322601795197,
0.0234229564667,
0.0236649513245,
0.0289368629456,
0.0292570590973,
0.0232119560242,
0.0239231586456,
0.0252470970154,
0.025680065155,
0.0287709236145,
0.0295310020447,
0.0358810424805,
0.0361161231995,
0.0274229049683,
0.0276470184326,
0.0233750343323,
0.0238139629364,
0.0285329818726,
0.0292510986328,
0.0232691764832,
0.0237522125244,
0.0224061012268,
0.0235650539398,
0.0260770320892,
0.0267782211304,
0.0228991508484,
0.0231001377106,
0.0228312015533,
0.0231142044067,
0.0287461280823,
0.0289800167084,
0.0295190811157,
0.0298671722412,
0.03062915802,
0.0316960811615,
0.026230096817,
0.0268468856812,
0.0278000831604,
0.0290520191193,
0.026035785675,
0.0274488925934,
0.0275158882141,
0.0286028385162,
0.0219051837921,
0.022821187973,
0.0301539897919,
0.0303640365601,
0.0229341983795,
0.0232141017914,
0.0251500606537,
0.0256600379944,
0.0227057933807,
0.0229439735413,
0.023010969162,
0.0246081352234,
0.023796081543,
0.0251550674438,
0.0253708362579,
0.0264389514923,
0.024994134903,
0.0261449813843,
0.0293688774109,
0.0309038162231,
0.0252029895782,
0.0268571376801,
0.0264921188354,
0.0275540351868,
0.0347480773926,
0.0349929332733,
0.0245409011841,
0.0248830318451,
0.0252211093903,
0.0255041122437,
0.0306439399719,
0.0309641361237,
0.0218451023102,
0.0223090648651,
0.0208110809326,
0.0211551189423,
0.0217669010162,
0.0220119953156,
0.0233271121979,
0.0234999656677,
0.0311889648438,
0.0314049720764,
0.0229477882385,
0.0232148170471,
0.0249161720276,
0.0251631736755,
0.02849817276,
0.0290241241455,
0.0259349346161,
0.0261709690094,
0.0231869220734,
0.0235140323639,
0.0225291252136,
0.0228221416473,
0.022843837738,
0.0241098403931,
0.024729013443,
0.0249700546265,
0.0254669189453,
0.0259320735931,
0.024927854538,
0.0251898765564,
0.0244770050049,
0.0247178077698,
0.0232520103455,
0.0235290527344,
0.024924993515,
0.0252408981323,
0.0231750011444,
0.0235679149628,
0.0228118896484,
0.0232598781586,
0.0283350944519,
0.0285089015961,
0.0269110202789,
0.0272569656372,
0.0244331359863,
0.0248560905457,
0.0252900123596,
0.025600194931,
0.0225450992584,
0.0234751701355,
0.0233600139618,
0.0236129760742,
0.0225019454956,
0.022677898407,
0.0226020812988,
0.0228750705719,
0.0270471572876,
0.0273170471191,
0.0231499671936,
0.0235369205475,
0.0226390361786,
0.0228700637817,
0.0247280597687,
0.0251169204712,
0.0229179859161,
0.0233409404755,
0.0259981155396,
0.026967048645,
0.0229561328888,
0.0231609344482,
0.0263710021973,
0.0266189575195,
0.0256428718567,
0.0264220237732,
0.0288138389587,
0.0290338993073,
0.0266909599304,
0.0269479751587,
0.0232439041138,
0.0235409736633,
0.0334780216217,
0.0338702201843,
0.0247042179108,
0.0259420871735,
0.0285699367523,
0.0296339988708,
0.0297338962555,
0.0308148860931,
0.0225009918213,
0.0227098464966,
0.0236840248108,
0.0241289138794,
0.0243618488312,
0.0245749950409,
0.0246188640594,
0.0249669551849,
0.0231058597565,
0.0234110355377,
0.0303740501404,
0.0306210517883,
0.0325770378113,
0.0327970981598,
0.0222408771515,
0.022537946701,
0.0244128704071,
0.0248448848724,
0.0241470336914,
0.0243270397186,
0.0255858898163,
0.0265920162201,
0.0241010189056,
0.0243411064148,
0.0284268856049,
0.0287499427795,
0.0272591114044,
0.0276181697845,
0.0332701206207,
0.0343539714813,
0.06986784935,
0.0707199573517,
0.0730199813843,
0.0736780166626,
0.122501850128,
0.12287902832,
0.0427269935608,
0.0438299179077,
0.0441949367523,
0.0449538230896,
0.0352561473846,
0.0361230373383,
0.0659341812134,
0.0679550170898,
0.0242021083832,
0.0246391296387,
0.0229270458221,
0.0232639312744,
0.0247368812561,
0.0258328914642,
0.0251908302307,
0.0261569023132,
0.0247490406036,
0.0251100063324,
0.0274200439453,
0.0276598930359,
0.0221350193024,
0.0225169658661,
0.0230939388275,
0.024374961853,
0.0249869823456,
0.0253999233246,
0.0582871437073,
0.0591909885406,
0.0438661575317,
0.0448651313782,
0.0706608295441,
0.0717630386353,
0.0265119075775,
0.0273728370667,
0.0393130779266,
0.0400471687317,
0.0718829631805,
0.0727119445801,
0.0706579685211,
0.0710120201111,
0.0335869789124,
0.0345969200134,
0.0323331356049,
0.033940076828,
0.0251388549805,
0.025358915329,
0.0277788639069,
0.0285089015961,
0.0473990440369,
0.0485370159149,
0.0385420322418,
0.0395040512085,
0.0616810321808,
0.0624899864197,
0.0311539173126,
0.0319249629974,
0.0558378696442,
0.0567109584808,
0.0275990962982,
0.0286200046539,
0.0227270126343,
0.0235180854797,
0.0358850955963,
0.0369539260864,
0.0226118564606,
0.0228688716888,
0.0270490646362,
0.0273079872131,
0.0264558792114,
0.0268859863281,
0.0327739715576,
0.0330588817596,
0.0260288715363,
0.0270838737488,
0.0285089015961,
0.0294790267944,
0.0314500331879,
0.0317280292511,
0.0310008525848,
0.0314600467682,
0.0289762020111,
0.0293312072754,
0.0257530212402,
0.0260090827942,
0.0285568237305,
0.0287790298462,
0.0283668041229,
0.0286359786987,
0.0310130119324,
0.0313501358032,
0.0267419815063,
0.026978969574,
0.0270340442657,
0.0273048877716,
0.0659699440002,
0.0663750171661,
0.0284461975098,
0.0287771224976,
0.0237770080566,
0.0247390270233,
0.0229339599609,
0.0245590209961,
0.0222299098969,
0.0224759578705,
0.0283608436584,
0.0285840034485,
0.0253961086273,
0.0256299972534,
0.0225958824158,
0.0227899551392,
0.0287039279938,
0.0292141437531,
0.0265169143677,
0.0268220901489,
0.0239760875702,
0.0243871212006,
0.0276408195496,
0.0287189483643,
0.026654958725,
0.0282869338989,
0.0326318740845,
0.0329389572144,
0.0351519584656,
0.0354969501495,
0.0311970710754,
0.031417131424,
0.0315120220184,
0.0318779945374,
0.0324409008026,
0.0326189994812,
0.0311660766602,
0.0314450263977,
0.0976328849792,
0.0985209941864,
0.0284419059753,
0.0294559001923,
0.0285921096802,
0.0293910503387,
0.0270628929138,
0.0272579193115,
0.0231401920319,
0.0238800048828,
0.0287039279938,
0.0295720100403,
0.0261948108673,
0.0269978046417,
0.0278749465942,
0.0296440124512,
0.0311439037323,
0.0321199893951,
0.0231499671936,
0.0239508152008,
0.0257940292358,
0.026524066925,
0.0602850914001,
0.0605611801147,
0.0234379768372,
0.0239379405975,
0.0219929218292,
0.023108959198,
0.0324101448059,
0.0339000225067,
0.0230050086975,
0.0232779979706,
0.0225989818573,
0.0228040218353,
0.0246682167053,
0.0248961448669,
0.0267269611359,
0.0269911289215,
0.0246160030365,
0.0248720645905,
0.0228300094604,
0.0231339931488,
0.0231380462646,
0.024069070816,
0.0231020450592,
0.0243971347809,
0.0463528633118,
0.0465798377991,
0.027107000351,
0.0273468494415,
0.0275688171387,
0.0285928249359,
0.0301599502563,
0.0309381484985,
0.0220220088959,
0.0222940444946,
0.0250871181488,
0.025719165802,
0.0228390693665,
0.0230231285095,
0.0249691009521,
0.0259730815887,
0.0235188007355,
0.0243618488312,
0.0255501270294,
0.0264620780945,
0.0237820148468,
0.025209903717,
0.0216648578644,
0.0226190090179,
0.0229520797729,
0.0232059955597,
0.0246329307556,
0.0248670578003,
0.0225830078125,
0.0228390693665,
0.0234651565552,
0.0246820449829,
0.0248329639435,
0.0250270366669,
0.0232219696045,
0.0234849452972,
0.0266759395599,
0.0269558429718,
0.028156042099,
0.0285069942474,
0.0244941711426,
0.0248119831085,
0.0248410701752,
0.0251469612122,
0.0226950645447,
0.0229530334473,
0.0231349468231,
0.0233790874481,
0.0270259380341,
0.0272760391235,
0.021712064743,
0.0221390724182,
0.0275020599365,
0.0278589725494,
0.0231330394745,
0.024041891098,
0.0254378318787,
0.0262939929962,
0.0251400470734,
0.0262758731842,
0.0237910747528,
0.0248939990997,
0.0327899456024,
0.0330109596252,
0.022519826889,
0.022805929184,
0.0226850509644,
0.0229251384735,
0.0247180461884,
0.025111913681,
0.0252878665924,
0.0256538391113,
0.0227069854736,
0.0231461524963,
0.0245048999786,
0.0247409343719,
0.0239989757538,
0.0255451202393,
0.0252809524536,
0.0262379646301,
0.0264358520508,
0.0267019271851,
0.0212891101837,
0.0215430259705,
0.0222201347351,
0.0224969387054,
0.0215530395508,
0.0221180915833,
0.0227980613708,
0.023521900177,
0.0241770744324,
0.0252439975739,
0.0360770225525,
0.0373430252075,
0.0377531051636,
0.038703918457,
0.0299031734467,
0.0313470363617,
0.0339248180389,
0.0354559421539,
0.0335309505463,
0.034784078598,
0.0340020656586,
0.0341970920563,
0.0367028713226,
0.0372869968414,
0.028324842453,
0.0285699367523,
0.025771856308,
0.0259749889374,
0.0279769897461,
0.0287790298462,
0.0251860618591,
0.0259220600128,
0.0218329429626,
0.0221939086914,
0.0226030349731,
0.0227870941162,
0.0223350524902,
0.0225579738617,
0.0287499427795,
0.0290379524231,
0.0260720252991,
0.0262939929962,
0.0277318954468,
0.0279948711395,
0.0245311260223,
0.0249009132385,
0.0247278213501,
0.0249338150024,
0.0229349136353,
0.0239279270172,
0.0231230258942,
0.0244510173798,
0.0241730213165,
0.0249691009521,
0.023766040802,
0.0245652198792,
0.0233600139618,
0.0245389938354,
0.0251359939575,
0.0259821414948,
0.0293989181519,
0.0302879810333,
0.0223870277405,
0.0226151943207,
0.039076089859,
0.0393290519714,
0.0285701751709,
0.0287590026855,
0.0780210494995,
0.0783059597015,
0.0790100097656,
0.0793080329895,
0.141086816788,
0.141499996185,
0.0551660060883,
0.0555779933929,
0.0339441299438,
0.0344910621643,
0.0303909778595,
0.0311200618744,
0.025456905365,
0.0272989273071,
0.0303988456726,
0.0305788516998,
0.0301148891449,
0.0331559181213,
0.0286219120026,
0.0294950008392,
0.0425028800964,
0.0431070327759,
0.0226080417633,
0.0228140354156,
0.0331339836121,
0.0333960056305,
0.024120092392,
0.0254271030426,
0.0229182243347,
0.0236520767212,
0.0225698947906,
0.0235741138458,
0.0242650508881,
0.025680065155,
0.0226619243622,
0.0229389667511,
0.0697631835938,
0.0717530250549,
0.102853059769,
0.103646993637,
0.0249819755554,
0.0259010791779,
0.0245048999786,
0.0254468917847,
0.0232961177826,
0.0240001678467,
0.0218989849091,
0.0221719741821,
0.0256991386414,
0.0259470939636,
0.0225031375885,
0.0227580070496,
0.0225160121918,
0.0227680206299,
0.0224142074585,
0.0227911472321,
0.0280699729919,
0.0287611484528,
0.0289900302887,
0.0297508239746,
0.0392339229584,
0.0395839214325,
0.0380859375,
0.0383088588715,
0.0405941009521,
0.0411801338196,
0.0226650238037,
0.022922039032,
0.0228459835052,
0.0240368843079,
0.0308878421783,
0.0317838191986,
0.0346810817719,
0.0351760387421,
0.031690120697,
0.0320332050323,
0.0375249385834,
0.040470123291,
0.049586057663,
0.0509769916534,
0.0261309146881,
0.0269260406494,
0.0254900455475,
0.0268640518188,
0.0374848842621,
0.0384938716888,
0.0370290279388,
0.0384199619293,
0.0246980190277,
0.0258021354675,
0.0250480175018,
0.0262780189514,
0.0359859466553,
0.0369029045105,
0.0353171825409,
0.0371060371399,
0.0280549526215,
0.0288398265839,
0.0306968688965,
0.0310838222504,
0.0311441421509,
0.0319991111755,
0.026890039444,
0.0281138420105,
0.0227408409119,
0.0240678787231,
0.0291321277618,
0.0294599533081,
0.0227620601654,
0.0229890346527,
0.0263140201569,
0.0270669460297,
0.0233619213104,
0.0241711139679,
0.023542881012,
0.024297952652,
0.0405941009521,
0.0418910980225,
0.0355191230774,
0.0366730690002,
0.0213868618011,
0.0225179195404,
0.0235300064087,
0.0245370864868,
0.026878118515,
0.0281181335449,
0.0263738632202,
0.0276219844818,
0.0245659351349,
0.0250010490417,
0.0279638767242,
0.0283448696136,
0.0227959156036,
0.0235590934753,
0.0419611930847,
0.0427520275116,
0.033096075058,
0.0333909988403,
0.026221036911,
0.0270459651947,
0.0234310626984,
0.023707151413,
0.0290629863739,
0.0295040607452,
0.0225989818573,
0.0228390693665,
0.0225930213928,
0.0228741168976,
0.0207509994507,
0.0219058990479,
0.0247449874878,
0.0260899066925,
0.0271549224854,
0.0274078845978,
0.0272839069366,
0.0275340080261,
0.027626991272,
0.0280439853668,
0.0229389667511,
0.0232670307159,
0.0216581821442,
0.022155046463,
0.0243129730225,
0.0246121883392,
0.0266928672791,
0.0269339084625,
0.0228519439697,
0.0231440067291,
0.030770778656,
0.0310728549957,
0.0283420085907,
0.0287010669708,
0.0285079479218,
0.0288519859314,
0.0251960754395,
0.0256350040436,
0.0241811275482,
0.0252659320831,
0.0238280296326,
0.0249130725861,
0.0252120494843,
0.0262751579285,
0.0253629684448,
0.0263700485229,
0.0232348442078,
0.0241730213165,
0.022677898407,
0.0236549377441,
0.0246040821075,
0.0255382061005,
0.023845911026,
0.0250461101532,
0.023255109787,
0.0235409736633,
0.0308809280396,
0.0313839912415,
0.0244009494781,
0.0246758460999,
0.0239779949188,
0.0242290496826,
0.0265219211578,
0.0267708301544,
0.0230481624603,
0.023323059082,
0.0238580703735,
0.0243518352509,
0.0218751430511,
0.0221080780029,
0.0277180671692,
0.0286939144135,
0.0290579795837,
0.0304229259491,
0.02414894104,
0.0251948833466,
0.0316469669342,
0.0324289798737,
0.0248379707336,
0.0257520675659,
0.0252270698547,
0.0264160633087,
0.0234568119049,
0.0238649845123,
0.0262949466705,
0.0267190933228,
0.0271229743958,
0.027370929718,
0.0872859954834,
0.0881149768829,
0.0778069496155,
0.0787310600281,
0.0407629013062,
0.0416560173035,
0.0844159126282,
0.0847358703613,
0.0277519226074,
0.0279629230499,
0.0241391658783,
0.0244011878967,
0.0261199474335,
0.0265769958496,
0.030611038208,
0.0308721065521,
0.0242989063263,
0.0246710777283,
0.0402200222015,
0.0404369831085,
0.032842874527,
0.0334689617157,
0.0299739837646,
0.0304219722748,
0.0378470420837,
0.0393400192261,
0.0256180763245,
0.0262079238892,
0.0309240818024,
0.031152009964,
0.0335519313812,
0.0337579250336,
0.0304381847382,
0.0306839942932,
0.0435311794281,
0.044319152832,
0.0211288928986,
0.021420955658,
0.0242121219635,
0.0247321128845,
0.0255959033966,
0.0258779525757,
0.0485579967499,
0.0487561225891,
0.0235579013824,
0.0248029232025,
0.0246338844299,
0.02481508255,
0.0226891040802,
0.0231750011444,
0.0218551158905,
0.0220839977264,
0.0245671272278,
0.0248551368713,
0.0231831073761,
0.0238270759583,
0.0486690998077,
0.0496439933777,
0.0251750946045,
0.0255060195923,
0.0362889766693,
0.0369229316711,
0.0650761127472,
0.0660672187805,
0.0318470001221,
0.0325570106506,
0.022246837616,
0.023001909256,
0.0326161384583,
0.0335400104523,
0.0210480690002,
0.0400371551514,
0.0125727653503,
0.0273108482361,
0.0243802070618,
0.025936126709,
0.0267739295959,
0.0278339385986,
0.0198910236359,
0.020170211792,
0.0237698554993,
0.024071931839,
0.0225229263306,
0.0228171348572,
0.0246391296387,
0.0249829292297,
0.0282309055328,
0.0286059379578,
0.0309228897095,
0.0320730209351,
0.0318109989166,
0.033303976059,
0.0192711353302,
0.0198690891266,
0.0285561084747,
0.0287899971008,
0.0280709266663,
0.0286750793457,
0.0255630016327,
0.0262539386749,
0.044196844101,
0.0464940071106,
0.0323829650879,
0.0332510471344,
0.0381610393524,
0.0393679141998,
0.0321028232574,
0.0332269668579,
0.0368468761444,
0.0379719734192,
0.0387139320374,
0.0400140285492,
0.0291719436646,
0.0300018787384,
0.0284180641174,
0.029568195343,
0.0294849872589,
0.0306711196899,
0.0264899730682,
0.0275418758392,
0.0283150672913,
0.0287899971008,
0.0240859985352,
0.0244760513306,
0.0441870689392,
0.0446331501007,
0.0307450294495,
0.0312280654907,
0.0425720214844,
0.0428590774536,
0.033900976181,
0.0350179672241,
0.0305969715118,
0.0313589572906,
0.0234620571136,
0.0240390300751,
0.0237760543823,
0.0244560241699,
0.0229759216309,
0.0238521099091,
0.0424630641937,
0.0427160263062,
0.0769438743591,
0.0773980617523,
0.0282158851624,
0.0286478996277,
0.0287680625916,
0.0291221141815,
0.0287849903107,
0.0292830467224,
0.0256540775299,
0.0267851352692,
0.027184009552,
0.0276408195496,
0.0244400501251,
0.0247609615326,
0.0347120761871,
0.0351531505585,
0.0466380119324,
0.0477449893951,
0.0287909507751,
0.0293319225311,
0.0247750282288,
0.0257890224457,
0.0310361385345,
0.0312950611115,
0.0305230617523,
0.0320060253143,
0.0392110347748,
0.0403380393982,
0.0300920009613,
0.0311439037323,
0.0307807922363,
0.032735824585,
0.0224449634552,
0.0228788852692,
0.0238380432129,
0.0244081020355,
0.0271289348602,
0.027645111084,
0.0252161026001,
0.0254669189453,
0.0518100261688,
0.0520980358124,
0.024384021759,
0.0247828960419,
0.0223481655121,
0.0226151943207,
0.0227620601654,
0.0232210159302,
0.0266489982605,
0.0275609493256,
0.0327379703522,
0.033059835434,
0.0221841335297,
0.0225701332092,
0.0240921974182,
0.0243630409241,
0.0244359970093,
0.0246548652649,
0.0223119258881,
0.0225539207458,
0.0425100326538,
0.042876958847,
0.024286031723,
0.0247299671173,
0.0231380462646,
0.0235121250153,
0.0242829322815,
0.0247299671173,
0.022794008255,
0.0230951309204,
0.0218710899353,
0.022185087204,
0.0289561748505,
0.0294561386108,
0.0212800502777,
0.0220918655396,
0.114492893219,
0.114953994751,
0.0223848819733,
0.0227649211884,
0.0235509872437,
0.0246019363403,
0.0254402160645,
0.027036190033,
0.0234899520874,
0.0243618488312,
0.0365679264069,
0.0367648601532,
0.0270340442657,
0.0273568630219,
0.0219569206238,
0.0222079753876,
0.025486946106,
0.0259690284729,
0.0223529338837,
0.0226278305054,
0.0248091220856,
0.0257501602173,
0.0234808921814,
0.0243549346924,
0.0316798686981,
0.0329759120941,
0.0292499065399,
0.0300948619843,
0.0225601196289,
0.0227761268616,
0.0243330001831,
0.0245912075043,
0.023973941803,
0.0244348049164,
0.0252530574799,
0.0257070064545,
0.0221049785614,
0.0225241184235,
0.0216891765594,
0.0219540596008,
0.0284550189972,
0.0288331508636,
0.0280840396881,
0.0284221172333,
0.0215690135956,
0.0231640338898,
0.0250928401947,
0.0265169143677,
0.0317471027374,
0.0320699214935,
0.0209159851074,
0.0211191177368,
0.0275449752808,
0.0280151367188,
0.0236020088196,
0.0238180160522,
0.0239758491516,
0.0241858959198,
0.024405002594,
0.02485704422,
0.0231249332428,
0.0234849452972,
0.0225880146027,
0.0228412151337,
0.25549697876,
0.2556848526,
0.0221631526947,
0.0236670970917,
0.023777961731,
0.0244288444519,
0.0291149616241,
0.0294079780579,
0.0246710777283,
0.0256450176239,
0.0296020507812,
0.0310199260712,
0.0226690769196,
0.0228490829468,
0.0254380702972,
0.0256750583649,
0.0237100124359,
0.0241219997406,
0.0225150585175,
0.0229170322418,
0.0237219333649,
0.0241158008575,
0.0275051593781,
0.0277481079102,
0.0260682106018,
0.026365041