0.0282979011536
0.0290949344635
0.0296268463135
0.0301468372345
0.0306549072266
0.028039932251
0.0284779071808
0.0290198326111
0.0296068191528
0.0301349163055
0.027508020401
0.027704000473
0.0278830528259
0.0280599594116
0.0282249450684
0.0494248867035
0.0496368408203
0.0498118400574
0.0500388145447
0.0502948760986
0.0269479751587
0.0275459289551
0.0285658836365
0.0300679206848
0.031054019928
0.0260920524597
0.0262689590454
0.0264239311218
0.0266239643097
0.0267989635468
0.0330729484558
0.0332407951355
0.0334129333496
0.0335688591003
0.0337769985199
0.0351178646088
0.0353188514709
0.0363488197327
0.0369329452515
0.0376260280609
0.0226600170135
0.0234320163727
0.0238108634949
0.0241618156433
0.0245008468628
0.0293679237366
0.0295879840851
0.0298249721527
0.0299899578094
0.0301539897919
0.0391089916229
0.0393369197845
0.0395278930664
0.0397219657898
0.039892911911
0.0422191619873
0.0426030158997
0.0428121089935
0.0430209636688
0.0432410240173
0.0360589027405
0.0364530086517
0.036838054657
0.0370819568634
0.0422918796539
0.0286638736725
0.0292859077454
0.0300619602203
0.0305979251862
0.0316088199615
0.029443025589
0.0296771526337
0.0303831100464
0.0310180187225
0.0315110683441
0.0447089672089
0.0452198982239
0.0457029342651
0.0463910102844
0.0469579696655
0.028028011322
0.0285658836365
0.0292689800262
0.0301129817963
0.0306169986725
0.0698800086975
0.00191688537598
0.00335693359375
0.00391292572021
0.00438189506531
0.0294539928436
0.0302169322968
0.0310900211334
0.0320518016815
0.0328769683838
0.027624130249
0.0298521518707
0.0308530330658
0.0317170619965
0.0326871871948
0.0355291366577
0.0365669727325
0.0373620986938
0.0378501415253
0.0381360054016
0.0343871116638
0.0348229408264
0.0351021289825
0.0356080532074
0.0359139442444
0.0388698577881
0.042897939682
0.0458359718323
0.0479419231415
0.0487370491028
0.0349578857422
0.0357189178467
0.0364139080048
0.0370109081268
0.0382609367371
0.044686794281
0.0448729991913
0.0450329780579
0.0451939105988
0.045352935791
0.0447940826416
0.045040845871
0.045243024826
0.045450925827
0.045914888382
0.0241429805756
0.024689912796
0.0252220630646
0.0256950855255
0.0261240005493
0.0198218822479
0.0200967788696
0.0203049182892
0.020477771759
0.0206727981567
0.0275530815125
0.0278000831604
0.0282490253448
0.029011964798
0.0298399925232
0.0501329898834
0.0503919124603
0.0506279468536
0.0509150028229
0.0512108802795
0.0372030735016
0.0374290943146
0.0376501083374
0.0378201007843
0.0379920005798
0.0349400043488
0.0354609489441
0.0356900691986
0.0362520217896
0.0368509292603
0.0360960960388
0.0362801551819
0.0364370346069
0.0365970134735
0.0367510318756
0.0331168174744
0.0339879989624
0.0347409248352
0.0357718467712
0.0365779399872
0.0347700119019
0.0351738929749
0.0354399681091
0.0356287956238
0.036055803299
0.0283188819885
0.0288150310516
0.0293328762054
0.0297329425812
0.0300769805908
0.0271971225739
0.0273950099945
0.0282711982727
0.0291121006012
0.0299310684204
0.0291349887848
0.0297038555145
0.0307378768921
0.0320398807526
0.0330970287323
0.0203149318695
0.0210378170013
0.0217509269714
0.0230188369751
0.0234818458557
0.0306570529938
0.0312390327454
0.0317730903625
0.0326590538025
0.0333740711212
0.0362861156464
0.0368850231171
0.0385780334473
0.0396621227264
0.0399880409241
0.0344309806824
0.0347771644592
0.0352780818939
0.0358350276947
0.0362410545349
0.0249261856079
0.0254421234131
0.0258140563965
0.026524066925
0.0269360542297
0.0377790927887
0.0384130477905
0.0390450954437
0.0397119522095
0.0402600765228
0.0354311466217
0.0364332199097
0.0372970104218
0.0380480289459
0.0424311161041
0.0356798171997
0.0368440151215
0.0378139019012
0.0385730266571
0.0391049385071
0.0372021198273
0.0389330387115
0.0394639968872
0.0400919914246
0.040992975235
0.0326941013336
0.0334870815277
0.0342681407928
0.0350661277771
0.0357251167297
0.029942035675
0.0309290885925
0.0317051410675
0.0324590206146
0.0331521034241
0.0303168296814
0.0305459499359
0.0307958126068
0.0310339927673
0.0312089920044
0.0364289283752
0.036670923233
0.0368990898132
0.0372009277344
0.0374050140381
0.0211968421936
0.0214369297028
0.0217490196228
0.0221028327942
0.0223879814148
0.0279688835144
0.0281600952148
0.0284099578857
0.0285649299622
0.0287179946899
0.0280430316925
0.0282409191132
0.0284149646759
0.0285730361938
0.0287480354309
0.0284249782562
0.0292749404907
0.0297989845276
0.0306539535522
0.0318539142609
0.0267069339752
0.0276689529419
0.0285489559174
0.0295548439026
0.0304479598999
0.0184850692749
0.0195381641388
0.0350451469421
0.0360519886017
0.03706407547
0.0331149101257
0.0341408252716
0.0349140167236
0.0357298851013
0.0377278327942
0.0284900665283
0.0294749736786
0.0301148891449
0.0326490402222
0.0340259075165
0.0264871120453
0.0272500514984
0.028156042099
0.0293312072754
0.0305230617523
0.0303790569305
0.0306959152222
0.0310060977936
0.0311970710754
0.0313911437988
0.018119096756
0.0184261798859
0.0191690921783
0.0200350284576
0.020238161087
0.023983001709
0.0242140293121
0.0243999958038
0.0245780944824
0.0247490406036
0.0235040187836
0.0238490104675
0.0241389274597
0.0244500637054
0.0247330665588
0.0260360240936
0.0262989997864
0.0264759063721
0.0266380310059
0.0268568992615
0.0232951641083
0.0246431827545
0.0253200531006
0.026015996933
0.026505947113
0.0281839370728
0.0285160541534
0.0288569927216
0.029177904129
0.0294990539551
0.0281059741974
0.0283069610596
0.0285739898682
0.0287508964539
0.0289130210876
0.029895067215
0.030079126358
0.0302391052246
0.0303990840912
0.0305790901184
0.0286340713501
0.0288140773773
0.0289778709412
0.029139995575
0.0293009281158
0.0238611698151
0.0240540504456
0.0242500305176
0.0244870185852
0.0246732234955
0.0285789966583
0.0287630558014
0.0289461612701
0.0292990207672
0.0294950008392
0.0246541500092
0.0255692005157
0.0262629985809
0.0269000530243
0.027734041214
0.0254440307617
0.026171207428
0.0269520282745
0.0276319980621
0.0280811786652
0.0338749885559
0.0344400405884
0.0349991321564
0.0358250141144
0.0366761684418
0.0272319316864
0.0277190208435
0.0282211303711
0.0287029743195
0.0292370319366
0.0357139110565
0.0361428260803
0.0368249416351
0.0372669696808
0.0378320217133
0.0345449447632
0.0350148677826
0.0356838703156
0.0362758636475
0.037125825882
0.0265300273895
0.0271701812744
0.0277869701385
0.0284321308136
0.029363155365
0.0283250808716
0.0288391113281
0.029531955719
0.0302240848541
0.0314559936523
0.0463280677795
0.0471539497375
0.0476660728455
0.0481729507446
0.0488231182098
0.0396249294281
0.0400950908661
0.0408470630646
0.0417590141296
0.0426549911499
0.0415210723877
0.0423309803009
0.0428929328918
0.0438520908356
0.0446529388428
0.0296840667725
0.0305831432343
0.0313730239868
0.0319759845734
0.032851934433
0.0414021015167
0.0416181087494
0.0419020652771
0.0422191619873
0.0431780815125
0.0286622047424
0.0292720794678
0.02987408638
0.0305821895599
0.0312790870667
0.0262269973755
0.0268268585205
0.0273978710175
0.0279729366302
0.0285139083862
0.0522890090942
0.0529000759125
0.0531349182129
0.00216293334961
0.00243902206421
0.0366768836975
0.0371699333191
0.0378739833832
0.03852891922
0.0392379760742
0.02960896492
0.0297949314117
0.0299780368805
0.030210018158
0.0310139656067
0.031585931778
0.0322659015656
0.0332889556885
0.038932800293
0.0394368171692
0.0283629894257
0.0292830467224
0.0302469730377
0.0341620445251
0.0354590415955
0.0297031402588
0.0298871994019
0.0300490856171
0.0302500724792
0.0304000377655
0.0250840187073
0.0257141590118
0.0262641906738
0.0269601345062
0.0281810760498
0.0355930328369
0.0366559028625
0.0375261306763
0.0386509895325
0.0398659706116
0.0348129272461
0.0350708961487
0.0352780818939
0.0354719161987
0.0356750488281
0.0290870666504
0.0292670726776
0.0294299125671
0.0295751094818
0.0297429561615
0.0275349617004
0.0283460617065
0.0290839672089
0.0297701358795
0.0303771495819
0.0325701236725
0.0333230495453
0.0340909957886
0.0348520278931
0.035530090332
0.0273280143738
0.0286240577698
0.0295798778534
0.0306370258331
0.0317389965057
0.0279860496521
0.0286870002747
0.0293579101562
0.0300350189209
0.0307800769806
0.0376029014587
0.0383079051971
0.0391290187836
0.0398309230804
0.0407190322876
0.0232350826263
0.0242581367493
0.0249571800232
0.0255830287933
0.0261950492859
0.040589094162
0.041305065155
0.042013168335
0.0427000522614
0.0434510707855
0.034353017807
0.0352399349213
0.0362110137939
0.0371198654175
0.0382158756256
0.0283639431
0.0291728973389
0.0299639701843
0.0308940410614
0.0319340229034
0.026202917099
0.0271189212799
0.0279450416565
0.0288820266724
0.0297479629517
0.0262501239777
0.0264501571655
0.0266301631927
0.0268080234528
0.026976108551
0.0270440578461
0.0274169445038
0.0277500152588
0.0280728340149
0.0284199714661
0.0313129425049
0.0316679477692
0.0320589542389
0.0323801040649
0.0325970649719
0.025906085968
0.0262739658356
0.026477098465
0.0266718864441
0.0271110534668
0.0176160335541
0.0178430080414
0.0182321071625
0.0185761451721
0.0187661647797
0.0265040397644
0.026908159256
0.0271241664886
0.0273129940033
0.027535200119
0.0320439338684
0.0325720310211
0.0330729484558
0.0335710048676
0.0343470573425
0.0606529712677
0.0616090297699
0.0624740123749
0.0632789134979
0.0642490386963
0.0357429981232
0.0366079807281
0.0375158786774
0.0381798744202
0.0387628078461
0.0320830345154
0.0328600406647
0.0333080291748
0.0340569019318
0.03440284729
0.0272169113159
0.0277478694916
0.0288438796997
0.0295238494873
0.0307099819183
0.0325059890747
0.0328660011292
0.0332961082458
0.0337681770325
0.0342001914978
0.0345311164856
0.0350370407104
0.0355801582336
0.0370271205902
0.037661075592
0.0335688591003
0.0346148014069
0.0352590084076
0.0366809368134
0.0374338626862
0.0346839427948
0.0365538597107
0.0375459194183
0.0383620262146
0.0389828681946
0.0267539024353
0.0278978347778
0.028312921524
0.0290958881378
0.0297548770905
0.0287220478058
0.0291659832001
0.0300319194794
0.0306520462036
0.0311710834503
0.0381710529327
0.0391180515289
0.0398850440979
0.0406551361084
0.0411400794983
0.0371520519257
0.037703037262
0.0385529994965
0.0394489765167
0.0400040149689
0.033989906311
0.0345778465271
0.0349428653717
0.0354459285736
0.0358059406281
0.0353851318359
0.0363600254059
0.0373129844666
0.038369178772
0.0391731262207
0.0274829864502
0.0278570652008
0.0286860466003
0.0293509960175
0.0297520160675
0.0388379096985
0.0400409698486
0.0411870479584
0.0419580936432
0.0427379608154
0.0389931201935
0.0392010211945
0.039381980896
0.0395529270172
0.0397291183472
0.0281069278717
0.028461933136
0.0286860466003
0.0289318561554
0.0292189121246
0.0292429924011
0.0295071601868
0.0296909809113
0.0298631191254
0.0300500392914
0.0244960784912
0.0249390602112
0.0253801345825
0.0256109237671
0.0257909297943
0.030100107193
0.0307869911194
0.0315320491791
0.0323300361633
0.0335910320282
0.0278179645538
0.0284090042114
0.0289709568024
0.0295219421387
0.0300500392914
0.0295939445496
0.030396938324
0.0311079025269
0.0317258834839
0.0324079990387
0.0313370227814
0.03160405159
0.0318109989166
0.0320060253143
0.0322139263153
0.0374081134796
0.038318157196
0.0389850139618
0.0399670600891
0.0408360958099
0.0301818847656
0.0309228897095
0.0316410064697
0.0322818756104
0.0329458713531
0.0359621047974
0.0367050170898
0.0374660491943
0.0381851196289
0.0388841629028
0.0298390388489
0.0305581092834
0.0314919948578
0.032289981842
0.0330829620361
0.0272800922394
0.0278580188751
0.0288879871368
0.0299360752106
0.0309970378876
0.0269241333008
0.0279281139374
0.0290291309357
0.0300631523132
0.0308899879456
0.0354988574982
0.0365178585052
0.0377309322357
0.0386028289795
0.0393309593201
0.0291440486908
0.0300471782684
0.0308990478516
0.0321090221405
0.0331420898438
0.0273339748383
0.0275299549103
0.0276989936829
0.0278599262238
0.0280230045319
0.0403518676758
0.0409460067749
0.0415279865265
0.0420739650726
0.0426089763641
0.0774581432343
0.0780341625214
0.0788171291351
0.00225615501404
0.00280117988586
0.0451421737671
0.0462040901184
0.0471341609955
0.0480182170868
0.0522971153259
0.0533528327942
0.054221868515
0.0550379753113
0.0556747913361
0.0570278167725
0.0501370429993
0.0511751174927
0.0519630908966
0.0527241230011
0.0533971786499
0.0769731998444
0.0777471065521
0.0785121917725
0.0791931152344
0.0801811218262
0.0524890422821
0.0530340671539
0.00337600708008
0.00365304946899
0.00437712669373
0.053081035614
0.00182890892029
0.0025360584259
0.00319504737854
0.00380802154541
0.0286610126495
0.0289409160614
0.0291829109192
0.0295000076294
0.0300490856171
0.0360951423645
0.0366930961609
0.0408189296722
0.041729927063
0.0424821376801
0.0307309627533
0.031366109848
0.032114982605
0.0384361743927
0.039510011673
0.0583028793335
0.0590980052948
0.0599408149719
0.0608568191528
0.0617728233337
0.044252872467
0.0450999736786
0.0458118915558
0.0464718341827
0.047266960144
0.0259730815887
0.0261950492859
0.0263631343842
0.0265181064606
0.027153968811
0.033056974411
0.0332849025726
0.033509016037
0.0337109565735
0.0338990688324
0.02192902565
0.022301197052
0.022527217865
0.023050069809
0.0234780311584
0.0663738250732
0.0665979385376
0.0668749809265
0.0673599243164
0.0676579475403
0.0450079441071
0.0452959537506
0.0454688072205
0.0456619262695
0.0460338592529
0.025328874588
0.0255389213562
0.0256969928741
0.0258710384369
0.0261378288269
0.033723115921
0.034059047699
0.0342681407928
0.0345180034637
0.0347549915314
0.0252089500427
0.0254590511322
0.0256679058075
0.0258679389954
0.0260620117188
0.0250549316406
0.0253188610077
0.0255510807037
0.0257768630981
0.0260188579559
0.0262718200684
0.0269129276276
0.0275847911835
0.0281689167023
0.0287308692932
0.0273940563202
0.0275769233704
0.0277581214905
0.0279250144958
0.0280959606171
0.0317361354828
0.0320429801941
0.032310962677
0.032567024231
0.0333540439606
0.0629510879517
0.0631721019745
0.0633790493011
0.0635769367218
0.0673339366913
0.0399310588837
0.0407378673553
0.0415499210358
0.0422940254211
0.0430970191956
0.0675618648529
0.0682368278503
0.0688798427582
0.0694918632507
0.070093870163
0.0507860183716
0.0517568588257
0.0526669025421
0.0536088943481
0.0547018051147
0.058032989502
0.0588269233704
0.0594549179077
0.060075044632
0.061203956604
0.0642092227936
0.0649080276489
0.0656321048737
0.0662741661072
0.0668270587921
0.0325798988342
0.0355098247528
0.0361049175262
0.0367169380188
0.0374488830566
0.0566589832306
0.057275056839
0.0582420825958
0.0589199066162
0.0594930648804
0.040757894516
0.0416328907013
0.0423009395599
0.0430700778961
0.0437619686127
0.0349431037903
0.0352401733398
0.0355141162872
0.0358819961548
0.0367741584778
0.0226440429688
0.023234128952
0.0234501361847
0.0236790180206
0.0240180492401
0.0316190719604
0.0323641300201
0.0332510471344
0.0338730812073
0.0348219871521
0.0531170368195
0.00438213348389
0.00480604171753
0.00504899024963
0.00551009178162
0.0449850559235
0.0456070899963
0.0461859703064
0.0467071533203
0.0472540855408
0.0399701595306
0.0409400463104
0.0418310165405
0.0426831245422
0.0435330867767
0.0300509929657
0.0309147834778
0.0318048000336
0.0325808525085
0.0334668159485
0.032222032547
0.0329220294952
0.0337390899658
0.0345950126648
0.0354762077332
0.038507938385
0.0392158031464
0.0399758815765
0.0405938625336
0.0414528846741
0.0602011680603
0.0609560012817
0.0616509914398
0.0622961521149
0.0628950595856
0.0370237827301
0.0377237796783
0.0389537811279
0.0396749973297
0.0402929782867
0.0405070781708
0.0413129329681
0.0422551631927
0.0431621074677
0.0440399646759
0.0340008735657
0.0350050926208
0.0359148979187
0.0368418693542
0.0376980304718
0.0285198688507
0.0294098854065
0.0302410125732
0.0306370258331
0.0311238765717
0.057954788208
0.0587739944458
0.00302910804749
0.00410008430481
0.00534200668335
0.0400791168213
0.0410771369934
0.0419430732727
0.0427439212799
0.0436539649963
0.0357148647308
0.0367469787598
0.0377328395844
0.0387299060822
0.0398759841919
0.0269150733948
0.0276720523834
0.0285160541534
0.0292980670929
0.0298390388489
0.0328760147095
0.034019947052
0.0348069667816
0.0354118347168
0.0360200405121
0.0299570560455
0.0302240848541
0.0304200649261
0.0306169986725
0.0319499969482
0.0236160755157
0.024512052536
0.0253269672394
0.0260310173035
0.0270080566406
0.03861784935
0.0388998985291
0.0390989780426
0.0392918586731
0.0394649505615
0.0274109840393
0.0276119709015
0.0277891159058
0.0279581546783
0.0281159877777
0.0280420780182
0.0285651683807
0.0288519859314
0.0290951728821
0.0293099880219
0.0446100234985
0.0452570915222
0.0454571247101
0.0501191616058
0.0512471199036
0.034609079361
0.0350201129913
0.0579469203949
0.058140039444
0.0583479404449
0.0344779491425
0.0355920791626
0.0369219779968
0.0381441116333
0.0396270751953
0.0368640422821
0.03724193573
0.0376131534576
0.0379369258881
0.038321018219
0.0276460647583
0.0278811454773
0.0280930995941
0.0284609794617
0.0287301540375
0.0314879417419
0.0318081378937
0.0320711135864
0.032341003418
0.0326380729675
0.0278580188751
0.0286409854889
0.0297300815582
0.0310180187225
0.0319859981537
0.0288798809052
0.0290880203247
0.0292689800262
0.0295300483704
0.0297310352325
0.0305390357971
0.0307290554047
0.0308890342712
0.0310430526733
0.0312578678131
0.0266540050507
0.0274231433868
0.0276961326599
0.0284490585327
0.0289649963379
0.0359740257263
0.0364329814911
0.0371310710907
0.0374090671539
0.0375971794128
0.0541160106659
0.0546979904175
0.0552320480347
0.0557680130005
0.056303024292
0.0501589775085
0.0504419803619
0.05091381073
0.0513088703156
0.0515987873077
0.0281159877777
0.0283100605011
0.0284950733185
0.0286509990692
0.0288109779358
0.031131029129
0.0314931869507
0.0317800045013
0.0320630073547
0.0323560237885
0.0261170864105
0.0262959003448
0.026458978653
0.0266270637512
0.0267848968506
0.0351519584656
0.0354959964752
0.0358238220215
0.0361969470978
0.0365219116211
0.0323338508606
0.0326797962189
0.0329878330231
0.0332767963409
0.0335659980774
0.0263848304749
0.0265698432922
0.0267310142517
0.026890039444
0.0270500183105
0.0221049785614
0.0224390029907
0.0227808952332
0.0231130123138
0.0234661102295
0.0226879119873
0.0230379104614
0.0233619213104
0.0236730575562
0.0240068435669
0.0255739688873
0.0262770652771
0.0267338752747
0.027195930481
0.0276780128479
0.0393359661102
0.0399520397186
0.0405960083008
0.0412840843201
0.0418848991394
0.0348989963531
0.0355250835419
0.0361440181732
0.0368599891663
0.0376660823822
0.0423810482025
0.0427930355072
0.043289899826
0.0437870025635
0.0444638729095
0.0575909614563
0.0584588050842
0.0592179298401
0.0600988864899
0.0609209537506
0.0333819389343
0.0340631008148
0.0346450805664
0.0354280471802
0.0418181419373
0.0935368537903
0.094447851181
0.0952568054199
0.0961508750916
0.096822977066
0.0850329399109
0.0859270095825
0.0867791175842
0.0876121520996
0.0886981487274
0.0732109546661
0.073499917984
0.0736849308014
0.0738649368286
0.0740339756012
0.0420670509338
0.0424289703369
0.0427849292755
0.0431079864502
0.0434260368347
0.0219700336456
0.0223820209503
0.0227160453796
0.0230319499969
0.0234799385071
0.034031867981
0.0342378616333
0.0344200134277
0.0346069335938
0.03475689888
0.0399928092957
0.0404088497162
0.0406157970428
0.0408070087433
0.0409858226776
0.0450448989868
0.045686006546
0.0464627742767
0.048229932785
0.0489947795868
0.0538439750671
0.0549468994141
0.0560829639435
0.00170207023621
0.00249600410461
0.0266699790955
0.0269939899445
0.0272951126099
0.027645111084
0.0279140472412
0.0676348209381
0.068176984787
0.0690569877625
0.0698928833008
0.0707318782806
0.0328891277313
0.0338561534882
0.0345389842987
0.0356261730194
0.0366289615631
0.0224299430847
0.0234649181366
0.0242199897766
0.0250358581543
0.0259480476379
0.0363011360168
0.037024974823
0.0378770828247
0.0389590263367
0.0398919582367
0.0584139823914
0.0594239234924
0.0602090358734
0.0609221458435
0.0617809295654
0.0902388095856
0.0908689498901
0.0914998054504
0.0920948982239
0.0926909446716
0.128015995026
0.128615856171
0.129262924194
0.129822015762
0.13044500351
0.0766639709473
0.0769309997559
0.0297229290009
0.0300698280334
0.0303819179535
0.0656878948212
0.0665838718414
0.0674269199371
0.0683479309082
0.00620603561401
0.036031961441
0.0368881225586
0.037623167038
0.038360118866
0.039155960083
0.0441651344299
0.045193195343
0.0461699962616
0.0476281642914
0.04873919487
0.0346970558167
0.0353410243988
0.0359101295471
0.0366711616516
0.0373771190643
0.0357539653778
0.0365259647369
0.0374100208282
0.0381360054016
0.0388901233673
0.0307040214539
0.0313820838928
0.0319941043854
0.0325701236725
0.0331370830536
0.0564060211182
0.0571980476379
0.0579190254211
0.0586159229279
0.0593030452728
0.086678981781
0.0874090194702
0.0881221294403
0.0887181758881
0.0893490314484
0.0789968967438
0.0800988674164
0.0807819366455
0.0813248157501
0.0818538665771
0.154089927673
0.15477013588
0.155579090118
0.156453132629
0.0545201301575
0.0902810096741
0.0905659198761
0.090793132782
0.0909759998322
0.0912709236145
0.0639688968658
0.00173783302307
0.0024778842926
0.00310182571411
0.00367093086243
0.0264577865601
0.0273108482361
0.0283169746399
0.0290830135345
0.0302608013153
0.0370841026306
0.0377929210663
0.0380411148071
0.038281917572
0.0385129451752
0.025603055954
0.0258100032806
0.0259900093079
0.0261650085449
0.0263340473175
0.0272178649902
0.0273988246918
0.02760887146
0.0278089046478
0.0279829502106
0.0244200229645
0.0246751308441
0.0248539447784
0.025071144104
0.025249004364
0.0308520793915
0.0311019420624
0.0312991142273
0.0315051078796
0.0321900844574
0.0787448883057
0.0272710323334
0.0275270938873
0.0292990207672
0.029806137085
0.0709290504456
0.0176060199738
0.0180130004883
0.0185339450836
0.0190029144287
0.0548770427704
0.0556659698486
0.0563519001007
0.0569660663605
0.0576109886169
0.0870721340179
0.0879349708557
0.0896379947662
0.0905570983887
0.0913531780243
0.076208114624
0.0774199962616
0.0786411762238
0.0797820091248
0.0809140205383
0.05330991745
0.0539801120758
0.0546281337738
0.0553319454193
0.0560710430145
0.0430250167847
0.0437791347504
0.0444982051849
0.0451769828796
0.0459051132202
0.034716129303
0.0355620384216
0.036404132843
0.0371880531311
0.0380461215973
0.0330440998077
0.0334739685059
0.0338590145111
0.0344190597534
0.034970998764
0.0277960300446
0.0285921096802
0.0290679931641
0.029363155365
0.0366110801697
0.0389380455017
0.0399360656738
0.0412440299988
0.0421669483185
0.0434370040894
0.0485100746155
0.0491299629211
0.00039005279541
0.00182509422302
0.00242114067078
0.0325870513916
0.0329751968384
0.0332381725311
0.0337021350861
0.0340142250061
0.0526847839355
0.0529339313507
0.0531809329987
0.0535140037537
0.0542538166046
0.0581729412079
0.0588450431824
0.0594861507416
0.0601949691772
0.0608360767365
0.0385880470276
0.0394310951233
0.040097951889
0.0407469272614
0.0414469242096
0.0359098911285
0.0368168354034
0.0375609397888
0.0381679534912
0.0390608310699
0.025554895401
0.0259058475494
0.0264549255371
0.0270187854767
0.0274977684021
0.0519149303436
0.0521790981293
0.0523669719696
0.0020477771759
0.00274801254272
0.0373558998108
0.0379648208618
0.0385189056396
0.0395328998566
0.0404717922211
0.03293800354
0.0337779521942
0.0350608825684
0.0361919403076
0.0374970436096
0.0282800197601
0.0290780067444
0.0305061340332
0.0319340229034
0.0331990718842
0.0361759662628
0.0373549461365
0.0381948947906
0.0392439365387
0.0400969982147
0.0305969715118
0.0308449268341
0.0310649871826
0.0312809944153
0.0342919826508
0.037544965744
0.0377759933472
0.0380339622498
0.0382180213928
0.0384039878845
0.0336649417877
0.0340859889984
0.0342891216278
0.0344541072845
0.0346300601959
0.0319559574127
0.0322070121765
0.032418012619
0.032947063446
0.0333650112152
0.0367460250854
0.0373549461365
0.0384590625763
0.0390169620514
0.0397391319275
0.0396370887756
0.0402970314026
0.0408771038055
0.0414769649506
0.0421371459961
0.0328969955444
0.0330939292908
0.033262014389
0.0339760780334
0.0346579551697
0.0363428592682
0.0365750789642
0.0367889404297
0.0370850563049
0.0378038883209
0.033784866333
0.0346310138702
0.0354669094086
0.0361239910126
0.0425219535828
0.035325050354
0.0356199741364
0.0358619689941
0.0362949371338
0.0368530750275
0.0323920249939
0.0335249900818
0.0343940258026
0.0356209278107
0.0370471477509
0.0315299034119
0.0331029891968
0.0342419147491
0.0350458621979
0.0361449718475
0.0317049026489
0.0319609642029
0.0321698188782
0.0323638916016
0.0325438976288
0.0299220085144
0.030177116394
0.0304131507874
0.0305960178375
0.0307710170746
0.0233380794525
0.023787021637
0.0241029262543
0.0244491100311
0.024749994278
0.0248708724976
0.0255830287933
0.0268430709839
0.0273389816284
0.0279619693756
0.0302970409393
0.031317949295
0.0320370197296
0.0327229499817
0.033390045166
0.0316400527954
0.0318310260773
0.0320341587067
0.0322840213776
0.0324699878693
0.0258460044861
0.0260791778564
0.0262551307678
0.026437997818
0.0266010761261
0.025260925293
0.0254600048065
0.0256328582764
0.0259058475494
0.0261528491974
0.0260770320892
0.0264430046082
0.0267679691315
0.0270819664001
0.0273871421814
0.0273320674896
0.0277149677277
0.0279738903046
0.0281789302826
0.0284130573273
0.0314199924469
0.0316960811615
0.0320019721985
0.0323669910431
0.0327858924866
0.0325729846954
0.0330798625946
0.0336298942566
0.0346307754517
0.0357089042664
0.0233960151672
0.0236420631409
0.0238580703735
0.0240840911865
0.0242819786072
0.0277290344238
0.0282709598541
0.0288288593292
0.0293529033661
0.0298759937286
0.0337288379669
0.035218000412
0.0366580486298
0.0387120246887
0.039705991745
0.0262491703033
0.0264570713043
0.0266721248627
0.0272309780121
0.0275070667267
0.0245540142059
0.0248529911041
0.0251319408417
0.0256340503693
0.0262699127197
0.0259821414948
0.0262532234192
0.0264689922333
0.0266680717468
0.0270690917969
0.0318918228149
0.0321400165558
0.0325789451599
0.0330429077148
0.0333089828491
0.0352990627289
0.0360260009766
0.0367119312286
0.0373160839081
0.037899017334
0.027988910675
0.0292389392853
0.0302948951721
0.0317330360413
0.0328738689423
0.0224640369415
0.0231499671936
0.0235359668732
0.0241510868073
0.0249691009521
0.0327541828156
0.0330281257629
0.0335621833801
0.0341050624847
0.034686088562
0.0342140197754
0.0349609851837
0.0352611541748
0.0356221199036
0.0360600948334
0.0399279594421
0.0422730445862
0.0435800552368
0.0450949668884
0.045294046402
0.0380990505219
0.0387179851532
0.03959608078
0.0402729511261
0.040755033493
0.0367419719696
0.0373849868774
0.0380501747131
0.0390751361847
0.0402131080627
0.035012960434
0.0356948375702
0.035936832428
0.0361750125885
0.0369658470154
0.0392158031464
0.0394837856293
0.0397338867188
0.0399508476257
0.0401449203491
0.0365059375763
0.0367469787598
0.0372669696808
0.0375440120697
0.0384199619293
0.0361759662628
0.0370659828186
0.0380330085754
0.0387108325958
0.039589881897
0.0282781124115
0.028862953186
0.0292580127716
0.0298879146576
0.0303909778595
0.0308799743652
0.0315418243408
0.033148765564
0.0381698608398
0.039069890976
0.0317230224609
0.0330839157104
0.034157037735
0.0352189540863
0.0362570285797
0.0338850021362
0.0350270271301
0.0358810424805
0.0370390415192
0.0376889705658
0.033784866333
0.034423828125
0.0352249145508
0.0361149311066
0.0370199680328
0.0340437889099
0.0348439216614
0.0381588935852
0.0390408039093
0.0399219989777
0.0361111164093
0.0367631912231
0.0372049808502
0.0378232002258
0.0385820865631
0.040344953537
0.0405628681183
0.0407249927521
0.0408840179443
0.0410380363464
0.0256769657135
0.026319026947
0.0268359184265
0.0271348953247
0.0276069641113
0.0399541854858
0.0407221317291
0.0413761138916
0.0422899723053
0.0433740615845
0.0264060497284
0.0270640850067
0.0276160240173
0.0282101631165
0.0286631584167
0.0425379276276
0.0431771278381
0.0441200733185
0.0449550151825
0.045520067215
0.0260651111603
0.0267550945282
0.0273690223694
0.0279421806335
0.0285360813141
0.0263538360596
0.0277049541473
0.0283348560333
0.0290288925171
0.0296828746796
0.0432889461517
0.0441780090332
0.0449769496918
0.0457739830017
0.0467131137848
0.0317990779877
0.0332748889923
0.0347580909729
0.0361778736115
0.0375950336456
0.0319769382477
0.0330090522766
0.0340509414673
0.0352590084076
0.0367279052734
0.044585943222
0.0454699993134
0.0466151237488
0.0478241443634
0.0487771034241
0.0428829193115
0.043468952179
0.0443150997162
0.0454320907593
0.0462999343872
0.0320479869843
0.0326159000397
0.0333468914032
0.0342109203339
0.0349309444427
0.0306689739227
0.0322329998016
0.0331909656525
0.0342028141022
0.0353198051453
0.0330319404602
0.0342540740967
0.0355050563812
0.0365719795227
0.0377221107483
0.0396440029144
0.0404369831085
0.0413279533386
0.0421240329742
0.0432589054108
0.04048204422
0.0411379337311
0.0418951511383
0.0426850318909
0.0433990955353
0.0293018817902
0.0309948921204
0.0320229530334
0.0329928398132
0.0339598655701
0.0329751968384
0.0337870121002
0.0348842144012
0.0359132289886
0.0369040966034
0.0314259529114
0.0322151184082
0.0332980155945
0.0340790748596
0.0350589752197
0.0365200042725
0.0370948314667
0.0375790596008
0.037978887558
0.0383150577545
0.0303359031677
0.0314440727234
0.0325829982758
0.0335559844971
0.0346710681915
0.0261001586914
0.0271651744843
0.0281419754028
0.0289759635925
0.029972076416
0.0335719585419
0.0340328216553
0.0347847938538
0.0355529785156
0.0362257957458
0.0364530086517
0.0373868942261
0.0383298397064
0.0391929149628
0.0400989055634
0.0304899215698
0.0311250686646
0.0318911075592
0.0324370861053
0.0330009460449
0.0347330570221
0.0358419418335
0.0368239879608
0.0376360416412
0.0384290218353
0.0387609004974
0.0400710105896
0.0414378643036
0.0423679351807
0.0430879592896
0.0277400016785
0.0285601615906
0.0295450687408
0.0305140018463
0.0314619541168
0.0409529209137
0.0421710014343
0.0434939861298
0.0446729660034
0.0460059642792
0.0307359695435
0.0315811634064
0.031867980957
0.0320770740509
0.0323221683502
0.0337400436401
0.0486559867859
0.0493619441986
0.0497748851776
0.00086498260498
0.0442988872528
0.0449149608612
0.0456309318542
0.0462999343872
0.0470268726349
0.036572933197
0.0373110771179
0.0381169319153
0.0426449775696
0.0434460639954
0.0230169296265
0.0238800048828
0.0245389938354
0.0252089500427
0.0259220600128
0.0303781032562
0.0311090946198
0.0317440032959
0.0326700210571
0.0333740711212
0.0302588939667
0.0311009883881
0.031956911087
0.0328578948975
0.0338008403778
0.0366978645325
0.0384109020233
0.0391318798065
0.0433509349823
0.0441308021545
0.0273690223694
0.0283231735229
0.0294950008392
0.0303220748901
0.0311830043793
0.0399689674377
0.0409350395203
0.0415651798248
0.0425159931183
0.0432050228119
0.0302648544312
0.0310959815979
0.0321128368378
0.0327777862549
0.03382396698
0.0249199867249
0.0258369445801
0.0267269611359
0.027713060379
0.0285260677338
0.0316028594971
0.0325419902802
0.0332069396973
0.0337789058685
0.0344188213348
0.0371148586273
0.0384528636932
0.0396459102631
0.0408828258514
0.0418720245361
0.0438358783722
0.0450358390808
0.0459978580475
0.0468609333038
0.0479218959808
0.0335578918457
0.0343070030212
0.0350539684296
0.0358259677887
0.0368838310242
0.0386011600494
0.039587020874
0.0402970314026
0.0410921573639
0.0417809486389
0.0426280498505
0.0438969135284
0.0452380180359
0.0464360713959
0.0476250648499
0.0264251232147
0.0272390842438
0.0280511379242
0.028685092926
0.0293290615082
0.031543970108
0.0322370529175
0.0371780395508
0.0381820201874
0.0390381813049
0.0302350521088
0.0333330631256
0.0348520278931
0.0357558727264
0.0369138717651
0.0291199684143
0.0298218727112
0.0308218002319
0.0313868522644
0.0320699214935
0.0298948287964
0.0311708450317
0.0322029590607
0.0333278179169
0.0342597961426
0.0418150424957
0.043025970459
0.0437269210815
0.0443909168243
0.0449368953705
0.028256893158
0.0290780067444
0.0301048755646
0.0307788848877
0.031574010849
0.0293929576874
0.0299909114838
0.0304000377655
0.0308568477631
0.0312049388885
0.0308971405029
0.0313680171967
0.0320830345154
0.03253698349
0.033331155777
0.0296671390533
0.0303030014038
0.0311231613159
0.0333511829376
0.0339951515198
0.0445339679718
0.0453889369965
0.0467908382416
0.0479929447174
0.0491569042206
0.0335919857025
0.0343368053436
0.0349228382111
0.0356788635254
0.0364029407501
0.0403280258179
0.0410599708557
0.041531085968
0.0420479774475
0.0423979759216
0.0367870330811
0.0370380878448
0.0372109413147
0.0373809337616
0.0375621318817
0.0305352210999
0.0309510231018
0.0313532352448
0.0336110591888
0.0359811782837
0.0287399291992
0.029895067215
0.0304799079895
0.0313239097595
0.0321779251099
0.0300331115723
0.0309369564056
0.0318500995636
0.0326540470123
0.0334811210632
0.0280621051788
0.0285341739655
0.0287849903107
0.0295000076294
0.0300190448761
0.0330700874329
0.0340650081635
0.0349490642548
0.0360131263733
0.0368049144745
0.0279018878937
0.0286200046539
0.0292298793793
0.0300188064575
0.0307629108429
0.0288739204407
0.0298049449921
0.0302889347076
0.0306568145752
0.0311059951782
0.023108959198
0.0241768360138
0.0249710083008
0.0253767967224
0.0258829593658
0.047269821167
0.0477569103241
0.048280954361
0.0493109226227
0.0503678321838
0.0343871116638
0.0349600315094
0.0355229377747
0.0361559391022
0.0368120670319
0.0267670154572
0.0276119709015
0.0286118984222
0.029620885849
0.0305759906769
0.0372641086578
0.0398640632629
0.0411131381989
0.0418720245361
0.0425500869751
0.0361218452454
0.0369789600372
0.0378928184509
0.0392417907715
0.0403950214386
0.0350391864777
0.0361201763153
0.0370671749115
0.0380761623383
0.0390591621399
0.0217881202698
0.0364010334015
0.0372731685638
0.0386459827423
0.0398571491241
0.0345458984375
0.0353009700775
0.0359418392181
0.0365188121796
0.0371658802032
0.0325059890747
0.0335340499878
0.0341098308563
0.0346958637238
0.0355498790741
0.0271339416504
0.0278420448303
0.0285089015961
0.0292608737946
0.0299100875854
0.02911901474
0.029914855957
0.0307340621948
0.031534910202
0.0329480171204
0.0315799713135
0.0330510139465
0.0340919494629
0.03542304039
0.0362460613251
0.0289521217346
0.0298750400543
0.0306820869446
0.0315990447998
0.0373721122742
0.0417079925537
0.042140007019
0.042543888092
0.0431580543518
0.0435240268707
0.0313100814819
0.0321471691132
0.0328600406647
0.0343470573425
0.0353901386261
0.0334799289703
0.0343410968781
0.0351779460907
0.0361828804016
0.03688788414
0.0292670726776
0.0300450325012
0.0305850505829
0.0312781333923
0.0318570137024
0.0333089828491
0.0340240001678
0.0346591472626
0.0352602005005
0.0358421802521
0.0345969200134
0.0353999137878
0.0360729694366
0.0368690490723
0.0376029014587
0.0380020141602
0.0392479896545
0.0398471355438
0.0404870510101
0.0410890579224
0.0453319549561
0.0463080406189
0.0472259521484
0.0481789112091
0.0490570068359
0.0350480079651
0.0356469154358
0.0363519191742
0.0369780063629
0.0382218360901
0.029837846756
0.0309269428253
0.0317099094391
0.0326638221741
0.0334420204163
0.0353980064392
0.0361678600311
0.037181854248
0.0389130115509
0.0401079654694
0.0328469276428
0.0339961051941
0.0346479415894
0.0352919101715
0.0365099906921
0.0380589962006
0.0394699573517
0.0404150485992
0.0415229797363
0.0427570343018
0.0367760658264
0.0378160476685
0.0389358997345
0.0447790622711
0.0460300445557
0.0336029529572
0.034854888916
0.0405550003052
0.0416979789734
0.0424709320068
0.031711101532
0.0347301959991
0.0357429981232
0.0368731021881
0.038017988205
0.0312011241913
0.0323021411896
0.0332751274109
0.0337121486664
0.0343761444092
0.0324468612671
0.0334689617157
0.0345039367676
0.0353639125824
0.0364038944244
0.0235090255737
0.0245928764343
0.0254788398743
0.0262160301208
0.026948928833
0.0288751125336
0.0297281742096
0.0305111408234
0.0311961174011
0.0318109989166
0.0532920360565
0.00287699699402
0.00354480743408
0.00425481796265
0.00490498542786
0.0287599563599
0.0296487808228
0.0306258201599
0.0316009521484
0.0322527885437
0.0261449813843
0.0266571044922
0.0272791385651
0.0279080867767
0.0284130573273
0.0225450992584
0.0234911441803
0.0243611335754
0.0253911018372
0.0263540744781
0.0295112133026
0.0303950309753
0.0314311981201
0.0322229862213
0.0331420898438
0.0424950122833
0.0433630943298
0.0440330505371
0.0449879169464
0.0461180210114
0.0401167869568
0.0411829948425
0.0418999195099
0.0426259040833
0.0436038970947
0.0289378166199
0.0299339294434
0.0306689739227
0.0312478542328
0.0323510169983
0.0308167934418
0.0316050052643
0.0324039459229
0.0332858562469
0.0397579669952
0.0340869426727
0.0347309112549
0.0356278419495
0.0362958908081
0.0369038581848
0.0382559299469
0.040030002594
0.0411410331726
0.0421440601349
0.0432419776917
0.0316200256348
0.0327680110931
0.0339541435242
0.0351340770721
0.0358641147614
0.0348129272461
0.0352630615234
0.0356650352478
0.0360250473022
0.0362000465393
0.0399060249329
0.040990114212
0.0454950332642
0.0473210811615
0.0484981536865
0.035621881485
0.0367338657379
0.0378057956696
0.0445699691772
0.0460109710693
0.0340449810028
0.0353870391846
0.0361790657043
0.0371069908142
0.0380389690399
0.0272397994995
0.0281808376312
0.0291018486023
0.0302908420563
0.0312747955322
0.0278830528259
0.0286281108856
0.0293760299683
0.0300710201263
0.0304901599884
0.0226240158081
0.0403628349304
0.0413229465485
0.0420968532562
0.0427558422089
0.0307929515839
0.0337059497833
0.0348439216614
0.0359370708466
0.0370380878448
0.0379581451416
0.0386040210724
0.0392370223999
0.0400731563568
0.0409910678864
0.0283398628235
0.0293350219727
0.0301139354706
0.0306408405304
0.0312659740448
0.0301530361176
0.0309679508209
0.0317399501801
0.0325708389282
0.0333619117737
0.0333869457245
0.0345408916473
0.0352909564972
0.0359420776367
0.0365860462189
0.0305738449097
0.0319178104401
0.0328388214111
0.0335519313812
0.034560918808
0.0358681678772
0.0369460582733
0.0380930900574
0.0445761680603
0.045844078064
0.0378561019897
0.0403339862823
0.0417060852051
0.0423610210419
0.0429480075836
0.0285151004791
0.0289142131805
0.0297710895538
0.0301179885864
0.0303990840912
0.0280258655548
0.0287399291992
0.0294849872589
0.0304579734802
0.0313310623169
0.0381240844727
0.038782119751
0.0393359661102
0.0399680137634
0.0405740737915
0.0278480052948
0.0290141105652
0.0299150943756
0.0350699424744
0.0361649990082
0.0303289890289
0.0312988758087
0.0323979854584
0.0332820415497
0.0343480110168
0.0344519615173
0.0360260009766
0.0372068881989
0.0384018421173
0.0394668579102
0.0364730358124
0.0376131534576
0.0385720729828
0.0394241809845
0.0400581359863
0.0418989658356
0.042778968811
0.0435528755188
0.0445408821106
0.0453319549561
0.0405781269073
0.0415489673615
0.0423741340637
0.043524980545
0.0443351268768
0.0280830860138
0.0292091369629
0.0300810337067
0.0307309627533
0.0315120220184
0.0398931503296
0.0409560203552
0.0419471263885
0.0435891151428
0.0444531440735
0.040030002594
0.0408940315247
0.0420770645142
0.0434310436249
0.0442860126495
0.0327138900757
0.032940864563
0.0331428050995
0.033332824707
0.0335509777069
0.0296268463135
0.0300159454346
0.0303139686584
0.0305888652802
0.0310678482056
0.0333478450775
0.0343527793884
0.0348358154297
0.0354278087616
0.0360569953918
0.0271348953247
0.0275499820709
0.0279378890991
0.0282669067383
0.0288660526276
0.0269808769226
0.0277049541473
0.0285019874573
0.0292558670044
0.0296239852905
0.0267150402069
0.0271880626678
0.0276460647583
0.028538942337
0.0291550159454
0.0317440032959
0.0325210094452
0.0331430435181
0.0337538719177
0.0341608524323
0.0221140384674
0.0225350856781
0.0228779315948
0.0232300758362
0.0235729217529
0.0224859714508
0.0229368209839
0.0233960151672
0.0237538814545
0.024111032486
0.032310962677
0.033066034317
0.0337150096893
0.0343379974365
0.0354759693146
0.0332791805267
0.0337240695953
0.034276008606
0.0349650382996
0.0359170436859
0.0296249389648
0.0302040576935
0.0309629440308
0.03169298172
0.0325059890747
0.0377278327942
0.0387938022614
0.0402228832245
0.0415318012238
0.0423798561096
0.0274369716644
0.0282690525055
0.0289509296417
0.0293979644775
0.0300619602203
0.0274000167847
0.0283010005951
0.028960943222
0.0295860767365
0.0301260948181
0.0354211330414
0.0361530780792
0.036926984787
0.0380010604858
0.0387301445007
0.0355629920959
0.0361998081207
0.0371599197388
0.0397498607635
0.0411248207092
0.0380189418793
0.0395169258118
0.0403258800507
0.0453910827637
0.0461330413818
0.0324149131775
0.0335040092468
0.0342879295349
0.0352609157562
0.0361030101776
0.0363368988037
0.037095785141
0.0376529693604
0.0382440090179
0.0387299060822
0.0273931026459
0.0276701450348
0.0279150009155
0.0286929607391
0.0292870998383
0.0268609523773
0.0274710655212
0.0281279087067
0.0290229320526
0.029552936554
0.0278108119965
0.0287728309631
0.0296549797058
0.0304348468781
0.0311679840088
0.0383207798004
0.0389149188995
0.0396289825439
0.0402219295502
0.0408899784088
0.0317950248718
0.0331718921661
0.0343599319458
0.0354449748993
0.0365660190582
0.0324108600616
0.033961057663
0.034795999527
0.0356850624084
0.0367429256439
0.0393269062042
0.0398569107056
0.0404210090637
0.0409090518951
0.0414838790894
0.0296568870544
0.0304880142212
0.0309329032898
0.0320599079132
0.0328419208527
0.0245440006256
0.0275478363037
0.0293090343475
0.0299918651581
0.0307068824768
0.0376570224762
0.0384161472321
0.0396590232849
0.0458471775055
0.0465312004089
0.0335369110107
0.0344970226288
0.0362868309021
0.037624835968
0.0434539318085
0.0426108837128
0.0433840751648
0.0443689823151
0.0453939437866
0.0461940765381
0.034609079361
0.0355560779572
0.0364301204681
0.0371661186218
0.0378160476685
0.0322577953339
0.0338180065155
0.0346808433533
0.0355658531189
0.036633014679
0.0323669910431
0.0328550338745
0.0333390235901
0.033921957016
0.0344319343567
0.0250239372253
0.0257458686829
0.0261578559875
0.0268549919128
0.0275869369507
0.0309021472931
0.0313141345978
0.0319499969482
0.0325210094452
0.0334870815277
0.0451800823212
0.0459830760956
0.0469579696655
0.0481979846954
0.0494000911713
0.0257320404053
0.0264179706573
0.0273110866547
0.0281689167023
0.0289919376373
0.0333349704742
0.033891916275
0.0351538658142
0.0419318675995
0.0426459312439
0.0389890670776
0.0397191047668
0.0406200885773
0.0413420200348
0.0420260429382
0.0393300056458
0.0403108596802
0.0411899089813
0.0420529842377
0.0430309772491
0.0425219535828
0.043445110321
0.044007062912
0.0444700717926
0.0448129177094
0.0324928760529
0.032968044281
0.0335299968719
0.0340430736542
0.03511095047
0.0464260578156
0.0466301441193
0.0469679832458
0.0472071170807
0.0473911762238
0.0300509929657
0.0307188034058
0.0310349464417
0.031317949295
0.0316250324249
0.0299141407013
0.0302040576935
0.030531167984
0.030876159668
0.0312740802765
0.0321290493011
0.0329241752625
0.0337970256805
0.034775018692
0.0358021259308
0.0501110553741
0.00126099586487
0.00209403038025
0.0030210018158
0.00414395332336
0.0357120037079
0.0360810756683
0.0365798473358
0.037034034729
0.0372898578644
0.0336530208588
0.0345771312714
0.0360140800476
0.0406830310822
0.0417680740356
0.0383930206299
0.0389211177826
0.0391581058502
0.0396130084991
0.0400121212006
0.0240349769592
0.0243740081787
0.0249619483948
0.0251979827881
0.0254039764404
0.0340981483459
0.0348281860352
0.0354061126709
0.0356771945953
0.0360150337219
0.0378777980804
0.0387299060822
0.0390858650208
0.0396058559418
0.0398948192596
0.027676820755
0.0282018184662
0.0289340019226
0.0295128822327
0.030800819397
0.0283648967743
0.029237985611
0.0300190448761
0.0314450263977
0.0323610305786
0.0320620536804
0.0328860282898
0.0341110229492
0.0351259708405
0.0356199741364
0.0336289405823
0.0340070724487
0.0346639156342
0.0351181030273
0.0359530448914
0.033539056778
0.0342569351196
0.0353651046753
0.0361340045929
0.0375020503998
0.0483679771423
0.0487129688263
0.0490169525146
0.0498459339142
0.000898122787476
0.0304009914398
0.0311841964722
0.0319631099701
0.0322871208191
0.0326759815216
0.0360059738159
0.0366101264954
0.037477016449
0.037966966629
0.0384390354156
0.0363459587097
0.0371730327606
0.0380940437317
0.0388729572296
0.039715051651
0.0420119762421
0.0424098968506
0.0426688194275
0.0433130264282
0.0441889762878
0.0328707695007
0.0334270000458
0.0344519615173
0.0350708961487
0.0352718830109
0.0306580066681
0.0312719345093
0.0317988395691
0.0323979854584
0.0329158306122
0.0342102050781
0.0350041389465
0.0357570648193
0.0361051559448
0.0364670753479
0.043319940567
0.0449349880219
0.0452039241791
0.0456159114838
0.0458929538727
0.0365710258484
0.0368831157684
0.0371830463409
0.041246175766
0.0425360202789
0.0227258205414
0.0233190059662
0.0241179466248
0.0247139930725
0.0253088474274
0.022430896759
0.023010969162
0.0238499641418
0.0241830348969
0.0244169235229
0.0283589363098
0.0290789604187
0.0297439098358
0.0303740501404
0.0307719707489
0.030956029892
0.031476020813
0.0317251682281
0.0320901870728
0.0327210426331
0.033616065979
0.0338771343231
0.0345320701599
0.0350160598755
0.0372960567474
0.0389821529388
0.0395641326904
0.0401470661163
0.0407090187073
0.0412871837616
0.034227848053
0.0344920158386
0.0350139141083
0.0352590084076
0.0354959964752
0.0457489490509
0.0460450649261
0.0468640327454
0.0479230880737
0.0488669872284
0.0301959514618
0.0303988456726
0.030592918396
0.0307738780975
0.0309498310089
0.0364191532135
0.0366671085358
0.0368690490723
0.0370719432831
0.0372641086578
0.0317878723145
0.032016992569
0.0322229862213
0.03262591362
0.0328259468079
0.0452082157135
0.0455760955811
0.0458681583405
0.0460979938507
0.0462720394135
0.0269160270691
0.0276610851288
0.0285220146179
0.0294201374054
0.0298941135406
0.0293681621552
0.0299711227417
0.0329561233521
0.0335149765015
0.0340311527252
0.0321428775787
0.0328140258789
0.0347170829773
0.0361270904541
0.0375189781189
0.0262811183929
0.0275921821594
0.0285890102386
0.0297660827637
0.0308201313019
0.0535671710968
0.0538671016693
0.0540380477905
0.0542051792145
0.0543661117554
0.0305509567261
0.0314950942993
0.0322880744934
0.0333399772644
0.0341050624847
0.022999048233
0.0233039855957
0.0235261917114
0.0237030982971
0.0239081382751
0.0335021018982
0.0345540046692
0.0353329181671
0.0363390445709
0.0413310527802
0.0391721725464
0.0393650531769
0.0395941734314
0.0397920608521
0.0399780273438
0.033182144165
0.0349819660187
0.0355000495911
0.0359871387482
0.0365190505981
0.0334639549255
0.0343101024628
0.0351700782776
0.0360350608826
0.0371890068054
0.0427711009979
0.0435919761658
0.0438749790192
0.0441241264343
0.0443470478058
0.0290598869324
0.0292727947235
0.0296878814697
0.030158996582
0.0306248664856
0.0348169803619
0.0359508991241
0.0370409488678
0.0380737781525
0.0390079021454
0.0372540950775
0.0380101203918
0.0387411117554
0.0392270088196
0.0400371551514
0.047394990921
0.047779083252
0.0480918884277
0.0483059883118
0.0485708713531
0.028491973877
0.0286998748779
0.0288689136505
0.0290250778198
0.0292029380798
0.0260920524597
0.0263478755951
0.026566028595
0.0267739295959
0.0269689559937
0.031347990036
0.0315799713135
0.031769990921
0.0319809913635
0.0322670936584
0.0323050022125
0.0330600738525
0.0342741012573
0.0353400707245
0.0366060733795
0.0380229949951
0.0386469364166
0.0393350124359
0.0401360988617
0.0408699512482
0.0295748710632
0.0302000045776
0.0307998657227
0.0313818454742
0.0321209430695
0.0267789363861
0.0274999141693
0.0282559394836
0.0288579463959
0.0295279026031
0.0312111377716
0.0320329666138
0.0327651500702
0.0335261821747
0.0342581272125
0.0241599082947
0.0247559547424
0.0253849029541
0.026300907135
0.0276260375977
0.0254120826721
0.026083946228
0.0267479419708
0.0273699760437
0.0280201435089
0.0226290225983
0.0234761238098
0.0242879390717
0.0248460769653
0.0253949165344
0.0249900817871
0.0258650779724
0.0269441604614
0.029235124588
0.0301861763
0.0363471508026
0.0365810394287
0.0367939472198
0.0370099544525
0.0372309684753
0.0346419811249
0.034952878952
0.0351839065552
0.0355079174042
0.0358228683472
0.0283081531525
0.028608083725
0.0289599895477
0.0293180942535
0.0296449661255
0.0296969413757
0.0300340652466
0.0303020477295
0.0306079387665
0.0309710502625
0.0355889797211
0.0358428955078
0.0360569953918
0.0362458229065
0.0364329814911
0.0254328250885
0.0256338119507
0.025866985321
0.0260319709778
0.0261960029602
0.0313019752502
0.0317070484161
0.0324048995972
0.0333108901978
0.0341470241547
0.0324938297272
0.0328040122986
0.0335969924927
0.0338530540466
0.0340719223022
0.0384428501129
0.0393848419189
0.0399749279022
0.0405149459839
0.0410997867584
0.0258150100708
0.0262169837952
0.0265140533447
0.0267970561981
0.0272791385651
0.0309510231018
0.0315330028534
0.0323159694672
0.033047914505
0.0339689254761
0.0381870269775
0.0392150878906
0.0402979850769
0.041347026825
0.0424821376801
0.0356209278107
0.03653383255
0.0371968746185
0.0380098819733
0.0389478206635
0.0385670661926
0.0394601821899
0.0403790473938
0.0411190986633
0.042072057724
0.0359241962433
0.0361220836639
0.0362901687622
0.0364580154419
0.0366160869598
0.0322089195251
0.0324828624725
0.0327279567719
0.0330028533936
0.0332398414612
0.0260951519012
0.0264611244202
0.0267651081085
0.0270571708679
0.0273551940918
0.0317261219025
0.031937122345
0.0321381092072
0.0323040485382
0.0324580669403
0.0296900272369
0.0299949645996
0.0302319526672
0.0304579734802
0.0310668945312
0.0299711227417
0.0305619239807
0.0313010215759
0.0318560600281
0.0320830345154
0.0273280143738
0.027911901474
0.0284879207611
0.029855966568
0.0305500030518
0.0328419208527
0.0331361293793
0.0333690643311
0.0336120128632
0.0338399410248
0.0287108421326
0.02894282341
0.0293338298798
0.029816865921
0.0302889347076
0.0380780696869
0.0388350486755
0.0398840904236
0.0404272079468
0.0433390140533
0.0374460220337
0.0378329753876
0.0381231307983
0.0384039878845
0.0386769771576
0.0389869213104
0.0393378734589
0.0395917892456
0.0398550033569
0.0400588512421
0.0323040485382
0.0325980186462
0.0328161716461
0.0330400466919
0.033224105835
0.0357501506805
0.0359280109406
0.0360901355743
0.036288022995
0.0364520549774
0.0433809757233
0.043662071228
0.0439178943634
0.0441648960114
0.0444278717041
0.0548028945923
0.0558609962463
0.0566239356995
0.057461977005
0.0583200454712
0.0358839035034
0.0365998744965
0.0373678207397
0.0380389690399
0.0387418270111
0.0309708118439
0.0311470031738
0.0316410064697
0.0320858955383
0.0326178073883
0.0249857902527
0.0255179405212
0.0259318351746
0.0263738632202
0.0267260074615
0.0308299064636
0.0310809612274
0.0312860012054
0.031457901001
0.0320467948914
0.0272099971771
0.0280919075012
0.0289738178253
0.0297927856445
0.0319919586182
0.0354340076447
0.0369739532471
0.0384058952332
0.0398309230804
0.0411911010742
0.0394251346588
0.0396151542664
0.0397791862488
0.0399641990662
0.0401101112366
0.0257799625397
0.0259969234467
0.0262079238892
0.0263769626617
0.00221514701843
0.0423541069031
0.0436820983887
0.0484709739685
0.0496439933777
0.0011579990387
0.0443999767303
0.044625043869
0.0448150634766
0.0449819564819
0.0451431274414
0.0361480712891
0.036376953125
0.036591053009
0.0368001461029
0.0369999408722
0.0341761112213
0.0344820022583
0.0348100662231
0.0351359844208
0.0354700088501
0.0516169071198
0.0518329143524
0.0520329475403
0.0522170066833
0.0524120330811
0.0853519439697
0.003093957901
0.00333595275879
0.00365710258484
0.00389504432678
0.0259230136871
0.0262041091919
0.026468038559
0.0268681049347
0.0272879600525
0.0309419631958
0.0311629772186
0.0314538478851
0.031632900238
0.0317938327789
0.0303440093994
0.0307772159576
0.0311620235443
0.0315639972687
0.0323741436005
0.023549079895
0.0237300395966
0.0238981246948
0.0240681171417
0.0242540836334
0.0250060558319
0.0254330635071
0.0258090496063
0.0261929035187
0.0265560150146
0.0408720970154
0.0411751270294
0.0417680740356
0.0420989990234
0.0423800945282
0.0259490013123
0.0262038707733
0.0266530513763
0.0269429683685
0.0273299217224
0.0261921882629
0.0268170833588
0.0277540683746
0.0282771587372
0.0285751819611
0.0321679115295
0.0328328609467
0.0335099697113
0.0342178344727
0.0345129966736
0.0378358364105
0.0392589569092
0.0404169559479
0.0415668487549
0.0474438667297
0.0371079444885
0.0373139381409
0.0375039577484
0.0376839637756
0.0378570556641
0.0468370914459
0.0478181838989
0.0488891601562
0.0498261451721
0.00219702720642
0.0249400138855
0.0260279178619
0.0270500183105
0.0281338691711
0.0292940139771
0.032084941864
0.033007144928
0.0339949131012
0.035432100296
0.0373170375824
0.0313899517059
0.0323350429535
0.0332520008087
0.0341289043427
0.0349960327148
0.0336019992828
0.0352408885956
0.0359280109406
0.0366659164429
0.0373349189758
0.0351490974426
0.0360131263733
0.0369551181793
0.0379011631012
0.0385780334473
0.0380070209503
0.0395731925964
0.0407130718231
0.0430281162262
0.0450341701508
0.0333349704742
0.0347790718079
0.036257982254
0.0380260944366
0.0393218994141
0.0374441146851
0.0376479625702
0.0378329753876
0.038036108017
0.0382180213928
0.0263299942017
0.0265500545502
0.0267159938812
0.0268790721893
0.0270359516144
0.0344619750977
0.0396420955658
0.0408189296722
0.0412139892578
0.0417230129242
0.0351729393005
0.0354039669037
0.0355958938599
0.0357859134674
0.0359671115875
0.0276889801025
0.0278761386871
0.0280470848083
0.0282089710236
0.0283601284027
0.0495660305023
0.0501689910889
0.0506551265717
0.000528812408447
0.000936985015869
0.0459599494934
0.0468509197235
0.0501239299774
0.0508689880371
0.000723123550415
0.0243141651154
0.0246350765228
0.025032043457
0.0253760814667
0.0259511470795
0.0346200466156
0.0348670482635
0.0351190567017
0.035355091095
0.0355920791626
0.0254719257355
0.0258448123932
0.02614402771
0.0264499187469
0.0267689228058
0.022488117218
0.0233311653137
0.0239200592041
0.0248680114746
0.0256371498108
0.0276808738708
0.027902841568
0.02809882164
0.0282649993896
0.0284368991852
0.0340638160706
0.0342679023743
0.034451007843
0.0346438884735
0.0348579883575
0.026832818985
0.0279288291931
0.02911901474
0.0302939414978
0.0315408706665
0.0276927947998
0.0288078784943
0.0296449661255
0.030622959137
0.0318839550018
0.0266590118408
0.0279731750488
0.029009103775
0.0303881168365
0.0314671993256
0.0412139892578
0.0416021347046
0.0419800281525
0.0423650741577
0.0427579879761
0.0229139328003
0.02312707901
0.0233299732208
0.023561000824
0.0237329006195
0.0247728824615
0.0257439613342
0.0265188217163
0.0268678665161
0.0278778076172
0.0307080745697
0.0319159030914
0.0330550670624
0.0344560146332
0.0363938808441
0.0367851257324
0.0370349884033
0.0372800827026
0.0374989509583
0.0376951694489
0.0260729789734
0.0263919830322
0.0267260074615
0.0270850658417
0.027529001236
0.022075176239
0.0224661827087
0.0227560997009
0.0229740142822
0.0231549739838
0.0317449569702
0.0321481227875
0.0324800014496
0.0328190326691
0.033096075058
0.0323300361633
0.0328998565674
0.0335519313812
0.0343959331512
0.0352540016174
0.026976108551
0.0273342132568
0.0276300907135
0.0278460979462
0.0280179977417
0.0221750736237
0.0224440097809
0.022628068924
0.0228600502014
0.0232319831848
0.0281388759613
0.0292029380798
0.0295598506927
0.0306580066681
0.0316209793091
0.0298137664795
0.0301389694214
0.0304598808289
0.030749797821
0.0310537815094
0.0245850086212
0.0249149799347
0.0252158641815
0.0254859924316
0.0257918834686
0.0226829051971
0.0235939025879
0.0244200229645
0.025514125824
0.0263991355896
0.0248920917511
0.0261108875275
0.027204990387
0.0281739234924
0.0321259498596
0.0304322242737
0.0308151245117
0.031191110611
0.0314781665802
0.0316710472107
0.0226089954376
0.0228910446167
0.0231120586395
0.0233161449432
0.0235030651093
0.0279288291931
0.0282068252563
0.0284969806671
0.0287020206451
0.0289540290833
0.0272881984711
0.0281250476837
0.0287961959839
0.0296561717987
0.0302040576935
0.027135848999
0.0273878574371
0.0277450084686
0.0280568599701
0.0283670425415
0.0280621051788
0.0282521247864
0.0285410881042
0.0287210941315
0.0289611816406
0.0278360843658
0.0280652046204
0.0282311439514
0.0283920764923
0.0286600589752
0.0252530574799
0.0255808830261
0.0259079933167
0.0262289047241
0.0265500545502
0.0258319377899
0.0260109901428
0.0261719226837
0.0263419151306
0.0265510082245
0.0260589122772
0.0263109207153
0.026554107666
0.0267889499664
0.0271940231323
0.0282528400421
0.0286688804626
0.0290179252625
0.0293338298798
0.0296039581299
0.02410197258
0.0243220329285
0.0244719982147
0.0246469974518
0.0250010490417
0.0223619937897
0.0230560302734
0.0238280296326
0.0245969295502
0.0268359184265
0.0236840248108
0.0240080356598
0.0243270397186
0.0246548652649
0.0249650478363
0.0273358821869
0.0282719135284
0.0291788578033
0.029834985733
0.0306148529053
0.0263199806213
0.0265309810638
0.0267961025238
0.0274600982666
0.0277850627899
0.0266261100769
0.0268869400024
0.02707695961
0.0272600650787
0.0274391174316
0.0330131053925
0.0333330631256
0.0336821079254
0.0340509414673
0.0348029136658
0.0311501026154
0.0422689914703
0.0433371067047
0.0440940856934
0.044811964035
0.0338242053986
0.0340921878815
0.034431219101
0.0347471237183
0.0350520610809
0.0260720252991
0.0263640880585
0.0266962051392
0.0269451141357
0.0272741317749
0.0221149921417
0.0230579376221
0.0236349105835
0.0246429443359
0.0249300003052
0.0306789875031
0.0314240455627
0.0323948860168
0.033371925354
0.0342309474945
0.0303301811218
0.0306770801544
0.0309960842133
0.031229019165
0.0314249992371
0.024539232254
0.0247611999512
0.0249660015106
0.0251441001892
0.0253200531006
0.0293159484863
0.0295848846436
0.0298209190369
0.0300281047821
0.0301830768585
0.0272591114044
0.0276291370392
0.0278511047363
0.0280690193176
0.0282561779022
0.02654504776
0.0269160270691
0.0272340774536
0.0275890827179
0.0279211997986
0.0273249149323
0.028223991394
0.0289390087128
0.0296368598938
0.0303499698639
0.0283570289612
0.0285351276398
0.0287079811096
0.0288710594177
0.0290269851685
0.0348641872406
0.0352811813354
0.0356981754303
0.0360951423645
0.0367691516876
0.0267579555511
0.0275340080261
0.0283908843994
0.0290257930756
0.0297830104828
0.0322599411011
0.0329790115356
0.0336439609528
0.0343289375305
0.0350329875946
0.0287737846375
0.029168844223
0.0295248031616
0.029926776886
0.0302498340607
0.022834777832
0.0231828689575
0.0234467983246
0.0237159729004
0.0239799022675
0.0242359638214
0.0245349407196
0.0248169898987
0.0250799655914
0.0253329277039
0.0268259048462
0.0272259712219
0.0276098251343
0.0280508995056
0.0284130573273
0.0280208587646
0.0283439159393
0.0286569595337
0.0289669036865
0.0292778015137
0.0220181941986
0.0222101211548
0.0224030017853
0.0225870609283
0.0227761268616
0.026871919632
0.027144908905
0.0273430347443
0.0275280475616
0.027713060379
0.0284171104431
0.0286221504211
0.0288031101227
0.0289721488953
0.0291249752045
0.0260679721832
0.0262598991394
0.0264458656311
0.0266079902649
0.0267589092255
0.0280940532684
0.0283100605011
0.0286571979523
0.0289001464844
0.0290961265564
0.0284090042114
0.0287051200867
0.0289721488953
0.0292000770569
0.0293719768524
0.029501914978
0.0297129154205
0.0299160480499
0.0301480293274
0.0303218364716
0.0221371650696
0.0223591327667
0.0225529670715
0.0228781700134
0.0231511592865
0.0235981941223
0.0238001346588
0.0239660739899
0.024158000946
0.0244040489197
0.026762008667
0.0270721912384
0.0273911952972
0.0277121067047
0.0280251502991
0.0283751487732
0.0287210941315
0.0290560722351
0.0293879508972
0.0297241210938
0.0250430107117
0.0253689289093
0.0256779193878
0.0259718894958
0.0262949466705
0.0264410972595
0.0268430709839
0.0272262096405
0.0275781154633
0.0285921096802
0.0413639545441
0.0419049263
0.0421450138092
0.0423338413239
0.0425798892975
0.0276699066162
0.0285649299622
0.0296368598938
0.030553817749
0.0312979221344
0.0915739536285
0.0923101902008
0.0929870605469
0.0938210487366
0.0947041511536
0.114283800125
0.115092992783
0.115852832794
0.116475820541
0.117194890976
0.0920860767365
0.0929071903229
0.0936269760132
0.0942320823669
0.0947711467743
0.0864248275757
0.0871667861938
0.0878148078918
0.0887808799744
0.0893979072571
0.0917360782623
0.0923988819122
0.0930070877075
0.0935990810394
0.0942709445953
0.0661759376526
0.0663387775421
0.0664877891541
0.0666389465332
0.0668079853058
0.0400810241699
0.0412750244141
0.0422930717468
0.0433568954468
0.044233083725
0.0277469158173
0.0279660224915
0.0281701087952
0.0283370018005
0.0285201072693
0.0282781124115
0.0292301177979
0.0299251079559
0.0306270122528
0.0314919948578
0.0272920131683
0.0275039672852
0.0276799201965
0.0278580188751
0.028018951416
0.0301520824432
0.0303711891174
0.0305590629578
0.0307381153107
0.0309131145477
0.0276548862457
0.0278778076172
0.0281999111176
0.0283949375153
0.0285828113556
0.0247159004211
0.025673866272
0.0264909267426
0.0273108482361
0.0282609462738
0.0234770774841
0.0236730575562
0.0238580703735
0.0240340232849
0.0242049694061
0.0238218307495
0.0241508483887
0.0244288444519
0.024671792984
0.0249848365784
0.033035993576
0.0338730812073
0.0346069335938
0.0353178977966
0.0362889766693
0.0406157970428
0.0414609909058
0.042683839798
0.0437898635864
0.048633813858
0.023964881897
0.0248038768768
0.0258619785309
0.0274379253387
0.0294208526611
0.0406908988953
0.0410959720612
0.0414760112762
0.0420808792114
0.0427138805389
0.0744099617004
0.0746359825134
0.0749890804291
0.0752630233765
0.0754358768463
0.0470700263977
0.0478930473328
0.0485620498657
0.0494539737701
0.0500900745392
0.0401339530945
0.040678024292
0.0412240028381
0.0420479774475
0.0430130958557
0.0362889766693
0.0369529724121
0.0375888347626
0.0382099151611
0.0388519763947
0.0302319526672
0.0309948921204
0.0317370891571
0.0324580669403
0.0331819057465
0.0277659893036
0.028657913208
0.0293710231781
0.0301640033722
0.0308539867401
0.0267949104309
0.0270500183105
0.0272419452667
0.0274188518524
0.0275838375092
0.0226528644562
0.0235669612885
0.024347782135
0.0252468585968
0.0261089801788
0.0308849811554
0.031121969223
0.0317871570587
0.0320320129395
0.0322060585022
0.0274667739868
0.0282399654388
0.0286738872528
0.0293958187103
0.0304169654846
0.0262799263
0.0265998840332
0.0269010066986
0.0271949768066
0.0274999141693
0.0283739566803
0.0288109779358
0.0291938781738
0.029571056366
0.0299608707428
0.026538848877
0.0267479419708
0.0269649028778
0.0271809101105
0.0274300575256
0.0238058567047
0.0240108966827
0.0242338180542
0.0244228839874
0.0246088504791
0.0224478244781
0.0233418941498
0.0236999988556
0.0240688323975
0.024594783783
0.023069858551
0.0233969688416
0.0237059593201
0.0240209102631
0.0243330001831
0.0241918563843
0.0245130062103
0.0247268676758
0.0249328613281
0.0251278877258
0.0250899791718
0.0253059864044
0.025493144989
0.0256690979004
0.0258369445801
0.0294458866119
0.0296700000763
0.0298891067505
0.0301060676575
0.0302600860596
0.0283300876617
0.0286529064178
0.0290620326996
0.029443025589
0.029846906662
0.0363438129425
0.0365989208221
0.0368268489838
0.0370349884033
0.0372338294983
0.0335688591003
0.0344929695129
0.035395860672
0.036153793335
0.0369889736176
0.0281541347504
0.0293412208557
0.0302991867065
0.0313541889191
0.0322041511536
0.0246109962463
0.0253088474274
0.0260419845581
0.0267219543457
0.0273838043213
0.0261690616608
0.0268728733063
0.0275568962097
0.028226852417
0.0289409160614
0.0273430347443
0.0280048847198
0.0287480354309
0.0293560028076
0.02996301651
0.0287399291992
0.029415845871
0.0300929546356
0.0309629440308
0.0319848060608
0.0351278781891
0.0356819629669
0.0364830493927
0.0372428894043
0.0381479263306
0.0410990715027
0.0421311855316
0.0429861545563
0.0438041687012
0.044694185257
0.0510869026184
0.0514209270477
0.0516579151154
0.0519599914551
0.0522360801697
0.0488069057465
0.0492508411407
0.049647808075
0.0500178337097
0.050598859787
0.0376160144806
0.0381209850311
0.0383179187775
0.0384759902954
0.038666009903
0.0371789932251
0.0376019477844
0.0378510951996
0.0380790233612
0.0382571220398
0.0390388965607
0.039265871048
0.039470911026
0.0396649837494
0.0400528907776
0.0365540981293
0.0369031429291
0.0372641086578
0.037584066391
0.03790807724
0.0378949642181
0.038074016571
0.0382289886475
0.0383818149567
0.0385339260101
0.0347089767456
0.0350749492645
0.0354020595551
0.0358228683472
0.0366199016571
0.0319380760193
0.0321719646454
0.0324690341949
0.0327429771423
0.0330259799957
0.0411369800568
0.0413548946381
0.0415620803833
0.041757106781
0.0419940948486
0.0290608406067
0.0293328762054
0.0295460224152
0.0300140380859
0.0304679870605
0.0219540596008
0.0222201347351
0.0224039554596
0.0226020812988
0.0227749347687
0.0424900054932
0.0427229404449
0.0429198741913
0.0431010723114
0.0432698726654
0.0440549850464
0.0443871021271
0.0452511310577
0.0455930233002
0.0460231304169
0.0291810035706
0.0295169353485
0.0299088954926
0.0302090644836
0.0306060314178
0.0258898735046
0.0261118412018
0.0263078212738
0.0264899730682
0.0266718864441
0.0273411273956
0.0276200771332
0.0278429985046
0.0280699729919
0.0282680988312
0.0238628387451
0.0242338180542
0.0245749950409
0.0249149799347
0.0252559185028
0.031289100647
0.0314772129059
0.0316910743713
0.0318541526794
0.032014131546
0.0285410881042
0.0287420749664
0.0289030075073
0.0290560722351
0.0292232036591
0.0237460136414
0.0239789485931
0.0241858959198
0.0243809223175
0.0245778560638
0.0256490707397
0.0258941650391
0.02610206604
0.0263090133667
0.0265121459961
0.0294308662415
0.0297069549561
0.0300078392029
0.0302438735962
0.0305309295654
0.0262410640717
0.026417016983
0.0266299247742
0.026801109314
0.0269501209259
0.0315120220184
0.0318710803986
0.0326120853424
0.0339601039886
0.0353610515594
0.0375759601593
0.038388967514
0.0391018390656
0.0397698879242
0.0407629013062
0.0336029529572
0.0338950157166
0.0342309474945
0.0344660282135
0.03498005867
0.0276539325714
0.028990983963
0.0300650596619
0.0310549736023
0.0319900512695
0.0270321369171
0.0282509326935
0.0291979312897
0.0299389362335
0.0306890010834
0.0310440063477
0.0312561988831
0.031455039978
0.0316331386566
0.0320150852203
0.0278968811035
0.028126001358
0.0283179283142
0.0284810066223
0.0286870002747
0.025817155838
0.0270850658417
0.0287539958954
0.0304090976715
0.0318541526794
0.0261719226837
0.026496887207
0.0267999172211
0.0270988941193
0.0274147987366
0.0266120433807
0.0269980430603
0.0273721218109
0.0276970863342
0.0283250808716
0.0422270298004
0.0430579185486
0.0438039302826
0.0470950603485
0.0478150844574
0.0476429462433
0.0488290786743
0.0503289699554
0.0023729801178
0.00294089317322
0.0549099445343
0.0552160739899
0.0557129383087
0.0560069084167
0.0561950206757
0.0355179309845
0.0363218784332
0.0370829105377
0.037880897522
0.0386919975281
0.0495781898499
0.0498239994049
0.0500571727753
0.0502600669861
0.0505721569061
0.042543888092
0.0428509712219
0.0431020259857
0.0433080196381
0.0437848567963
0.0339589118958
0.0348038673401
0.0355579853058
0.0362048149109
0.0369169712067
0.0301690101624
0.0303988456726
0.0306279659271
0.0311100482941
0.0319759845734
0.0263049602509
0.0267939567566
0.0274620056152
0.0280790328979
0.0284721851349
0.0286531448364
0.0295910835266
0.0305211544037
0.0313830375671
0.0324921607971
0.0337679386139
0.0339810848236
0.0341489315033
0.0343220233917
0.0344729423523
0.0266129970551
0.026839017868
0.0270700454712
0.0272600650787
0.0274500846863
0.0257480144501
0.0265591144562
0.0273098945618
0.0281550884247
0.0289759635925
0.0281820297241
0.0292229652405
0.0301258563995
0.0308399200439
0.0317459106445
0.0514271259308
0.00114798545837
0.0019109249115
0.00253200531006
0.00282192230225
0.0289778709412
0.0298018455505
0.0306060314178
0.0310490131378
0.0314249992371
0.0303068161011
0.0307128429413
0.0312988758087
0.0320479869843
0.0323820114136
0.0310940742493
0.0317959785461
0.0325269699097
0.0327758789062
0.0348989963531
0.0359258651733
0.0361649990082
0.0363879203796
0.036581993103
0.036838054657
0.0326120853424
0.0329449176788
0.0334870815277
0.0339181423187
0.0342750549316
0.0805041790009
0.0189828872681
0.0224969387054
0.0229609012604
0.0233647823334
0.0536739826202
0.0540919303894
0.0546338558197
0.00336384773254
0.00401782989502
0.0370719432831
0.0380878448486
0.0391638278961
0.0397679805756
0.0400519371033
0.0239760875702
0.0252799987793
0.0267181396484
0.0278170108795
0.0285999774933
0.0404441356659
0.0408411026001
0.0411901473999
0.0415980815887
0.0423231124878
0.0290009975433
0.0301420688629
0.0307700634003
0.0318651199341
0.0326812267303
0.0566029548645
0.00199913978577
0.00296998023987
0.00352215766907
0.00389409065247
0.0344450473785
0.0346851348877
0.0349090099335
0.0351049900055
0.0353050231934
0.0285601615906
0.0289580821991
0.0294361114502
0.029834985733
0.0301439762115
0.0220580101013
0.0227279663086
0.0236070156097
0.0245389938354
0.0256600379944
0.0494019985199
0.000772953033447
0.00212287902832
0.00281405448914
0.00351905822754
0.0495269298553
0.050420999527
0.0510308742523
0.00150299072266
0.0022280216217
0.038773059845
0.0396790504456
0.0404391288757
0.0411360263824
0.0417900085449
0.0310709476471
0.0321950912476
0.0331499576569
0.034087896347
0.035295009613
0.0369510650635
0.037987947464
0.038722038269
0.039783000946
0.0405249595642
0.0240259170532
0.0249099731445
0.0257549285889
0.0263800621033
0.0273790359497
0.0271039009094
0.0282049179077
0.0292000770569
0.0300750732422
0.0310289859772
0.0333390235901
0.034019947052
0.0348069667816
0.0355088710785
0.0363068580627
0.0268909931183
0.0278398990631
0.0286839008331
0.0300989151001
0.0309488773346
0.0345978736877
0.0349020957947
0.0351309776306
0.0354700088501
0.0357809066772
0.0327949523926
0.0337829589844
0.034462928772
0.0352559089661
0.0366280078888
0.0361950397491
0.0363779067993
0.0365500450134
0.0367090702057
0.036857843399
0.0348160266876
0.0349979400635
0.0351600646973
0.0353150367737
0.035472869873
0.0279431343079
0.0282430648804
0.0285739898682
0.0291340351105
0.029464006424
0.0328278541565
0.0330250263214
0.0331790447235
0.0333218574524
0.0334670543671
0.0306849479675
0.0310130119324
0.0312178134918
0.0314118862152
0.0315999984741
0.0444869995117
0.0447180271149
0.0449638366699
0.0451250076294
0.0452768802643
0.0415818691254
0.0419669151306
0.0422840118408
0.0425679683685
0.0429198741913
0.043692111969
0.0446939468384
0.046049118042
0.047511100769
0.0488271713257
0.0501930713654
0.0505659580231
0.0512731075287
0.00158619880676
0.00450205802917
0.0301861763
0.0304441452026
0.0402929782867
0.0406720638275
0.0408911705017
0.034411907196
0.034637928009
0.0348310470581
0.0350780487061
0.0357768535614
0.0298829078674
0.0305080413818
0.0315480232239
0.0329539775848
0.0344388484955
0.0843560695648
0.0846931934357
0.0849452018738
0.0852510929108
0.0856029987335
0.0402998924255
0.0405490398407
0.0407660007477
0.0409698486328
0.0411720275879
0.034099817276
0.0348689556122
0.0352098941803
0.0354588031769
0.0357089042664
0.0287370681763
0.0290751457214
0.0293991565704
0.0297241210938
0.0300431251526
0.0273401737213
0.0280921459198
0.0287561416626
0.0295131206512
0.0301690101624
0.0398809909821
0.0401699542999
0.040374994278
0.0405881404877
0.0409750938416
0.036367893219
0.0366270542145
0.0371730327606
0.0380229949951
0.0388629436493
0.126130104065
0.1265001297
0.126837015152
0.127175092697
0.127505064011
0.0301239490509
0.0308198928833
0.0335350036621
0.0341279506683
0.0348289012909
0.0453019142151
0.0455229282379
0.0457768440247
0.0462608337402
0.0472238063812
0.0303709506989
0.0306429862976
0.0308449268341
0.0310270786285
0.0312719345093
0.0289299488068
0.0298471450806
0.0306069850922
0.0316250324249
0.032662153244
0.0386710166931
0.0393798351288
0.0399940013885
0.040335893631
0.0410890579224
0.027086019516
0.0281810760498
0.0295979976654
0.0308201313019
0.0320000648499
0.0331768989563
0.0337979793549
0.0344390869141
0.0354950428009
0.0362169742584
0.0317981243134
0.03457903862
0.0357890129089
0.0365550518036
0.0374069213867
0.0337271690369
0.0345959663391
0.0359230041504
0.0367109775543
0.0379469394684
0.0335710048676
0.0346121788025
0.0381319522858
0.0392520427704
0.0401220321655
0.0429739952087
0.0444869995117
0.0459499359131
0.0473511219025
0.0487899780273
0.0334410667419
0.0344450473785
0.0357141494751
0.0367879867554
0.0378851890564
0.0347681045532
0.0356740951538
0.0364952087402
0.0374162197113
0.0383810997009
0.0288171768188
0.0292291641235
0.0297629833221
0.0302650928497
0.0305721759796
0.0286638736725
0.0291178226471
0.0293169021606
0.0295069217682
0.0300347805023
0.0334758758545
0.0340518951416
0.0346109867096
0.0351428985596
0.0356688499451
0.0336208343506
0.0340678691864
0.0347628593445
0.0353260040283
0.0359299182892
0.036759853363
0.0373589992523
0.0381140708923
0.0389239788055
0.0397498607635
0.0564060211182
0.0567419528961
0.056972026825
0.00260186195374
0.00302600860596
0.044823884964
0.0450940132141
0.0454568862915
0.0457408428192
0.0459728240967
0.0436210632324
0.0439240932465
0.0441620349884
0.0443699359894
0.0448129177094
0.0368139743805
0.0370419025421
0.037239074707
0.0374619960785
0.037703037262
0.0435621738434
0.0455701351166
0.0460770130157
0.0468211174011
0.0474681854248
0.0300669670105
0.0309219360352
0.0312778949738
0.0321669578552
0.0328729152679
0.0227749347687
0.0231359004974
0.023402929306
0.0237400531769
0.0240249633789
0.0404241085052
0.0411059856415
0.0416131019592
0.0420589447021
0.0425560474396
0.033814907074
0.0346651077271
0.0356729030609
0.0379419326782
0.0388700962067
0.0413908958435
0.0419540405273
0.042149066925
0.0423290729523
0.00196504592896
0.0500330924988
0.0503790378571
0.0506920814514
0.0509459972382
0.051185131073
0.0284349918365
0.0286939144135
0.0292959213257
0.0295128822327
0.0297939777374
0.0261540412903
0.0263979434967
0.0266580581665
0.026948928833
0.0272328853607
0.0334718227386
0.0338408946991
0.0341680049896
0.0344920158386
0.0348060131073
0.0412249565125
0.0415649414062
0.0418479442596
0.0421199798584
0.0423939228058
0.0461189746857
0.0463030338287
0.0465409755707
0.0467200279236
0.0468890666962
0.0402801036835
0.0405418872833
0.0407829284668
0.041011095047
0.0412249565125
0.0462739467621
0.0465400218964
0.0467538833618
0.0469808578491
0.0472350120544
0.0258781909943
0.0262310504913
0.0265140533447
0.0268330574036
0.0270709991455
0.0660319328308
0.06623005867
0.0663909912109
0.0665490627289
0.0667040348053
0.0402779579163
0.0407791137695
0.0412321090698
0.0416929721832
0.0421130657196
0.0327651500702
0.0330111980438
0.0332341194153
0.0334429740906
0.0336420536041
0.0320398807526
0.0322959423065
0.0325078964233
0.0326960086823
0.0328619480133
0.0269069671631
0.027153968811
0.0273621082306
0.0275461673737
0.0277321338654
0.0404510498047
0.040776014328
0.0410468578339
0.0413179397583
0.0419030189514
0.0239760875702
0.0241870880127
0.0243871212006
0.0247089862823
0.0249869823456
0.0686168670654
0.0692539215088
0.0171799659729
0.0184710025787
0.0193090438843
0.0517768859863
0.0524919033051
0.0531289577484
0.0537419319153
0.0544469356537
0.0448639392853
0.0455889701843
0.0462198257446
0.0469188690186
0.047816991806
0.0354509353638
0.0357887744904
0.0361089706421
0.0364167690277
0.036750793457
0.0699760913849
0.0703451633453
0.0706739425659
0.0710401535034
0.0713920593262
0.0384678840637
0.0387589931488
0.038959980011
0.0391309261322
0.0392899513245
0.044175863266
0.0444979667664
0.0446779727936
0.0448489189148
0.0450139045715
0.0863029956818
0.0866210460663
0.0868940353394
0.0871469974518
0.0874161720276
0.0664739608765
0.0671148300171
0.00593781471252
0.00667786598206
0.00719785690308
0.0366578102112
0.0377159118652
0.0387318134308
0.0395119190216
0.0409688949585
0.0441360473633
0.0448009967804
0.0454931259155
0.0462791919708
0.0470650196075
0.0501191616058
0.0505471229553
0.0508670806885
0.00135898590088
0.0026581287384
0.0280129909515
0.0287079811096
0.0293271541595
0.0299201011658
0.0303990840912
0.0316460132599
0.0324099063873
0.0329048633575
0.0333478450775
0.0339059829712
0.0600428581238
0.00197410583496
0.00378799438477
0.0042519569397
0.00461101531982
0.0445110797882
0.0452721118927
0.0462419986725
0.046914100647
0.0475170612335
0.024071931839
0.0244879722595
0.0249481201172
0.0253789424896
0.0257771015167
0.0192909240723
0.0200309753418
0.0389080047607
0.039724111557
0.0404870510101
0.0379509925842
0.0387189388275
0.0394477844238
0.0403509140015
0.041069984436
0.0752091407776
0.0181460380554
0.019275188446
0.0265719890594
0.0269351005554
0.0503811836243
0.050961971283
0.0515451431274
0.0519859790802
0.0524311065674
0.0300199985504
0.0307800769806
0.0318610668182
0.0329790115356
0.0337920188904
0.0314009189606
0.0316069126129
0.0318119525909
0.0319979190826
0.0321609973907
0.062108039856
0.0625078678131
0.0628998279572
0.0633020401001
0.0636448860168
0.0242681503296
0.0245101451874
0.0247211456299
0.0249161720276
0.0252079963684
0.0261919498444
0.0265820026398
0.0268330574036
0.0272080898285
0.0275831222534
0.0253629684448
0.026547908783
0.0278089046478
0.0290498733521
0.0299248695374
0.0262269973755
0.0273439884186
0.0287308692932
0.0299999713898
0.0312879085541
0.0336811542511
0.0339601039886
0.0342121124268
0.0344390869141
0.03466796875
0.0276198387146
0.0278809070587
0.0280728340149
0.0282559394836
0.0284268856049
0.0281069278717
0.0284490585327
0.0288031101227
0.029107093811
0.0294380187988
0.0215630531311
0.0219659805298
0.0222570896149
0.0225751399994
0.0228469371796
0.0218830108643
0.0222501754761
0.0226180553436
0.0228910446167
0.0230960845947
0.0243999958038
0.0246140956879
0.0247981548309
0.0250780582428
0.0254890918732
0.0283739566803
0.0290780067444
0.0297811031342
0.0304419994354
0.0353779792786
0.0364120006561
0.0371069908142
0.0378570556641
0.0392799377441
0.0407819747925
0.0409460067749
0.041775226593
0.0428171157837
0.0446360111237
0.0455760955811
0.030492067337
0.0317709445953
0.0328800678253
0.0338869094849
0.0370850563049
0.0277149677277
0.0285379886627
0.029317855835
0.0299959182739
0.0306539535522
0.0304951667786
0.0312721729279
0.032023191452
0.0327491760254
0.0334670543671
0.0235409736633
0.0242269039154
0.0248589515686
0.0254399776459
0.0260028839111
0.093052148819
0.0940570831299
0.0947971343994
0.0954520702362
0.0961380004883
0.0946061611176
0.0949800014496
0.0952930450439
0.0956060886383
0.0959889888763
0.0927560329437
0.0440630912781
0.0449759960175
0.0456800460815
0.0462851524353
0.088611125946
0.0888359546661
0.0890600681305
0.0896120071411
0.0900299549103
0.0456209182739
0.0463171005249
0.0468220710754
0.0472369194031
0.0474560260773
0.0343570709229
0.0346121788025
0.0348281860352
0.0350251197815
0.0353701114655
0.0285339355469
0.0290460586548
0.0295579433441
0.030149936676
0.0306210517883
0.0378520488739
0.0385890007019
0.0394489765167
0.0401570796967
0.0408959388733
0.0375690460205
0.038722038269
0.0389611721039
0.0391721725464
0.0395891666412
0.0500719547272
0.0506961345673
0.00109696388245
0.002