0.0323741436005
0.0325450897217
0.0351531505585
0.0415470600128
0.0322968959808
0.0389149188995
0.0391020774841
0.0392510890961
0.0337278842926
0.0340390205383
0.0442109107971
0.0462350845337
0.0403850078583
0.0405511856079
0.0406920909882
0.0408351421356
0.0350501537323
0.0461950302124
0.0464861392975
0.04678606987
0.0325121879578
0.0327000617981
0.0349972248077
0.0380620956421
0.0383379459381
0.0387229919434
0.0388820171356
0.0391299724579
0.0300261974335
0.0303461551666
0.0435991287231
0.0477950572968
0.0334079265594
0.0372338294983
0.0378630161285
0.0384559631348
0.029011964798
0.029284954071
0.029443025589
0.0295898914337
0.0341629981995
0.0343489646912
0.0346169471741
0.0349788665771
0.0308010578156
0.031063079834
0.0315251350403
0.0325491428375
0.0418770313263
0.0444140434265
0.0451581478119
0.0459160804749
0.0436019897461
0.0438549518585
0.0442049503326
0.0445079803467
0.0317831039429
0.0319321155548
0.0353610515594
0.037220954895
0.0265481472015
0.0347990989685
0.0378501415253
0.0420761108398
0.033371925354
0.036092042923
0.0374410152435
0.0412809848785
0.0450830459595
0.04851603508
0.0493848323822
0.0501108169556
0.0335938930511
0.0365769863129
0.0380868911743
0.0395169258118
0.0410389900208
0.0422039031982
0.0435359477997
0.0494430065155
0.0302710533142
0.0334501266479
0.0389330387115
0.0431401729584
0.0333058834076
0.0434908866882
0.0447318553925
0.0462260246277
0.0303149223328
0.0308659076691
0.0331070423126
0.0383720397949
0.0333449840546
0.0335309505463
0.0336759090424
0.0369019508362
0.0357298851013
0.0359518527985
0.0361130237579
0.0363059043884
0.0326960086823
0.0329110622406
0.0330791473389
0.0387060642242
0.0291829109192
0.0293388366699
0.0357329845428
0.0382068157196
0.0274848937988
0.0307109355927
0.0335400104523
0.0360569953918
0.0355679988861
0.0357360839844
0.0359010696411
0.0360510349274
0.0420730113983
0.0562391281128
0.0564091205597
0.0565650463104
0.0401179790497
0.0415499210358
0.0423240661621
0.0430760383606
0.0365688800812
0.0372278690338
0.0382788181305
0.0462260246277
0.0324189662933
0.0325679779053
0.0327279567719
0.0383350849152
0.0315790176392
0.0317590236664
0.0349040031433
0.0350749492645
0.0334870815277
0.0336520671844
0.036877155304
0.0374891757965
0.0319399833679
0.0328409671783
0.0335938930511
0.0498960018158
0.0307440757751
0.0309209823608
0.0311720371246
0.0313351154327
0.029501914978
0.0338709354401
0.0402309894562
0.0453448295593
0.0337710380554
0.0342998504639
0.0348489284515
0.0356678962708
0.0300071239471
0.0308830738068
0.0314741134644
0.0393950939178
0.0285120010376
0.0288939476013
0.0367929935455
0.0411038398743
0.026985168457
0.0275211334229
0.0376801490784
0.0383491516113
0.0311570167542
0.0316891670227
0.0322601795197
0.0342102050781
0.0276880264282
0.0282249450684
0.0356540679932
0.0411820411682
0.0293710231781
0.0300309658051
0.0317089557648
0.0403928756714
0.0315520763397
0.0329580307007
0.034332036972
0.0424430370331
0.0360360145569
0.0362188816071
0.0363729000092
0.0365259647369
0.0314180850983
0.0317151546478
0.0320689678192
0.0333571434021
0.0574820041656
0.0576889514923
0.0608448982239
0.0657548904419
0.0338060855865
0.0343952178955
0.0475101470947
0.0495681762695
0.0266017913818
0.0270509719849
0.0299289226532
0.0325798988342
0.0477640628815
0.0480592250824
0.0483109951019
0.0485501289368
0.0252840518951
0.0291459560394
0.0331869125366
0.0352559089661
0.0283169746399
0.0420689582825
0.0552768707275
0.0556910037994
0.0395228862762
0.0397100448608
0.0398540496826
0.0399980545044
0.0363309383392
0.0442810058594
0.0474228858948
0.0475869178772
0.0218980312347
0.0221140384674
0.0303061008453
0.0304799079895
0.0351819992065
0.0353429317474
0.0355188846588
0.0362100601196
0.0342109203339
0.0344650745392
0.0346109867096
0.0372099876404
0.0295670032501
0.0306899547577
0.0323710441589
0.0329320430756
0.0363471508026
0.036877155304
0.0418951511383
0.0459311008453
0.0271430015564
0.0337698459625
0.0403490066528
0.0428040027618
0.0286550521851
0.0321741104126
0.0407590866089
0.0421731472015
0.0293688774109
0.0371198654175
0.0411179065704
0.0440979003906
0.035896062851
0.0360481739044
0.0362100601196
0.0363531112671
0.0312299728394
0.0389368534088
0.0397369861603
0.0561368465424
0.029755115509
0.0300140380859
0.0337729454041
0.0353879928589
0.0440499782562
0.0453639030457
0.0460638999939
0.0467629432678
0.0341789722443
0.0397279262543
0.0420870780945
0.0455899238586
0.0428500175476
0.0440530776978
0.0488750934601
0.0503690242767
0.0250380039215
0.0306630134583
0.0370700359344
0.0385630130768
0.0364170074463
0.0379939079285
0.0517671108246
0.0519189834595
0.0300040245056
0.0326199531555
0.0376179218292
0.0413780212402
0.0451171398163
0.0516059398651
0.0559539794922
0.0565240383148
0.0452361106873
0.0455029010773
0.0458180904388
0.0459830760956
0.0381150245667
0.0388369560242
0.0485050678253
0.0565450191498
0.0561609268188
0.05730509758
0.0585799217224
0.0599191188812
0.040235042572
0.0404121875763
0.0405712127686
0.0415971279144
0.0313150882721
0.0315029621124
0.0389089584351
0.0390748977661
0.0319170951843
0.0321040153503
0.0335791110992
0.0369479656219
0.0322289466858
0.0363240242004
0.0419659614563
0.0461900234222
0.029855966568
0.0310180187225
0.0372071266174
0.0402770042419
0.0310270786285
0.0350501537323
0.0412361621857
0.0453481674194
0.0446200370789
0.0447890758514
0.0483560562134
0.0503079891205
0.0352699756622
0.0354459285736
0.0355939865112
0.0357439517975
0.0519599914551
0.0549221038818
0.0576469898224
0.0628819465637
0.0400409698486
0.0440599918365
0.0442290306091
0.044371843338
0.0337908267975
0.0385658740997
0.0490078926086
0.0491738319397
0.0301330089569
0.0309898853302
0.035080909729
0.0397639274597
0.0301330089569
0.0310671329498
0.0562191009521
0.0572221279144
0.0350198745728
0.0352458953857
0.0353960990906
0.0405480861664
0.033833026886
0.0346651077271
0.0363631248474
0.0371921062469
0.0357398986816
0.0372660160065
0.043566942215
0.0447559356689
0.0412020683289
0.0413990020752
0.0446200370789
0.0484249591827
0.0307738780975
0.0329458713531
0.044862985611
0.0473458766937
0.0502259731293
0.0540721416473
0.0548410415649
0.0556321144104
0.0345849990845
0.0352389812469
0.0394148826599
0.0417449474335
0.0436010360718
0.0437850952148
0.0554800033569
0.0556960105896
0.026447057724
0.0266220569611
0.0287959575653
0.0323669910431
0.0305569171906
0.0324249267578
0.0342309474945
0.0382039546967
0.0322480201721
0.0340490341187
0.0383839607239
0.0436089038849
0.0320358276367
0.0322380065918
0.0466430187225
0.0468909740448
0.0319120883942
0.0321328639984
0.0380430221558
0.0381989479065
0.0337381362915
0.0345571041107
0.0355191230774
0.039824962616
0.0310609340668
0.0330429077148
0.0387530326843
0.0411441326141
0.0325508117676
0.0327098369598
0.0328538417816
0.0339908599854
0.0358698368073
0.0383648872375
0.040275812149
0.0457580089569
0.035521030426
0.0356931686401
0.0362031459808
0.0373871326447
0.0318968296051
0.0336828231812
0.0358619689941
0.037328004837
0.0297429561615
0.0331699848175
0.0333399772644
0.0334980487823
0.0291788578033
0.0293469429016
0.0358488559723
0.0360109806061
0.0393049716949
0.0404081344604
0.0415060520172
0.0421710014343
0.0314810276031
0.0323400497437
0.0325970649719
0.0424978733063
0.0262620449066
0.0264608860016
0.0298869609833
0.0330040454865
0.0309979915619
0.0311498641968
0.0312898159027
0.0321137905121
0.0321450233459
0.0323522090912
0.0325031280518
0.0362951755524
0.0275819301605
0.0277390480042
0.0287680625916
0.0301420688629
0.0297029018402
0.0336668491364
0.0387148857117
0.0481729507446
0.025897026062
0.0261108875275
0.0345668792725
0.0355088710785
0.0369279384613
0.0376780033112
0.0383219718933
0.039055109024
0.0293560028076
0.0295181274414
0.0296659469604
0.033872127533
0.0292189121246
0.0293998718262
0.0295588970184
0.0314869880676
0.0307860374451
0.0309479236603
0.0310959815979
0.0382220745087
0.0292608737946
0.0334179401398
0.0396640300751
0.0431170463562
0.0368609428406
0.0378320217133
0.0424520969391
0.0463089942932
0.0282738208771
0.0284559726715
0.031672000885
0.0369110107422
0.0329759120941
0.0447499752045
0.0452389717102
0.0454559326172
0.0343470573425
0.0433411598206
0.0464401245117
0.0466680526733
0.041836977005
0.0419938564301
0.0421369075775
0.0515918731689
0.0471138954163
0.0486898422241
0.0493619441986
0.0497767925262
0.0463089942932
0.0526580810547
0.0539700984955
0.0575070381165
0.0394561290741
0.0444259643555
0.0464870929718
0.050950050354
0.0405459403992
0.0407037734985
0.0408458709717
0.0500907897949
0.0276660919189
0.0278460979462
0.0341241359711
0.0444371700287
0.0339279174805
0.0346629619598
0.0353639125824
0.036150932312
0.0296900272369
0.0315480232239
0.0369369983673
0.0470569133759
0.042366027832
0.0434050559998
0.0454771518707
0.0509231090546
0.0217549800873
0.0254521369934
0.0405249595642
0.040717124939
0.0356409549713
0.0358600616455
0.0360250473022
0.0361859798431
0.0323181152344
0.0325391292572
0.0376110076904
0.0432600975037
0.0410470962524
0.0412721633911
0.041463136673
0.0416901111603
0.0296351909637
0.0298271179199
0.0314152240753
0.0345141887665
0.0271110534668
0.0299191474915
0.0389590263367
0.0391130447388
0.0353338718414
0.0355348587036
0.0356929302216
0.038223028183
0.0400238037109
0.0402159690857
0.0403950214386
0.0405368804932
0.0371389389038
0.0376000404358
0.0379829406738
0.0381999015808
0.047199010849
0.0474541187286
0.0476729869843
0.0504910945892
0.0270118713379
0.0356719493866
0.0396640300751
0.0427339076996
0.0492560863495
0.051342010498
0.0539979934692
0.0551879405975
0.0351481437683
0.0354461669922
0.0358490943909
0.0397372245789
0.0320971012115
0.0414040088654
0.0429301261902
0.0504870414734
0.0256869792938
0.0314970016479
0.0416719913483
0.0462939739227
0.0353660583496
0.0355231761932
0.0445029735565
0.0490159988403
0.0313229560852
0.0315051078796
0.0316519737244
0.0327060222626
0.027186870575
0.0273549556732
0.0275058746338
0.0276567935944
0.0357730388641
0.0367639064789
0.037425994873
0.0384669303894
0.026379108429
0.031800031662
0.0380220413208
0.0396411418915
0.0288791656494
0.0300400257111
0.0355460643768
0.037938117981
0.0282199382782
0.0318520069122
0.0383780002594
0.0417430400848
0.0443279743195
0.0449419021606
0.0502438545227
0.0507600307465
0.0298218727112
0.0309159755707
0.0316939353943
0.0327408313751
0.047269821167
0.0476720333099
0.0479819774628
0.0536170005798
0.0332720279694
0.0427350997925
0.0432269573212
0.0437750816345
0.0363919734955
0.0365588665009
0.037074804306
0.0374319553375
0.0305390357971
0.03071808815
0.0308721065521
0.0310189723969
0.0358381271362
0.0360481739044
0.0362031459808
0.0363531112671
0.0261521339417
0.026309967041
0.0299029350281
0.0334010124207
0.0262858867645
0.0274238586426
0.031329870224
0.0352408885956
0.0316050052643
0.0321111679077
0.0331981182098
0.0366430282593
0.0334920883179
0.0381259918213
0.0424749851227
0.0426349639893
0.0409610271454
0.0419759750366
0.0430080890656
0.0472390651703
0.0329649448395
0.0354890823364
0.0418810844421
0.042042016983
0.0321321487427
0.0367951393127
0.0446610450745
0.0461990833282
0.0329101085663
0.0330741405487
0.037672996521
0.0458409786224
0.0336861610413
0.0347940921783
0.0355250835419
0.0447289943695
0.0372519493103
0.037425994873
0.0375788211823
0.0509638786316
0.0258309841156
0.0278599262238
0.0285768508911
0.0326888561249
0.0369350910187
0.0370991230011
0.0372469425201
0.0373859405518
0.0286109447479
0.0287778377533
0.0414788722992
0.045835018158
0.030524969101
0.0308220386505
0.0323419570923
0.0347621440887
0.031928062439
0.0325610637665
0.0506019592285
0.0513861179352
0.0334379673004
0.0337028503418
0.0341408252716
0.0344049930573
0.0365660190582
0.0368728637695
0.0371408462524
0.0409719944
0.028745174408
0.0292270183563
0.043347120285
0.0438311100006
0.0311679840088
0.0314989089966
0.0329048633575
0.0409209728241
0.0354399681091
0.0364010334015
0.0426270961761
0.0450019836426
0.0450019836426
0.046648979187
0.0567998886108
0.0571789741516
0.0377671718597
0.0379600524902
0.0425491333008
0.0427100658417
0.0414538383484
0.0433619022369
0.0505039691925
0.0528719425201
0.0282051563263
0.0311009883881
0.0317652225494
0.0348660945892
0.032488822937
0.0327270030975
0.035276889801
0.0384209156036
0.0293788909912
0.0369558334351
0.0391929149628
0.0394659042358
0.0368151664734
0.0374600887299
0.0427942276001
0.0464260578156
0.03209400177
0.0688300132751
0.0700399875641
0.0707800388336
0.0354840755463
0.0360221862793
0.037985086441
0.0395641326904
0.0464498996735
0.0505337715149
0.0571188926697
0.0607078075409
0.0348010063171
0.0349719524384
0.0351269245148
0.0402998924255
0.10645198822
0.106612920761
0.00674510002136
0.00848007202148
0.0349459648132
0.03511095047
0.0380890369415
0.0418591499329
0.0379450321198
0.0380990505219
0.0391080379486
0.0476121902466
0.0378921031952
0.0380549430847
0.038202047348
0.0383450984955
0.0428359508514
0.0480020046234
0.05149102211
0.0619950294495
0.0304870605469
0.0354719161987
0.0448949337006
0.045089006424
0.0292680263519
0.0370070934296
0.0374040603638
0.0400710105896
0.0337450504303
0.0339021682739
0.0367681980133
0.0374410152435
0.0374090671539
0.0417568683624
0.0438048839569
0.0440680980682
0.0392999649048
0.0394580364227
0.0396029949188
0.0397520065308
0.0289559364319
0.0291950702667
0.0294849872589
0.0300049781799
0.0365340709686
0.0367059707642
0.0368480682373
0.039705991745
0.0347950458527
0.0350821018219
0.0355520248413
0.0380499362946
0.0277769565582
0.028137922287
0.0312209129333
0.0405797958374
0.0295798778534
0.0298719406128
0.0311059951782
0.0484039783478
0.0362219810486
0.037036895752
0.0379428863525
0.0387880802155
0.0290870666504
0.0292761325836
0.029443025589
0.0301280021667
0.0369651317596
0.0423491001129
0.0441770553589
0.0505130290985
0.0352158546448
0.0380098819733
0.0388338565826
0.0451309680939
0.0288209915161
0.0297491550446
0.0310401916504
0.036395072937
0.0377140045166
0.0378530025482
0.0511081218719
0.051262140274
0.0304260253906
0.0305888652802
0.0307319164276
0.031152009964
0.0250120162964
0.0342421531677
0.0441300868988
0.0456380844116
0.0338928699493
0.0340399742126
0.0341799259186
0.0343189239502
0.0413961410522
0.0415670871735
0.0417191982269
0.048760175705
0.0367348194122
0.0369517803192
0.0372228622437
0.0408139228821
0.032096862793
0.0327520370483
0.044723033905
0.0454938411713
0.0391178131104
0.0396659374237
0.0425019264221
0.0426979064941
0.0269567966461
0.0271148681641
0.0283799171448
0.0354700088501
0.0459010601044
0.0461201667786
0.0463111400604
0.0464692115784
0.0288369655609
0.0290088653564
0.0344049930573
0.037868976593
0.0285720825195
0.0297789573669
0.0319609642029
0.0376069545746
0.0323300361633
0.0346109867096
0.0392940044403
0.0480489730835
0.0288820266724
0.0310199260712
0.0363330841064
0.0371458530426
0.0286200046539
0.0320229530334
0.0329649448395
0.0359649658203
0.0364661216736
0.0372340679169
0.0398371219635
0.0480411052704
0.0292148590088
0.0294048786163
0.0378930568695
0.0380568504333
0.0321428775787
0.0350530147552
0.0352590084076
0.0373828411102
0.0364480018616
0.0366871356964
0.0368540287018
0.0371890068054
0.0338101387024
0.0339920520782
0.0341520309448
0.0343070030212
0.0421929359436
0.0423510074615
0.0425019264221
0.0426449775696
0.0363109111786
0.0364909172058
0.0366399288177
0.0512480735779
0.0324099063873
0.0325770378113
0.0327248573303
0.033175945282
0.0280449390411
0.0304701328278
0.031494140625
0.0331690311432
0.0460889339447
0.05330991745
0.0579428672791
0.0585548877716
0.0375320911407
0.0378332138062
0.0415041446686
0.0491480827332
0.0311591625214
0.0313100814819
0.0314559936523
0.0315990447998
0.0237631797791
0.0272259712219
0.0330309867859
0.0360360145569
0.0315299034119
0.0317618846893
0.0321547985077
0.0343079566956
0.0327651500702
0.0330040454865
0.034716129303
0.0433039665222
0.0282399654388
0.0284388065338
0.0317389965057
0.036899805069
0.0353071689606
0.0354959964752
0.0357100963593
0.0358800888062
0.03133893013
0.0315999984741
0.0318450927734
0.0368530750275
0.0381050109863
0.0448570251465
0.045697927475
0.0467209815979
0.0358240604401
0.0361039638519
0.0362689495087
0.0364360809326
0.0305051803589
0.0308611392975
0.0371971130371
0.0429611206055
0.0403289794922
0.0508389472961
0.0539500713348
0.0576860904694
0.0212669372559
0.0214838981628
0.0278570652008
0.0308349132538
0.0287170410156
0.0290050506592
0.0325000286102
0.037486076355
0.0300240516663
0.0301780700684
0.0303330421448
0.0402789115906
0.0360779762268
0.036386013031
0.0385749340057
0.0469238758087
0.0346200466156
0.0349090099335
0.0351400375366
0.0417590141296
0.0282280445099
0.0290479660034
0.0297310352325
0.0340960025787
0.0294191837311
0.0296001434326
0.0297610759735
0.029913187027
0.0271110534668
0.0273110866547
0.03178191185
0.0364789962769
0.0373339653015
0.0377309322357
0.0457608699799
0.0475068092346
0.033310174942
0.0360691547394
0.0419960021973
0.0491621494293
0.0350649356842
0.0433518886566
0.04527592659
0.0535228252411
0.0278861522675
0.0302770137787
0.035539150238
0.0405671596527
0.0270988941193
0.0272808074951
0.0336887836456
0.0390069484711
0.0359208583832
0.0360758304596
0.0362210273743
0.0386970043182
0.0455629825592
0.0459451675415
0.0463261604309
0.04669713974
0.0360579490662
0.0395228862762
0.0488929748535
0.0492370128632
0.0400149822235
0.041289806366
0.0518329143524
0.0281591415405
0.0284621715546
0.0287270545959
0.028431892395
0.0286240577698
0.0396630764008
0.032301902771
0.0330219268799
0.0335648059845
0.0322148799896
0.0323669910431
0.0399949550629
0.0454030036926
0.0509059429169
0.0551750659943
0.0683319568634
0.0708320140839
0.0350840091705
0.0363829135895
0.0406110286713
0.0409438610077
0.0547018051147
0.0548617839813
0.0550179481506
0.0658628940582
0.0338768959045
0.0343940258026
0.0380680561066
0.0496590137482
0.038311958313
0.0387499332428
0.0479078292847
0.0505058765411
0.0288331508636
0.0348091125488
0.0388059616089
0.0474061965942
0.0474848747253
0.0480749607086
0.0497040748596
0.0507559776306
0.0367381572723
0.0370380878448
0.0372109413147
0.0443711280823
0.028795003891
0.0289740562439
0.0463469028473
0.0465569496155
0.0330100059509
0.0337560176849
0.0353760719299
0.036413192749
0.0358169078827
0.0365519523621
0.0384719371796
0.0442419052124
0.0586588382721
0.0592827796936
0.059868812561
0.0604028701782
0.0274829864502
0.0276491641998
0.0277910232544
0.0322110652924
0.0293951034546
0.032240152359
0.0392260551453
0.0413401126862
0.0314249992371
0.0485460758209
0.0487310886383
0.0488951206207
0.036828994751
0.0369901657104
0.0371401309967
0.0372841358185
0.0324518680573
0.0333228111267
0.0529479980469
0.059378862381
0.03169298172
0.0328040122986
0.035297870636
0.0364079475403
0.0341720581055
0.034353017807
0.0345020294189
0.0388200283051
0.0269620418549
0.0300891399384
0.0323581695557
0.0371420383453
0.0327210426331
0.0557408332825
0.0563099384308
0.0569880008698
0.0393810272217
0.0426921844482
0.0516250133514
0.0545461177826
0.0273540019989
0.0292460918427
0.0293929576874
0.0310370922089
0.029580116272
0.0370001792908
0.0371661186218
0.0388221740723
0.0320999622345
0.056391954422
0.0565450191498
0.0566959381104
0.0350580215454
0.035266160965
0.0354421138763
0.0378999710083
0.0272560119629
0.0299601554871
0.03089594841
0.0354011058807
0.0334730148315
0.045597076416
0.0468049049377
0.0482189655304
0.0452830791473
0.0456049442291
0.0459079742432
0.0477349758148
0.03271484375
0.0328738689423
0.033017873764
0.0419039726257
0.0287339687347
0.0303249359131
0.0365610122681
0.0377769470215
0.0334930419922
0.0358691215515
0.0431649684906
0.0486149787903
0.0298130512238
0.0378098487854
0.0553619861603
0.0567669868469
0.0331170558929
0.0332942008972
0.0334441661835
0.0360321998596
0.0286281108856
0.028813123703
0.0308101177216
0.0353670120239
0.0483112335205
0.0528500080109
0.0569121837616
0.0577502250671
0.0380659103394
0.0394759178162
0.0443618297577
0.0447318553925
0.0289421081543
0.0291001796722
0.0358731746674
0.0360391139984
0.0292019844055
0.0491878986359
0.0494749546051
0.0497469902039
0.0314791202545
0.0316789150238
0.0336549282074
0.040736913681
0.0404160022736
0.0407359600067
0.0448019504547
0.0536108016968
0.0343968868256
0.0348920822144
0.0353090763092
0.0357220172882
0.0410981178284
0.0416810512543
0.0469961166382
0.0522329807281
0.0335290431976
0.0533759593964
0.0535979270935
0.053827047348
0.0257968902588
0.0299768447876
0.0330278873444
0.0359950065613
0.0330939292908
0.033478975296
0.0336570739746
0.0551600456238
0.0539269447327
0.0546979904175
0.0577409267426
0.0611081123352
0.0269379615784
0.0272958278656
0.0487248897552
0.0527999401093
0.0330321788788
0.0377461910248
0.0382130146027
0.0432341098785
0.0383179187775
0.0393569469452
0.0419979095459
0.048495054245
0.0293009281158
0.042487859726
0.0426950454712
0.0437660217285
0.0317060947418
0.0318610668182
0.0320081710815
0.0356721878052
0.0291550159454
0.029314994812
0.042750120163
0.0429091453552
0.0386559963226
0.0392098426819
0.0429458618164
0.0435719490051
0.0330810546875
0.0344622135162
0.038633108139
0.0414090156555
0.0252149105072
0.0301101207733
0.0344729423523
0.0409281253815
0.0383269786835
0.0385160446167
0.0415999889374
0.0452480316162
0.0404119491577
0.0405750274658
0.0407319068909
0.0408871173859
0.0314929485321
0.0316770076752
0.0355548858643
0.0388698577881
0.0305049419403
0.0312139987946
0.0320980548859
0.0539789199829
0.0298049449921
0.0299890041351
0.0301539897919
0.0336091518402
0.0307900905609
0.0464870929718
0.0496339797974
0.0497779846191
0.0344030857086
0.0387840270996
0.0449190139771
0.0456311702728
0.0309770107269
0.0406239032745
0.0413138866425
0.0481939315796
0.0277490615845
0.0382449626923
0.0383920669556
0.0385360717773
0.0309119224548
0.0365388393402
0.0398459434509
0.0458779335022
0.0272481441498
0.027428150177
0.0324721336365
0.0353989601135
0.0330328941345
0.0332050323486
0.0513160228729
0.0514838695526
0.0396721363068
0.0398490428925
0.0401270389557
0.0402920246124
0.0278849601746
0.0390479564667
0.0473830699921
0.0475590229034
0.0280160903931
0.0301599502563
0.0376830101013
0.0384879112244
0.034282207489
0.0344431400299
0.0345830917358
0.0347290039062
0.0438170433044
0.0440139770508
0.0441629886627
0.0443069934845
0.031641960144
0.0321989059448
0.0326719284058
0.0350730419159
0.0261318683624
0.026309967041
0.0268738269806
0.0353689193726
0.0285160541534
0.0287308692932
0.0289008617401
0.0413630008698
0.0288028717041
0.0289599895477
0.0450339317322
0.0461928844452
0.0267050266266
0.0268728733063
0.0270359516144
0.0340859889984
0.030012845993
0.030170917511
0.0330648422241
0.0412600040436
0.028470993042
0.0286529064178
0.036679983139
0.0368549823761
0.0375049114227
0.037663936615
0.0581579208374
0.0584149360657
0.0282070636749
0.0283849239349
0.0299029350281
0.0355830192566
0.0254809856415
0.0268108844757
0.0316910743713
0.0365259647369
0.0352349281311
0.0411269664764
0.0455749034882
0.0479199886322
0.035099029541
0.0352828502655
0.035434961319
0.0355858802795
0.0301699638367
0.0303289890289
0.0304751396179
0.0388040542603
0.025778055191
0.0259590148926
0.0351479053497
0.0356948375702
0.0346190929413
0.0349321365356
0.0352931022644
0.042130947113
0.0294630527496
0.0296211242676
0.0297849178314
0.0299410820007
0.0268290042877
0.0279729366302
0.0305891036987
0.0351760387421
0.0279150009155
0.0283019542694
0.0330309867859
0.036572933197
0.0516669750214
0.0518229007721
0.0520260334015
0.0522019863129
0.028902053833
0.0290699005127
0.0292160511017
0.0327100753784
0.0274350643158
0.0276780128479
0.0279161930084
0.0281281471252
0.0331628322601
0.0333199501038
0.03346991539
0.0336158275604
0.0329520702362
0.0331301689148
0.0332791805267
0.0336930751801
0.0251710414886
0.025328874588
0.0254738330841
0.0289249420166
0.0273051261902
0.0334711074829
0.0380771160126
0.0396149158478
0.0311160087585
0.0312879085541
0.0314469337463
0.0336859226227
0.0289349555969
0.0290920734406
0.0359320640564
0.0360879898071
0.0327830314636
0.0330169200897
0.0331728458405
0.0333178043365
0.0362129211426
0.0363638401031
0.0365059375763
0.0366468429565
0.0324189662933
0.0325829982758
0.0327291488647
0.0367791652679
0.0338549613953
0.0346410274506
0.0348110198975
0.0375940799713
0.0378260612488
0.0396611690521
0.0400569438934
0.0529501438141
0.0414018630981
0.042249917984
0.0424900054932
0.0427298545837
0.029972076416
0.0302929878235
0.0382511615753
0.0400831699371
0.0377299785614
0.0412240028381
0.0415251255035
0.0417759418488
0.0331768989563
0.0333459377289
0.0335009098053
0.0336480140686
0.0308210849762
0.0315549373627
0.0324189662933
0.035835981369
0.0361969470978
0.0365469455719
0.0374319553375
0.0375950336456
0.0376100540161
0.0377669334412
0.0448229312897
0.0469620227814
0.0297389030457
0.0299029350281
0.0325689315796
0.0371398925781
0.0235891342163
0.0366861820221
0.0375030040741
0.042181968689
0.0361030101776
0.0363700389862
0.0365378856659
0.0366818904877
0.0304579734802
0.0325489044189
0.0369288921356
0.0459229946136
0.0247821807861
0.0249400138855
0.02508020401
0.0301270484924
0.0285229682922
0.029669046402
0.0352280139923
0.0395729541779
0.0286719799042
0.0291769504547
0.0367028713226
0.0370030403137
0.0348320007324
0.0369620323181
0.0380101203918
0.0434329509735
0.0318510532379
0.0325949192047
0.0335869789124
0.0356900691986
0.0292429924011
0.0341329574585
0.0383770465851
0.0449550151825
0.0267269611359
0.0311830043793
0.0313320159912
0.0337338447571
0.0280640125275
0.0282249450684
0.0296669006348
0.0326609611511
0.0299370288849
0.0300960540771
0.0313489437103
0.0370309352875
0.0261270999908
0.0270140171051
0.0300421714783
0.0356500148773
0.0279099941254
0.0358588695526
0.0398879051208
0.0439200401306
0.0375101566315
0.0408070087433
0.0439171791077
0.046450138092
0.0297520160675
0.0311009883881
0.0327451229095
0.0368440151215
0.0325300693512
0.0330901145935
0.0416049957275
0.0440530776978
0.0362839698792
0.0372231006622
0.042799949646
0.043643951416
0.0362730026245
0.0379710197449
0.0414700508118
0.0436320304871
0.0340418815613
0.0574779510498
0.0582110881805
0.0588779449463
0.0284249782562
0.0366129875183
0.0367588996887
0.0369460582733
0.0348410606384
0.0350131988525
0.0351610183716
0.0353021621704
0.0293459892273
0.030464887619
0.0385839939117
0.0419490337372
0.0265247821808
0.0267038345337
0.0281269550323
0.0329999923706
0.0268659591675
0.0270299911499
0.0271770954132
0.0279660224915
0.0263259410858
0.027184009552
0.0345289707184
0.0353498458862
0.0192980766296
0.0371561050415
0.0381300449371
0.0388469696045
0.0400068759918
0.0414609909058
0.0427048206329
0.0433738231659
0.0330538749695
0.034099817276
0.0391578674316
0.0473849773407
0.0297088623047
0.0303099155426
0.0308709144592
0.036120891571
0.0335309505463
0.0336978435516
0.0338408946991
0.0493948459625
0.029364824295
0.0363829135895
0.040079832077
0.0451788902283
0.0443830490112
0.0445489883423
0.0447089672089
0.0456430912018
0.036639213562
0.0523521900177
0.0527400970459
0.0544641017914
0.0285329818726
0.0288259983063
0.034795999527
0.0389401912689
0.0286908149719
0.0319709777832
0.0328969955444
0.0384559631348
0.0275280475616
0.027722120285
0.0345101356506
0.03466796875
0.0283839702606
0.0326008796692
0.0362868309021
0.0396008491516
0.028223991394
0.0300130844116
0.0310049057007
0.031672000885
0.0437591075897
0.0446171760559
0.0454602241516
0.0461711883545
0.0357959270477
0.0360109806061
0.0361740589142
0.0414650440216
0.031131029129
0.0386960506439
0.0388472080231
0.038990020752
0.0260891914368
0.0262491703033
0.0308110713959
0.0335440635681
0.0310690402985
0.0331630706787
0.0373220443726
0.0413391590118
0.0517640113831
0.0536060333252
0.054435968399
0.0551090240479
0.0526790618896
0.0559499263763
0.0575258731842
0.0579869747162
0.0310180187225
0.0529320240021
0.0634911060333
0.0636439323425
0.0289568901062
0.03133893013
0.0356450080872
0.0394229888916
0.0708320140839
0.0754718780518
0.0794389247894
0.0839200019836
0.0246090888977
0.0263710021973
0.0269780158997
0.0275721549988
0.0442538261414
0.0537760257721
0.054780960083
0.055627822876
0.0336759090424
0.0350639820099
0.0404179096222
0.0416669845581
0.0380091667175
0.0381829738617
0.0383880138397
0.0385439395905
0.0436360836029
0.0438129901886
0.0439739227295
0.0441229343414
0.0267901420593
0.0269639492035
0.0271120071411
0.0290169715881
0.0395040512085
0.040552854538
0.0410878658295
0.0416278839111
0.0282468795776
0.0295798778534
0.0306639671326
0.0374159812927
0.0351948738098
0.0354499816895
0.0362939834595
0.036474943161
0.0273339748383
0.0275211334229
0.0322880744934
0.041965007782
0.0463190078735
0.0473608970642
0.0479829311371
0.0490410327911
0.0310590267181
0.0318369865417
0.0333909988403
0.0379769802094
0.0269110202789
0.0277569293976
0.0479679107666
0.0486769676208
0.0299711227417
0.0546591281891
0.0553300380707
0.0560591220856
0.0324258804321
0.0349490642548
0.0361530780792
0.0371148586273
0.0413730144501
0.0415380001068
0.0501620769501
0.0515511035919
0.0285949707031
0.0289299488068
0.0292720794678
0.0294868946075
0.03200507164
0.0333981513977
0.0368521213531
0.0419590473175
0.0286140441895
0.0287911891937
0.0349681377411
0.0387670993805
0.0284070968628
0.0285868644714
0.0287370681763
0.0319559574127
0.0274579524994
0.0301358699799
0.0316178798676
0.0326118469238
0.0258231163025
0.0300209522247
0.0301849842072
0.0318400859833
0.0348389148712
0.0352349281311
0.035532951355
0.035796880722
0.0294480323792
0.0296061038971
0.0429060459137
0.0450220108032
0.0286099910736
0.0364611148834
0.0367410182953
0.0440921783447
0.0316359996796
0.0317959785461
0.0319430828094
0.0327429771423
0.031977891922
0.033576965332
0.0382740497589
0.0486240386963
0.0372071266174
0.0373752117157
0.037525177002
0.0406830310822
0.0337560176849
0.051381111145
0.0520691871643
0.0525209903717
0.0352718830109
0.0413110256195
0.0414659976959
0.0416119098663
0.0262207984924
0.0272479057312
0.0323147773743
0.0329377651215
0.0312469005585
0.0314109325409
0.031553030014
0.0316979885101
0.0357110500336
0.036022901535
0.0362749099731
0.0365378856659
0.0404660701752
0.0408291816711
0.0410950183868
0.0450310707092
0.0355310440063
0.0357239246368
0.0358970165253
0.0360658168793
0.0283219814301
0.028736114502
0.0325520038605
0.0362799167633
0.0240640640259
0.0260660648346
0.031131029129
0.0396089553833
0.033704996109
0.037525177002
0.0451002120972
0.0517411231995
0.0438258647919
0.049998998642
0.0544550418854
0.0552568435669
0.0372610092163
0.040894985199
0.0491309165955
0.0559089183807
0.0304019451141
0.0360279083252
0.0414040088654
0.053966999054
0.036917924881
0.043044090271
0.0491499900818
0.0563271045685
0.036749124527
0.0378501415253
0.0450670719147
0.0508940219879
0.031699180603
0.032742023468
0.0371751785278
0.0487589836121
0.0306251049042
0.0341939926147
0.0385880470276
0.0429580211639
0.0441241264343
0.0443091392517
0.0507731437683
0.0511920452118
0.0347599983215
0.0384430885315
0.049476146698
0.050173997879
0.0403850078583
0.0409779548645
0.0516951084137
0.05695104599
0.0248131752014
0.0287780761719
0.0338611602783
0.0408930778503
0.0332269668579
0.0345380306244
0.0416250228882
0.0469131469727
0.0289988517761
0.0336668491364
0.0377569198608
0.0415070056915
0.0301330089569
0.0314440727234
0.0355441570282
0.0420150756836
0.0260429382324
0.031320810318
0.0343909263611
0.0398449897766
0.0358641147614
0.0375270843506
0.0407960414886
0.0466849803925
0.0375020503998
0.0424480438232
0.0469660758972
0.0546221733093
0.0290148258209
0.0325818061829
0.0368819236755
0.0412847995758
0.0294320583344
0.0306689739227
0.031594991684
0.0322210788727
0.0356419086456
0.0373520851135
0.0380818843842
0.0428659915924
0.0307610034943
0.0334830284119
0.0402870178223
0.049565076828
0.0366070270538
0.0423951148987
0.0494360923767
0.0506801605225
0.0334730148315
0.0368099212646
0.0381138324738
0.039158821106
0.0350379943848
0.0413789749146
0.0482380390167
0.0708031654358
0.0306880474091
0.0308611392975
0.0310220718384
0.0316979885101
0.029876947403
0.03040599823
0.0311739444733
0.0349040031433
0.0268487930298
0.0280468463898
0.0374369621277
0.0408868789673
0.0268619060516
0.0285558700562
0.0310959815979
0.0348629951477
0.0347909927368
0.04079413414
0.0454471111298
0.050329208374
0.0291829109192
0.0351040363312
0.0437119007111
0.0489749908447
0.0283918380737
0.0324358940125
0.0394728183746
0.0536148548126
0.0265121459961
0.0269341468811
0.0331339836121
0.0334851741791
0.0286359786987
0.0317001342773
0.035768032074
0.0390131473541
0.0270102024078
0.0273830890656
0.0450940132141
0.0532591342926
0.0256679058075
0.0327749252319
0.0340538024902
0.0348038673401
0.0363998413086
0.0367209911346
0.0370509624481
0.0374159812927
0.0308358669281
0.0354189872742
0.0381188392639
0.0442228317261
0.0288889408112
0.0290670394897
0.0361390113831
0.0431978702545
0.033951997757
0.0341200828552
0.039617061615
0.0402090549469
0.0356221199036
0.0358030796051
0.0359539985657
0.0399920940399
0.0347390174866
0.0377309322357
0.0435519218445
0.0475268363953
0.0421679019928
0.0475668907166
0.0520830154419
0.0573680400848
0.0369961261749
0.0371940135956
0.0373380184174
0.0390250682831
0.0308439731598
0.0327839851379
0.0360548496246
0.0380508899689
0.0311679840088
0.0314390659332
0.0316519737244
0.032191991806
0.033371925354
0.0336110591888
0.0338389873505
0.0340621471405
0.521409034729
0.423654079437
0.423871040344
0.424111127853
0.448328018188
0.351846933365
0.355372905731
0.365578889847
0.387073993683
0.3872859478
0.387437820435
0.387603998184
0.307006120682
0.307182073593
0.209185838699
0.215711832047
0.239624977112
0.2399559021
0.140912055969
0.145216941833
0.165578842163
0.0678858757019
0.0702648162842
0.0743589401245
0.0929839611053
0.0954728126526
0.0997920036316
0.102500915527
0.032527923584
0.032840013504
0.0349009037018
0.0370140075684
0.034600019455
0.0368499755859
0.0387320518494
0.0437059402466
0.0395059585571
0.0398139953613
0.0401220321655
0.0403859615326
0.0280728340149
0.0296549797058
0.0347969532013
0.0360028743744
0.0360670089722
0.037682056427
0.0388460159302
0.0401010513306
0.0339369773865
0.0344889163971
0.0383899211884
0.0395610332489
0.0396890640259
0.040256023407
0.0586090087891
0.0599839687347
0.0342328548431
0.035710811615
0.0367250442505
0.041512966156
0.050961971283
0.0522439479828
0.0530879497528
0.0647649765015
0.0412089824677
0.047611951828
0.0552568435669
0.0610039234161
0.0515201091766
0.0546071529388
0.0553760528564
0.0605411529541
0.0470230579376
0.0471680164337
0.0473110675812
0.0474529266357
0.047816991806
0.0479779243469
0.0481188297272
0.0520889759064
0.0461230278015
0.0498719215393
0.0514078140259
0.0624318122864
0.0300750732422
0.0304751396179
0.0506219863892
0.0508201122284
0.0303750038147
0.031683921814
0.0318419933319
0.033038854599
0.0351979732513
0.0353789329529
0.0385649204254
0.039402961731
0.0350689888
0.0354509353638
0.0359189510345
0.038391828537
0.0364279747009
0.0366659164429
0.0414760112762
0.0468909740448
0.0519258975983
0.0520939826965
0.0522439479828
0.0523829460144
0.0297329425812
0.0303120613098
0.0323879718781
0.0335910320282
0.0288209915161
0.0297930240631
0.032427072525
0.0349280834198
0.036838054657
0.0462229251862
0.0482869148254
0.0499250888824
0.0427300930023
0.0438680648804
0.0547289848328
0.0554769039154
0.0294609069824
0.0320990085602
0.0367279052734
0.0377728939056
0.0488328933716
0.0529749393463
0.0537948608398
0.0544698238373
0.0305819511414
0.0325379371643
0.0393619537354
0.0435600280762
0.0349650382996
0.036514043808
0.0482110977173
0.0488801002502
0.0332219600677
0.0357439517975
0.0473349094391
0.0477418899536
0.0312850475311
0.0318081378937
0.0384011268616
0.0430860519409
0.0327618122101
0.0334639549255
0.049605846405
0.0501728057861
0.0231211185455
0.0278730392456
0.0327129364014
0.0372121334076
0.0313050746918
0.033539056778
0.0424339771271
0.04838514328
0.0362050533295
0.0445399284363
0.0467948913574
0.0500040054321
0.0474410057068
0.0476639270782
0.0478310585022
0.0660979747772
0.0306987762451
0.0323309898376
0.0388729572296
0.0390198230743
0.0268640518188
0.0270721912384
0.0272591114044
0.0276761054993
0.0317380428314
0.0319030284882
0.0338089466095
0.0398950576782
0.0323550701141
0.0524060726166
0.0589170455933
0.0590829849243
0.0292100906372
0.0293960571289
0.02956199646
0.0321099758148
0.0315701961517
0.0317702293396
0.0330710411072
0.0404591560364
0.0310759544373
0.0318739414215
0.0358159542084
0.0394310951233
0.0255289077759
0.025680065155
0.0269141197205
0.030473947525
0.0331490039825
0.0333750247955
0.0336329936981
0.0422201156616
0.0387680530548
0.039048910141
0.0434710979462
0.0491881370544
0.0311169624329
0.0378880500793
0.0381870269775
0.0444829463959
0.0262160301208
0.0356631278992
0.0458550453186
0.0469450950623
0.0355100631714
0.035679101944
0.0358250141144
0.0403430461884
0.0406651496887
0.0408141613007
0.0409491062164
0.0468800067902
0.0351991653442
0.035984992981
0.0396180152893
0.0420591831207
0.0317528247833
0.0319249629974
0.0410568714142
0.0417809486389
0.0297639369965
0.0321500301361
0.0344018936157
0.0351240634918
0.0411820411682
0.0413749217987
0.0415410995483
0.0417370796204
0.0434830188751
0.0436410903931
0.0437891483307
0.0439510345459
0.0353350639343
0.0355122089386
0.0356872081757
0.0361490249634
0.0306799411774
0.0308520793915
0.0312509536743
0.0341520309448
0.0407159328461
0.044007062912
0.0445530414581
0.0447659492493
0.0280270576477
0.0281889438629
0.0298130512238
0.0334639549255
0.031592130661
0.0321381092072
0.0375120639801
0.046590089798
0.0292098522186
0.0294008255005
0.0315608978271
0.0399239063263
0.0299661159515
0.0303280353546
0.03639793396
0.04088306427
0.0302112102509
0.0328321456909
0.037593126297
0.0451681613922
0.0261259078979
0.0281698703766
0.0304110050201
0.0402059555054
0.0327091217041
0.0329749584198
0.0333120822906
0.0335831642151
0.0367131233215
0.0405569076538
0.0470371246338
0.0472099781036
0.0344688892365
0.0346508026123
0.0347929000854
0.0375919342041
0.0277681350708
0.0323929786682
0.032546043396
0.0326931476593
0.0365421772003
0.0367941856384
0.0406560897827
0.0459311008453
0.0388531684875
0.0419960021973
0.0421750545502
0.0432269573212
0.0329830646515
0.0331430435181
0.0391960144043
0.043240070343
0.042396068573
0.0488450527191
0.0501408576965
0.0545339584351
0.0277788639069
0.0303959846497
0.0355808734894
0.0381078720093
0.0356750488281
0.036945104599
0.050931930542
0.0515339374542
0.0274481773376
0.0276021957397
0.0277471542358
0.0278921127319
0.0450360774994
0.0461091995239
0.0492751598358
0.0497510433197
0.0382180213928
0.0387558937073
0.0392689704895
0.0398280620575
0.0324330329895
0.0331518650055
0.0338099002838
0.034462928772
0.0311481952667
0.0358650684357
0.0369510650635
0.0376272201538
0.0274178981781
0.0294528007507
0.0329029560089
0.0376179218292
0.0322461128235
0.0327141284943
0.0384261608124
0.0480029582977
0.0317850112915
0.0319430828094
0.0355231761932
0.0405530929565
0.0307071208954
0.0308890342712
0.0319759845734
0.0368208885193
0.0286319255829
0.0304238796234
0.0353598594666
0.0355808734894
0.0369298458099
0.0374109745026
0.0390119552612
0.0434799194336
0.0257980823517
0.0261781215668
0.0295629501343
0.0351419448853
0.0278000831604
0.030061006546
0.0329320430756
0.0348808765411
0.0263831615448
0.0265371799469
0.0266799926758
0.033910036087
0.0265200138092
0.0266809463501
0.0357890129089
0.0360808372498
0.0345020294189
0.0363490581512
0.042927980423
0.0530018806458
0.0322620868683
0.0342750549316
0.0400080680847
0.0461130142212
0.0292811393738
0.0401899814606
0.0522780418396
0.0567021369934
0.0266239643097
0.0353870391846
0.0400178432465
0.0443949699402
0.0280649662018
0.0307860374451
0.0401060581207
0.0463690757751
0.0277581214905
0.0322630405426
0.0428841114044
0.0436859130859
0.0430159568787
0.0438320636749
0.044303894043
0.0447249412537
0.0419509410858
0.0423460006714
0.0427949428558
0.0432858467102
0.0381829738617
0.0384538173676
0.0388748645782
0.0415918827057
0.0361070632935
0.0406420230865
0.0524611473083
0.0618340969086
0.0357570648193
0.0448322296143
0.0468230247498
0.0529041290283
0.0358700752258
0.03604388237
0.0437679290771
0.0498239994049
0.0347719192505
0.0352931022644
0.0358030796051
0.0363490581512
0.0362088680267
0.0363857746124
0.0373327732086
0.0376009941101
0.0207998752594
0.0213570594788
0.0253241062164
0.0288379192352
0.029905796051
0.0318298339844
0.0457649230957
0.0501878261566
0.0318760871887
0.0321741104126
0.0327999591827
0.0331599712372
0.0439710617065
0.0442991256714
0.0444960594177
0.0447010993958
0.0278429985046
0.0334739685059
0.0342969894409
0.0425391197205
0.0272510051727
0.0318188667297
0.038477897644
0.0498249530792
0.03697514534
0.0378351211548
0.0386071205139
0.0478100776672
0.044527053833
0.0450670719147
0.0454590320587
0.045804977417
0.0349428653717
0.0366818904877
0.0374019145966
0.0471479892731
0.0301070213318
0.03071808815
0.0310280323029
0.0315070152283
0.0295009613037
0.0318648815155
0.033166885376
0.0356869697571
0.0339999198914
0.038547039032
0.0427389144897
0.0497970581055
0.0610289573669
0.0611801147461
0.0653200149536
0.0699400901794
0.039479970932
0.0396440029144
0.0399181842804
0.040167093277
0.0317139625549
0.0318880081177
0.0324311256409
0.039314031601
0.0344300270081
0.0347461700439
0.0435240268707
0.043741941452
0.0302000045776
0.0333621501923
0.0337262153625
0.0384860038757
0.0307259559631
0.0345628261566
0.0370419025421
0.0393109321594
0.0326890945435
0.0334119796753
0.0340631008148
0.0347061157227
0.0357730388641
0.0367360115051
0.0372719764709
0.0381469726562
0.032995223999
0.0331490039825
0.0332961082458
0.0380260944366
0.0340249538422
0.0342440605164
0.0344440937042
0.0350251197815
0.0552809238434
0.0562779903412
0.0573759078979
0.0583708286285
0.0252170562744
0.0282430648804
0.0522408485413
0.052433013916
0.0331399440765
0.0335569381714
0.0337278842926
0.0388238430023
0.0310871601105
0.0336639881134
0.0371119976044
0.045891046524
0.0359210968018
0.0372941493988
0.0382580757141
0.0484111309052
0.0317978858948
0.0396699905396
0.0414729118347
0.0416209697723
0.0255100727081
0.0256850719452
0.03595495224
0.0406498908997
0.0296289920807
0.0297889709473
0.0299808979034
0.0301468372345
0.0758399963379
0.0762939453125
0.0766570568085
0.0783159732819
0.0517580509186
0.05193400383
0.0544250011444
0.0591750144958
0.0297591686249
0.0299510955811
0.0364820957184
0.0467720031738
0.033224105835
0.0333781242371
0.0335209369659
0.0336611270905
0.0356268882751
0.0359079837799
0.036080121994
0.0362279415131
0.0299279689789
0.0301101207733
0.030277967453
0.0448470115662
0.0289180278778
0.0291409492493
0.0293171405792
0.0348961353302
0.0281291007996
0.0282900333405
0.0284321308136
0.0355060100555
0.0269360542297
0.0445079803467
0.0486888885498
0.0505559444427
0.0350019931793
0.0387508869171
0.0404298305511
0.0464618206024
0.0307259559631
0.0308949947357
0.0310399532318
0.0311861038208
0.0306971073151
0.0310351848602
0.0341892242432
0.0388622283936
0.0302319526672
0.030611038208
0.0344779491425
0.0392079353333
0.0284941196442
0.0520000457764
0.0522181987762
0.052383184433
0.0339820384979
0.0344040393829
0.0364830493927
0.0407190322876
0.0712370872498
0.071405172348
0.0715610980988
0.0784139633179
0.0467879772186
0.0469930171967
0.0543959140778
0.0774269104004
0.0302309989929
0.0304281711578
0.0305960178375
0.0307641029358
0.0438768863678
0.0440340042114
0.0441799163818
0.044322013855
0.0295438766479
0.0319027900696
0.0376808643341
0.04456782341
0.030247926712
0.0316081047058
0.0415849685669
0.0471520423889
0.0332670211792
0.0340180397034
0.0347471237183
0.0354671478271
0.0399780273438
0.0407540798187
0.0414700508118
0.0426571369171
0.0503759384155
0.0505361557007
0.0506899356842
0.0508301258087
0.032243013382
0.0325009822845
0.0327589511871
0.0329959392548
0.0234899520874
0.0331380367279
0.0333609580994
0.0342321395874
0.0466811656952
0.046982049942
0.0472700595856
0.0526440143585
0.027853012085
0.0387899875641
0.0413639545441
0.0415670871735
0.0352091789246
0.0355730056763
0.0380489826202
0.039134979248
0.0397529602051
0.0498089790344
0.0500099658966
0.0501890182495
0.0301370620728
0.0342190265656
0.0358309745789
0.0393800735474
0.0350909233093
0.0372078418732
0.0381360054016
0.0387768745422
0.0371830463409
0.037346124649
0.0375239849091
0.0376961231232
0.0400369167328
0.0402281284332
0.0431649684906
0.0498580932617
0.0314788818359
0.0339679718018
0.0355880260468
0.040374994278
0.0346748828888
0.0432047843933
0.0447208881378
0.0469589233398
0.0311810970306
0.0361430644989
0.0362889766693
0.0364329814911
0.0440518856049
0.0442159175873
0.0443620681763
0.0445098876953
0.0493648052216
0.0498788356781
0.0500569343567
0.0561108589172
0.0268108844757
0.0308320522308
0.0323040485382
0.040983915329
0.0333340167999
0.0360341072083
0.0391561985016
0.0424501895905
0.0365641117096
0.0367391109467
0.0368850231171
0.0370321273804
0.0313639640808
0.0397510528564
0.0425679683685
0.0433959960938
0.0326309204102
0.0375208854675
0.0380439758301
0.0384199619293
0.0323219299316
0.0351438522339
0.0354478359222
0.0358598232269
0.0619699954987
0.0623869895935
0.0627200603485
0.0630519390106
0.0514280796051
0.0615639686584
0.0648670196533
0.0693349838257
0.027547121048
0.0296449661255
0.031093120575
0.0361449718475
0.0303609371185
0.0305168628693
0.0486769676208
0.050940990448
0.0422489643097
0.0435509681702
0.0500118732452
0.0512180328369
0.0511629581451
0.052109003067
0.0528428554535
0.0536868572235
0.0349628925323
0.0356268882751
0.0362279415131
0.0367939472198
0.0436329841614
0.045392036438
0.0460669994354
0.0499031543732
0.0408990383148
0.0460240840912
0.0540270805359
0.0685341358185
0.0555050373077
0.0562670230865
0.0570409297943
0.0577309131622
0.0325260162354
0.0334410667419
0.0352830886841
0.041393995285
0.0308749675751
0.0312008857727
0.031455039978
0.0316338539124
0.0324509143829
0.0329558849335
0.0335779190063
0.0338590145111
0.0312569141388
0.0314259529114
0.0315818786621
0.0335869789124
0.0417408943176
0.0419218540192
0.042072057724
0.0429890155792
0.0344271659851
0.0355920791626
0.0361549854279
0.0368740558624
0.0348150730133
0.0349988937378
0.0354580879211
0.0420889854431
0.0314190387726
0.0317080020905
0.0331280231476
0.0380058288574
0.0286078453064
0.0445969104767
0.0449359416962
0.0451838970184
0.0323679447174
0.0327100753784
0.0353169441223
0.039971113205
0.0434648990631
0.0437958240509
0.0475149154663
0.0518169403076
0.0345599651337
0.037496805191
0.0377187728882
0.0393228530884
0.0329921245575
0.0331530570984
0.0332980155945
0.0334360599518
0.0407991409302
0.0409760475159
0.0411400794983
0.0413839817047
0.0290050506592
0.029168844223
0.0330350399017
0.0361189842224
0.0441188812256
0.0443210601807
0.0444660186768
0.0446119308472
0.0381860733032
0.0383532047272
0.0385060310364
0.0386590957642
0.0342497825623
0.0352489948273
0.0397009849548
0.0461719036102
0.0330789089203
0.0406939983368
0.0484290122986
0.0486679077148
0.0385060310364
0.0387008190155
0.0407888889313
0.0441558361053
0.0284419059753
0.0286350250244
0.0405828952789
0.0451600551605
0.0362648963928
0.0364260673523
0.0365688800812
0.0413320064545
0.0324761867523
0.0326490402222
0.0401391983032
0.041894197464
0.0386831760406
0.0388729572296
0.0418510437012
0.0464169979095
0.0278160572052
0.0294461250305
0.044872045517
0.0450580120087
0.0447790622711
0.0450079441071
0.0452170372009
0.0509569644928
0.0349688529968
0.0355858802795
0.036120891571
0.0396108627319
0.0348482131958
0.0364210605621
0.0371310710907
0.0379509925842
0.02503490448
0.0261390209198
0.0319700241089
0.0351209640503
0.0298690795898
0.0300371646881
0.0302050113678
0.0327031612396
0.0317988395691
0.0341508388519
0.0386078357697
0.0429618358612
0.0443260669708
0.0447790622711
0.0451788902283
0.0455410480499
0.0329699516296
0.0336899757385
0.0370588302612
0.0430459976196
0.0445070266724
0.0485501289368
0.0542230606079
0.060152053833
0.0467610359192
0.0486330986023
0.0537312030792
0.058354139328
0.0582950115204
0.0627110004425
0.0671739578247
0.0712840557098
0.0336220264435
0.0450809001923
0.0453760623932
0.0492498874664
0.0443749427795
0.0450699329376
0.0593090057373
0.0602548122406
0.0353519916534
0.0474510192871
0.0480880737305
0.0485560894012
0.0364780426025
0.0375800132751
0.0414140224457
0.0425269603729
0.0256779193878
0.0258588790894
0.0341780185699
0.03671002388
0.0356960296631
0.035915851593
0.0360929965973
0.0362558364868
0.0286049842834
0.0357899665833
0.0363299846649
0.0368111133575
0.0325849056244
0.0329439640045
0.0386989116669
0.0437359809875
0.0382978916168
0.0393538475037
0.0398728847504
0.0408279895782
0.0322811603546
0.032662153244
0.0359361171722
0.039656162262
0.0292029380798
0.0367369651794
0.0429639816284
0.0481441020966
0.0278811454773
0.0280499458313
0.0281989574432
0.0295350551605
0.0285890102386
0.0287439823151
0.0466418266296
0.0508890151978
0.033951997757
0.034187078476
0.0343592166901
0.0385310649872
0.0279350280762
0.0281000137329
0.0439529418945
0.0509679317474
0.0408699512482
0.0422079563141
0.0459039211273
0.0476379394531
0.0363008975983
0.0367858409882
0.0385458469391
0.0395119190216
0.0312259197235
0.0354359149933
0.0400178432465
0.0448968410492
0.0889549255371
0.0922420024872
0.00141191482544
0.00187182426453
0.0500049591064
0.0501708984375
0.0504348278046
0.0506839752197
0.0390989780426
0.0444288253784
0.0512578487396
0.0581979751587
0.0275158882141
0.0277819633484
0.0386769771576
0.0450220108032
0.0313239097595
0.0318779945374
0.0323579311371
0.0328340530396
0.0305051803589
0.0374979972839
0.0415661334991
0.0474631786346
0.0353770256042
0.0400102138519
0.0522620677948
0.0529119968414
0.0443861484528
0.0447199344635
0.045028924942
0.0453290939331
0.0246279239655
0.0288329124451
0.033145904541
0.0333788394928
0.0404782295227
0.0412101745605
0.0425560474396
0.0432062149048
0.0267038345337
0.030101776123
0.0307049751282
0.0339879989624
0.0323700904846
0.0325360298157
0.0362331867218
0.0400700569153
0.031592130661
0.0318222045898
0.0319831371307
0.0324110984802
0.0387651920319
0.0390090942383
0.0391790866852
0.039332151413
0.0356688499451
0.0358448028564
0.0360019207001
0.041393995285
0.0273230075836
0.0277090072632
0.0288350582123
0.0340468883514
0.035660982132
0.0406761169434
0.0482609272003
0.0545599460602
0.0389928817749
0.0440897941589
0.0451288223267
0.0456638336182
0.0310761928558
0.0394940376282
0.0401380062103
0.0410401821136
0.0381429195404
0.0383288860321
0.0384740829468
0.0386199951172
0.0365200042725
0.0392558574677
0.047572851181
0.0478899478912
0.0441188812256
0.0442860126495
0.0447108745575
0.0470650196075
0.0504779815674
0.0548748970032
0.0577268600464
0.0586869716644
0.0336110591888
0.0342619419098
0.0345330238342
0.0354671478271
0.0403220653534
0.0406548976898
0.040953874588
0.0528309345245
0.0367178916931
0.0369169712067
0.037101984024
0.0413808822632
0.0314979553223
0.0353600978851
0.0355610847473
0.0390281677246
0.0320889949799
0.0380401611328
0.038666009903
0.0467321872711
0.0270519256592
0.0272650718689
0.0331599712372
0.0351979732513
0.0309889316559
0.0315809249878
0.0317389965057
0.0352129936218
0.0338361263275
0.034049987793
0.0342149734497
0.0380120277405
0.040874004364
0.0450901985168
0.0460941791534
0.0507650375366
0.0341038703918
0.034255027771
0.0344109535217
0.0373208522797
0.0332508087158
0.053092956543
0.0537669658661
0.063019990921
0.035019159317
0.0351800918579
0.0437769889832
0.0440011024475
0.0316090583801
0.0317740440369
0.0327980518341
0.0406169891357
0.0280900001526
0.0282580852509
0.0463318824768
0.0465319156647
0.0295538902283
0.0408017635345
0.0409998893738
0.0442719459534
0.0547029972076
0.0560140609741
0.0609660148621
0.0619521141052
0.0441439151764
0.0538930892944
0.0598769187927
0.0665259361267
0.0321028232574
0.0330018997192
0.0340278148651
0.0349860191345
0.0413341522217
0.0422301292419
0.0427961349487
0.0435020923615
0.0424339771271
0.053092956543
0.0607788562775
0.0650629997253
0.0282018184662
0.0343189239502
0.0348689556122
0.0354359149933
0.0535538196564
0.0545499324799
0.0608949661255
0.0616149902344
0.0296361446381
0.030385017395
0.0447270870209
0.0486509799957
0.0549080371857
0.055685043335
0.0563430786133
0.0585341453552
0.0287339687347
0.0297870635986
0.0306220054626
0.0318539142609
0.0861008167267
0.0899138450623
0.094911813736
0.100399017334
0.0314331054688
0.0322909355164
0.0482771396637
0.0488939285278
0.0264821052551
0.0300941467285
0.0310301780701
0.0333499908447
0.0297958850861
0.0318579673767
0.0356929302216
0.0401530265808
0.0257360935211
0.0265080928802
0.0311369895935
0.0349171161652
0.0259909629822
0.0268878936768
0.0277659893036
0.0405309200287
0.0368192195892
0.0446131229401
0.0493121147156
0.0533401966095
0.0338490009308
0.0574760437012
0.0601990222931
0.0616571903229
0.033549785614
0.036474943161
0.0374188423157
0.0382068157196
0.0350241661072
0.0355451107025
0.0360541343689
0.0365660190582
0.0415530204773
0.0427160263062
0.043380022049
0.053731918335
0.0290400981903
0.0306119918823
0.0329809188843
0.0504589080811
0.0279710292816
0.0281159877777
0.030266046524
0.0385282039642
0.0262498855591
0.0304028987885
0.0352079868317
0.0394558906555
0.0222389698029
0.0258040428162
0.0305030345917
0.0347440242767
0.0282499790192
0.0284588336945
0.0415179729462
0.0489299297333
0.0327651500702
0.0329251289368
0.0330860614777
0.0356950759888
0.0389461517334
0.0391180515289
0.0392730236053
0.0394179821014
0.0278809070587
0.0281090736389
0.0314440727234
0.034539937973
0.0272619724274
0.0295670032501
0.0305590629578
0.0368399620056
0.0354340076447
0.0357420444489
0.0455439090729
0.0457320213318
0.0355207920074
0.0374178886414
0.0398738384247
0.042564868927
0.0305149555206
0.0306749343872
0.030837059021
0.043142080307
0.0265829563141
0.0267539024353
0.0269100666046
0.0324280261993
0.0287251472473
0.028911113739
0.0290520191193
0.0329329967499
0.0308179855347
0.0310139656067
0.0318250656128
0.0347249507904
0.0310142040253
0.0400741100311
0.047651052475
0.0501401424408
0.0265700817108
0.0267241001129
0.03125
0.0370090007782
0.0367460250854
0.0369071960449
0.04026222229
0.0446100234985
0.0288469791412
0.0300569534302
0.0376310348511
0.0420389175415
0.0323719978333
0.0349519252777
0.0393888950348
0.0423607826233
0.0270311832428
0.0282101631165
0.034609079361
0.0393710136414
0.0294470787048
0.0408701896667
0.0447661876678
0.0480470657349
0.0353648662567
0.0386428833008
0.0618329048157
0.0620028972626
0.0330078601837
0.0340919494629
0.0342600345612
0.0372228622437
0.0344679355621
0.034640789032
0.0377779006958
0.0432138442993
0.0309181213379
0.031592130661
0.0507390499115
0.0615720748901
0.0237009525299
0.0244419574738
0.0281879901886
0.044741153717
0.0277049541473
0.0318760871887
0.0402328968048
0.0407688617706
0.029757976532
0.0299189090729
0.0317618846893
0.0356688499451
0.0272281169891
0.0273821353912
0.0311570167542
0.0348460674286
0.0380690097809
0.0384140014648
0.0423359870911
0.0432329177856
0.0331058502197
0.0333027839661
0.0334618091583
0.0336430072784
0.0253739356995
0.0264511108398
0.0304570198059
0.0341079235077
0.0386979579926
0.038938999176
0.0519709587097
0.0529780387878
0.0444688796997
0.0446269512177
0.0522470474243
0.052402973175
0.0287289619446
0.0291719436646
0.0323469638824
0.0354311466217
0.0402698516846
0.042181968689
0.0439808368683
0.0468838214874
0.0308771133423
0.0317041873932
0.0379199981689
0.0394060611725
0.0326180458069
0.0327749252319
0.0329830646515
0.043417930603
0.0318779945374
0.0333058834076
0.0373849868774
0.0413930416107
0.0335690975189
0.0338759422302
0.0374610424042
0.0424690246582
0.0318078994751
0.0319819450378
0.0321419239044
0.0322949886322
0.0278329849243
0.0279860496521
0.028128862381
0.0315759181976
0.0365529060364
0.0373690128326
0.0379209518433
0.0397980213165
0.037663936615
0.0378489494324
0.0382359027863
0.0388870239258
0.0297119617462
0.0298678874969
0.030012845993
0.0301518440247
0.0325031280518
0.0327739715576
0.0329399108887
0.0353229045868
0.0307037830353
0.0312860012054
0.0318248271942
0.0323598384857
0.0329718589783
0.0338218212128
0.0403800010681
0.0423028469086
0.0310459136963
0.0432279109955
0.0452098846436
0.0525300502777
0.0375590324402
0.0392730236053
0.0403010845184
0.0503571033478
0.0337190628052
0.0339770317078
0.0376019477844
0.0377790927887
0.0383679866791
0.052845954895
0.0546119213104
0.0553669929504
0.0329988002777
0.0331628322601
0.0333178043365
0.0334758758545
0.0300590991974
0.0302610397339
0.0304660797119
0.0306520462036
0.0333821773529
0.0340092182159
0.034903049469
0.0357069969177
0.0331749916077
0.0338308811188
0.0380899906158
0.0420939922333
0.0367679595947
0.0372939109802
0.0472400188446
0.0481588840485
0.0405859947205
0.0413250923157
0.0419840812683
0.0439960956573
0.037544965744
0.0383269786835
0.0391719341278
0.0398108959198
0.0307400226593
0.0308978557587
0.0388419628143
0.0389928817749
0.0335259437561
0.0399498939514
0.0451419353485
0.0482869148254
0.0375299453735
0.0376999378204
0.0398271083832
0.0438160896301
0.0292000770569
0.0294029712677
0.039705991745
0.0430181026459
0.0288791656494
0.0290670394897
0.0341341495514
0.0364220142365
0.0305621623993
0.0307331085205
0.0316870212555
0.0350160598755
0.0367641448975
0.0414659976959
0.0439760684967
0.0468590259552
0.0333299636841
0.0334830284119
0.0370099544525
0.040118932724
0.0394639968872
0.0396189689636
0.0442650318146
0.0444149971008
0.0327639579773
0.0365958213806
0.0387899875641
0.0447499752045
0.0291950702667
0.0293531417847
0.0335869789124
0.0383930206299
0.0259039402008
0.0288259983063
0.0397129058838
0.0450270175934
0.022567987442
0.0256788730621
0.0293080806732
0.0330638885498
0.0332221984863
0.0338671207428
0.0343890190125
0.0377690792084
0.0262711048126
0.0269560813904
0.0339369773865
0.0386011600494
0.0353298187256
0.037116765976
0.0535078048706
0.0543138980865
0.0302970409393
0.0351212024689
0.0432090759277
0.0463070869446
0.0340628623962
0.0342268943787
0.0398318767548
0.0448899269104
0.0287208557129
0.0289850234985
0.0306990146637
0.0345749855042
0.0280270576477
0.0282011032104
0.0333690643311
0.0402331352234
0.0278120040894
0.0279760360718
0.0311050415039
0.0378930568695
0.0334188938141
0.0337920188904
0.0366430282593
0.0408880710602
0.0303330421448
0.0305149555206
0.0306839942932
0.0308420658112
0.0343070030212
0.0384700298309
0.0402779579163
0.0473370552063
0.0300281047821
0.0443179607391
0.0445890426636
0.0448620319366
0.0341708660126
0.0555379390717
0.0558140277863
0.0560820102692
0.0424780845642
0.0430212020874
0.0434942245483
0.0440671443939
0.0362889766693
0.0373709201813
0.0380480289459
0.0387098789215
0.0463728904724
0.0465497970581
0.0467109680176
0.0487329959869
0.0370738506317
0.0374119281769
0.0377368927002
0.0452489852905
0.0307219028473
0.0310158729553
0.0461738109589
0.0463697910309
0.0263180732727
0.0265400409698
0.0267429351807
0.0323281288147
0.0273070335388
0.0422630310059
0.0517048835754
0.0533239841461
0.0309910774231
0.0318419933319
0.0346169471741
0.0455949306488
0.0266129970551
0.0281791687012
0.0304760932922
0.0335869789124
0.0305562019348
0.0329730510712
0.036963224411
0.0407900810242
0.0277910232544
0.0297110080719
0.0349519252777
0.0429410934448
0.0351140499115
0.0358369350433
0.0363478660583
0.0368649959564
0.0302600860596
0.0311839580536
0.0382041931152
0.0387401580811
0.0332229137421
0.0334157943726
0.0335710048676
0.0379168987274
0.0350098609924
0.0351819992065
0.035327911377
0.0380518436432
0.026743888855
0.0269658565521
0.0314619541168
0.0354478359222
0.0339159965515
0.0349769592285
0.0558528900146
0.0562179088593
0.0290179252625
0.0341548919678
0.0351438522339
0.0356848239899
0.040806055069
0.0433530807495
0.050665140152
0.0509400367737
0.0360300540924
0.038703918457
0.0545499324799
0.0567209720612
0.0373961925507
0.0414111614227
0.0443580150604
0.0484871864319
0.0303330421448
0.0354378223419
0.0425088405609
0.0430629253387
0.0431809425354
0.0460629463196
0.0474398136139
0.053573846817
0.042279958725
0.0462090969086
0.0482671260834
0.0506360530853
0.033910036087
0.0341100692749
0.0342881679535
0.0382192134857
0.0278661251068
0.028048992157
0.0309541225433
0.0441181659698
0.0215368270874
0.0270578861237
0.0272779464722
0.0286779403687
0.0300118923187
0.0342309474945
0.0395278930664
0.0396928787231
0.0323240756989
0.0360720157623
0.037337064743
0.0394520759583
0.034600019455
0.037871837616
0.041405916214
0.0470750331879
0.0285830497742
0.0340790748596
0.0369310379028
0.0434980392456
0.033035993576
0.033185005188
0.0466051101685
0.0498781204224
0.0257408618927
0.0264298915863
0.0310490131378
0.0346159934998
0.0376179218292
0.0395290851593
0.0461819171906
0.0483980178833
0.0439479351044
0.0444648265839
0.044960975647
0.0531859397888
0.0410919189453
0.0415008068085
0.0418989658356
0.0421049594879
0.0344889163971
0.0348091125488
0.0351669788361
0.0448920726776
0.0338609218597
0.0366990566254
0.0382459163666
0.0439419746399
0.0313038825989
0.0322458744049
0.040323972702
0.0407159328461
0.0256109237671
0.0258309841156
0.0379569530487
0.0384910106659
0.0313022136688
0.03147315979
0.031622171402
0.0329570770264
0.0444078445435
0.0446138381958
0.0447769165039
0.0449390411377
0.0415799617767
0.0417649745941
0.0430588722229
0.0471098423004
0.0339210033417
0.0341238975525
0.0379340648651
0.0429220199585
0.031222820282
0.0393040180206
0.0437150001526
0.0456550121307
0.0263180732727
0.0293970108032
0.0354690551758
0.0392119884491
0.0292119979858
0.0391688346863
0.0399389266968
0.0440418720245
0.0531358718872
0.0561640262604
0.060240983963
0.0627040863037
0.0316751003265
0.0340769290924
0.0448989868164
0.0491549968719
0.025826215744
0.0332531929016
0.0381901264191
0.045205116272
0.0335440635681
0.033704996109
0.0361580848694
0.040057182312
0.04407787323
0.0442759990692
0.0451848506927
0.0490138530731
0.0304908752441
0.0310380458832
0.0466070175171
0.05233502388
0.0266399383545
0.0286059379578
0.0294878482819
0.0308208465576
0.0346908569336
0.