0.032310962677
0.0324809551239
0.0359771251678
0.0390529632568
0.0357780456543
0.0374059677124
0.0382978916168
0.0387959480286
0.026004076004
0.0261590480804
0.0263559818268
0.0328459739685
0.0292730331421
0.0369091033936
0.037180185318
0.0419540405273
0.0297520160675
0.0381710529327
0.0422830581665
0.047128200531
0.029011964798
0.029452085495
0.0383460521698
0.0396790504456
0.0262150764465
0.0263841152191
0.0265340805054
0.0365190505981
0.0414340496063
0.0416378974915
0.0417928695679
0.04194688797
0.032201051712
0.0326910018921
0.0329310894012
0.0331089496613
0.033017873764
0.0331959724426
0.0360260009766
0.0418407917023
0.0374948978424
0.0471289157867
0.050194978714
0.0543329715729
0.030385017395
0.0305531024933
0.0339879989624
0.0369260311127
0.0279741287231
0.0281250476837
0.0316619873047
0.0364789962769
0.0273339748383
0.027792930603
0.0295298099518
0.0328149795532
0.0285210609436
0.0287129878998
0.0465741157532
0.0474691390991
0.0292167663574
0.0293989181519
0.0309569835663
0.0339357852936
0.0371971130371
0.0373620986938
0.0444190502167
0.0447750091553
0.0392489433289
0.0455379486084
0.0461990833282
0.0517151355743
0.0344669818878
0.0364308357239
0.0404088497162
0.0470979213715
0.0327558517456
0.0329530239105
0.0375878810883
0.0422608852386
0.0323669910431
0.0325210094452
0.0342938899994
0.0407629013062
0.0317838191986
0.0319638252258
0.0321140289307
0.0351119041443
0.0255529880524
0.0364990234375
0.0366671085358
0.0421140193939
0.0337741374969
0.0349681377411
0.0442521572113
0.0454611778259
0.030534029007
0.030690908432
0.0309488773346
0.0312550067902
0.0362679958344
0.0365731716156
0.0367271900177
0.0368881225586
0.0329239368439
0.0331230163574
0.041491985321
0.0416579246521
0.0381112098694
0.038770198822
0.0393061637878
0.0399122238159
0.0270519256592
0.0353899002075
0.0358729362488
0.0403280258179
0.0307769775391
0.0456051826477
0.046923160553
0.047544002533
0.040374994278
0.0419070720673
0.0432140827179
0.0442299842834
0.0359189510345
0.0374917984009
0.037743806839
0.0380358695984
0.0273959636688
0.0275549888611
0.0404648780823
0.0470860004425
0.0278649330139
0.0296440124512
0.0316359996796
0.034686088562
0.0413420200348
0.0415010452271
0.0416769981384
0.0463449954987
0.0333609580994
0.0336120128632
0.0337779521942
0.033940076828
0.0325260162354
0.033215045929
0.0336918830872
0.034353017807
0.033725976944
0.0338959693909
0.0340478420258
0.0344429016113
0.0329670906067
0.0341279506683
0.0358519554138
0.0362539291382
0.0444939136505
0.0447518825531
0.044951915741
0.0566308498383
0.0347909927368
0.0356569290161
0.0366139411926
0.0382549762726
0.0288698673248
0.0290729999542
0.0308208465576
0.0351269245148
0.0385890007019
0.0400910377502
0.0410130023956
0.0416140556335
0.0378019809723
0.0463309288025
0.0465860366821
0.046765089035
0.0343480110168
0.0349791049957
0.0403161048889
0.0429079532623
0.0272560119629
0.0352420806885
0.0375189781189
0.0457811355591
0.0332069396973
0.0355160236359
0.0358788967133
0.0394449234009
0.0266840457916
0.0270109176636
0.0306150913239
0.0346620082855
0.0350289344788
0.0362949371338
0.0370709896088
0.0378091335297
0.0298941135406
0.0300879478455
0.0304880142212
0.0357220172882
0.0295698642731
0.0380220413208
0.0449149608612
0.0453140735626
0.0306611061096
0.044557094574
0.0449371337891
0.0451130867004
0.0324718952179
0.0328698158264
0.0330319404602
0.0391080379486
0.038153886795
0.0415408611298
0.0421659946442
0.0425610542297
0.0320000648499
0.0322151184082
0.0323650836945
0.0325109958649
0.0333499908447
0.0335190296173
0.033684015274
0.0373599529266
0.0329279899597
0.0331039428711
0.033262014389
0.0334188938141
0.0338490009308
0.044233083725
0.0472021102905
0.0473780632019
0.0304598808289
0.0308408737183
0.0312588214874
0.032114982605
0.0300641059875
0.0309631824493
0.0311269760132
0.0333151817322
0.0317358970642
0.0318930149078
0.0362229347229
0.0389549732208
0.0321829319
0.0330328941345
0.0342729091644
0.0350880622864
0.0290510654449
0.0295128822327
0.0322299003601
0.0364348888397
0.0353579521179
0.0359089374542
0.0360858440399
0.0398638248444
0.0314509868622
0.0326120853424
0.0336449146271
0.034875869751
0.0317208766937
0.0327150821686
0.0368418693542
0.0573348999023
0.0363018512726
0.042543888092
0.0428948402405
0.0473279953003
0.0367939472198
0.0369811058044
0.0371510982513
0.0373120307922
0.0374050140381
0.0375800132751
0.0377290248871
0.0407719612122
0.040186882019
0.0403637886047
0.0405209064484
0.0406808853149
0.0333139896393
0.033536195755
0.039046049118
0.0451719760895
0.0318119525909
0.0359129905701
0.0376081466675
0.0378019809723
0.028883934021
0.0290718078613
0.029228925705
0.0373067855835
0.0331611633301
0.0371282100677
0.0397810935974
0.0504910945892
0.0290439128876
0.0362379550934
0.0427188873291
0.0464808940887
0.033891916275
0.0417189598083
0.0447180271149
0.0536818504333
0.0270929336548
0.0272920131683
0.0329978466034
0.037556886673
0.0350110530853
0.0351650714874
0.0462870597839
0.0485479831696
0.0361821651459
0.0364410877228
0.0370512008667
0.0471041202545
0.0364630222321
0.0430698394775
0.0440399646759
0.0448489189148
0.0417859554291
0.0426139831543
0.0435109138489
0.0446169376373
0.0339391231537
0.0340950489044
0.0359451770782
0.0424242019653
0.0356810092926
0.0358819961548
0.0360429286957
0.039785861969
0.0427792072296
0.0435061454773
0.0441491603851
0.0447700023651
0.0367729663849
0.0374488830566
0.0381200313568
0.0387699604034
0.0286719799042
0.0351228713989
0.0352759361267
0.0354180335999
0.0309121608734
0.0326840877533
0.0387570858002
0.0395450592041
0.0482468605042
0.0490419864655
0.0497410297394
0.0503668785095
0.0318448543549
0.0319938659668
0.0352628231049
0.0398108959198
0.0337860584259
0.0339410305023
0.039764881134
0.0439848899841
0.0318870544434
0.0373260974884
0.0453610420227
0.0503661632538
0.0253968238831
0.0255508422852
0.0289709568024
0.0328958034515
0.0271401405334
0.0272991657257
0.0300450325012
0.0377471446991
0.0325298309326
0.0326838493347
0.032830953598
0.0329749584198
0.0383031368256
0.0387501716614
0.0464551448822
0.0484230518341
0.0369899272919
0.0371589660645
0.0373198986053
0.0375149250031
0.0345911979675
0.0392401218414
0.0464010238647
0.0472781658173
0.0344619750977
0.0353178977966
0.0360119342804
0.0367798805237
0.0327010154724
0.0329239368439
0.0380039215088
0.043338060379
0.0329937934875
0.0331540107727
0.033294916153
0.033439874649
0.0325889587402
0.0327599048615
0.0329320430756
0.0331280231476
0.0287499427795
0.035120010376
0.0370290279388
0.0383150577545
0.0342600345612
0.036633014679
0.0375468730927
0.0396208763123
0.0414838790894
0.0424168109894
0.043096780777
0.0437479019165
0.0350279808044
0.0355761051178
0.0502240657806
0.0503931045532
0.0376598834991
0.0378429889679
0.0380167961121
0.0383558273315
0.0265719890594
0.027272939682
0.0395839214325
0.0413248538971
0.0268931388855
0.0270540714264
0.0272071361542
0.0273590087891
0.0267660617828
0.0292110443115
0.0293869972229
0.0334050655365
0.037348985672
0.0377390384674
0.03839802742
0.0390620231628
0.0274970531464
0.0276420116425
0.0277750492096
0.0431780815125
0.0353419780731
0.0355248451233
0.035835981369
0.0385499000549
0.0296120643616
0.0298979282379
0.0370469093323
0.0426669120789
0.0364120006561
0.0365850925446
0.0367429256439
0.0368959903717
0.0362739562988
0.0364599227905
0.0366148948669
0.0367610454559
0.0335528850555
0.033863067627
0.0341210365295
0.0348999500275
0.0462529659271
0.0475549697876
0.048259973526
0.0489089488983
0.0322470664978
0.0324130058289
0.0325980186462
0.0327501296997
0.0262658596039
0.0265889167786
0.026859998703
0.0314750671387
0.0314931869507
0.0325090885162
0.0360600948334
0.0404160022736
0.0335030555725
0.0337491035461
0.0386300086975
0.0422179698944
0.0269870758057
0.0271670818329
0.0365250110626
0.0464110374451
0.0391597747803
0.0398778915405
0.0416619777679
0.0468859672546
0.0531351566315
0.0549650192261
0.0574049949646
0.0583550930023
0.0384809970856
0.0405797958374
0.0413699150085
0.0421378612518
0.0284199714661
0.0349841117859
0.0427739620209
0.045567035675
0.0231008529663
0.0232648849487
0.030256986618
0.0410227775574
0.0298538208008
0.0300178527832
0.0301718711853
0.0303330421448
0.0279049873352
0.0357599258423
0.0432000160217
0.0459189414978
0.022500038147
0.0256321430206
0.0294411182404
0.0309600830078
0.0266220569611
0.0277500152588
0.0285129547119
0.031466960907
0.0337519645691
0.03422498703
0.0380449295044
0.0396599769592
0.0272328853607
0.0282969474792
0.0329608917236
0.0368499755859
0.0339319705963
0.034628868103
0.0352139472961
0.0358340740204
0.0340728759766
0.0346069335938
0.0368139743805
0.0449869632721
0.0262589454651
0.0264410972595
0.0267639160156
0.026918888092
0.0281140804291
0.0284199714661
0.0400881767273
0.0451860427856
0.0370500087738
0.0378060340881
0.0409479141235
0.0411529541016
0.0383319854736
0.041387796402
0.0429658889771
0.0485379695892
0.0269649028778
0.0271890163422
0.02969789505
0.0340950489044
0.0371911525726
0.0387330055237
0.0501601696014
0.0527980327606
0.0362198352814
0.036899805069
0.0415878295898
0.046355009079
0.0345029830933
0.0347561836243
0.0493941307068
0.0504779815674
0.0296828746796
0.036591053009
0.038341999054
0.0388798713684
0.129241943359
0.135166883469
0.137676954269
0.137912988663
0.0295360088348
0.0315051078796
0.0355520248413
0.039479970932
0.0319871902466
0.0342950820923
0.039705991745
0.0429890155792
0.0357518196106
0.0442709922791
0.0473659038544
0.0494649410248
0.0370349884033
0.037703037262
0.0451362133026
0.0507249832153
0.0284559726715
0.0356070995331
0.0374801158905
0.0420291423798
0.0281360149384
0.0317289829254
0.0370700359344
0.0378730297089
0.036926984787
0.0370919704437
0.0372400283813
0.0448360443115
0.0260260105133
0.0267679691315
0.0287711620331
0.0308079719543
0.026141166687
0.0262980461121
0.0264430046082
0.0332641601562
0.0331490039825
0.0333280563354
0.033488035202
0.0401239395142
0.0386321544647
0.0432729721069
0.0468201637268
0.0510489940643
0.0326628684998
0.0328118801117
0.0329558849335
0.0372548103333
0.0384290218353
0.0398910045624
0.0428709983826
0.0473661422729
0.0334670543671
0.0336818695068
0.0338339805603
0.0339939594269
0.0403718948364
0.040580034256
0.0407269001007
0.0440449714661
0.0335111618042
0.0336711406708
0.0338139533997
0.0339601039886
0.0419669151306
0.0421478748322
0.0422949790955
0.0424399375916
0.0277111530304
0.0278990268707
0.0280570983887
0.0385489463806
0.0274121761322
0.027575969696
0.0316050052643
0.0328171253204
0.02321600914
0.0322980880737
0.0384550094604
0.045245885849
0.0327208042145
0.0328760147095
0.0330209732056
0.0355629920959
0.0283398628235
0.0284938812256
0.0311508178711
0.0348780155182
0.0327069759369
0.0330090522766
0.039941072464
0.0418121814728
0.035120010376
0.037232875824
0.0413038730621
0.0447409152985
0.031457901001
0.0316860675812
0.0319969654083
0.0362849235535
0.0337820053101
0.0339858531952
0.0342998504639
0.0371830463409
0.0269601345062
0.027715921402
0.0300719738007
0.0330159664154
0.0530331134796
0.0643041133881
0.064768075943
0.0674669742584
0.0308921337128
0.0310451984406
0.0364401340485
0.0366132259369
0.0407068729401
0.0409049987793
0.0420038700104
0.0476889610291
0.0291631221771
0.0295159816742
0.0434920787811
0.044163942337
0.0412859916687
0.0416660308838
0.0419578552246
0.0422849655151
0.0341110229492
0.0342669487
0.0344140529633
0.0345559120178
0.0345599651337
0.0350489616394
0.0378217697144
0.0446557998657
0.0338490009308
0.0349659919739
0.0354859828949
0.0430338382721
0.0298881530762
0.0306940078735
0.0474841594696
0.0482850074768
0.0448391437531
0.0452811717987
0.0454561710358
0.045615196228
0.0321471691132
0.0348570346832
0.0513031482697
0.0522410869598
0.0220921039581
0.0359609127045
0.0444660186768
0.0446610450745
0.0277400016785
0.0284750461578
0.0289628505707
0.0303118228912
0.0283930301666
0.0293850898743
0.0305058956146
0.0342609882355
0.0292179584503
0.0297601222992
0.0302729606628
0.0307619571686
0.0583760738373
0.0592451095581
0.069678068161
0.0737690925598
0.0399248600006
0.0406429767609
0.0413999557495
0.0420749187469
0.0347409248352
0.0348880290985
0.0350298881531
0.0372109413147
0.0324931144714
0.0366630554199
0.0410499572754
0.0454061031342
0.0268619060516
0.0270149707794
0.0448341369629
0.0458481311798
0.0333559513092
0.0335321426392
0.0336871147156
0.0338470935822
0.046492099762
0.0467491149902
0.0469341278076
0.0472950935364
0.0318820476532
0.0320608615875
0.0327069759369
0.0350658893585
0.0281710624695
0.0283360481262
0.0350658893585
0.0365800857544
0.0333001613617
0.0357899665833
0.03799700737
0.0397169589996
0.024218082428
0.0341930389404
0.034411907196
0.03830909729
0.0384550094604
0.0434091091156
0.0457050800323
0.0495789051056
0.0257639884949
0.0369589328766
0.0372381210327
0.0418701171875
0.0325939655304
0.0331909656525
0.0381169319153
0.0388159751892
0.0260860919952
0.0262479782104
0.0435490608215
0.0437290668488
0.0262799263
0.0302739143372
0.0340969562531
0.0378820896149
0.0271999835968
0.0337238311768
0.0358018875122
0.0372729301453
0.0325770378113
0.0327241420746
0.0328731536865
0.0360870361328
0.0327320098877
0.0329370498657
0.0331108570099
0.0346269607544
0.0271401405334
0.0273351669312
0.0282230377197
0.0336639881134
0.0260310173035
0.0261862277985
0.0279471874237
0.0533661842346
0.0358259677887
0.04332280159
0.0472288131714
0.0529799461365
0.0276119709015
0.0319159030914
0.0363540649414
0.0411319732666
0.0252370834351
0.0295369625092
0.0343201160431
0.0432441234589
0.0251331329346
0.0304169654846
0.0356740951538
0.0465631484985
0.0245549678802
0.0314519405365
0.0377428531647
0.0434038639069
0.031702041626
0.0319349765778
0.0320980548859
0.0322558879852
0.0360269546509
0.0362160205841
0.0363578796387
0.0364999771118
0.0254120826721
0.0255739688873
0.0336050987244
0.0337679386139
0.0280728340149
0.0305478572845
0.0409419536591
0.0411109924316
0.0302801132202
0.0304350852966
0.0340559482574
0.0437071323395
0.0301690101624
0.0303311347961
0.033185005188
0.0379810333252
0.0299232006073
0.0300741195679
0.0302221775055
0.0329511165619
0.0279848575592
0.0281548500061
0.0377810001373
0.0388979911804
0.0295379161835
0.0297260284424
0.0340390205383
0.0391199588776
0.0252289772034
0.0263528823853
0.0281388759613
0.0348320007324
0.0348138809204
0.035001039505
0.035285949707
0.0388360023499
0.0351631641388
0.0376000404358
0.0388171672821
0.0432679653168
0.0354568958282
0.035796880722
0.037239074707
0.0439229011536
0.0317199230194
0.0319709777832
0.0350189208984
0.0380318164825
0.0312540531158
0.0364220142365
0.0392279624939
0.0397920608521
0.0266668796539
0.0281569957733
0.034893989563
0.0409789085388
0.0328600406647
0.0334298610687
0.033989906311
0.0381309986115
0.0286591053009
0.0292921066284
0.0332040786743
0.0366430282593
0.0277888774872
0.0287289619446
0.0348708629608
0.036819934845
0.0341510772705
0.0349838733673
0.0456190109253
0.0490980148315
0.0290329456329
0.029196023941
0.0294690132141
0.0334529876709
0.0351760387421
0.0357129573822
0.0361270904541
0.036633014679
0.0333390235901
0.0338671207428
0.034145116806
0.0343971252441
0.0288999080658
0.0292530059814
0.0362570285797
0.0432031154633
0.0282471179962
0.0290081501007
0.0298411846161
0.0350511074066
0.0293610095978
0.0299971103668
0.0384721755981
0.0445761680603
0.0304529666901
0.032212972641
0.0330619812012
0.0337898731232
0.029974937439
0.0302438735962
0.0304589271545
0.0306298732758
0.0285019874573
0.0292840003967
0.0294620990753
0.0377490520477
0.0366168022156
0.0395607948303
0.040778875351
0.0414559841156
0.0300788879395
0.0312469005585
0.0322108268738
0.0364799499512
0.0265038013458
0.0286679267883
0.0323178768158
0.037250995636
0.0348198413849
0.0356829166412
0.0365040302277
0.0382430553436
0.0262868404388
0.0334949493408
0.0376470088959
0.0446698665619
0.0288610458374
0.0290520191193
0.0312581062317
0.0348250865936
0.0317859649658
0.0319390296936
0.032084941864
0.0322301387787
0.0266230106354
0.0322721004486
0.0399279594421
0.0401999950409
0.029018163681
0.0320680141449
0.0375590324402
0.0434391498566
0.0285880565643
0.0288910865784
0.0332281589508
0.040402173996
0.0362129211426
0.0407440662384
0.04536485672
0.0559549331665
0.0232009887695
0.0292191505432
0.034795999527
0.0373520851135
0.0346539020538
0.0348088741302
0.0349500179291
0.0350918769836
0.036759853363
0.0369529724121
0.0371398925781
0.0534579753876
0.0256280899048
0.0338349342346
0.0340149402618
0.0352520942688
0.0321660041809
0.0356829166412
0.0391018390656
0.0478668212891
0.0254390239716
0.0280039310455
0.0305168628693
0.0333230495453
0.0286519527435
0.0288329124451
0.0317950248718
0.03542304039
0.0292661190033
0.0295641422272
0.0319349765778
0.0384740829468
0.0372049808502
0.0385961532593
0.0397641658783
0.0401360988617
0.0340330600739
0.0346620082855
0.0360810756683
0.0362989902496
0.037575006485
0.0424618721008
0.049232006073
0.0549268722534
0.0399448871613
0.0401520729065
0.0403048992157
0.0559930801392
0.0286388397217
0.0289928913116
0.033567905426
0.0362718105316
0.0389528274536
0.0392348766327
0.0394108295441
0.0459377765656
0.0327041149139
0.039831161499
0.0401301383972
0.0471661090851
0.0277681350708
0.0313680171967
0.0381650924683
0.0407230854034
0.0412378311157
0.0488228797913
0.064661026001
0.0672779083252
0.0333688259125
0.0345838069916
0.0355579853058
0.0439248085022
0.0500819683075
0.0509889125824
0.0519731044769
0.0526878833771
0.037994146347
0.0396060943604
0.0403649806976
0.0411591529846
0.0294950008392
0.0301170349121
0.0482158660889
0.0493960380554
0.0266418457031
0.0267968177795
0.0309419631958
0.0344109535217
0.0281767845154
0.0354678630829
0.039883852005
0.0433859825134
0.032408952713
0.0390100479126
0.0489509105682
0.0571389198303
0.0294258594513
0.0297389030457
0.0325319766998
0.0364248752594
0.0286648273468
0.0313849449158
0.038537979126
0.0445408821106
0.0463590621948
0.0467700958252
0.0481810569763
0.0602118968964
0.028834104538
0.0358481407166
0.0373950004578
0.0391659736633
0.0286178588867
0.0299959182739
0.0365159511566
0.0408968925476
0.0359740257263
0.0445311069489
0.0467569828033
0.0508599281311
0.0287928581238
0.0289688110352
0.0336790084839
0.0348370075226
0.0274789333344
0.0277190208435
0.032693862915
0.0378220081329
0.0356659889221
0.0358710289001
0.0360341072083
0.0361959934235
0.0305678844452
0.031947851181
0.0329678058624
0.0337839126587
0.0279779434204
0.0354390144348
0.0500519275665
0.0516488552094
0.0284450054169
0.0321321487427
0.0347709655762
0.035551071167
0.0335130691528
0.0337769985199
0.0482430458069
0.0484480857849
0.0291481018066
0.0294110774994
0.0318970680237
0.0385100841522
0.0269379615784
0.0271229743958
0.050568819046
0.0524928569794
0.0303561687469
0.0330681800842
0.0332570075989
0.0555970668793
0.0254578590393
0.0260949134827
0.0384809970856
0.0391359329224
0.0330998897552
0.0342609882355
0.039559841156
0.0435059070587
0.0269570350647
0.0283629894257
0.0404760837555
0.0506598949432
0.0380659103394
0.0385849475861
0.0451409816742
0.0508320331573
0.0283648967743
0.0290870666504
0.0451469421387
0.0456500053406
0.0350770950317
0.0374760627747
0.038330078125
0.0442249774933
0.0431468486786
0.0452799797058
0.0513050556183
0.0520420074463
0.0390088558197
0.0403800010681
0.043967962265
0.0477068424225
0.0236170291901
0.0299119949341
0.0394420623779
0.0411131381989
0.0289409160614
0.029953956604
0.0369551181793
0.0431320667267
0.0336639881134
0.0345470905304
0.0533559322357
0.0543119907379
0.0275828838348
0.0286219120026
0.033173084259
0.0347208976746
0.0372860431671
0.0378768444061
0.0405690670013
0.0420410633087
0.0312569141388
0.0341811180115
0.0377700328827
0.0382599830627
0.0369341373444
0.0372290611267
0.0443871021271
0.0447010993958
0.0264730453491
0.0266351699829
0.029981136322
0.0353519916534
0.0303809642792
0.0305640697479
0.0376310348511
0.0439050197601
0.0371291637421
0.0374331474304
0.0433790683746
0.0465931892395
0.0335340499878
0.0336890220642
0.0360791683197
0.0394461154938
0.0290670394897
0.030483007431
0.0327370166779
0.0407831668854
0.0280790328979
0.0282499790192
0.0322380065918
0.0350439548492
0.0302438735962
0.0317459106445
0.0358548164368
0.0397489070892
0.0330929756165
0.0332548618317
0.0333979129791
0.0361230373383
0.0315070152283
0.0316669940948
0.0411758422852
0.0413379669189
0.0383241176605
0.0386569499969
0.0388369560242
0.038999080658
0.0375640392303
0.0377161502838
0.0378601551056
0.0409171581268
0.028088092804
0.0287699699402
0.0314791202545
0.0344970226288
0.0264911651611
0.0266489982605
0.0369169712067
0.03706407547
0.0364329814911
0.0366060733795
0.037593126297
0.0453290939331
0.028156042099
0.0283269882202
0.0304980278015
0.0421500205994
0.0297799110413
0.0299458503723
0.0300898551941
0.0302360057831
0.0171709060669
0.0322649478912
0.0329439640045
0.0343630313873
0.0404469966888
0.0411169528961
0.0416469573975
0.0421760082245
0.0344049930573
0.034548997879
0.0346908569336
0.0348289012909
0.0329849720001
0.0331439971924
0.0332989692688
0.0422079563141
0.0316071510315
0.0317640304565
0.0319030284882
0.0360670089722
0.0360460281372
0.0447120666504
0.044862985611
0.0462870597839
0.0356669425964
0.0376579761505
0.0550780296326
0.0552310943604
0.0247428417206
0.0269968509674
0.0300300121307
0.0309200286865
0.030485868454
0.0343840122223
0.0402200222015
0.0403940677643
0.0376272201538
0.0380821228027
0.0387320518494
0.0507690906525
0.0253028869629
0.0296709537506
0.034805059433
0.0368320941925
0.0265700817108
0.0275681018829
0.0311570167542
0.0381329059601
0.0495920181274
0.0501661300659
0.0508351325989
0.0613741874695
0.0342590808868
0.0353300571442
0.0361340045929
0.0369639396667
0.0285849571228
0.0291230678558
0.0304000377655
0.0385339260101
0.0291061401367
0.0305931568146
0.0524921417236
0.0531411170959
0.0399389266968
0.0408079624176
0.0459609031677
0.0474610328674
0.0271680355072
0.0293641090393
0.0334389209747
0.00138998031616
0.0364050865173
0.0386261940002
0.0427091121674
0.0514371395111
0.0287201404572
0.0305302143097
0.0322480201721
0.0347909927368
0.0274419784546
0.0276050567627
0.0324051380157
0.0348081588745
0.0234398841858
0.0322318077087
0.0340988636017
0.0411188602448
0.0313770771027
0.0317449569702
0.0320789813995
0.042268037796
0.0343220233917
0.0372438430786
0.0440509319305
0.0489900112152
0.0261359214783
0.0262999534607
0.0264599323273
0.0362889766693
0.0375678539276
0.0377337932587
0.0378839969635
0.0380299091339
0.0279688835144
0.0297918319702
0.0318210124969
0.0326759815216
0.0455548763275
0.046452999115
0.0471158027649
0.0477328300476
0.0326900482178
0.0333528518677
0.0339300632477
0.0344760417938
0.0382900238037
0.0390810966492
0.0397329330444
0.0403909683228
0.0303339958191
0.0305209159851
0.0307381153107
0.0336019992828
0.0311460494995
0.0313940048218
0.0315680503845
0.035973072052
0.0324409008026
0.0326890945435
0.0400578975677
0.0454440116882
0.0395081043243
0.040745973587
0.043890953064
0.0539290904999
0.0271670818329
0.0322539806366
0.0389261245728
0.0536530017853
0.0462279319763
0.0506949424744
0.0619728565216
0.0648639202118
0.0243339538574
0.0244979858398
0.0326471328735
0.0340650081635
0.0367760658264
0.0370850563049
0.0372881889343
0.0375020503998
0.0489950180054
0.0517649650574
0.0527799129486
0.0534679889679
0.0379400253296
0.0382399559021
0.0453629493713
0.0511708259583
0.0306379795074
0.0311760902405
0.0375590324402
0.0435400009155
0.0335049629211
0.035129070282
0.0408129692078
0.0510890483856
0.033497095108
0.0373170375824
0.0405380725861
0.0485970973969
0.0316739082336
0.0324070453644
0.0415940284729
0.047581911087
0.0255761146545
0.0257420539856
0.0321340560913
0.0344181060791
0.0276689529419
0.0286259651184
0.0331449508667
0.036495923996
0.0307309627533
0.0327980518341
0.0365419387817
0.0400071144104
0.0258078575134
0.0259838104248
0.0280139446259
0.0369830131531
0.0401358604431
0.0403130054474
0.0419340133667
0.0511748790741
0.0310120582581
0.0311841964722
0.0313301086426
0.0314700603485
0.0345509052277
0.0349059104919
0.0351009368896
0.0354590415955
0.0351679325104
0.035383939743
0.0355269908905
0.0356769561768
0.0289261341095
0.0292229652405
0.0305199623108
0.0371119976044
0.0307810306549
0.0313949584961
0.0433170795441
0.0473849773407
0.0355820655823
0.0426671504974
0.042976140976
0.0433559417725
0.0300171375275
0.0302209854126
0.0306830406189
0.0352871417999
0.0269889831543
0.0277018547058
0.0315048694611
0.0352029800415
0.0265519618988
0.0267250537872
0.0327229499817
0.0418310165405
0.0413789749146
0.0417351722717
0.0421199798584
0.0424561500549
0.0330781936646
0.0332581996918
0.0357902050018
0.0376691818237
0.0366840362549
0.0368440151215
0.0369870662689
0.037132024765
0.034646987915
0.0348401069641
0.036080121994
0.0452780723572
0.0375459194183
0.0381329059601
0.0386760234833
0.0391800403595
0.0338628292084
0.0415868759155
0.0536739826202
0.053946018219
0.0437848567963
0.043949842453
0.0440938472748
0.0442390441895
0.0301599502563
0.0303211212158
0.0307741165161
0.0349540710449
0.0309910774231
0.0311741828918
0.0313401222229
0.0315110683441
0.0357451438904
0.0359392166138
0.0361001491547
0.0458111763
0.0279710292816
0.028177022934
0.0283691883087
0.0332190990448
0.0279500484467
0.0281300544739
0.0303909778595
0.0521879196167
0.0330169200897
0.0333368778229
0.0335838794708
0.0337629318237
0.0339639186859
0.0341367721558
0.0499379634857
0.0508539676666
0.0313150882721
0.0314891338348
0.0335779190063
0.0340111255646
0.0303208827972
0.0305309295654
0.0307040214539
0.030858039856
0.0328040122986
0.0329818725586
0.0331449508667
0.0338559150696
0.026358127594
0.0265250205994
0.0428550243378
0.0490579605103
0.0373549461365
0.0375499725342
0.0486030578613
0.0488049983978
0.0319061279297
0.0351860523224
0.0493750572205
0.0496649742126
0.0297861099243
0.0299489498138
0.0323350429535
0.0365629196167
0.0294320583344
0.0295832157135
0.0297281742096
0.0427610874176
0.0406739711761
0.0408968925476
0.0410549640656
0.0413269996643
0.0320420265198
0.0322799682617
0.0325140953064
0.0391969680786
0.026428937912
0.0266120433807
0.0385680198669
0.0394208431244
0.0321450233459
0.0327050685883
0.0332310199738
0.0337390899658
0.0350458621979
0.0564780235291
0.0605039596558
0.0617690086365
0.0288228988647
0.0291759967804
0.0301220417023
0.0357768535614
0.0294799804688
0.029648065567
0.0303390026093
0.0330049991608
0.027862071991
0.0280339717865
0.0282649993896
0.0286130905151
0.0291941165924
0.0293741226196
0.0295190811157
0.0418841838837
0.0270581245422
0.0299470424652
0.0453221797943
0.0457692146301
0.0336549282074
0.033863067627
0.0341420173645
0.0408861637115
0.0524621009827
0.0529119968414
0.0532510280609
0.0539009571075
0.0316669940948
0.0318210124969
0.0319728851318
0.0321369171143
0.040148973465
0.0404829978943
0.0407810211182
0.0410821437836
0.0314967632294
0.0317988395691
0.0319859981537
0.0321569442749
0.0336580276489
0.0339329242706
0.0342018604279
0.0343539714813
0.036828994751
0.0370171070099
0.0371849536896
0.0373830795288
0.0265369415283
0.026829957962
0.0295839309692
0.0336458683014
0.0326521396637
0.0328102111816
0.0339391231537
0.0518391132355
0.0351841449738
0.0353951454163
0.035572052002
0.0357890129089
0.0282440185547
0.0327332019806
0.0388021469116
0.0449011325836
0.0270049571991
0.0283710956573
0.0340249538422
0.0398399829865
0.027125120163
0.0272970199585
0.0424311161041
0.0483551025391
0.0273320674896
0.0274839401245
0.0276260375977
0.0277750492096
0.0292799472809
0.0294699668884
0.0296440124512
0.0298109054565
0.0287730693817
0.0289459228516
0.0304160118103
0.0318019390106
0.0313220024109
0.0339260101318
0.0378069877625
0.0552639961243
0.0256259441376
0.0258021354675
0.0448920726776
0.0455801486969
0.0332050323486
0.0335919857025
0.0422558784485
0.0466010570526
0.0381550788879
0.0383450984955
0.0385050773621
0.0386571884155
0.0409979820251
0.0462419986725
0.052680015564
0.056165933609
0.0351130962372
0.0353519916534
0.0367691516876
0.0406589508057
0.0387179851532
0.0423560142517
0.0495669841766
0.0531871318817
0.0258500576019
0.0260019302368
0.0287349224091
0.0319969654083
0.0255198478699
0.0256969928741
0.0363450050354
0.0372898578644
0.031977891922
0.0321400165558
0.0322849750519
0.032429933548
0.0245740413666
0.0247340202332
0.0293629169464
0.0354239940643
0.0358829498291
0.0363068580627
0.036474943161
0.039253950119
0.0304448604584
0.056706905365
0.0657188892365
0.0693559646606
0.0259230136871
0.0260729789734
0.030925989151
0.0343351364136
0.0560059547424
0.0566489696503
0.0578031539917
0.0590331554413
0.0302889347076
0.0337901115417
0.0435569286346
0.0441889762878
0.0304088592529
0.030928850174
0.0311169624329
0.0377058982849
0.0343251228333
0.0345680713654
0.0347611904144
0.0403439998627
0.0274169445038
0.027722120285
0.0278949737549
0.0383150577545
0.0318651199341
0.0370290279388
0.0376880168915
0.0383529663086
0.0294449329376
0.0296449661255
0.03306889534
0.0354449748993
0.0345780849457
0.0462460517883
0.047394990921
0.0477960109711
0.0374441146851
0.0377140045166
0.0380520820618
0.0382640361786
0.0368900299072
0.0371129512787
0.0372710227966
0.0374188423157
0.0273280143738
0.0275130271912
0.0276839733124
0.0291171073914
0.0270261764526
0.0271852016449
0.0331180095673
0.0364601612091
0.0271830558777
0.027722120285
0.0295350551605
0.0396420955658
0.027636051178
0.0314080715179
0.0325829982758
0.0367858409882
0.0293140411377
0.0294840335846
0.0296320915222
0.0373859405518
0.0286381244659
0.0293991565704
0.0341620445251
0.0367221832275
0.0306730270386
0.0358810424805
0.0367028713226
0.0428640842438
0.0323629379272
0.0325257778168
0.0345029830933
0.0386078357697
0.0240800380707
0.0358040332794
0.0360100269318
0.0361609458923
0.0289440155029
0.0290999412537
0.0326418876648
0.0359008312225
0.0268878936768
0.0270528793335
0.0327658653259
0.0359330177307
0.0351700782776
0.0390641689301
0.046450138092
0.0532159805298
0.0264241695404
0.0306091308594
0.0369021892548
0.0462031364441
0.0320320129395
0.0321950912476
0.0378351211548
0.0422501564026
0.0259640216827
0.0300278663635
0.0374720096588
0.0416100025177
0.0349459648132
0.0351250171661
0.0352780818939
0.0354261398315
0.0261318683624
0.0263130664825
0.0264689922333
0.0294389724731
0.0390288829803
0.0391869544983
0.0393300056458
0.0611989498138
0.0255880355835
0.0271022319794
0.0305931568146
0.0343542098999
0.0323851108551
0.0325791835785
0.0328600406647
0.0386061668396
0.0311200618744
0.0312900543213
0.0314378738403
0.0315799713135
0.028165102005
0.0283169746399
0.0338170528412
0.0367510318756
0.0313081741333
0.0321691036224
0.037239074707
0.0442650318146
0.0262670516968
0.0395259857178
0.0399219989777
0.040225982666
0.0394380092621
0.0450859069824
0.055545091629
0.0591008663177
0.0444579124451
0.0446231365204
0.0448920726776
0.0451369285583
0.0274000167847
0.0276420116425
0.0328710079193
0.036159992218
0.0279471874237
0.0281779766083
0.0331230163574
0.0441370010376
0.0378818511963
0.0380668640137
0.0382220745087
0.0383749008179
0.0302510261536
0.0304539203644
0.0306258201599
0.0307898521423
0.0306148529053
0.0335388183594
0.0375599861145
0.0386478900909
0.0311391353607
0.0399730205536
0.0401611328125
0.0403060913086
0.0335328578949
0.0347790718079
0.0359699726105
0.0475709438324
0.0306649208069
0.0308520793915
0.0310339927673
0.0457389354706
0.0407991409302
0.0409460067749
0.0427801609039
0.0492169857025
0.0340521335602
0.0342581272125
0.0344481468201
0.0488500595093
0.0310571193695
0.0312089920044
0.0334620475769
0.0380070209503
0.0267097949982
0.0268678665161
0.0379998683929
0.040522813797
0.0273489952087
0.0275130271912
0.0276629924774
0.0328650474548
0.0414760112762
0.0417010784149
0.0446870326996
0.0500719547272
0.0280828475952
0.0337798595428
0.0404200553894
0.0466690063477
0.0326960086823
0.0328538417816
0.0330018997192
0.0331478118896
0.0327939987183
0.0329701900482
0.0331320762634
0.0355520248413
0.0301768779755
0.0303349494934
0.0304799079895
0.030620098114
0.0252039432526
0.0253639221191
0.0255079269409
0.02751994133
0.0261771678925
0.0266480445862
0.0335690975189
0.0337200164795
0.0308239459991
0.0309998989105
0.0335369110107
0.0430569648743
0.0376739501953
0.0379619598389
0.0381591320038
0.0383450984955
0.0245459079742
0.0417721271515
0.0419471263885
0.042279958725
0.0340578556061
0.0410649776459
0.0417349338531
0.0437939167023
0.0370330810547
0.0373020172119
0.0377070903778
0.0381009578705
0.0385460853577
0.0387170314789
0.0392110347748
0.0394020080566
0.0367379188538
0.0418870449066
0.0513820648193
0.052323102951
0.0525920391083
0.053092956543
0.0535891056061
0.0540781021118
0.0412349700928
0.0474750995636
0.0482120513916
0.0488600730896
0.0353529453278
0.0360109806061
0.036689043045
0.0372869968414
0.0344529151917
0.0354218482971
0.0361058712006
0.0367019176483
0.0343689918518
0.0347480773926
0.0350470542908
0.0355360507965
0.0448241233826
0.045508146286
0.0461750030518
0.0468401908875
0.0398058891296
0.0445330142975
0.0457789897919
0.0467169284821
0.0356528759003
0.0359890460968
0.0362510681152
0.0388920307159
0.0476150512695
0.0479590892792
0.0482671260834
0.0529642105103
0.042946100235
0.0430951118469
0.0432419776917
0.043426990509
0.0346019268036
0.0347559452057
0.0348889827728
0.0350189208984
0.0323710441589
0.0325319766998
0.0326869487762
0.0340099334717
0.0255508422852
0.0257058143616
0.0325398445129
0.0381009578705
0.0361371040344
0.0363249778748
0.0364820957184
0.0366349220276
0.0283770561218
0.0285441875458
0.0375699996948
0.0377390384674
0.0298759937286
0.0300409793854
0.0327489376068
0.0329089164734
0.033509016037
0.0355358123779
0.0378019809723
0.0409119129181
0.0210320949554
0.0316770076752
0.0331020355225
0.0363991260529
0.0326969623566
0.03297996521
0.0344839096069
0.0431268215179
0.0345990657806
0.0347740650177
0.0349380970001
0.0350921154022
0.0354340076447
0.0355849266052
0.035728931427
0.0358669757843
0.0334930419922
0.0336470603943
0.0337910652161
0.0339241027832
0.0285968780518
0.0287458896637
0.0288879871368
0.0324919223785
0.0270850658417
0.0272669792175
0.0291321277618
0.0323851108551
0.030580997467
0.0307450294495
0.0308909416199
0.0310399532318
0.0291740894318
0.0293281078339
0.0309009552002
0.0338439941406
0.0245358943939
0.0290038585663
0.0323059558868
0.0352568626404
0.0258319377899
0.0386819839478
0.0388729572296
0.0390329360962
0.0298089981079
0.030289888382
0.0315470695496
0.0350968837738
0.0374350547791
0.0376579761505
0.0378019809723
0.0424098968506
0.0373840332031
0.0375678539276
0.0377628803253
0.0379779338837
0.0364639759064
0.0366170406342
0.049369096756
0.0495190620422
0.0333909988403
0.0335500240326
0.0359778404236
0.0393400192261
0.0289471149445
0.0291311740875
0.0306141376495
0.037397146225
0.035737991333
0.0414898395538
0.0443878173828
0.044548034668
0.0351529121399
0.0353329181671
0.0471639633179
0.0473530292511
0.058130979538
0.0582880973816
0.0584361553192
0.058580160141
0.0419139862061
0.0421311855316
0.0423300266266
0.0425171852112
0.034970998764
0.0351281166077
0.0352799892426
0.0354261398315
0.0370099544525
0.0371720790863
0.0373170375824
0.03746509552
0.0283119678497
0.0287518501282
0.0293879508972
0.0307757854462
0.037929058075
0.0387191772461
0.0505361557007
0.0584051609039
0.0404598712921
0.0411229133606
0.04620885849
0.0469038486481
0.0270290374756
0.0279569625854
0.0294029712677
0.0378031730652
0.0298058986664
0.0313940048218
0.0475108623505
0.0477230548859
0.0303478240967
0.0328187942505
0.0356447696686
0.0451118946075
0.0290961265564
0.0374281406403
0.0448660850525
0.0505759716034
0.0382640361786
0.0384449958801
0.0446271896362
0.0448751449585
0.0291948318481
0.0310099124908
0.0352940559387
0.0354540348053
0.0394070148468
0.0395619869232
0.0397050380707
0.0442278385162
0.0260539054871
0.0262279510498
0.0266950130463
0.0268449783325
0.0369880199432
0.0371570587158
0.0410101413727
0.0421690940857
0.0282430648804
0.0376391410828
0.0393562316895
0.0474860668182
0.0284900665283
0.0286829471588
0.0323059558868
0.0350120067596
0.0285499095917
0.0287079811096
0.0288469791412
0.0295798778534
0.0252718925476
0.025484085083
0.0257050991058
0.0372939109802
0.0290958881378
0.029247045517
0.0293910503387
0.0333659648895
0.0290551185608
0.0383830070496
0.0385479927063
0.0386950969696
0.0294010639191
0.0295732021332
0.0367782115936
0.0433161258698
0.0329120159149
0.0340569019318
0.035416841507
0.0357098579407
0.031839132309
0.0354931354523
0.0381870269775
0.0412311553955
0.0319221019745
0.0321018695831
0.0399770736694
0.0560050010681
0.0365159511566
0.0368070602417
0.0411489009857
0.0436511039734
0.0339739322662
0.0341238975525
0.0342669487
0.0344099998474
0.0286438465118
0.0454988479614
0.0498840808868
0.0501549243927
0.0426828861237
0.045058965683
0.0458569526672
0.0476868152618
0.0346341133118
0.0386481285095
0.0437040328979
0.0466949939728
0.029186964035
0.0298211574554
0.047835111618
0.0485169887543
0.0313200950623
0.031839132309
0.0327551364899
0.0403611660004
0.035854101181
0.0360321998596
0.0364620685577
0.0399651527405
0.034453868866
0.0347919464111
0.035080909729
0.0376958847046
0.0289800167084
0.0343811511993
0.0380580425262
0.0421872138977
0.0316920280457
0.0327889919281
0.0329930782318
0.041620016098
0.0317311286926
0.0376441478729
0.0398280620575
0.0461959838867
0.0314538478851
0.0342109203339
0.0387868881226
0.0396769046783
0.044508934021
0.0489659309387
0.0502099990845
0.0516829490662
0.0304229259491
0.0313589572906
0.0344488620758
0.0403568744659
0.032191991806
0.0335669517517
0.0340960025787
0.0346250534058
0.0262348651886
0.0265350341797
0.0268490314484
0.0324409008026
0.0346350669861
0.0352339744568
0.0362319946289
0.0367479324341
0.0251469612122
0.0445008277893
0.0478429794312
0.0499839782715
0.027107000351
0.0273239612579
0.027510881424
0.027988910675
0.0295560359955
0.0301120281219
0.0303771495819
0.0308411121368
0.0508170127869
0.051265001297
0.0516309738159
0.0564830303192
0.0367469787598
0.0370149612427
0.0399529933929
0.0440781116486
0.0346579551697
0.0383129119873
0.0414757728577
0.0447688102722
0.0323910713196
0.0348560810089
0.0454411506653
0.0653281211853
0.0327229499817
0.0370109081268
0.0372760295868
0.0462539196014
0.0400750637054
0.0416820049286
0.0430080890656
0.0493900775909
0.0372149944305
0.0386428833008
0.043468952179
0.0480120182037
0.0387480258942
0.0394270420074
0.0401721000671
0.0494480133057
0.0321950912476
0.0331830978394
0.0441899299622
0.0458080768585
0.0325620174408
0.0330739021301
0.0335659980774
0.0340938568115
0.027675151825
0.0286221504211
0.0293519496918
0.0323030948639
0.0327069759369
0.0349431037903
0.040666103363
0.0498051643372
0.034411907196
0.0346820354462
0.0348510742188
0.0499219894409
0.0370030403137
0.037486076355
0.0379099845886
0.0383100509644
0.0276818275452
0.0288150310516
0.0397429466248
0.0403778553009
0.0290908813477
0.0293438434601
0.029552936554
0.0327308177948
0.0338430404663
0.0340402126312
0.0385110378265
0.0420460700989
0.0317311286926
0.0356500148773
0.0373339653015
0.0456631183624
0.0301120281219
0.0303821563721
0.0305421352386
0.0306870937347
0.0401880741119
0.0458540916443
0.0466730594635
0.0563840866089
0.0339779853821
0.0341351032257
0.0342772006989
0.0374581813812
0.0307700634003
0.0309238433838
0.0310678482056
0.0312130451202
0.0321300029755
0.032350063324
0.0325639247894
0.0327370166779
0.0311930179596
0.0313529968262
0.03151512146
0.0316600799561
0.0311210155487
0.0362200737
0.0368731021881
0.0372769832611
0.041512966156
0.0418829917908
0.0422880649567
0.0530550479889
0.0357360839844
0.0359079837799
0.0360651016235
0.0437910556793
0.0350930690765
0.0353350639343
0.0388221740723
0.0436701774597
0.037232875824
0.0380239486694
0.0402998924255
0.0414810180664
0.0292890071869
0.0294589996338
0.0296168327332
0.0317687988281
0.0449290275574
0.045089006424
0.0452311038971
0.0612211227417
0.028450012207
0.0286159515381
0.02876496315
0.0319790840149
0.0353381633759
0.0362510681152
0.0397660732269
0.0405662059784
0.0337250232697
0.034294128418
0.034835100174
0.0366780757904
0.0395548343658
0.0401477813721
0.0406799316406
0.0412588119507
0.0329360961914
0.0338740348816
0.03457903862
0.0353209972382
0.0363819599152
0.0434799194336
0.0442218780518
0.0450809001923
0.0224421024323
0.0385961532593
0.0389721393585
0.0391590595245
0.0350041389465
0.0351591110229
0.0352990627289
0.0354402065277
0.0298490524292
0.0300140380859
0.0342481136322
0.0403070449829
0.0268268585205
0.0274448394775
0.0302610397339
0.0314769744873
0.0325009822845
0.0326581001282
0.0335319042206
0.0373830795288
0.0266048908234
0.026782989502
0.0355439186096
0.0415358543396
0.0314028263092
0.0315768718719
0.0317409038544
0.0419149398804
0.0338528156281
0.0344698429108
0.0350790023804
0.035404920578
0.0320241451263
0.0321891307831
0.0323450565338
0.0324940681458
0.0403850078583
0.0406568050385
0.0433440208435
0.0436899662018
0.0327219963074
0.0368118286133
0.037024974823
0.0371987819672
0.0320689678192
0.0322649478912
0.0358018875122
0.0359981060028
0.0377368927002
0.0379350185394
0.0380837917328
0.0474579334259
0.022567987442
0.0251529216766
0.0281670093536
0.0298140048981
0.101796865463
0.101957798004
0.107469797134
0.110637903214
0.0291168689728
0.029284954071
0.0294318199158
0.0295739173889
0.0293791294098
0.0297501087189
0.0302259922028
0.0305721759796
0.0360448360443
0.036504983902
0.0369279384613
0.0373628139496
0.0438170433044
0.0439791679382
0.0441250801086
0.0470261573792
0.040904045105
0.0414381027222
0.0419549942017
0.0424201488495
0.0323901176453
0.0327169895172
0.0330040454865
0.0348320007324
0.0256540775299
0.0261161327362
0.0266931056976
0.0290281772614
0.0388569831848
0.040736913681
0.0544788837433
0.0550029277802
0.0330889225006
0.0337669849396
0.0342779159546
0.0347588062286
0.0385711193085
0.0390529632568
0.0395500659943
0.0398941040039
0.0392558574677
0.0428369045258
0.0441029071808
0.0444798469543
0.0287528038025
0.0289268493652
0.0290939807892
0.0292549133301
0.0395090579987
0.0406730175018
0.0445671081543
0.046462059021
0.0280377864838
0.0281980037689
0.0283370018005
0.0337038040161
0.0558381080627
0.0560150146484
0.0561649799347
0.0563070774078
0.037525177002
0.0490081310272
0.0491690635681
0.0493149757385
0.0259830951691
0.0261650085449
0.0380780696869
0.0442280769348
0.0299580097198
0.0367071628571
0.0417931079865
0.0527341365814
0.046126127243
0.0469970703125
0.0504341125488
0.0543451309204
0.0267660617828
0.0269391536713
0.0270850658417
0.0331370830536
0.0325899124146
0.032744884491
0.0339860916138
0.036957025528
0.030834197998
0.0309910774231
0.0375051498413
0.044468164444
0.0278871059418
0.0280981063843
0.0282599925995
0.0308079719543
0.0314829349518
0.0316588878632
0.0375080108643
0.0437760353088
0.0281190872192
0.0282700061798
0.0284149646759
0.0306630134583
0.0283408164978
0.0297880172729
0.0364098548889
0.0394380092621
0.0359899997711
0.0365037918091
0.0370008945465
0.038242816925
0.0460848808289
0.0466299057007
0.057746887207
0.0660510063171
0.0376360416412
0.0528559684753
0.053946018219
0.0686850547791
0.0308470726013
0.0360789299011
0.0403220653534
0.0544481277466
0.0383810997009
0.0385580062866
0.0387830734253
0.0390481948853
0.0323429107666
0.032506942749
0.0326819419861
0.0346760749817
0.0336809158325
0.0338559150696
0.0340120792389
0.0422821044922
0.0347509384155
0.0349979400635
0.0352108478546
0.0393078327179
0.0303380489349
0.032243013382
0.0392940044403
0.0447010993958
0.0287098884583
0.0289180278778
0.0290839672089
0.0336120128632
0.0300731658936
0.0302631855011
0.0304200649261
0.0305740833282
0.0320658683777
0.0322370529175
0.0323898792267
0.032567024231
0.0283410549164
0.0287370681763
0.0304400920868
0.0423231124878
0.0271611213684
0.0310111045837
0.040009021759
0.0485761165619
0.02654504776
0.0295701026917
0.0348510742188
0.0405139923096
0.0289359092712
0.0346739292145
0.0351150035858
0.0384538173676
0.0290699005127
0.0379049777985
0.0453300476074
0.0461909770966
0.0301930904388
0.0312368869781
0.0360429286957
0.0410220623016
0.03475689888
0.0349340438843
0.0350940227509
0.0382089614868
0.025976896286
0.0273308753967
0.0292549133301
0.0355319976807
0.0317859649658
0.0321800708771
0.0325090885162
0.0431549549103
0.0283949375153
0.0286040306091
0.0321590900421
0.0376670360565
0.0317060947418
0.0319201946259
0.0320792198181
0.0327291488647
0.0337800979614
0.0341460704803
0.0351121425629
0.0449481010437
0.0351490974426
0.0379259586334
0.0440499782562
0.0490961074829
0.0320389270782
0.0342328548431
0.0372929573059
0.0434858798981
0.0255470275879
0.0306661128998
0.0357871055603
0.0403909683228
0.0330128669739
0.0352299213409
0.0445649623871
0.0509560108185
0.0327599048615
0.0331799983978
0.0375039577484
0.0426509380341
0.0320279598236
0.032408952713
0.0366830825806
0.0449550151825
0.035612821579
0.0365288257599
0.0422079563141
0.049017906189
0.0272641181946
0.0275511741638
0.0321671962738
0.0323231220245
0.0307891368866
0.0327520370483
0.0342600345612
0.0389490127563
0.0281670093536
0.0303919315338
0.038761138916
0.040018081665
0.0401501655579
0.0403242111206
0.0432879924774
0.0488770008087
0.0278358459473
0.0332229137421
0.034029006958
0.0402128696442
0.0366990566254
0.0414099693298
0.0462839603424
0.0517160892487
0.0382640361786
0.0440950393677
0.04430103302
0.0444760322571
0.0311291217804
0.0321869850159
0.0330679416656
0.0385401248932
0.034334897995
0.0345809459686
0.0347628593445
0.0349488258362
0.0310549736023
0.0316379070282
0.0328691005707
0.0528199672699
0.0323991775513
0.0326042175293
0.0327911376953
0.0329670906067
0.0299000740051
0.0300590991974
0.0302510261536
0.0336751937866
0.0282819271088
0.0284419059753
0.0285830497742
0.0287299156189
0.0354969501495
0.0356729030609
0.0358180999756
0.0359840393066
0.0251469612122
0.0253169536591
0.0257470607758
0.0296940803528
0.0416738986969
0.0418720245361
0.0496499538422
0.0527770519257
0.02632188797
0.0264849662781
0.0279059410095
0.0303819179535
0.0307400226593
0.0309000015259
0.0316171646118
0.0362770557404
0.0293250083923
0.0295240879059
0.0366830825806
0.0428969860077
0.0302181243896
0.0304131507874
0.0305910110474
0.0430071353912
0.0278451442719
0.027999162674
0.0297420024872
0.0333731174469
0.0297400951385
0.0299110412598
0.030769109726
0.0332281589508
0.0316729545593
0.0328450202942
0.0342679023743
0.0423939228058
0.0463409423828
0.0470180511475
0.0480439662933
0.0488600730896
0.0501329898834
0.0506610870361
0.0508961677551
0.0514781475067
0.0324821472168
0.0330231189728
0.0335311889648
0.0403831005096
0.0523540973663
0.0532851219177
0.0544369220734
0.0553369522095
0.0267539024353
0.0319287776947
0.0348129272461
0.036022901535
0.0268049240112
0.0270669460297
0.0273590087891
0.0275321006775
0.0332000255585
0.0333578586578
0.0335059165955
0.0336480140686
0.0341989994049
0.0347530841827
0.03533411026
0.0359699726105
0.0392920970917
0.0399889945984
0.0406339168549
0.0413699150085
0.0294771194458
0.0368239879608
0.0371179580688
0.0373480319977
0.0315737724304
0.0317487716675
0.0318939685822
0.0320417881012
0.0262050628662
0.0264060497284
0.0369870662689
0.0371339321136
0.0343248844147
0.0345079898834
0.0346779823303
0.0348398685455
0.0334920883179
0.0337841510773
0.0346879959106
0.0371930599213
0.036966085434
0.0416920185089
0.0458159446716
0.0464351177216
0.029149055481
0.0293080806732
0.0294501781464
0.0295920372009
0.0332520008087
0.0334570407867
0.0343580245972
0.0364670753479
0.026654958725
0.0304069519043
0.0336468219757
0.0369930267334
0.0289371013641
0.0291299819946
0.0348279476166
0.0377659797668
0.0280871391296
0.0282430648804
0.0429871082306
0.0446310043335
0.0319650173187
0.0325040817261
0.0329911708832
0.0334911346436
0.0334100723267
0.0358150005341
0.0366759300232
0.0453729629517
0.0350069999695
0.035206079483
0.0357761383057
0.0378820896149
0.0358550548553
0.0360140800476
0.0361740589142
0.0363190174103
0.0321559906006
0.0323162078857
0.0324580669403
0.0326900482178
0.0414111614227
0.0417351722717
0.0420441627502
0.0424301624298
0.035040140152
0.0353829860687
0.0357801914215
0.0418090820312
0.0348269939423
0.0350258350372
0.0351910591125
0.0353438854218
0.0266718864441
0.0268700122833
0.0270428657532
0.0290369987488
0.0271542072296
0.0273761749268
0.0275440216064
0.0409071445465
0.0274839401245
0.0290699005127
0.0339560508728
0.0438978672028
0.0344450473785
0.0349831581116
0.0355889797211
0.0365190505981
0.0321290493011
0.0322940349579
0.0423760414124
0.0488860607147
0.0285770893097
0.0287430286407
0.0358290672302
0.0423710346222
0.0288581848145
0.0290851593018
0.0333931446075
0.0370061397552
0.0277528762817
0.0279128551483
0.0280618667603
0.030336856842
0.0268180370331
0.0270068645477
0.038810968399
0.0433688163757
0.0296719074249
0.0320827960968
0.0350399017334
0.0387978553772
0.0282828807831
0.0284550189972
0.0309038162231
0.0342788696289
0.0289340019226
0.0290880203247
0.0441529750824
0.0484681129456
0.0283758640289
0.0293610095978
0.0303909778595
0.0393419265747
0.0313839912415
0.0315601825714
0.0331470966339
0.0341939926147
0.0348858833313
0.035374879837
0.0385770797729
0.0428559780121
0.0354979038239
0.0363750457764
0.0401408672333
0.041403055191
0.0360870361328
0.039598941803
0.0438590049744
0.0479810237885
0.0351440906525
0.0360770225525
0.0407950878143
0.0416440963745
0.0420768260956
0.0422399044037
0.0423898696899
0.0425369739532
0.0322179794312
0.0323719978333
0.0325181484222
0.0354981422424
0.0300679206848
0.0302209854126
0.0303649902344
0.0342528820038
0.0250699520111
0.0282888412476
0.0320777893066
0.0377008914948
0.0280520915985
0.0282430648804
0.0334730148315
0.0371370315552
0.0337331295013
0.0339119434357
0.0365741252899
0.0399060249329
0.0330009460449
0.0331518650055
0.034952878952
0.0381200313568
0.0307731628418
0.0309250354767
0.0310640335083
0.032830953598
0.0290110111237
0.0292000770569
0.0324659347534
0.0356209278107
0.0309500694275
0.0311031341553
0.0312490463257
0.0313901901245
0.0238201618195
0.0261540412903
0.0283529758453
0.0300281047821
0.0302810668945
0.0304369926453
0.0314269065857
0.0348279476166
0.0291259288788
0.0292749404907
0.0381770133972
0.042083978653
0.0384020805359
0.0386278629303
0.0511610507965
0.0673840045929
0.032646894455
0.0328319072723
0.0329940319061
0.0331649780273
0.0339770317078
0.0341401100159
0.0343041419983
0.0387070178986
0.0309588909149
0.0311169624329
0.031261920929
0.0314118862152
0.0356259346008
0.0358219146729
0.0475928783417
0.0510668754578
0.0327880382538
0.0350270271301
0.0386080741882
0.0421679019928
0.0211720466614
0.0238351821899
0.0298659801483
0.0321340560913
0.0276188850403
0.030238866806
0.0311808586121
0.0403170585632
0.0255379676819
0.0257399082184
0.0288960933685
0.0334489345551
0.0302228927612
0.0304498672485
0.0401208400726
0.0583448410034
0.0307669639587
0.0309669971466
0.0311319828033
0.0342180728912
0.0346460342407
0.0353491306305
0.0378890037537
0.0390841960907
0.0298359394073
0.0300481319427
0.0306601524353
0.0339679718018
0.0274019241333
0.0275700092316
0.0277168750763
0.0309028625488
0.0313489437103
0.0315158367157
0.031672000885
0.0318908691406
0.0272979736328
0.0298209190369
0.0340127944946
0.0345289707184
0.0392680168152
0.0399880409241
0.0460369586945
0.049201965332
0.047327041626
0.0478050708771
0.0482361316681
0.0486240386963
0.0443820953369
0.0450510978699
0.045569896698
0.0461390018463
0.0358560085297
0.0365200042725
0.0368549823761
0.0371751785278
0.0383381843567
0.0390009880066
0.0395572185516
0.0401229858398
0.0329098701477
0.0333428382874
0.0342328548431
0.0352849960327
0.039341211319
0.0399401187897
0.040568113327
0.0411581993103
0.0265369415283
0.0272228717804
0.0339369773865
0.0364460945129
0.0383100509644
0.0389430522919
0.039626121521
0.0405170917511
0.031219959259
0.0315940380096
0.0482749938965
0.0490860939026
0.0285429954529
0.0428609848022
0.0441751480103
0.0443420410156
0.032399892807
0.036052942276
0.0367109775543
0.0372838973999
0.0359528064728
0.0362799167633
0.0365328788757
0.0368089675903
0.025575876236
0.0261168479919
0.0427980422974
0.0449349880219
0.0304269790649
0.030632019043
0.0307998657227
0.0309829711914
0.0341060161591
0.0342810153961
0.0344350337982
0.0383729934692
0.0288841724396
0.0290369987488
0.0291810035706
0.0293259620667
0.0268950462341
0.0270879268646
0.0311849117279
0.0359380245209
0.0356931686401
0.0359652042389
0.0361201763153
0.0386161804199
0.0278069972992
0.0286660194397
0.0297219753265
0.0404350757599
0.0332369804382
0.0344347953796
0.0377039909363
0.0395119190216
0.0321991443634
0.0377662181854
0.0475242137909
0.0558221340179
0.0267999172211
0.034677028656
0.0434379577637
0.0489189624786
0.0352430343628
0.041020154953
0.0412290096283
0.041393995285
0.0313489437103
0.0389099121094
0.048376083374
0.0495529174805
0.0407049655914
0.0415079593658
0.042200088501
0.0428740978241
0.0306439399719
0.0307970046997
0.0354008674622
0.036652803421
0.0371201038361
0.0386650562286
0.0449841022491
0.051805973053
0.0308909416199
0.0459060668945
0.0463619232178
0.0465829372406
0.032840013504
0.0329999923706
0.0331470966339
0.0450150966644
0.0317220687866
0.0341131687164
0.0423860549927
0.0478420257568
0.0289170742035
0.0290849208832
0.0435740947723
0.048672914505
0.0242338180542
0.0243988037109
0.0289318561554
0.0313138961792
0.0341489315033
0.0343279838562
0.0344898700714
0.0346419811249
0.0311751365662
0.0313379764557
0.0314919948578
0.0353710651398
0.0338220596313
0.0344738960266
0.0350840091705
0.0358550548553
0.0356059074402
0.0366950035095
0.0391979217529
0.0484569072723
0.038516998291
0.038675069809
0.0388181209564
0.0389640331268
0.0296518802643
0.0301358699799
0.0307500362396
0.0312759876251
0.0353310108185
0.0357570648193
0.0361649990082
0.0367600917816
0.0395569801331
0.0401780605316
0.0409331321716
0.0415029525757
0.0352120399475
0.0362958908081
0.0369830131531
0.0376698970795
0.0347530841827
0.0348989963531
0.0350410938263
0.0351779460907
0.0260379314423
0.0261859893799
0.0283839702606
0.0319769382477
0.0282998085022
0.0284538269043
0.0324988365173
0.0371589660645
0.0286750793457
0.0297250747681
0.0332591533661
0.0385680198669
0.0360159873962
0.0465049743652
0.0504660606384
0.0565869808197
0.0284509658813
0.0289309024811
0.0311088562012
0.0377969741821
0.0293619632721
0.0295660495758
0.0298190116882
0.0306398868561
0.0351650714874
0.0353350639343
0.0354809761047
0.0356321334839
0.0280740261078
0.0282430648804
0.0283901691437
0.0349011421204
0.0325469970703
0.0327279567719
0.0332291126251
0.0336060523987
0.0291202068329
0.0344841480255
0.0351791381836
0.0380392074585
0.0315539836884
0.0333120822906
0.0378379821777
0.0386929512024
0.0326101779938
0.0396180152893
0.0466649532318
0.0473661422729
0.0318360328674
0.0332210063934
0.0334610939026
0.0338079929352
0.0371770858765
0.0464479923248
0.0470681190491
0.0476670265198
0.0332510471344
0.0334050655365
0.0335559844971
0.0337200164795
0.0322279930115
0.0324399471283
0.0327799320221
0.0343039035797
0.0320980548859
0.0417740345001
0.0419340133667
0.0439081192017
0.0371961593628
0.0374162197113
0.0377042293549
0.0382030010223
0.0387561321259
0.0417160987854
0.0425901412964
0.0478100776672
0.030002117157
0.0301640033722
0.0319061279297
0.0350151062012
0.032408952713
0.0342149734497
0.0367081165314
0.0416009426117
0.0540330410004
0.0548169612885
0.0554840564728
0.0565609931946
0.045294046402
0.0462942123413
0.0469570159912
0.0476551055908
0.0334448814392
0.0336139202118
0.0337808132172
0.0380070209503
0.030130147934
0.0309209823608
0.031152009964
0.0355381965637
0.0348839759827
0.0350639820099
0.0352280139923
0.0353910923004
0.0388760566711
0.0394549369812
0.0474369525909
0.0521528720856
0.0358719825745
0.0366098880768
0.038094997406
0.0426330566406
0.0262370109558
0.0362439155579
0.0389199256897
0.0407600402832
0.0335040092468
0.0336699485779
0.033821105957
0.0339729785919
0.0310468673706
0.0312180519104
0.0313680171967
0.0321869850159
0.0256609916687
0.0396230220795
0.0397789478302
0.039929151535
0.03284907341
0.0330121517181
0.0382950305939
0.0446140766144
0.0333671569824
0.033548116684
0.0340580940247
0.0342001914978
0.028923034668
0.0290989875793
0.0327119827271
0.0417909622192
0.029983997345
0.030287027359
0.030592918396
0.0382499694824
0.0378630161285
0.0380258560181
0.0407440662384
0.0442860126495
0.0292160511017
0.0321490764618
0.0392520427704
0.0405490398407
0.028745174408
0.0298869609833
0.0310649871826
0.0362141132355
0.0327789783478
0.0339970588684
0.0350940227509
0.0453300476074
0.0287289619446
0.0325779914856
0.0327460765839
0.0375349521637
0.038477897644
0.0392680168152
0.0397338867188
0.0423789024353
0.0265748500824
0.0278069972992
0.0284938812256
0.0380098819733
0.0298209190369
0.0300040245056
0.0313279628754
0.0427348613739
0.0271310806274
0.033704996109
0.039813041687
0.0458800792694
0.0319499969482
0.0325918197632
0.0385830402374
0.0392978191376
0.036984205246
0.0376200675964
0.0382220745087
0.043231010437
0.0497801303864
0.0499980449677
0.0501511096954
0.0505559444427
0.0358638763428
0.0362470149994
0.0389959812164
0.0445160865784
0.0266470909119
0.0268158912659
0.026969909668
0.0288000106812
0.0289030075073
0.0290880203247
0.0293400287628
0.0385279655457
0.0410490036011
0.0413930416107
0.0420520305634
0.0425488948822
0.0434551239014
0.0436391830444
0.0438101291656
0.0440120697021
0.0322709083557
0.0327999591827
0.0388219356537
0.04656291008
0.0352580547333
0.035737991333
0.03635597229
0.0370988845825
0.0493729114532
0.0497269630432
0.0499470233917
0.0501668453217
0.0284640789032
0.0286340713501
0.030305147171
0.0338170528412
0.0274930000305
0.0276780128479
0.030385017395
0.0328180789948
0.0292298793793
0.0313940048218
0.0444939136505
0.0463318824768
0.0261659622192
0.0263688564301
0.0265550613403
0.0322608947754
0.0270822048187
0.0273861885071
0.0295050144196
0.0334920883179
0.0288550853729
0.034656047821
0.0434830188751
0.0476121902466
0.034346818924
0.0348830223083
0.0353448390961
0.0358138084412
0.0357089042664
0.0363039970398
0.0369479656219
0.0372898578644
0.0392332077026
0.0408301353455
0.0604710578918
0.0629251003265
0.047502040863
0.0550761222839
0.0569410324097
0.0579800605774
0.0264909267426
0.0267848968506
0.0278210639954
0.0295479297638
0.0326950550079
0.0330131053925
0.0368149280548
0.0421450138092
0.0308980941772
0.0339460372925
0.0367140769958
0.0408840179443
0.0267581939697
0.0273501873016
0.028135061264
0.0338890552521
0.0365059375763
0.0404241085052
0.0495839118958
0.0545101165771
0.0359981060028
0.0409369468689
0.0447280406952
0.0485520362854
0.0310320854187
0.0312819480896
0.0365240573883
0.0420560836792
0.0319700241089
0.0323579311371
0.0327019691467
0.0418980121613
0.0319840908051
0.0328190326691
0.0350520610809
0.0408570766449
0.0278170108795
0.0285708904266
0.0295338630676
0.0401940345764
0.0296869277954
0.0318720340729
0.0352330207825
0.0382580757141
0.0298969745636
0.0486328601837
0.0491778850555
0.0503058433533
0.0429978370667
0.0436329841614
0.0439760684967
0.0442550182343
0.0389029979706
0.039253950119
0.0394959449768
0.0429849624634
0.0333669185638
0.0345590114594
0.0351910591125
0.0412039756775
0.03391289711
0.03435587883
0.0351688861847
0.0355179309845
0.0342040061951
0.0360281467438
0.0372569561005
0.0401389598846
0.0386190414429
0.0434081554413
0.0440011024475
0.0484731197357
0.0397260189056
0.0400009155273
0.0457279682159
0.0552549362183
0.0349578857422
0.0351319313049
0.0353190898895
0.0354828834534
0.0303020477295
0.032860994339
0.0499141216278
0.0507731437683
0.0326519012451
0.0461728572845
0.0538778305054
0.0545558929443
0.0395069122314
0.0397469997406
0.0399930477142
0.0402109622955
0.0378851890564
0.0380721092224
0.0382421016693
0.0384151935577
0.0295782089233
0.0335311889648
0.035569190979
0.0368840694427
0.0464880466461
0.046669960022
0.0579640865326
0.0586700439453
0.0347390174866
0.0351760387421
0.0353879928589
0.035756111145
0.039598941803
0.0399179458618
0.0407960414886
0.0409970283508
0.0370099544525
0.0426800251007
0.0455031394958
0.05202293396
0.03293800354
0.03311419487
0.0429871082306
0.0461020469666
0.0440559387207
0.044221162796
0.0443680286407
0.0480270385742
0.0332238674164
0.033392906189
0.0364158153534
0.0423209667206
0.0346701145172
0.0375030040741
0.0462410449982
0.050448179245
0.0350289344788
0.035187959671
0.0353338718414
0.0354819297791
0.0356299877167
0.0358629226685
0.0418338775635
0.0421328544617
0.0337500572205
0.0360419750214
0.036208152771
0.0387840270996
0.0302069187164
0.0303680896759
0.0340890884399
0.0380198955536
0.0380439758301
0.040647983551
0.0436880588531
0.0542550086975
0.0370600223541
0.037230014801
0.0494861602783
0.0503041744232
0.0288119316101
0.0289778709412
0.0319619178772
0.0361289978027
0.0428628921509
0.0430688858032
0.0432460308075
0.0483260154724
0.0348489284515
0.0397629737854
0.0402920246124
0.0408449172974
0.0302679538727
0.0311679840088
0.0344860553741
0.0401358604431
0.0530850887299
0.0594592094421
0.0681941509247
0.0691711902618
0.0514621734619
0.0521261692047
0.0549831390381
0.0573151111603
0.0681388378143
0.0683009624481
0.0684499740601
0.071722984314
0.0672540664673
0.0674071311951
0.067556142807
0.0677011013031
0.0281081199646
0.028265953064
0.031898021698
0.0328130722046
0.02858710289
0.0293791294098
0.0297861099243
0.0299670696259
0.0293700695038
0.0298840999603
0.0306460857391
0.03422498703
0.0287969112396
0.0289430618286
0.0346400737762
0.0495069026947
0.0288300514221
0.0289869308472
0.0332179069519
0.0338270664215
0.0264139175415
0.0324521064758
0.0349569320679
0.0398991107941
0.0309538841248
0.0311098098755
0.03125
0.0330839157104
0.0276489257812
0.0278129577637
0.0291900634766
0.0327219963074
0.0223019123077
0.0257527828217
0.0297219753265
0.0335259437561
0.0373380184174
0.0407049655914
0.0462930202484
0.0502779483795
0.0269668102264
0.0271639823914
0.0273509025574
0.0326437950134
0.033303976059
0.0404191017151
0.0432920455933
0.0500001907349
0.0243740081787
0.029529094696
0.0348720550537
0.0407900810242
0.0291569232941
0.0328719615936
0.0349249839783
0.0410931110382
0.028468