0.0374350547791
0.0378289222717
0.0381829738617
0.0385069847107
0.0476810932159
0.0548460483551
0.0556049346924
0.0581030845642
0.0497000217438
0.0499360561371
0.0501279830933
0.0504460334778
0.0364661216736
0.0366201400757
0.0367619991302
0.040354013443
0.0301880836487
0.0303511619568
0.0304989814758
0.0363919734955
0.0372149944305
0.0373709201813
0.0420658588409
0.0457739830017
0.0389142036438
0.0390629768372
0.0392060279846
0.0480840206146
0.0315268039703
0.0331268310547
0.0399308204651
0.0400838851929
0.0292229652405
0.0293891429901
0.0397219657898
0.0412871837616
0.0332250595093
0.0333931446075
0.0351271629333
0.0370860099792
0.0316390991211
0.0317962169647
0.0319380760193
0.0320830345154
0.0375509262085
0.0377378463745
0.0379040241241
0.038074016571
0.0318541526794
0.0320620536804
0.0322170257568
0.0334250926971
0.026211977005
0.0337760448456
0.0347619056702
0.0400199890137
0.0492219924927
0.0502109527588
0.0503859519958
0.0505359172821
0.0495588779449
0.0497498512268
0.0499098300934
0.0538458824158
0.0361480712891
0.0366399288177
0.0376660823822
0.0426559448242
0.0290729999542
0.0305769443512
0.0344669818878
0.0397090911865
0.029983997345
0.0311541557312
0.0356061458588
0.0370099544525
0.0323560237885
0.0339410305023
0.0381450653076
0.0386321544647
0.0365159511566
0.0415959358215
0.0431768894196
0.0433368682861
0.0345411300659
0.0346941947937
0.0348381996155
0.0399830341339
0.029942035675
0.030130147934
0.0302770137787
0.0332090854645
0.0337398052216
0.033921957016
0.0341219902039
0.0361688137054
0.0263700485229
0.0278449058533
0.0301580429077
0.0340778827667
0.0263819694519
0.0265619754791
0.0314118862152
0.0315699577332
0.026969909668
0.0271370410919
0.0407509803772
0.0482790470123
0.0359799861908
0.0367269515991
0.0371379852295
0.0376529693604
0.0324618816376
0.0326290130615
0.0327699184418
0.0329260826111
0.0280148983002
0.0307459831238
0.0333149433136
0.0374128818512
0.0370061397552
0.0383241176605
0.038978099823
0.0396699905396
0.0335209369659
0.0337119102478
0.0338709354401
0.0340168476105
0.0451648235321
0.0457370281219
0.0462839603424
0.0468490123749
0.0427508354187
0.0500957965851
0.0510618686676
0.0517058372498
0.0264849662781
0.0271780490875
0.0321960449219
0.0323619842529
0.0318710803986
0.0320580005646
0.033576965332
0.0425009727478
0.0233769416809
0.0299599170685
0.0332410335541
0.0354838371277
0.0491750240326
0.05029296875
0.0505788326263
0.0508599281311
0.0221810340881
0.0317339897156
0.0343971252441
0.0438220500946
0.0383698940277
0.0385329723358
0.0386760234833
0.0416238307953
0.0415179729462
0.043475151062
0.0453381538391
0.0460970401764
0.0517339706421
0.0526671409607
0.0535089969635
0.054249048233
0.0537369251251
0.0551888942719
0.0563578605652
0.0577290058136
0.034441947937
0.034637928009
0.0348258018494
0.0350029468536
0.0288038253784
0.0335328578949
0.0424628257751
0.0510540008545
0.0282440185547
0.0284099578857
0.0306849479675
0.0352199077606
0.0263788700104
0.0274260044098
0.0391089916229
0.0433189868927
0.0321440696716
0.0404939651489
0.0418739318848
0.0423080921173
0.0251870155334
0.0253839492798
0.0323810577393
0.0370900630951
0.0420551300049
0.0422699451447
0.0424339771271
0.0425820350647
0.033518075943
0.0342950820923
0.0357999801636
0.0369470119476
0.0455420017242
0.0461349487305
0.0466279983521
0.0471661090851
0.0386409759521
0.0402960777283
0.0410370826721
0.0419790744781
0.044753074646
0.0452690124512
0.0459420681
0.0463571548462
0.0370581150055
0.0373661518097
0.0376491546631
0.0445201396942
0.0271170139313
0.0272748470306
0.0274178981781
0.039627790451
0.0291180610657
0.0300710201263
0.0306990146637
0.0313391685486
0.0397861003876
0.0399720668793
0.040137052536
0.0402939319611
0.0396440029144
0.0399041175842
0.0424721240997
0.0438950061798
0.0255689620972
0.0269360542297
0.0303490161896
0.0327949523926
0.0303020477295
0.0382361412048
0.0395350456238
0.0402309894562
0.0380430221558
0.0387551784515
0.0435831546783
0.0444450378418
0.0342128276825
0.0349049568176
0.0355939865112
0.0362420082092
0.0335659980774
0.0343399047852
0.0350120067596
0.0356798171997
0.0397400856018
0.0410239696503
0.0423061847687
0.0433580875397
0.0388550758362
0.0392639636993
0.0407109260559
0.0414428710938
0.0355911254883
0.035768032074
0.0359380245209
0.0360910892487
0.035129070282
0.0353360176086
0.0355091094971
0.0357260704041
0.0286920070648
0.0288569927216
0.0290069580078
0.0291540622711
0.0375230312347
0.0377149581909
0.0383770465851
0.0439879894257
0.0280649662018
0.0289928913116
0.0307819843292
0.0372679233551
0.0324749946594
0.0337898731232
0.034325838089
0.0348260402679
0.0290739536285
0.0298910140991
0.0304811000824
0.0311090946198
0.0216951370239
0.0225620269775
0.0377411842346
0.0382740497589
0.048360824585
0.0485229492188
0.0520408153534
0.052197933197
0.0295958518982
0.0297639369965
0.0325050354004
0.0363109111786
0.0427470207214
0.0429089069366
0.047947883606
0.0501570701599
0.0356781482697
0.037495136261
0.0418231487274
0.0456440448761
0.0368959903717
0.0374848842621
0.0426750183105
0.0439651012421
0.031848192215
0.0330309867859
0.0365161895752
0.0460159778595
0.0320198535919
0.0334599018097
0.0347988605499
0.0355389118195
0.0414988994598
0.0523128509521
0.0583457946777
0.0695459842682
0.0292220115662
0.0353300571442
0.0368559360504
0.0375349521637
0.0388290882111
0.0396020412445
0.0404090881348
0.0410530567169
0.0270600318909
0.0272130966187
0.0273630619049
0.0275499820709
0.0290789604187
0.0295460224152
0.0302460193634
0.0321769714355
0.0273389816284
0.0281507968903
0.0290930271149
0.0335788726807
0.0360250473022
0.0361890792847
0.0363290309906
0.0463030338287
0.0287170410156
0.0319819450378
0.0337591171265
0.0344769954681
0.0358481407166
0.0432119369507
0.0433659553528
0.0445530414581
0.0339288711548
0.0392189025879
0.0451259613037
0.0471758842468
0.0336809158325
0.0348439216614
0.0388288497925
0.0392479896545
0.0316050052643
0.0317749977112
0.0319299697876
0.0336489677429
0.0266070365906
0.0267589092255
0.0372979640961
0.0384478569031
0.0263900756836
0.027862071991
0.0336380004883
0.0388960838318
0.0592479705811
0.0604691505432
0.0620210170746
0.0678560733795
0.0291211605072
0.0469591617584
0.0471210479736
0.0472769737244
0.0293769836426
0.032233953476
0.0332720279694
0.0350458621979
0.0300118923187
0.0307939052582
0.0314779281616
0.035660982132
0.0447700023651
0.0453219413757
0.0542681217194
0.0553750991821
0.0368001461029
0.0374600887299
0.038122177124
0.0387580394745
0.0383870601654
0.0385451316833
0.0386900901794
0.0479869842529
0.0306210517883
0.0307950973511
0.0309610366821
0.0370440483093
0.0323221683502
0.0325660705566
0.0328361988068
0.0330700874329
0.0300738811493
0.0309729576111
0.0353569984436
0.0384287834167
0.0319218635559
0.0321109294891
0.0325229167938
0.0326859951019
0.0374689102173
0.039116859436
0.0467529296875
0.0504400730133
0.0393991470337
0.039736032486
0.0446970462799
0.049556016922
0.0286240577698
0.0297789573669
0.040002822876
0.042906999588
0.030327796936
0.0310139656067
0.032084941864
0.0429589748383
0.0316259860992
0.038566827774
0.0398948192596
0.0407888889313
0.0288989543915
0.0294098854065
0.0318160057068
0.0326898097992
0.0354199409485
0.0355899333954
0.0359930992126
0.0366671085358
0.0337429046631
0.0338940620422
0.0340359210968
0.0341799259186
0.0363380908966
0.0364880561829
0.0487530231476
0.0488970279694
0.0396010875702
0.0397620201111
0.0399100780487
0.0436151027679
0.0334661006927
0.0336880683899
0.036288022995
0.0373950004578
0.037337064743
0.0417721271515
0.0441370010376
0.0465669631958
0.0397639274597
0.0399248600006
0.0400719642639
0.0473339557648
0.0294899940491
0.0300319194794
0.0362679958344
0.0367839336395
0.0310959815979
0.0312659740448
0.0314121246338
0.0315840244293
0.0326941013336
0.0328660011292
0.0355949401855
0.0449900627136
0.0356249809265
0.0435650348663
0.0448040962219
0.0583109855652
0.0394489765167
0.0395979881287
0.0426750183105
0.0469110012054
0.02809715271
0.0282571315765
0.0353851318359
0.0355379581451
0.0301401615143
0.0302951335907
0.0319120883942
0.0343790054321
0.0324649810791
0.0326311588287
0.0327970981598
0.0329480171204
0.02956199646
0.0299408435822
0.0302059650421
0.0305638313293
0.0348670482635
0.0368449687958
0.0443649291992
0.0453510284424
0.0355768203735
0.0357568264008
0.0359098911285
0.0360548496246
0.0214531421661
0.0447571277618
0.0458750724792
0.0469410419464
0.0303299427032
0.0377109050751
0.0381669998169
0.0384340286255
0.0290260314941
0.0292019844055
0.0313920974731
0.0400421619415
0.0312750339508
0.0457060337067
0.0467691421509
0.0475571155548
0.0402200222015
0.0404489040375
0.0412380695343
0.0438981056213
0.0318219661713
0.0320258140564
0.0390529632568
0.0571367740631
0.0319340229034
0.0321400165558
0.0323100090027
0.0348482131958
0.0311079025269
0.031327009201
0.0329809188843
0.048248052597
0.0342450141907
0.0361869335175
0.0369110107422
0.0375599861145
0.0317239761353
0.0318899154663
0.0320329666138
0.0321779251099
0.0384900569916
0.0386960506439
0.0388431549072
0.038990020752
0.0363349914551
0.0365228652954
0.048003911972
0.0482289791107
0.0399510860443
0.0401539802551
0.0403320789337
0.0483651161194
0.0345702171326
0.0360929965973
0.0382161140442
0.0426321029663
0.0412650108337
0.0416431427002
0.0419800281525
0.0423641204834
0.0486290454865
0.0506680011749
0.0513730049133
0.052129983902
0.0288510322571
0.02911901474
0.0305778980255
0.0369780063629
0.0358290672302
0.0384120941162
0.0391111373901
0.0398070812225
0.0353388786316
0.0360839366913
0.0367679595947
0.0374319553375
0.0277309417725
0.027890920639
0.0280408859253
0.0282669067383
0.0410521030426
0.04123711586
0.0415971279144
0.0428709983826
0.0374360084534
0.0394730567932
0.0432071685791
0.0464601516724
0.0285880565643
0.0287749767303
0.0340809822083
0.035208940506
0.0375709533691
0.0384678840637
0.0395038127899
0.0465979576111
0.0347511768341
0.0354452133179
0.0361912250519
0.0370471477509
0.0329051017761
0.0330610275269
0.0352790355682
0.0386900901794
0.0247540473938
0.0270590782166
0.030641078949
0.0336298942566
0.0255739688873
0.0285520553589
0.0314581394196
0.0351409912109
0.0293560028076
0.0297079086304
0.0298810005188
0.0334298610687
0.0286469459534
0.0364570617676
0.0431840419769
0.0499670505524
0.0305240154266
0.032543182373
0.0328550338745
0.0331661701202
0.0372850894928
0.0375089645386
0.0376710891724
0.0378561019897
0.044252872467
0.0444178581238
0.0445649623871
0.0447158813477
0.0655200481415
0.0657119750977
0.0658710002899
0.0690269470215
0.0341880321503
0.034362077713
0.0345129966736
0.0346550941467
0.0370690822601
0.0390610694885
0.0489299297333
0.0497260093689
0.0345690250397
0.0399000644684
0.0449380874634
0.0451891422272
0.0272059440613
0.0273790359497
0.027538061142
0.029529094696
0.0343918800354
0.034548997879
0.0346939563751
0.0348370075226
0.0411379337311
0.0416090488434
0.0421099662781
0.0425989627838
0.0305550098419
0.0307269096375
0.0353648662567
0.0355699062347
0.0324869155884
0.0333218574524
0.0340218544006
0.0346388816833
0.0357069969177
0.0364420413971
0.0370988845825
0.0377390384674
0.0292229652405
0.0395059585571
0.0404269695282
0.0412559509277
0.0314271450043
0.0397820472717
0.040696144104
0.0413641929626
0.0335910320282
0.049693107605
0.050409078598
0.0533339977264
0.0401649475098
0.0403649806976
0.040540933609
0.0407049655914
0.0336079597473
0.0342309474945
0.0349991321564
0.0356011390686
0.0367698669434
0.037232875824
0.0376439094543
0.0380449295044
0.039489030838
0.04030585289
0.0409729480743
0.0415599346161
0.0268521308899
0.0290541648865
0.0327789783478
0.0403361320496
0.0328290462494
0.0330710411072
0.0346570014954
0.0376799106598
0.0285758972168
0.0287489891052
0.0289039611816
0.0377478599548
0.0427711009979
0.043035030365
0.0434050559998
0.0436580181122
0.0288681983948
0.0290470123291
0.0292100906372
0.0293641090393
0.0281419754028
0.028382062912
0.030809879303
0.0340950489044
0.0310490131378
0.0313320159912
0.0315952301025
0.0401401519775
0.028881072998
0.0290851593018
0.0372519493103
0.0377790927887
0.0293118953705
0.0294828414917
0.0296499729156
0.0298099517822
0.0337791442871
0.0339641571045
0.0341300964355
0.0342869758606
0.0330080986023
0.0332682132721
0.0334920883179
0.0338900089264
0.0330460071564
0.0350670814514
0.0373921394348
0.0381991863251
0.0318279266357
0.0320398807526
0.0322179794312
0.0407350063324
0.0295889377594
0.0307319164276
0.0342628955841
0.036453962326
0.0283439159393
0.0336289405823
0.0342700481415
0.0349440574646
0.0346858501434
0.0353789329529
0.036102771759
0.0369148254395
0.0362119674683
0.0367789268494
0.0372009277344
0.0376389026642
0.0353360176086
0.035619020462
0.0359120368958
0.036159992218
0.0269451141357
0.0271100997925
0.0293300151825
0.0332341194153
0.0272121429443
0.0275812149048
0.0277781486511
0.0279271602631
0.0328919887543
0.0330519676208
0.0362980365753
0.0393779277802
0.0271060466766
0.0273201465607
0.0288031101227
0.0353770256042
0.0360288619995
0.0362548828125
0.0364239215851
0.0365869998932
0.0270159244537
0.0272209644318
0.0375158786774
0.0378029346466
0.0274379253387
0.0275928974152
0.0309438705444
0.033322095871
0.0213129520416
0.0226030349731
0.0262339115143
0.0297110080719
0.0474870204926
0.047679901123
0.0478320121765
0.0479879379272
0.0225100517273
0.0277299880981
0.0425159931183
0.0428340435028
0.0275709629059
0.0277400016785
0.0311479568481
0.039323091507
0.0233960151672
0.0291171073914
0.0360131263733
0.040675163269
0.0462319850922
0.0464019775391
0.0465660095215
0.0513589382172
0.0357069969177
0.035975933075
0.0504870414734
0.053218126297
0.0321660041809
0.0361199378967
0.0363550186157
0.0428619384766
0.0346570014954
0.0348310470581
0.0437560081482
0.0470621585846
0.0288500785828
0.029009103775
0.0381369590759
0.0383260250092
0.0299160480499
0.0300960540771
0.0366821289062
0.0418610572815
0.0315761566162
0.0322999954224
0.0365121364594
0.0445470809937
0.0424430370331
0.0426418781281
0.0433719158173
0.0624120235443
0.0251939296722
0.0254509449005
0.0256118774414
0.0289459228516
0.0292499065399
0.0296058654785
0.0299439430237
0.046600818634
0.0427560806274
0.0470631122589
0.0508670806885
0.0521340370178
0.0268018245697
0.0314688682556
0.0364758968353
0.0450398921967
0.0343630313873
0.0346851348877
0.0458772182465
0.0513761043549
0.0428130626678
0.0430700778961
0.0433461666107
0.0436441898346
0.0326459407806
0.0341458320618
0.0372109413147
0.0393960475922
0.0286989212036
0.0293779373169
0.0325949192047
0.0355229377747
0.0376851558685
0.0389530658722
0.0402941703796
0.0423700809479
0.0260620117188
0.0263941287994
0.0265860557556
0.0312349796295
0.0257029533386
0.0279369354248
0.0281131267548
0.0343110561371
0.0542719364166
0.0544788837433
0.0676238536835
0.0678579807281
0.0368239879608
0.0370638370514
0.0372290611267
0.0395319461823
0.0285840034485
0.0326218605042
0.0352828502655
0.038703918457
0.0318620204926
0.0323848724365
0.0328938961029
0.0334010124207
0.0466859340668
0.0522520542145
0.0563099384308
0.0591268539429
0.0353720188141
0.0355241298676
0.0356669425964
0.0373411178589
0.0313539505005
0.0315828323364
0.0351269245148
0.0395610332489
0.0284938812256
0.0292320251465
0.0365998744965
0.0384480953217
0.0417058467865
0.0442168712616
0.045530796051
0.0462009906769
0.0446090698242
0.0455739498138
0.0462689399719
0.0469470024109
0.0324728488922
0.0326249599457
0.0350689888
0.0352199077606
0.0347239971161
0.0361409187317
0.0472888946533
0.0496180057526
0.0414099693298
0.0423481464386
0.054615020752
0.0550789833069
0.0325782299042
0.0366551876068
0.0387210845947
0.0412302017212
0.0292899608612
0.0324440002441
0.0385971069336
0.0543639659882
0.046746969223
0.0479550361633
0.0527989864349
0.0535590648651
0.0324890613556
0.0326981544495
0.0338890552521
0.0398161411285
0.0315730571747
0.0319650173187
0.0389490127563
0.0422439575195
0.0330040454865
0.033185005188
0.0369598865509
0.0409319400787
0.0335900783539
0.0337579250336
0.0435371398926
0.0466270446777
0.0337951183319
0.0345041751862
0.050793170929
0.0560901165009
0.0460598468781
0.0462398529053
0.0464019775391
0.0465598106384
0.0336558818817
0.0338668823242
0.0340518951416
0.0418429374695
0.0369291305542
0.0387201309204
0.0397231578827
0.040491104126
0.0266251564026
0.0267820358276
0.0292949676514
0.0316081047058
0.0293040275574
0.0294818878174
0.0333118438721
0.0342738628387
0.0265519618988
0.0267729759216
0.0269460678101
0.0300159454346
0.0230469703674
0.0249099731445
0.0318698883057
0.0341799259186
0.0357871055603
0.0359971523285
0.0380780696869
0.0394380092621
0.027871131897
0.0281059741974
0.0298790931702
0.038017988205
0.0479340553284
0.0480959415436
0.0482840538025
0.0484349727631
0.0356740951538
0.036003112793
0.0440831184387
0.0552070140839
0.0373330116272
0.0408408641815
0.0592660903931
0.059464931488
0.037880897522
0.0387918949127
0.0395269393921
0.0431320667267
0.0336530208588
0.0349090099335
0.0350720882416
0.0365500450134
0.0512330532074
0.051558971405
0.0518970489502
0.0522089004517
0.0379660129547
0.0381410121918
0.0382990837097
0.0384531021118
0.0322730541229
0.0325601100922
0.0349791049957
0.0410690307617
0.0321750640869
0.0323479175568
0.0325000286102
0.0326459407806
0.0281898975372
0.030709028244
0.0342829227448
0.0384428501129
0.036416053772
0.0524861812592
0.0570290088654
0.0644721984863
0.0310962200165
0.0312860012054
0.0413482189178
0.0455121994019
0.0278520584106
0.0295391082764
0.0343079566956
0.0505089759827
0.0369658470154
0.039627790451
0.0414969921112
0.0468239784241
0.0263631343842
0.0282881259918
0.0333869457245
0.0367650985718
0.0272569656372
0.0280778408051
0.0315539836884
0.0353639125824
0.0395550727844
0.0399799346924
0.044685125351
0.0451159477234
0.0304658412933
0.0306448936462
0.0308129787445
0.0411398410797
0.0324509143829
0.0326180458069
0.0330879688263
0.0364809036255
0.0250899791718
0.0270199775696
0.0308320522308
0.034187078476
0.0280911922455
0.0282790660858
0.0394310951233
0.0398671627045
0.039204120636
0.0397109985352
0.040116071701
0.040491104126
0.0341598987579
0.0350749492645
0.0379688739777
0.045688867569
0.0397369861603
0.039901971817
0.0445230007172
0.0458319187164
0.0287539958954
0.0428972244263
0.0527811050415
0.0534281730652
0.03147315979
0.0360939502716
0.0398981571198
0.0492520332336
0.0303349494934
0.0304968357086
0.0404589176178
0.044842004776
0.0346689224243
0.0348510742188
0.0350160598755
0.0388939380646
0.0289828777313
0.0292248725891
0.0357570648193
0.0410318374634
0.0257179737091
0.0258829593658
0.0260369777679
0.0342388153076
0.0308978557587
0.0311179161072
0.0342438220978
0.0386629104614
0.0284759998322
0.0286400318146
0.0303630828857
0.0383291244507
0.0296111106873
0.0297889709473
0.0402829647064
0.0404469966888
0.0275981426239
0.0277662277222
0.0327091217041
0.0354771614075
0.0369670391083
0.0371890068054
0.0374011993408
0.0376751422882
0.0271661281586
0.027398109436
0.0405690670013
0.0407230854034
0.0288050174713
0.0300831794739
0.0354051589966
0.0361981391907
0.0384290218353
0.0389318466187
0.0392379760742
0.0394840240479
0.0269930362701
0.0273640155792
0.0348479747772
0.0404620170593
0.0305559635162
0.0330030918121
0.0396020412445
0.0506081581116
0.0325520038605
0.0327711105347
0.0355091094971
0.0389790534973
0.0279529094696
0.0319941043854
0.0332019329071
0.0365719795227
0.0263600349426
0.0265119075775
0.0315029621124
0.0360729694366
0.0315089225769
0.0450260639191
0.04518699646
0.0487658977509
0.0291829109192
0.0305089950562
0.0363960266113
0.0403759479523
0.0319299697876
0.0321130752563
0.0338060855865
0.036985874176
0.0288949012756
0.0290517807007
0.029198884964
0.0293438434601
0.0376980304718
0.0429849624634
0.0469269752502
0.048143863678
0.0447709560394
0.0451829433441
0.045637845993
0.0462119579315
0.0327608585358
0.0357279777527
0.0394349098206
0.0419209003448
0.0275790691376
0.0277829170227
0.0279541015625
0.0319900512695
0.0289769172668
0.0291368961334
0.0292789936066
0.0424039363861
0.0482749938965
0.0484251976013
0.0485651493073
0.0514249801636
0.0379838943481
0.0391509532928
0.0399439334869
0.0410540103912
0.0332028865814
0.0340549945831
0.0391550064087
0.059005022049
0.028911113739
0.0441470146179
0.0445139408112
0.0451011657715
0.0572888851166
0.0574569702148
0.0576179027557
0.057806968689
0.0343670845032
0.0346760749817
0.0362341403961
0.0443520545959
0.0318479537964
0.0320000648499
0.0337660312653
0.0375318527222
0.0266418457031
0.026859998703
0.0315809249878
0.0410349369049
0.0266649723053
0.0268678665161
0.0274260044098
0.0305788516998
0.0258870124817
0.0261218547821
0.0263798236847
0.03093791008
0.0274839401245
0.0276708602905
0.035386800766
0.0380489826202
0.0275540351868
0.0284628868103
0.0301969051361
0.0360169410706
0.0283200740814
0.0403759479523
0.0413229465485
0.0423169136047
0.0294060707092
0.0346899032593
0.0359020233154
0.0427980422974
0.0331149101257
0.0338618755341
0.0346450805664
0.0353970527649
0.0460720062256
0.0511410236359
0.0522150993347
0.0532600879669
0.0359418392181
0.0362977981567
0.0441679954529
0.0525009632111
0.0279550552368
0.0409450531006
0.0452220439911
0.0459661483765
0.044242143631
0.046010017395
0.0461881160736
0.0480711460114
0.0306570529938
0.03084897995
0.0310230255127
0.0465281009674
0.027508020401
0.027731180191
0.0301899909973
0.0334260463715
0.0370500087738
0.0380578041077
0.041494846344
0.0453279018402
0.0497109889984
0.0499081611633
0.0502631664276
0.0506501197815
0.0259840488434
0.0261371135712
0.0302419662476
0.0361940860748
0.0265140533447
0.0286591053009
0.0288360118866
0.031042098999
0.0345821380615
0.0347380638123
0.0351810455322
0.0394630432129
0.0333931446075
0.0335512161255
0.0336980819702
0.0392861366272
0.0301361083984
0.0303111076355
0.0304660797119
0.0340900421143
0.0290360450745
0.0335831642151
0.0366661548615
0.0457739830017
0.0305511951447
0.0307149887085
0.0379881858826
0.0407650470734
0.0286700725555
0.0288469791412
0.0323669910431
0.0369510650635
0.0327751636505
0.0330700874329
0.0352389812469
0.0392639636993
0.0348551273346
0.0350170135498
0.0353322029114
0.035737991333
0.0299339294434
0.0301108360291
0.0327548980713
0.0374000072479
0.0258309841156
0.0284640789032
0.0336179733276
0.0389931201935
0.0345389842987
0.0349230766296
0.0352280139923
0.0355091094971
0.0455799102783
0.0457820892334
0.0459530353546
0.0537650585175
0.0340299606323
0.0385420322418
0.0398459434509
0.0403809547424
0.0391001701355
0.0430240631104
0.0481522083282
0.0532400608063
0.0355479717255
0.0381760597229
0.0456590652466
0.0464789867401
0.0332360267639
0.0336968898773
0.0338850021362
0.0350110530853
0.0337791442871
0.0413291454315
0.0422420501709
0.0464000701904
0.0319480895996
0.0321109294891
0.0322771072388
0.0353181362152
0.0275120735168
0.0289409160614
0.0348889827728
0.0353109836578
0.0369219779968
0.0372259616852
0.0479550361633
0.0481059551239
0.0378189086914
0.0380001068115
0.0381700992584
0.0384240150452
0.0320332050323
0.0324950218201
0.0327432155609
0.0329151153564
0.0272850990295
0.0274519920349
0.029639005661
0.036957025528
0.0672969818115
0.082633972168
0.082790851593
0.0888748168945
0.0321140289307
0.0322918891907
0.0382120609283
0.042140007019
0.0495879650116
0.0511820316315
0.0549359321594
0.0616331100464
0.0370860099792
0.037250995636
0.0374088287354
0.0375609397888
0.029730796814
0.0316779613495
0.0326879024506
0.0364189147949
0.0441439151764
0.0444459915161
0.0471301078796
0.0497870445251
0.0278449058533
0.0280048847198
0.0322649478912
0.0351119041443
0.0351250171661
0.0353710651398
0.0357410907745
0.0361590385437
0.0528500080109
0.0552480220795
0.0554170608521
0.0555820465088
0.0310599803925
0.0313379764557
0.0315039157867
0.0316898822784
0.0334680080414
0.0336718559265
0.0367839336395
0.0412800312042
0.0327610969543
0.034511089325
0.0364890098572
0.0417621135712
0.0275239944458
0.0291709899902
0.0340478420258
0.0364677906036
0.0317709445953
0.0331888198853
0.0362639427185
0.0445129871368
0.0310339927673
0.0311901569366
0.0313301086426
0.0326061248779
0.0256330966949
0.0275709629059
0.0338051319122
0.0366821289062
0.0274441242218
0.0282981395721
0.0390641689301
0.0392169952393
0.0328691005707
0.0333361625671
0.0337681770325
0.0340690612793
0.0253870487213
0.0297780036926
0.0338749885559
0.0373690128326
0.0297310352325
0.0300011634827
0.0331251621246
0.037593126297
0.0334367752075
0.0343987941742
0.0396199226379
0.0411088466644
0.0373480319977
0.0382030010223
0.0401630401611
0.0408790111542
0.0283341407776
0.0356240272522
0.0362811088562
0.0370719432831
0.0294151306152
0.0300719738007
0.0368599891663
0.0374181270599
0.029011964798
0.0291800498962
0.0451290607452
0.0471651554108
0.0266411304474
0.0268230438232
0.0460150241852
0.0473520755768
0.0304458141327
0.0306189060211
0.0332748889923
0.0367038249969
0.0305571556091
0.0312530994415
0.031494140625
0.0407421588898
0.0346660614014
0.0382630825043
0.0387089252472
0.0392920970917
0.0434679985046
0.0529110431671
0.0530800819397
0.0567560195923
0.0371160507202
0.0373518466949
0.037505865097
0.0376489162445
0.0320780277252
0.0322289466858
0.0323889255524
0.0334868431091
0.0305380821228
0.030711889267
0.0325629711151
0.0359129905701
0.0189189910889
0.0201799869537
0.0289158821106
0.0304639339447
0.0333318710327
0.0334920883179
0.0336360931396
0.0337750911713
0.0271129608154
0.0369000434875
0.0371990203857
0.0385110378265
0.0354578495026
0.0362198352814
0.0368549823761
0.0375118255615
0.0320770740509
0.0391001701355
0.0392541885376
0.0394010543823
0.0349149703979
0.0410029888153
0.0417950153351
0.0428650379181
0.0326430797577
0.0328221321106
0.032986164093
0.0370450019836
0.0394279956818
0.0400629043579
0.0406339168549
0.0411720275879
0.0379991531372
0.0387170314789
0.0398850440979
0.0406141281128
0.0301249027252
0.0317869186401
0.0390191078186
0.0397729873657
0.0356001853943
0.0362939834595
0.0369050502777
0.0375430583954
0.0382540225983
0.0384330749512
0.0385911464691
0.0387470722198
0.0471980571747
0.051285982132
0.0551190376282
0.0592238903046
0.0364248752594
0.0366010665894
0.0410878658295
0.0559689998627
0.0334320068359
0.0335929393768
0.0353469848633
0.0354969501495
0.0320339202881
0.0323588848114
0.0325889587402
0.0328788757324
0.0330438613892
0.0332560539246
0.0345070362091
0.0422189235687
0.0434620380402
0.0436401367188
0.0481309890747
0.0564110279083
0.034423828125
0.0345768928528
0.0347328186035
0.0349979400635
0.0272791385651
0.0325889587402
0.03671002388
0.0401179790497
0.0280690193176
0.0282759666443
0.0319068431854
0.0352408885956
0.0284309387207
0.0286049842834
0.0324718952179
0.0422239303589
0.0299608707428
0.0328528881073
0.0331439971924
0.0361590385437
0.0288679599762
0.0290160179138
0.0323059558868
0.0359838008881
0.0289161205292
0.0295400619507
0.0325610637665
0.0395379066467
0.0359489917755
0.0411610603333
0.0431530475616
0.0469648838043
0.0285968780518
0.0287549495697
0.0296568870544
0.0344960689545
0.0270471572876
0.0341551303864
0.0389411449432
0.0431230068207
0.0268609523773
0.0283770561218
0.0361430644989
0.0363731384277
0.0313529968262
0.0336439609528
0.0346488952637
0.0410640239716
0.0303149223328
0.0319910049438
0.0332958698273
0.0500960350037
0.0310029983521
0.0317559242249
0.0325539112091
0.0331690311432
0.0372710227966
0.0384480953217
0.0399641990662
0.0436151027679
0.025759935379
0.0259549617767
0.0261750221252
0.0269620418549
0.0275280475616
0.0277199745178
0.0430099964142
0.043172121048
0.0337629318237
0.0346329212189
0.037318944931
0.0414748191833
0.0304160118103
0.0305800437927
0.0315110683441
0.0368890762329
0.0275030136108
0.0277400016785
0.0298330783844
0.0354509353638
0.0269801616669
0.0314149856567
0.0315639972687
0.0326001644135
0.0272359848022
0.0274941921234
0.030944108963
0.0330090522766
0.0285179615021
0.0304269790649
0.0334959030151
0.0346240997314
0.0460939407349
0.0463981628418
0.0466849803925
0.0468709468842
0.0336132049561
0.0339040756226
0.0340840816498
0.0342421531677
0.0352778434753
0.0358238220215
0.0362470149994
0.0412738323212
0.0335969924927
0.0408978462219
0.0411767959595
0.0574519634247
0.0291130542755
0.0292680263519
0.0294058322906
0.0315389633179
0.0342121124268
0.0390400886536
0.0433301925659
0.0447990894318
0.0257339477539
0.0258929729462
0.0320789813995
0.0359120368958
0.0274138450623
0.0276069641113
0.0298159122467
0.0334558486938
0.0259490013123
0.0261340141296
0.0368061065674
0.0369799137115
0.0274801254272
0.0285060405731
0.0296370983124
0.0337760448456
0.0716199874878
0.0761909484863
0.0770790576935
0.07777094841
0.0407741069794
0.0414710044861
0.0420911312103
0.0427579879761
0.0331211090088
0.0332901477814
0.0343179702759
0.0421919822693
0.0396459102631
0.040599822998
0.0409669876099
0.0413689613342
0.0268859863281
0.029748916626
0.0305669307709
0.0312168598175
0.0336818695068
0.0343010425568
0.0348389148712
0.0353450775146
0.0457129478455
0.0465469360352
0.0486509799957
0.0541579723358
0.0389049053192
0.0396709442139
0.0405778884888
0.0416300296783
0.0347738265991
0.0359330177307
0.049507856369
0.0504770278931
0.0318279266357
0.039626121521
0.0403990745544
0.0408890247345
0.0524938106537
0.0551528930664
0.0582609176636
0.0598268508911
0.0543580055237
0.054661989212
0.0552799701691
0.0565640926361
0.0383038520813
0.0435099601746
0.0482678413391
0.0526490211487
0.0280139446259
0.0350630283356
0.0510799884796
0.0516741275787
0.0327789783478
0.0332868099213
0.036801815033
0.0376169681549
0.0365648269653
0.0373139381409
0.0379679203033
0.0500349998474
0.0261249542236
0.0262739658356
0.0393438339233
0.0395128726959
0.0465729236603
0.0471968650818
0.0477359294891
0.0509769916534
0.0442709922791
0.0446960926056
0.0502419471741
0.0562009811401
0.0241281986237
0.0358340740204
0.0397751331329
0.0408539772034
0.0287139415741
0.0290200710297
0.0306351184845
0.032007932663
0.0264678001404
0.0266258716583
0.044960975647
0.0491549968719
0.027153968811
0.0350630283356
0.0382108688354
0.0386219024658
0.0355131626129
0.0356731414795
0.0358190536499
0.0374619960785
0.032555103302
0.0350511074066
0.0391809940338
0.0435199737549
0.0414571762085
0.0416560173035
0.0472559928894
0.0504660606384
0.0267968177795
0.0269949436188
0.0280690193176
0.0314939022064
0.0316741466522
0.0319080352783
0.0320689678192
0.0352761745453
0.0502369403839
0.0505928993225
0.0516760349274
0.0543618202209
0.0396778583527
0.0398738384247
0.0400788784027
0.0485489368439
0.0389881134033
0.0391440391541
0.0406150817871
0.0465021133423
0.0547411441803
0.0612740516663
0.0614371299744
0.0654351711273
0.068384885788
0.0691530704498
0.0741078853607
0.0766830444336
0.032753944397
0.0332391262054
0.0527679920197
0.0529749393463
0.0697460174561
0.0699119567871
0.0716960430145
0.0753769874573
0.0216689109802
0.0244269371033
0.0411038398743
0.046000957489
0.0564558506012
0.0570068359375
0.0575859546661
0.0651738643646
0.0258710384369
0.0260338783264
0.0276350975037
0.0278189182281
0.0329871177673
0.0394971370697
0.040776014328
0.0413000583649
0.0377590656281
0.0381000041962
0.038400888443
0.0386970043182
0.0366690158844
0.0440490245819
0.0536260604858
0.059730052948
0.0393190383911
0.039528131485
0.0452389717102
0.0475640296936
0.0292909145355
0.0332708358765
0.0358619689941
0.0438139438629
0.0267751216888
0.0279791355133
0.032516002655
0.0369670391083
0.0408990383148
0.0434310436249
0.0520749092102
0.0567059516907
0.0283899307251
0.0285558700562
0.0336489677429
0.0464880466461
0.0288670063019
0.0300490856171
0.0344250202179
0.0368208885193
0.0381050109863
0.0383200645447
0.0385000705719
0.0421919822693
0.0295779705048
0.0354378223419
0.0407228469849
0.0483639240265
0.0313990116119
0.0315718650818
0.0350329875946
0.0372879505157
0.0275590419769
0.0277321338654
0.028801202774
0.031797170639
0.0349419116974
0.0351250171661
0.035285949707
0.0354487895966
0.0342071056366
0.0364441871643
0.0392651557922
0.043573141098
0.0441560745239
0.0463740825653
0.0511491298676
0.0551819801331
0.031240940094
0.0335569381714
0.0431578159332
0.0453338623047
0.0407910346985
0.0416340827942
0.0425770282745
0.0436170101166
0.0290229320526
0.0292201042175
0.0306239128113
0.0325169563293
0.0270090103149
0.0272018909454
0.0273759365082
0.036493062973
0.026093006134
0.026340007782
0.0265560150146
0.033282995224
0.0334749221802
0.0336360931396
0.0352520942688
0.0374839305878
0.0324139595032
0.0346069335938
0.0368249416351
0.0403389930725
0.0390229225159
0.0401449203491
0.0409870147705
0.0424740314484
0.0302369594574
0.0336530208588
0.0342988967896
0.0349669456482
0.026645898819
0.0268449783325
0.0326669216156
0.036159992218
0.034989118576
0.0351510047913
0.0373661518097
0.0411550998688
0.0360329151154
0.0413889884949
0.0415639877319
0.0458629131317
0.0279560089111
0.0281119346619
0.0294420719147
0.0336849689484
0.0304470062256
0.0307760238647
0.0399308204651
0.0401139259338
0.0347490310669
0.0350608825684
0.0373768806458
0.039155960083
0.0378248691559
0.0380580425262
0.042732000351
0.0437529087067
0.0309400558472
0.0337669849396
0.0355579853058
0.040727853775
0.0302789211273
0.0305728912354
0.0346460342407
0.0393779277802
0.0284419059753
0.0375158786774
0.0463509559631
0.0523428916931
0.0288360118866
0.0308899879456
0.0364439487457
0.0384049415588
0.0387561321259
0.0391290187836
0.0395271778107
0.0475060939789
0.0371940135956
0.037693977356
0.0451121330261
0.0502309799194
0.0235910415649
0.0366861820221
0.0374991893768
0.0381760597229
0.0250930786133
0.0253419876099
0.0275440216064
0.0304501056671
0.0509798526764
0.0513648986816
0.0516819953918
0.0519769191742
0.037036895752
0.0468599796295
0.0534520149231
0.0568499565125
0.0291359424591
0.0338680744171
0.0343549251556
0.038115978241
0.0421960353851
0.0430469512939
0.0441648960114
0.047749042511
0.0436289310455
0.0438508987427
0.0443139076233
0.0447828769684
0.0342800617218
0.0345990657806
0.0348930358887
0.0362210273743
0.0308029651642
0.0339679718018
0.0354561805725
0.0365381240845
0.0309829711914
0.0311470031738
0.0312879085541
0.0326290130615
0.0385200977325
0.0391080379486
0.0395970344543
0.0401260852814
0.0322799682617
0.0325109958649
0.0327098369598
0.0328979492188
0.0297899246216
0.0308079719543
0.0343718528748
0.0369598865509
0.0409789085388
0.0418560504913
0.0425708293915
0.0432150363922
0.0398268699646
0.0399930477142
0.0401389598846
0.0402858257294
0.0322110652924
0.0328860282898
0.0374250411987
0.0421869754791
0.0299320220947
0.0307731628418
0.0342211723328
0.0345189571381
0.0322208404541
0.0332248210907
0.0350668430328
0.0358948707581
0.0344228744507
0.0350968837738
0.0430119037628
0.0456688404083
0.0350961685181
0.035248041153
0.0546910762787
0.0576481819153
0.0334470272064
0.034234046936
0.0349650382996
0.0354809761047
0.0348370075226
0.0349850654602
0.0351331233978
0.0352771282196
0.031585931778
0.0376789569855
0.0629229545593
0.063472032547
0.0377719402313
0.0380229949951
0.083771944046
0.0843451023102
0.0269689559937
0.0271968841553
0.0273668766022
0.0320508480072
0.0260081291199
0.0261859893799
0.0305991172791
0.0356941223145
0.0294399261475
0.030287027359
0.0315489768982
0.0328729152679
0.0345788002014
0.0390930175781
0.0419368743896
0.0421288013458
0.0269949436188
0.0272419452667
0.0284910202026
0.033075094223
0.0287461280823
0.0289700031281
0.0382690429688
0.0446391105652
0.0390911102295
0.0424270629883
0.0436379909515
0.0488059520721
0.0373179912567
0.0376100540161
0.0380699634552
0.0382709503174
0.0363569259644
0.038754940033
0.0426878929138
0.0435018539429
0.0357978343964
0.0359828472137
0.0363659858704
0.038300037384
0.0371680259705
0.0407068729401
0.0439548492432
0.0446350574493
0.0411479473114
0.0413188934326
0.0440709590912
0.0506598949432
0.0392339229584
0.0454359054565
0.0470678806305
0.0478148460388
0.0326371192932
0.0333931446075
0.0340421199799
0.0348770618439
0.0339331626892
0.0343000888824
0.0345740318298
0.0362010002136
0.0328888893127
0.036453962326
0.0379769802094
0.0425639152527
0.0323069095612
0.0324709415436
0.0330340862274
0.038281917572
0.030287027359
0.0304510593414
0.0306000709534
0.0344889163971
0.0300559997559
0.0302419662476
0.0315418243408
0.0353319644928
0.0344388484955
0.0378878116608
0.040846824646
0.0445649623871
0.0320110321045
0.0321819782257
0.0323460102081
0.0376989841461
0.0370750427246
0.0376110076904
0.0410580635071
0.0451209545135
0.0342037677765
0.0405077934265
0.0425729751587
0.0441038608551
0.0299580097198
0.0301151275635
0.030552148819
0.0361571311951
0.0336360931396
0.0337932109833
0.0339360237122
0.0340740680695
0.0270080566406
0.0369439125061
0.0388460159302
0.0441629886627
0.0392909049988
0.0416438579559
0.0449888706207
0.0481867790222
0.0281920433044
0.0283501148224
0.0286381244659
0.0305969715118
0.0352289676666
0.0359220504761
0.0363638401031
0.0558400154114
0.034322977066
0.0373978614807
0.0412349700928
0.0469589233398
0.0275890827179
0.0347349643707
0.0356941223145
0.0439529418945
0.0280680656433
0.0300080776215
0.0307440757751
0.0326161384583
0.0372340679169
0.0426781177521
0.0485761165619
0.052561044693
0.0316209793091
0.0321271419525
0.0516769886017
0.0519070625305
0.0303010940552
0.0307331085205
0.0309829711914
0.0312161445618
0.0299129486084
0.030063867569
0.0302050113678
0.0303428173065
0.0275189876556
0.0276710987091
0.033066034317
0.0362222194672
0.0475869178772
0.0482940673828
0.0489361286163
0.0493221282959
0.0359539985657
0.0361180305481
0.0362689495087
0.0376498699188
0.0323510169983
0.0325300693512
0.0459280014038
0.0461101531982
0.0372459888458
0.0409638881683
0.045138835907
0.0485639572144
0.0345621109009
0.0360112190247
0.0371451377869
0.040675163269
0.0283241271973
0.0294120311737
0.0303490161896
0.0312581062317
0.0364270210266
0.0369970798492
0.0375580787659
0.038076877594
0.0359551906586
0.0361151695251
0.036257982254
0.0382571220398
0.0278260707855
0.0280010700226
0.0352730751038
0.0411710739136
0.0349609851837
0.0351190567017
0.0352690219879
0.0354130268097
0.0318791866302
0.0320470333099
0.0321941375732
0.0323522090912
0.0242609977722
0.0244419574738
0.0302259922028
0.0333230495453
0.0323910713196
0.0330700874329
0.0334780216217
0.0340869426727
0.0361659526825
0.0537707805634
0.0586459636688
0.0628428459167
0.0418131351471
0.0443830490112
0.0483191013336
0.0519680976868
0.0320410728455
0.0330228805542
0.0336050987244
0.0342230796814
0.0333812236786
0.0341141223907
0.0361981391907
0.0617251396179
0.0343668460846
0.0354619026184
0.035924911499
0.0418729782104
0.0368869304657
0.039580821991
0.0398609638214
0.0401208400726
0.0390439033508
0.0393009185791
0.0403590202332
0.0438477993011
0.0638117790222
0.0663599967957
0.0726609230042
0.0773138999939
0.0277409553528
0.0280070304871
0.03098487854
0.0315239429474
0.0431649684906
0.0445799827576
0.0493590831757
0.0533919334412
0.026880979538
0.031965970993
0.036719083786
0.0409159660339
0.0289399623871
0.033035993576
0.0377509593964
0.0420439243317
0.0253260135651
0.0295932292938
0.0343890190125
0.0397760868073
0.027547121048
0.0303320884705
0.0341310501099
0.0383641719818
0.0278730392456
0.0359990596771
0.0368549823761
0.0420789718628
0.0337069034576
0.0340559482574
0.0344049930573
0.0347280502319
0.0256969928741
0.0263621807098
0.0288050174713
0.031592130661
0.0281620025635
0.029834985733
0.0305728912354
0.0381050109863
0.0283579826355
0.0290200710297
0.0345759391785
0.0367078781128
0.0382850170135
0.0399658679962
0.0407149791718
0.0415999889374
0.0377321243286
0.0381300449371
0.0423460006714
0.0468220710754
0.0325019359589
0.0368318557739
0.0414299964905
0.0460019111633
0.0305848121643
0.0307369232178
0.0308799743652
0.0310218334198
0.0303800106049
0.0305361747742
0.0306780338287
0.0347881317139
0.0363311767578
0.0369591712952
0.0387930870056
0.0434231758118
0.0274999141693
0.0312449932098
0.0324969291687
0.0331869125366
0.0314419269562
0.031644821167
0.0324740409851
0.0348999500275
0.0409028530121
0.0415518283844
0.0422439575195
0.042888879776
0.0304961204529
0.0323801040649
0.0328800678253
0.0340139865875
0.0282158851624
0.0292239189148
0.0387139320374
0.0419239997864
0.0271270275116
0.0272901058197
0.0338990688324
0.0378429889679
0.0441188812256
0.0442910194397
0.0444579124451
0.0446050167084
0.0404191017151
0.0405859947205
0.0407421588898
0.0408911705017
0.0338439941406
0.034243106842
0.0409591197968
0.0472090244293
0.0250489711761
0.0252130031586
0.0323050022125
0.0350029468536
0.028636932373
0.0288000106812
0.0446979999542
0.0510380268097
0.0291049480438
0.0383250713348
0.0407230854034
0.0427260398865
0.0331809520721
0.0333669185638
0.0337760448456
0.0361249446869
0.0377240180969
0.0379409790039
0.0381309986115
0.0387139320374
0.0240669250488
0.0351648330688
0.0360999107361
0.0386569499969
0.0298249721527
0.0316278934479
0.0343627929688
0.0345599651337
0.0233380794525
0.0256989002228
0.0342669487
0.0363690853119
0.0253388881683
0.0256729125977
0.0392248630524
0.0460460186005
0.0302140712738
0.0337300300598
0.0347220897675
0.0354809761047
0.0272078514099
0.0273900032043
0.0291700363159
0.0335109233856
0.0267090797424
0.0302941799164
0.0360171794891
0.0435810089111
0.0287530422211
0.0289149284363
0.0290811061859
0.0328369140625
0.0296928882599
0.0299301147461
0.0306079387665
0.0320820808411
0.0284690856934
0.0287780761719
0.0289940834045
0.0354239940643
0.0301179885864
0.0303561687469
0.0305471420288
0.0310671329498
0.034921169281
0.0424251556396
0.0433461666107
0.0446720123291
0.0268969535828
0.0270509719849
0.0271928310394
0.027331829071
0.0399260520935
0.041778087616
0.0463299751282
0.0464789867401
0.0334680080414
0.0336318016052
0.0337820053101
0.0339288711548
0.0334069728851
0.0346848964691
0.0348908901215
0.0398709774017
0.0298070907593
0.0336999893188
0.0344381332397
0.0352010726929
0.0363800525665
0.0380561351776
0.03950715065
0.0402240753174
0.0383470058441
0.0444028377533
0.0481748580933
0.0503180027008
0.0287129878998
0.0289168357849
0.029079914093
0.0292339324951
0.0341539382935
0.0344440937042
0.0363929271698
0.0398440361023
0.0761959552765
0.0763828754425
0.0765328407288
0.0766839981079
0.0271198749542
0.0273730754852
0.0276188850403
0.0362958908081
0.0255970954895
0.0257651805878
0.0259141921997
0.0260701179504
0.0345890522003
0.0361771583557
0.0397851467133
0.0441880226135
0.0282409191132
0.0285639762878
0.0302400588989
0.0304110050201
0.0340659618378
0.03422498703
0.0344281196594
0.0353579521179
0.0288910865784
0.0290541648865
0.0292100906372
0.0316321849823
0.0337009429932
0.0338609218597
0.0391969680786
0.0428178310394
0.0374629497528
0.0376460552216
0.0431869029999
0.045835018158
0.0345349311829
0.0346949100494
0.0348508358002
0.0448868274689
0.0302879810333
0.0312218666077
0.0377290248871
0.0436019897461
0.0270371437073
0.0283980369568
0.031102180481
0.0313031673431
0.0295629501343
0.0317859649658
0.0327289104462
0.0380430221558
0.0333070755005
0.033567905426
0.0337228775024
0.0448670387268
0.0320029258728
0.0331480503082
0.0346438884735
0.042937040329
0.0239949226379
0.0264279842377
0.0335109233856
0.0379519462585
0.0465929508209
0.0467479228973
0.0468890666962
0.0470769405365
0.0297780036926
0.0299620628357
0.0301110744476
0.0333511829376
0.0348470211029
0.0394949913025
0.0507230758667
0.0508801937103
0.0342829227448
0.0344669818878
0.0346510410309
0.0348179340363
0.0301761627197
0.0307741165161
0.0321071147919
0.0383410453796
0.0356180667877
0.0362958908081
0.0408020019531
0.045823097229
0.0297482013702
0.0337650775909
0.039379119873
0.0400891304016
0.0370798110962
0.037250995636
0.0374159812927
0.040974855423
0.0307359695435
0.0318579673767
0.0344059467316
0.0379230976105
0.0403928756714
0.0405838489532
0.0408909320831
0.0426349639893
0.0369491577148
0.0371010303497
0.0530781745911
0.0565810203552
0.0304329395294
0.0311558246613
0.032418012619
0.0339510440826
0.0381391048431
0.0423970222473
0.0431141853333
0.0436570644379
0.0313220024109
0.0321609973907
0.0380809307098
0.0422658920288
0.0482320785522
0.0490720272064
0.0498108863831
0.050430059433
0.0459489822388
0.049656867981
0.0503599643707
0.0509719848633
0.0354690551758
0.035628080368
0.0366668701172
0.0430178642273
0.0294971466064
0.033399105072
0.0384340286255
0.0437550544739
0.0386528968811
0.0473840236664
0.0515348911285
0.057149887085
0.0296378135681
0.0329189300537
0.0348188877106
0.0379400253296
0.0790770053864
0.0800848007202
0.083683013916
0.0901329517365
0.0350139141083
0.0552818775177
0.0565738677979
0.0572907924652
0.0325701236725
0.03276014328
0.0329129695892
0.0352220535278
0.0330429077148
0.0366299152374
0.0434339046478
0.044163942337
0.0308930873871
0.0310490131378
0.0311980247498
0.0313429832458
0.04873919487
0.0490081310272
0.0493061542511
0.0529930591583
0.0336821079254
0.0339810848236
0.0342690944672
0.0375440120697
0.0406119823456
0.0470609664917
0.048036813736
0.0511939525604
0.0331900119781
0.0340609550476
0.0401451587677
0.0488150119781
0.0338568687439
0.0342199802399
0.0344748497009
0.0381228923798
0.0297660827637
0.0346450805664
0.0381910800934
0.0388929843903
0.0230641365051
0.0271210670471
0.0317080020905
0.0359539985657
0.0257041454315
0.0258741378784
0.0301959514618
0.0348951816559
0.0435481071472
0.0438530445099
0.0460131168365
0.0527589321136
0.0311779975891
0.031347990036
0.036602973938
0.0406692028046
0.0246901512146
0.0300240516663
0.0303530693054
0.0333690643311
0.0426409244537
0.048996925354
0.0549159049988
0.0558140277863
0.0274391174316
0.0282521247864
0.0331289768219
0.0350971221924
0.03498005867
0.0356259346008
0.0362169742584
0.0399279594421
0.0437998771667
0.0441138744354
0.0444178581238
0.0448050498962
0.038843870163
0.0397589206696
0.0420248508453
0.0485827922821
0.02654504776
0.0279848575592
0.0333669185638
0.0395250320435
0.0268518924713
0.0303440093994
0.0334770679474
0.0407140254974
0.0348749160767
0.0357468128204
0.0397047996521
0.0450069904327
0.0320219993591
0.0337390899658
0.0344679355621
0.0351579189301
0.0314970016479
0.0332100391388
0.0339050292969
0.0343449115753
0.0296990871429
0.0313081741333
0.0324079990387
0.0329480171204
0.0437610149384
0.0460782051086
0.0513150691986
0.051863193512
0.026046037674
0.0273439884186
0.0275008678436
0.0276439189911
0.0330078601837
0.0333018302917
0.0336449146271
0.0356390476227
0.0418169498444
0.0420320034027
0.0425300598145
0.0437889099121
0.0306899547577
0.0397129058838
0.0405778884888
0.0413808822632
0.0341689586639
0.0350029468536
0.0358600616455
0.0364758968353
0.027309179306
0.027496099472
0.0340240001678
0.0397629737854
0.028872013092
0.02911901474
0.0293719768524
0.0299758911133
0.0350258350372
0.035187959671
0.0353648662567
0.0355188846588
0.0417051315308
0.0418570041656
0.0420010089874
0.0425951480865
0.0353779792786
0.0355291366577
0.0380401611328
0.0414841175079
0.0330979824066
0.0483498573303
0.0501108169556
0.0503950119019
0.0305290222168
0.0354988574982
0.035875082016
0.0360538959503
0.0300300121307
0.0302329063416
0.0304310321808
0.0306859016418
0.029855966568
0.0422670841217
0.0424551963806
0.0471570491791
0.0466268062592
0.0469779968262
0.0472707748413
0.0474538803101
0.034380197525
0.0455431938171
0.0461599826813
0.0472230911255
0.0332698822021
0.0334229469299
0.0335838794708
0.0337700843811
0.0389149188995
0.0400159358978
0.0410799980164
0.0413091182709
0.0288889408112
0.0327100753784
0.0335080623627
0.0370559692383
0.0337018966675
0.0339229106903
0.0353479385376
0.0378739833832
0.0268337726593
0.0269949436188
0.0271439552307
0.0323858261108
0.0306890010834
0.0397570133209
0.0399038791656
0.0424089431763
0.0273020267487
0.0279738903046
0.0301258563995
0.0354759693146
0.049458026886
0.0498998165131
0.0535728931427
0.0544648170471
0.0319809913635
0.0321989059448
0.0396978855133
0.0398528575897
0.0301120281219
0.0302731990814
0.0304181575775
0.0305581092834
0.0366830825806
0.0369939804077
0.037290096283
0.0389821529388
0.0399191379547
0.0400850772858
0.0462532043457
0.0487191677094
0.0301718711853
0.0304780006409
0.0334990024567
0.0389378070831
0.0305199623108
0.031653881073
0.0330450534821
0.0389108657837
0.0320069789886
0.035327911377
0.0416538715363
0.0553069114685
0.0445890426636
0.046441078186
0.0538430213928
0.0550720691681
0.0298709869385
0.030727148056
0.0342180728912
0.0406000614166
0.0448000431061
0.0453069210052
0.0460360050201
0.0487139225006
0.0295557975769
0.0300769805908
0.0333118438721
0.0361559391022
0.0333330631256
0.0334889888763
0.0336351394653
0.0337800979614
0.0394859313965
0.0399458408356
0.0401239395142
0.0403029918671
0.0447080135345
0.0449829101562
0.0452058315277
0.0454280376434
0.0246579647064
0.0275731086731
0.0305631160736
0.0334739685059
0.0394868850708
0.0449478626251
0.0515220165253
0.0521459579468
0.0333919525146
0.0342040061951
0.0349628925323
0.0356328487396
0.0330069065094
0.0350389480591
0.0352559089661
0.0354518890381
0.02894115448
0.0296649932861
0.0305740833282
0.0347831249237
0.0288770198822
0.0292689800262
0.0294570922852
0.0359909534454
0.0290088653564
0.0314218997955
0.0316300392151
0.0343158245087
0.0264279842377
0.0265970230103
0.0267560482025
0.0269079208374
0.0295960903168
0.0297620296478
0.0396389961243
0.0398190021515
0.0424151420593
0.0428941249847
0.0437970161438
0.045264005661
0.0355131626129
0.0356760025024
0.0358150005341
0.0359880924225
0.0365800857544
0.0390450954437
0.0444948673248
0.0457990169525
0.038831949234
0.0390038490295
0.0391600131989
0.0509750843048
0.036698102951
0.0370700359344
0.0419230461121
0.0435950756073
0.028785943985
0.0375730991364
0.0381791591644
0.0391700267792
0.0312700271606
0.0323889255524
0.0362949371338
0.0425019264221
0.0345959663391
0.0347759723663
0.0350098609924
0.0352110862732
0.0379438400269
0.038162946701
0.0384759902954
0.0413110256195
0.0301909446716
0.0303580760956
0.0305380821228
0.0306990146637
0.036416053772
0.036679983139
0.0368559360504
0.0370218753815
0.0471479892731
0.0473351478577
0.0475039482117
0.0476820468903
0.0280418395996
0.0281999111176
0.0412678718567
0.0425069332123
0.039235830307
0.0473170280457
0.0505199432373
0.0522949695587
0.0447149276733
0.0456471443176
0.0468380451202
0.0486381053925
0.0350751876831
0.0430171489716
0.0437459945679
0.0443520545959
0.0398211479187
0.0410370826721
0.0428910255432
0.0436341762543
0.0388858318329
0.0394270420074
0.0402669906616
0.0410499572754
0.0571718215942
0.0576279163361
0.0580518245697
0.0584168434143
0.0328688621521
0.0337369441986
0.0344910621643
0.0350790023804
0.0292291641235
0.0294380187988
0.0339770317078
0.0395641326904
0.0312728881836
0.0314719676971
0.0358989238739
0.0397379398346
0.0323438644409
0.0379610061646
0.0428900718689
0.0466859340668
0.0464019775391
0.046578168869
0.0566370487213
0.0567901134491
0.0411489009857
0.0415010452271
0.0420560836792
0.0424900054932
0.0353879928589
0.0355949401855
0.0357480049133
0.0358939170837
0.0364768505096
0.036652803421
0.03679895401
0.0396049022675
0.0298140048981
0.0300350189209
0.0316569805145
0.0349929332733
0.031172990799
0.0313401222229
0.0441980361938
0.0443830490112
0.0327610969543
0.0329220294952
0.0330760478973
0.0332441329956
0.0314149856567
0.0316660404205
0.0318880081177
0.0352790355682
0.0273761749268
0.0283651351929
0.0323212146759
0.0366899967194
0.0349929332733
0.036712884903
0.0389199256897
0.0417308807373
0.0335419178009
0.03542304039
0.0355799198151
0.0357260704041
0.0241630077362
0.0253899097443
0.0322618484497
0.0374579429626
0.0310621261597
0.0312230587006
0.0313711166382
0.031524181366
0.0260307788849
0.0273668766022
0.0320048332214
0.0353419780731
0.0331978797913
0.0352299213409
0.0378949642181
0.0398819446564
0.0365378856659
0.036691904068
0.0368368625641
0.0369749069214
0.031564950943
0.0317440032959
0.0319011211395
0.0360610485077
0.0385191440582
0.0390751361847
0.0396311283112
0.0401120185852
0.0267128944397
0.0269460678101
0.0305678844452
0.0371859073639
0.0339841842651
0.0341491699219
0.0343019962311
0.0344581604004
0.0332431793213
0.0333981513977
0.0335371494293
0.0393621921539
0.0387470722198
0.0389039516449
0.0390429496765
0.0391850471497
0.0323939323425
0.0325789451599
0.0350019931793
0.0390529632568
0.0324630737305
0.0326340198517
0.03280210495
0.0329511165619
0.036346912384
0.0365228652954
0.0366749763489
0.0368268489838
0.0348958969116
0.0352339744568
0.0356349945068
0.0363140106201
0.0367670059204
0.0369279384613
0.0370709896088
0.0372130870819
0.0264930725098
0.0266540050507
0.0301270484924
0.032613992691
0.0280508995056
0.0327868461609
0.0330939292908
0.0332469940186
0.0274138450623
0.0275690555573
0.0277090072632
0.0298969745636
0.0281760692596
0.0283770561218
0.0319499969482
0.0361630916595
0.0267698764801
0.0269348621368
0.0299439430237
0.0335538387299
0.0298569202423
0.0301189422607
0.0363259315491
0.0447769165039
0.0267379283905
0.0269019603729
0.0274949073792
0.0308270454407
0.0261180400848
0.0269711017609
0.0282781124115
0.0301201343536
0.0366678237915
0.0420818328857
0.0427198410034
0.0433478355408
0.033753156662
0.0339059829712
0.03404712677
0.0367991924286
0.0460870265961
0.046257019043
0.0464110374451
0.0465581417084
0.0327007770538
0.0329098701477
0.0330669879913
0.036120891571
0.0259079933167
0.0329508781433
0.0381038188934
0.0407638549805
0.0330181121826
0.0336000919342
0.0337951183319
0.0341050624847
0.054496049881
0.054790019989
0.0549960136414
0.0551819801331
0.0709600448608
0.0737888813019
0.0739390850067
0.0829300880432
0.0334310531616
0.0336351394653
0.0364260673523
0.0437700748444
0.0386698246002
0.0390799045563
0.0395359992981
0.0399298667908
0.0338621139526
0.0344331264496
0.0382030010223
0.0384922027588
0.033497095108
0.0336561203003
0.0338070392609
0.0339500904083
0.0300569534302
0.0302541255951
0.0339391231537
0.0346119403839
0.028589963913
0.0287528038025
0.0312488079071
0.0415489673615
0.0453960895538
0.0458970069885
0.0483272075653
0.0508592128754
0.0314290523529
0.0370500087738
0.0521421432495
0.0558550357819
0.0292708873749
0.0294530391693
0.0319769382477
0.0365040302277
0.0458331108093
0.0459930896759
0.0461349487305
0.0520379543304
0.0280759334564
0.0288109779358
0.0295350551605
0.0302929878235
0.0406379699707
0.0463490486145
0.0489928722382
0.0497999191284
0.0288240909576
0.0293600559235
0.0357851982117
0.0359320640564
0.0276138782501
0.0284509658813
0.0319237709045
0.0376589298248
0.0374908447266
0.0376448631287
0.037782907486
0.0379259586334
0.043478012085
0.043653011322
0.043802022934
0.0482590198517
0.0393640995026
0.0395390987396
0.0397310256958
0.0399239063263
0.0337240695953
0.0339560508728
0.0341300964355
0.0349071025848
0.0590550899506
0.0595479011536
0.0703370571136
0.0725259780884
0.0319278240204
0.0334038734436
0.0341520309448
0.0347499847412
0.0295538902283
0.0308389663696
0.0362119674683
0.0420188903809
0.0319561958313
0.0321230888367
0.0322780609131
0.0333499908447
0.0295770168304
0.0297281742096
0.02987408638
0.0300371646881
0.0252349376678
0.0253899097443
0.0354437828064
0.0358438491821
0.0293550491333
0.033872127533
0.0355219841003
0.0554261207581
0.0356600284576
0.0359442234039
0.0360910892487
0.0362391471863
0.0322890281677
0.0324790477753
0.0326879024506
0.0339119434357
0.0294029712677
0.0297448635101
0.0353109836578
0.0422677993774
0.02894115448
0.0291450023651
0.0292952060699
0.0323071479797
0.0297350883484
0.0298891067505
0.0300331115723
0.038868188858
0.0351037979126
0.0379278659821
0.0424568653107
0.0465450286865
0.0382969379425
0.0457079410553
0.0458869934082
0.0460457801819
0.030748128891
0.0340549945831
0.0369911193848
0.0453569889069
0.0514550209045
0.0519399642944
0.0524778366089
0.0573480129242
0.0309820175171
0.031172990799
0.0313339233398
0.0326280593872
0.0322439670563
0.0350611209869
0.0352511405945
0.035854101181
0.0328330993652
0.0329911708832
0.0348470211029
0.0386731624603
0.0286748409271
0.0290448665619
0.0453388690948
0.0530848503113
0.0523459911346
0.0560719966888
0.0605518817902
0.0622799396515
0.0680999755859
0.068293094635
0.0684559345245
0.068598985672
0.0325210094452
0.0326890945435
0.0333881378174
0.0453011989594
0.0273330211639
0.0276920795441
0.0303919315338
0.034863948822
0.0352990627289
0.0354840755463
0.0356528759003
0.0358800888062
0.0370669364929
0.0372459888458
0.0374069213867
0.0375628471375
0.0291359424591
0.0432629585266
0.0483100414276
0.0520739555359
0.0271389484406
0.0274958610535
0.0346779823303
0.0356230735779
0.0318491458893
0.0353989601135
0.0404999256134
0.0455350875854
0.0336740016937
0.0338220596313
0.0339660644531
0.0340988636017
0.0333349704742
0.0369250774384
0.0370829105377
0.0391640663147
0.0288779735565
0.0292730331421
0.033420085907
0.0348470211029
0.034462928772
0.0348618030548
0.0352568626404
0.042261838913
0.0350289344788
0.0354058742523
0.0356168746948
0.0358259677887
0.0451810359955
0.0453522205353
0.048150062561
0.0483820438385
0.0289030075073
0.0297849178314
0.0332019329071
0.0343518257141
0.0337538719177
0.0345418453217
0.034924030304
0.0385179519653
0.0520830154419
0.052258014679
0.0663900375366
0.0674579143524
0.0334858894348
0.0341680049896
0.0348300933838
0.0353879928589
0.0316619873047
0.0372149944305
0.0473408699036
0.0485157966614
0.0324230194092
0.0331120491028
0.0363619327545
0.0369429588318
0.0336580276489
0.0343420505524
0.0349040031433
0.0354850292206
0.0368530750275
0.0375430583954
0.0381491184235
0.0388112068176
0.037456035614
0.0381979942322
0.0389010906219
0.0395319461823
0.037045955658
0.0377080440521
0.0386819839478
0.0395901203156
0.0332200527191
0.0333750247955
0.0335230827332
0.0367701053619
0.0277950763702
0.0279459953308
0.0316121578217
0.0368092060089
0.0328330993652
0.0329811573029
0.0337090492249
0.0395660400391
0.0365700721741
0.0367269515991
0.0368719100952
0.0394361019135
0.0283350944519
0.0285000801086
0.0351040363312
0.0402500629425
0.0248398780823
0.0249929428101
0.0251388549805
0.0351390838623
0.0280959606171
0.0293819904327
0.030709028244
0.0319001674652
0.0329401493073
0.0331201553345
0.0332779884338
0.0334379673004
0.0290739536285
0.029235124588
0.0293769836426
0.0334610939026
0.0246059894562
0.0250010490417
0.0283370018005
0.0325779914856
0.0279588699341
0.0281920433044
0.0315799713135
0.0329508781433
0.0359930992126
0.0361461639404
0.0362961292267
0.0517649650574
0.0307989120483
0.034775018692
0.0366580486298
0.0453350543976
0.0301661491394
0.0354831218719
0.0392460823059
0.040018081665
0.0298910140991
0.0375320911407
0.0385160446167
0.0396201610565
0.0392971038818
0.0399310588837
0.0404450893402
0.0409460067749
0.0363409519196
0.0368690490723
0.0374190807343
0.0379719734192
0.0387229919434
0.0389211177826
0.0390861034393
0.0392420291901
0.0280079841614
0.0281639099121
0.0283329486847
0.0331649780273
0.0272171497345
0.0273699760437
0.0355579853058
0.0388090610504
0.0327680110931
0.032931804657
0.0330829620361
0.033243894577
0.0361731052399
0.0442130565643
0.0448949337006
0.0456058979034
0.0467510223389
0.047455072403
0.0480608940125
0.0487539768219
0.0369911193848
0.0376069545746
0.0382571220398
0.0415561199188
0.0360901355743
0.0369551181793
0.0371232032776
0.0391230583191
0.0266199111938
0.0329439640045
0.0471050739288
0.0477719306946
0.0265371799469
0.0276210308075
0.0310361385345
0.0342881679535
0.0287249088287
0.0295250415802
0.0338129997253
0.0415930747986
0.0382459163666
0.0390939712524
0.0445740222931
0.0461430549622
0.033401966095
0.0358309745789
0.0364370346069
0.0413160324097
0.0359318256378
0.0386698246002
0.0427877902985
0.0517618656158
0.0326321125031
0.0327970981598
0.032958984375
0.040491104126
0.0293211936951
0.0298280715942
0.0305790901184
0.0337800979614
0.0317962169647
0.0338170528412
0.0340261459351
0.0353820323944
0.0308780670166
0.0331010818481
0.0401289463043
0.0416340827942
0.0303289890289
0.0353000164032
0.0390968322754
0.0419850349426
0.0339779853821
0.0349559783936
0.0393371582031
0.0455479621887
0.0333199501038
0.0340139865875
0.034686088562
0.035325050354
0.0312519073486
0.0315229892731
0.0316820144653
0.0318250656128
0.0278480052948
0.0311479568481
0.0316290855408
0.0321660041809
0.0349180698395
0.0356950759888
0.0363099575043
0.0369589328766
0.0425989627838
0.0435779094696
0.0443968772888
0.0450630187988
0.0390150547028
0.0440909862518
0.04851603508
0.056263923645
0.0311770439148
0.0313820838928
0.0349440574646
0.0378229618073
0.0337209701538
0.034569978714
0.0351769924164
0.0358111858368
0.0355880260468
0.0357761383057
0.0394330024719
0.0468049049377
0.0450079441071
0.045243024826
0.0537898540497
0.0539629459381
0.0360808372498
0.0481040477753
0.0503449440002
0.0518808364868
0.0287499427795
0.0289218425751
0.0290968418121
0.0322580337524
0.0349559783936
0.0351288318634
0.0353050231934
0.0354669094086
0.0276899337769
0.0279848575592
0.0310909748077
0.0333390235901
0.0309760570526
0.0322589874268
0.0348200798035
0.0389981269836
0.0270349979401
0.0273921489716
0.0302290916443
0.0334610939026
0.0283639431
0.0305209159851
0.0343310832977
0.0382890701294
0.0221300125122
0.0224430561066
0.0281620025635
0.0311870574951
0.0283279418945
0.0284998416901
0.0390498638153
0.0453069210052
0.0257067680359
0.0263028144836
0.0338268280029
0.0341877937317
0.0324618816376
0.0326180458069
0.0327639579773
0.0329349040985
0.0371499061584
0.037309885025
0.037449836731
0.0376009941101
0.0446810722351
0.0448479652405
0.0450029373169
0.0451550483704
0.0328359603882
0.0329930782318
0.0418319702148
0.0419828891754
0.0269989967346
0.0271661281586
0.0273220539093
0.0292150974274
0.0378141403198
0.0381660461426
0.0388121604919
0.0395309925079
0.0290241241455
0.0344729423523
0.0347540378571
0.0350110530853
0.0418210029602
0.0419969558716
0.0478510856628
0.0510709285736
0.0269780158997
0.0271480083466
0.0272932052612
0.0274341106415
0.0406558513641
0.0429549217224
0.04620885849
0.0492289066315
0.0385859012604
0.0451970100403
0.0465140342712
0.0469770431519
0.0369629859924
0.0376038551331
0.0380890369415
0.0383939743042
0.0282080173492
0.030818939209
0.0309839248657
0.0337190628052
0.0453579425812
0.0455319881439
0.0504360198975
0.0506258010864
0.0293328762054
0.0295419692993
0.0297119617462
0.0298748016357
0.031594991684
0.0319170951843
0.0322241783142
0.034048080444