0.032329082489
0.0326759815216
0.0329751968384
0.0332431793213
0.0368740558624
0.0374181270599
0.0380129814148
0.0386960506439
0.0431640148163
0.0441648960114
0.0448520183563
0.0456900596619
0.0335750579834
0.034520149231
0.0352129936218
0.035884141922
0.038852930069
0.0395579338074
0.0405950546265
0.0414009094238
0.0342228412628
0.0347838401794
0.0352098941803
0.0354330539703
0.0332791805267
0.0348379611969
0.0358710289001
0.0392410755157
0.036728143692
0.0369141101837
0.0517060756683
0.0519030094147
0.0307099819183
0.0308828353882
0.0310349464417
0.0311808586121
0.0371990203857
0.0373899936676
0.0375320911407
0.0443348884583
0.0277709960938
0.0280048847198
0.0404918193817
0.0426449775696
0.0407998561859
0.0409808158875
0.0411388874054
0.0413370132446
0.0310270786285
0.0425231456757
0.0435969829559
0.0493581295013
0.0365760326385
0.037113904953
0.0376598834991
0.0384840965271
0.0430648326874
0.044264793396
0.0460968017578
0.047376871109
0.0308718681335
0.0310959815979
0.0342578887939
0.0373969078064
0.0333077907562
0.0334839820862
0.0336439609528
0.0367829799652
0.0257079601288
0.0285830497742
0.0334730148315
0.0416560173035
0.0335869789124
0.0372378826141
0.0374019145966
0.043231010437
0.0251638889313
0.0253260135651
0.0254800319672
0.0319130420685
0.0326719284058
0.0328450202942
0.0329928398132
0.0403568744659
0.0439651012421
0.0441591739655
0.0477709770203
0.0481150150299
0.0393741130829
0.0507760047913
0.0510079860687
0.0511660575867
0.0391190052032
0.0420150756836
0.0482199192047
0.0555191040039
0.0330419540405
0.0332090854645
0.041955947876
0.0421259403229
0.0322108268738
0.0323660373688
0.0325078964233
0.032646894455
0.0308721065521
0.0310561656952
0.0312201976776
0.0318841934204
0.0258910655975
0.0260448455811
0.0278098583221
0.0313069820404
0.0267629623413
0.0269420146942
0.0291249752045
0.0334000587463
0.0367767810822
0.0370888710022
0.0372779369354
0.0374448299408
0.0345768928528
0.036602973938
0.0415680408478
0.0448579788208
0.0380070209503
0.0381660461426
0.0383069515228
0.0384509563446
0.0379719734192
0.0381309986115
0.0382699966431
0.0389640331268
0.0258839130402
0.0260519981384
0.0317480564117
0.0336110591888
0.0325090885162
0.0326700210571
0.0328481197357
0.0335459709167
0.0368349552155
0.0370061397552
0.0371670722961
0.0394520759583
0.0225570201874
0.0250840187073
0.0314049720764
0.0339479446411
0.0390758514404
0.0393087863922
0.0395038127899
0.0399668216705
0.0365350246429
0.0372750759125
0.0383160114288
0.0390908718109
0.0280430316925
0.0357210636139
0.0360240936279
0.036288022995
0.0475468635559
0.0510659217834
0.0513129234314
0.0516159534454
0.0332300662994
0.0377440452576
0.0380580425262
0.0404090881348
0.0319008827209
0.0385789871216
0.0462789535522
0.046452999115
0.0310859680176
0.0312490463257
0.035392999649
0.0395610332489
0.0285229682922
0.0287230014801
0.0297131538391
0.0347120761871
0.0304639339447
0.0306451320648
0.0355861186981
0.0409340858459
0.0312089920044
0.0313699245453
0.0340609550476
0.0386350154877
0.0276658535004
0.0374000072479
0.0385708808899
0.0482578277588
0.0384709835052
0.0392549037933
0.0404930114746
0.0412509441376
0.037623167038
0.0377819538116
0.0379431247711
0.0424530506134
0.0465929508209
0.0467879772186
0.0469408035278
0.047091960907
0.0374090671539
0.041228055954
0.041403055191
0.0415501594543
0.0371668338776
0.0377678871155
0.0400040149689
0.0407168865204
0.0267617702484
0.0269229412079
0.0346508026123
0.0348169803619
0.0269711017609
0.0271551609039
0.0273230075836
0.0335421562195
0.0453450679779
0.0457339286804
0.0560810565948
0.0569291114807
0.0483989715576
0.0492041110992
0.04993891716
0.0636389255524
0.033478975296
0.0337719917297
0.035884141922
0.0373749732971
0.0365498065948
0.0380969047546
0.0388159751892
0.0394728183746
0.042760848999
0.0433769226074
0.0442299842834
0.0464599132538
0.039274930954
0.0394310951233
0.0396990776062
0.0400331020355
0.0287261009216
0.0296840667725
0.0313491821289
0.0390131473541
0.0317978858948
0.0329220294952
0.0347609519958
0.0422580242157
0.0312609672546
0.0319890975952
0.0329051017761
0.0337328910828
0.0371220111847
0.0384900569916
0.0392379760742
0.0399971008301
0.0325031280518
0.0327701568604
0.0330591201782
0.0389239788055
0.0294969081879
0.0296800136566
0.0298550128937
0.030021905899
0.0309360027313
0.0311069488525
0.0349678993225
0.0381770133972
0.0272130966187
0.0277910232544
0.0291891098022
0.0310909748077
0.0394909381866
0.0453610420227
0.0464119911194
0.0469470024109
0.0328249931335
0.0330591201782
0.0375480651855
0.0443360805511
0.0372610092163
0.0374929904938
0.047415971756
0.0532629489899
0.032506942749
0.0331621170044
0.0339131355286
0.0345449447632
0.0287687778473
0.028972864151
0.0297949314117
0.033154964447
0.0346961021423
0.0447130203247
0.0505230426788
0.0508141517639
0.0382549762726
0.0414199829102
0.04678606987
0.0471251010895
0.0313401222229
0.0316500663757
0.0505301952362
0.0577440261841
0.0355169773102
0.0356769561768
0.0358240604401
0.0359840393066
0.0291290283203
0.0305309295654
0.0344910621643
0.038253068924
0.0451509952545
0.0470747947693
0.0489230155945
0.0535998344421
0.0293350219727
0.0295789241791
0.0297420024872
0.0299758911133
0.0265538692474
0.0267260074615
0.0280230045319
0.0325198173523
0.0321838855743
0.0328359603882
0.0333280563354
0.0337789058685
0.031594991684
0.032546043396
0.0334911346436
0.0385110378265
0.0369780063629
0.0487351417542
0.0500771999359
0.05353307724
0.0527079105377
0.0802278518677
0.0886459350586
0.0996909141541
0.0442039966583
0.0443727970123
0.0445339679718
0.0446929931641
0.0272829532623
0.0294950008392
0.0346128940582
0.0404009819031
0.0337219238281
0.0340158939362
0.0346868038177
0.0356588363647
0.0291149616241
0.0345680713654
0.0373480319977
0.0375871658325
0.0656189918518
0.0658128261566
0.0659790039062
0.066342830658
0.0761399269104
0.0769379138947
0.0776629447937
0.0783250331879
0.0539920330048
0.0672461986542
0.0688002109528
0.0711750984192
0.0318448543549
0.0325310230255
0.0358638763428
0.0414249897003
0.0243928432465
0.0451099872589
0.0461800098419
0.0469288825989
0.0335159301758
0.0340440273285
0.0345568656921
0.035108089447
0.0352940559387
0.0403289794922
0.0454480648041
0.0505211353302
0.0343248844147
0.0403878688812
0.0480599403381
0.053524017334
0.0358538627625
0.0434198379517
0.0491468906403
0.0553839206696
0.0339050292969
0.0420770645142
0.0479030609131
0.0541479587555
0.0260751247406
0.0345649719238
0.0387890338898
0.042582988739
0.0309951305389
0.0314359664917
0.0317420959473
0.0410211086273
0.0439839363098
0.0441410541534
0.0442819595337
0.0444219112396
0.0395760536194
0.0397741794586
0.0399401187897
0.0451910495758
0.0326399803162
0.0396420955658
0.0420961380005
0.0448620319366
0.0346891880035
0.0348701477051
0.0350370407104
0.0406939983368
0.0369808673859
0.0371518135071
0.0373849868774
0.0376269817352
0.0300209522247
0.0301840305328
0.0303649902344
0.0345039367676
0.0291101932526
0.0292720794678
0.0354251861572
0.0434889793396
0.0340609550476
0.0342669487
0.041072845459
0.0513410568237
0.0386979579926
0.0458130836487
0.0498039722443
0.0533630847931
0.0267469882965
0.0355150699615
0.0356869697571
0.0358500480652
0.0321378707886
0.0323050022125
0.036581993103
0.0440890789032
0.0348870754242
0.0365550518036
0.0418410301208
0.0426340103149
0.0401470661163
0.0412421226501
0.0419871807098
0.0427620410919
0.0315160751343
0.0316841602325
0.0392410755157
0.0394501686096
0.0315141677856
0.0317471027374
0.0319101810455
0.03493309021
0.0317091941833
0.0391499996185
0.0396552085876
0.048465013504
0.0374441146851
0.0392260551453
0.0411660671234
0.0418410301208
0.027116060257
0.027801990509
0.0442080497742
0.0449571609497
0.0369479656219
0.0376269817352
0.0382649898529
0.0389468669891
0.0302081108093
0.0304040908813
0.0305440425873
0.0384781360626
0.0280480384827
0.0395090579987
0.0499310493469
0.0504050254822
0.0394418239594
0.0407798290253
0.0448558330536
0.0511128902435
0.0263628959656
0.0306179523468
0.0351037979126
0.0391328334808
0.0247631072998
0.0249240398407
0.0289971828461
0.0335211753845
0.0404629707336
0.040757894516
0.0410389900208
0.0440440177917
0.0368399620056
0.0370168685913
0.0444400310516
0.0446648597717
0.0263109207153
0.0268790721893
0.0321531295776
0.0347249507904
0.0361340045929
0.0443048477173
0.0494868755341
0.0512499809265
0.0329120159149
0.0331099033356
0.0332939624786
0.0372459888458
0.0336239337921
0.0380420684814
0.0413990020752
0.0434999465942
0.0570030212402
0.0603671073914
0.0616021156311
0.0621621608734
0.0331189632416
0.0383789539337
0.0410039424896
0.0450620651245
0.0295560359955
0.0300559997559
0.0306160449982
0.0311470031738
0.0314178466797
0.0316069126129
0.0319149494171
0.0341908931732
0.0455720424652
0.0459589958191
0.0463440418243
0.0466940402985
0.0293419361115
0.0317630767822
0.0475270748138
0.0503959655762
0.030641078949
0.0308349132538
0.0488979816437
0.0503718852997
0.0346920490265
0.0351870059967
0.0378119945526
0.0459599494934
0.0411579608917
0.0419938564301
0.0469739437103
0.0509288311005
0.03928399086
0.0398030281067
0.0418779850006
0.0480360984802
0.0325870513916
0.0361320972443
0.0399720668793
0.0472190380096
0.0365400314331
0.0367000102997
0.0368418693542
0.0374858379364
0.0348429679871
0.0360929965973
0.0367879867554
0.0375430583954
0.0347681045532
0.0363421440125
0.0375380516052
0.0419971942902
0.0325989723206
0.0337779521942
0.0343399047852
0.0350618362427
0.0353989601135
0.0361359119415
0.036838054657
0.0374760627747
0.0438170433044
0.0519030094147
0.0522449016571
0.0524258613586
0.0295078754425
0.0305440425873
0.0307638645172
0.0383749008179
0.0273969173431
0.0382471084595
0.0393049716949
0.0398418903351
0.0339479446411
0.0349450111389
0.0481858253479
0.0487987995148
0.0419960021973
0.0421509742737
0.0422990322113
0.0424470901489
0.0349750518799
0.0367109775543
0.0374908447266
0.0382869243622
0.0292749404907
0.0299971103668
0.0306580066681
0.0315179824829
0.0371930599213
0.0373539924622
0.0375030040741
0.0376529693604
0.0334570407867
0.0354270935059
0.0363941192627
0.0374381542206
0.0318598747253
0.0320229530334
0.032164812088
0.037125825882
0.02721118927
0.0377991199493
0.0382151603699
0.0469691753387
0.0309460163116
0.0315539836884
0.03235912323
0.0330669879913
0.0430209636688
0.0524110794067
0.0541059970856
0.0689499378204
0.0479578971863
0.0481209754944
0.0482668876648
0.0507860183716
0.0325980186462
0.0332751274109
0.0341989994049
0.0352470874786
0.0276820659637
0.0278549194336
0.029876947403
0.0348958969116
0.0342688560486
0.0344338417053
0.0345838069916
0.0391910076141
0.0395829677582
0.0415289402008
0.0507690906525
0.0518000125885
0.0423028469086
0.0429649353027
0.0436367988586
0.0442419052124
0.0361850261688
0.0363330841064
0.0364780426025
0.0366179943085
0.0426800251007
0.042867898941
0.0430219173431
0.0431730747223
0.0285959243774
0.0287821292877
0.033429145813
0.0419421195984
0.0339820384979
0.0348949432373
0.0354089736938
0.0361399650574
0.0334351062775
0.0342161655426
0.0368671417236
0.0377590656281
0.0348360538483
0.0414140224457
0.0415780544281
0.0417230129242
0.0335788726807
0.0337519645691
0.03391289711
0.0376060009003
0.0400831699371
0.0407199859619
0.0413739681244
0.0420060157776
0.0379159450531
0.0381970405579
0.0385460853577
0.0476520061493
0.0273959636688
0.0281748771667
0.0285727977753
0.0292148590088
0.040668964386
0.0408267974854
0.0498068332672
0.0499708652496
0.0305378437042
0.0335438251495
0.0380530357361
0.0416510105133
0.0275008678436
0.028599023819
0.0307698249817
0.0340929031372
0.0322799682617
0.0324699878693
0.0326430797577
0.0328481197357
0.0390639305115
0.0392398834229
0.0393979549408
0.0406348705292
0.0332450866699
0.0334091186523
0.0335850715637
0.0337369441986
0.0381648540497
0.0383520126343
0.0385210514069
0.0409638881683
0.0319049358368
0.0327639579773
0.0338110923767
0.0351319313049
0.0351250171661
0.0355229377747
0.0356941223145
0.0358481407166
0.0341250896454
0.034322977066
0.0344669818878
0.0346069335938
0.0288679599762
0.0290310382843
0.0317349433899
0.0370779037476
0.0441391468048
0.0456650257111
0.0458290576935
0.0479309558868
0.0328459739685
0.0335938930511
0.0344069004059
0.0380079746246
0.0375649929047
0.0377538204193
0.0379300117493
0.0544679164886
0.0381259918213
0.0391280651093
0.0400240421295
0.0412678718567
0.0566420555115
0.0620760917664
0.0626971721649
0.06818318367
0.0390951633453
0.0394260883331
0.0397069454193
0.043555021286
0.0269570350647
0.0326299667358
0.0380408763885
0.0450749397278
0.0366401672363
0.0450391769409
0.0529279708862
0.0561649799347
0.0655279159546
0.0662858486176
0.0740189552307
0.0798089504242
0.0522100925446
0.0523700714111
0.0525231361389
0.0526721477509
0.032087802887
0.0322458744049
0.0324058532715
0.0325548648834
0.0266928672791
0.0285270214081
0.0298569202423
0.0300359725952
0.044144153595
0.0520551204681
0.053474187851
0.061240196228
0.0391368865967
0.0392918586731
0.0394368171692
0.039577960968
0.03297996521
0.0337278842926
0.0369670391083
0.0437290668488
0.0318100452423
0.0319690704346
0.0321071147919
0.0322480201721
0.0289919376373
0.0291800498962
0.029335975647
0.0294950008392
0.0245277881622
0.0330209732056
0.0335478782654
0.0349168777466
0.0332641601562
0.0334300994873
0.0335810184479
0.0386700630188
0.0332930088043
0.03346991539
0.0336220264435
0.0341398715973
0.0273759365082
0.0333259105682
0.0421690940857
0.0434930324554
0.026524066925
0.0325019359589
0.0386400222778
0.0438721179962
0.0362539291382
0.036416053772
0.0387830734253
0.0477690696716
0.0339210033417
0.0340819358826
0.0373349189758
0.0409018993378
0.0265409946442
0.0365908145905
0.041209936142
0.0435378551483
0.0309779644012
0.0311288833618
0.0312719345093
0.0345900058746
0.0358991622925
0.0360701084137
0.0377621650696
0.0468480587006
0.0522899627686
0.0524799823761
0.052649974823
0.0545399188995
0.0289211273193
0.0328640937805
0.0377299785614
0.0432190895081
0.0348980426788
0.0393269062042
0.0455429553986
0.0500330924988
0.0302889347076
0.0312728881836
0.0341589450836
0.037752866745
0.0385339260101
0.045126914978
0.0474870204926
0.0522561073303
0.0392520427704
0.0408251285553
0.0415141582489
0.0444390773773
0.044606924057
0.04505610466
0.0454959869385
0.0457079410553
0.0323050022125
0.0324602127075
0.0326042175293
0.0327451229095
0.0253338813782
0.0255279541016
0.0282418727875
0.0313839912415
0.0363481044769
0.0365209579468
0.0416440963745
0.049015045166
0.0362141132355
0.0363750457764
0.0365259647369
0.0440809726715
0.029326915741
0.0296969413757
0.0298869609833
0.0300929546356
0.028883934021
0.0291230678558
0.0333859920502
0.0390639305115
0.035630941391
0.0358040332794
0.041827917099
0.0452461242676
0.0270309448242
0.0272350311279
0.0284810066223
0.0324029922485
0.0313098430634
0.0314729213715
0.0331869125366
0.036661863327
0.0304529666901
0.0361039638519
0.0400149822235
0.0411639213562
0.0320608615875
0.0322210788727
0.0338459014893
0.0368149280548
0.0345768928528
0.0379459857941
0.0419878959656
0.048271894455
0.0309610366821
0.0424470901489
0.0458669662476
0.0501260757446
0.0328521728516
0.0362930297852
0.0418951511383
0.047914981842
0.0264370441437
0.02751994133
0.0293080806732
0.0342929363251
0.033931016922
0.0340890884399
0.0387551784515
0.0493161678314
0.0282421112061
0.030492067337
0.0351240634918
0.0420291423798
0.0299282073975
0.0308420658112
0.0355172157288
0.0439121723175
0.0351688861847
0.0353579521179
0.0379180908203
0.0455830097198
0.0367670059204
0.0395510196686
0.0400841236115
0.0449941158295
0.035560131073
0.0365951061249
0.0372500419617
0.0379779338837
0.0377321243286
0.0379099845886
0.0380680561066
0.0392279624939
0.0389380455017
0.0392429828644
0.0395269393921
0.0478160381317
0.0380671024323
0.0384211540222
0.045047044754
0.0454421043396
0.0312919616699
0.0331749916077
0.0333578586578
0.0335419178009
0.0252540111542
0.0254611968994
0.030867099762
0.0356981754303
0.038153886795
0.0383138656616
0.0384588241577
0.0385990142822
0.036572933197
0.0380799770355
0.0424139499664
0.0442900657654
0.0542709827423
0.0563390254974
0.0585260391235
0.0592749118805
0.0325019359589
0.0335240364075
0.0378360748291
0.0385620594025
0.0370850563049
0.0380821228027
0.040647983551
0.0434150695801
0.0379431247711
0.0384840965271
0.0395379066467
0.0423939228058
0.0270969867706
0.0277519226074
0.0294167995453
0.0386037826538
0.0354738235474
0.0389809608459
0.0436170101166
0.045557975769
0.0283079147339
0.0285007953644
0.0396828651428
0.0417709350586
0.0530459880829
0.0535769462585
0.0541260242462
0.0546660423279
0.0319120883942
0.0320901870728
0.0322461128235
0.0323960781097
0.0329778194427
0.0331439971924
0.0400369167328
0.04021692276
0.0310781002045
0.0313310623169
0.0314819812775
0.0422060489655
0.0329120159149
0.0330989360809
0.0332510471344
0.0334000587463
0.037994146347
0.0383291244507
0.0479190349579
0.048238992691
0.0321259498596
0.0322999954224
0.0386838912964
0.0415740013123
0.0322699546814
0.0338208675385
0.0369820594788
0.0375900268555
0.0360178947449
0.0361800193787
0.0363218784332
0.0377340316772
0.0352380275726
0.0369198322296
0.037624835968
0.038272857666
0.033084154129
0.0336961746216
0.0343379974365
0.0503890514374
0.0307140350342
0.0370190143585
0.0383379459381
0.0423760414124
0.0322418212891
0.0346829891205
0.0374908447266
0.040501832962
0.0241329669952
0.0459139347076
0.0467188358307
0.0475859642029
0.0313231945038
0.0338680744171
0.0344760417938
0.0413570404053
0.0420980453491
0.0428140163422
0.0435020923615
0.0441720485687
0.0396721363068
0.0403270721436
0.0409660339355
0.0416920185089
0.040116071701
0.0408661365509
0.0416431427002
0.0423362255096
0.035961151123
0.0368211269379
0.0380201339722
0.0387229919434
0.0359890460968
0.0367510318756
0.0374629497528
0.0381000041962
0.046028137207
0.0465519428253
0.0470621585846
0.0475690364838
0.0322048664093
0.0332479476929
0.0342638492584
0.0354268550873
0.0240349769592
0.0465819835663
0.0471510887146
0.0476610660553
0.0323040485382
0.0328299999237
0.0361390113831
0.0419290065765
0.0276758670807
0.0313649177551
0.0343689918518
0.0349280834198
0.0357329845428
0.0362529754639
0.0394299030304
0.0442140102386
0.030659198761
0.0310170650482
0.0418632030487
0.0441222190857
0.0273330211639
0.0275030136108
0.0311000347137
0.0356130599976
0.025190114975
0.0255560874939
0.0294499397278
0.0329139232635
0.0312640666962
0.0350551605225
0.0390031337738
0.0411221981049
0.0352771282196
0.0460391044617
0.0466940402985
0.0471820831299
0.0340120792389
0.03422498703
0.0343790054321
0.0398859977722
0.042188167572
0.0423572063446
0.0425131320953
0.0485842227936
0.0339040756226
0.0344431400299
0.0397999286652
0.0523691177368
0.0395970344543
0.0399091243744
0.0402109622955
0.045107126236
0.0319330692291
0.0376842021942
0.0446820259094
0.0497231483459
0.0375480651855
0.0484731197357
0.0487010478973
0.0488750934601
0.039088010788
0.0395140647888
0.0399770736694
0.0404119491577
0.026193857193
0.0264248847961
0.029825925827
0.0328178405762
0.0312490463257
0.0314259529114
0.0397319793701
0.0463869571686
0.0263738632202
0.044949054718
0.0553689002991
0.0557990074158
0.0341711044312
0.0348210334778
0.0356101989746
0.0457332134247
0.0362501144409
0.0364229679108
0.0365691184998
0.0367140769958
0.0315618515015
0.0347027778625
0.0504989624023
0.0506699085236
0.0327069759369
0.0329031944275
0.0364601612091
0.0384750366211
0.0372090339661
0.0377531051636
0.0412321090698
0.0418970584869
0.0304880142212
0.0313258171082
0.0320789813995
0.0327990055084
0.0503580570221
0.0509250164032
0.0514800548553
0.0519950389862
0.0347690582275
0.0351438522339
0.0401530265808
0.0509648323059
0.0279989242554
0.0290558338165
0.0344529151917
0.038165807724
0.0358848571777
0.0398778915405
0.0445609092712
0.0508828163147
0.0341780185699
0.0343601703644
0.038407087326
0.0411372184753
0.0396330356598
0.0404210090637
0.0432271957397
0.0479700565338
0.0390131473541
0.0400471687317
0.0405540466309
0.04390001297
0.0301530361176
0.0374720096588
0.0378789901733
0.0383279323578
0.0360569953918
0.0374531745911
0.0426821708679
0.0561730861664
0.035991191864
0.038614988327
0.0392119884491
0.0417540073395
0.0307400226593
0.0314440727234
0.0368890762329
0.0463578701019
0.0273058414459
0.0298569202423
0.0351719856262
0.036031961441
0.0321497917175
0.0323579311371
0.0325078964233
0.0381488800049
0.0324220657349
0.0327551364899
0.0350389480591
0.0411350727081
0.0291728973389
0.0295329093933
0.0309748649597
0.0362370014191
0.0270581245422
0.0300121307373
0.0402641296387
0.0428440570831
0.0333461761475
0.0388491153717
0.0418500900269
0.0451681613922
0.0313711166382
0.0355019569397
0.0391449928284
0.040235042572
0.0352499485016
0.0358150005341
0.0364818572998
0.0372049808502
0.0454590320587
0.0461330413818
0.046835899353
0.0476698875427
0.0399599075317
0.0401449203491
0.0436069965363
0.0444309711456
0.0313441753387
0.0319821834564
0.0321800708771
0.0369551181793
0.0348460674286
0.0359969139099
0.0374550819397
0.0449600219727
0.0370700359344
0.0372438430786
0.0373959541321
0.0417749881744
0.0318880081177
0.0340979099274
0.0398008823395
0.0453488826752
0.0391721725464
0.0406260490417
0.0447270870209
0.0497660636902
0.0375909805298
0.0377418994904
0.037880897522
0.0395579338074
0.0415241718292
0.0438940525055
0.0466170310974
0.0534710884094
0.0278458595276
0.0288889408112
0.037339925766
0.0391540527344
0.0298788547516
0.0335597991943
0.0356428623199
0.0391099452972
0.0278360843658
0.0305979251862
0.0332870483398
0.0340030193329
0.0458030700684
0.0476009845734
0.0478370189667
0.0480239391327
0.0410270690918
0.0438451766968
0.0443639755249
0.0479190349579
0.0277090072632
0.0309669971466
0.0377130508423
0.0390050411224
0.0429220199585
0.0446591377258
0.0455060005188
0.0480580329895
0.0286591053009
0.0292370319366
0.0346910953522
0.0396130084991
0.0285630226135
0.0357329845428
0.0385050773621
0.0426139831543
0.0271620750427
0.027969121933
0.0288279056549
0.0371880531311
0.0386569499969
0.043995141983
0.0502541065216
0.051234960556
0.0414259433746
0.0420258045197
0.0426318645477
0.0434489250183
0.0372881889343
0.0379259586334
0.0391910076141
0.0514500141144
0.0279269218445
0.0281269550323
0.0296239852905
0.0345180034637
0.0282521247864
0.0291619300842
0.0322670936584
0.0353240966797
0.0316259860992
0.0344579219818
0.0430679321289
0.04381108284
0.0324378013611
0.0330438613892
0.0335569381714
0.034129858017
0.0331070423126
0.033627986908
0.0341701507568
0.0488750934601
0.0479989051819
0.0481607913971
0.0483119487762
0.0496599674225
0.0325770378113
0.0359828472137
0.0369708538055
0.0392899513245
0.0278491973877
0.0308201313019
0.039763212204
0.0447890758514
0.0378410816193
0.0380001068115
0.0381450653076
0.0382862091064
0.0362050533295
0.0373139381409
0.0413060188293
0.0444030761719
0.0398170948029
0.0399880409241
0.040148973465
0.0438339710236
0.0378079414368
0.0382959842682
0.0387539863586
0.0391459465027
0.0338020324707
0.0340981483459
0.0445680618286
0.0491421222687
0.0294349193573
0.0295920372009
0.0318598747253
0.0351009368896
0.0356378555298
0.0358250141144
0.0359909534454
0.0361568927765
0.0305149555206
0.0306689739227
0.0308089256287
0.0349929332733
0.0265491008759
0.0267379283905
0.0275299549103
0.035031080246
0.0302760601044
0.030445098877
0.0319681167603
0.0380861759186
0.0316841602325
0.0521800518036
0.0523371696472
0.052481174469
0.0564908981323
0.0567739009857
0.0570499897003
0.0573189258575
0.0358419418335
0.0360178947449
0.0361678600311
0.0397448539734
0.0401759147644
0.0403850078583
0.0405600070953
0.0407118797302
0.0437409877777
0.0439159870148
0.0440769195557
0.0442481040955
0.0301239490509
0.0302820205688
0.0304410457611
0.0305950641632
0.0354981422424
0.0356540679932
0.0358290672302
0.0366039276123
0.0281388759613
0.0283269882202
0.0284678936005
0.0357949733734
0.0344109535217
0.0345749855042
0.0420260429382
0.0421769618988
0.0351819992065
0.0359761714935
0.0374491214752
0.0387980937958
0.0351769924164
0.0361180305481
0.0370659828186
0.0460109710693
0.0306239128113
0.031359910965
0.0321328639984
0.0338938236237
0.023775100708
0.0298540592194
0.0378270149231
0.0411510467529
0.0331921577454
0.033420085907
0.0335869789124
0.0357120037079
0.0275540351868
0.0325179100037
0.0351040363312
0.0391430854797
0.0348329544067
0.0350189208984
0.0351819992065
0.0353398323059
0.0340180397034
0.0413830280304
0.0447480678558
0.0465829372406
0.046875
0.0486490726471
0.0494379997253
0.0503079891205
0.0303900241852
0.0312988758087
0.0358879566193
0.0366950035095
0.0328049659729
0.0334320068359
0.035187959671
0.0548849105835
0.0260360240936
0.0265679359436
0.0267491340637
0.0269131660461
0.0366649627686
0.0372121334076
0.0376710891724
0.0380809307098
0.0324659347534
0.0363490581512
0.0429658889771
0.0484199523926
0.0271489620209
0.0289390087128
0.0310969352722
0.0348818302155
0.030259847641
0.0308449268341
0.0313019752502
0.0406548976898
0.0366220474243
0.0471301078796
0.0474121570587
0.0479860305786
0.0288789272308
0.029198884964
0.0368630886078
0.0388300418854
0.0363740921021
0.0365290641785
0.0385460853577
0.0446569919586
0.0359909534454
0.0394179821014
0.0395660400391
0.044203042984
0.0392389297485
0.0396339893341
0.0479860305786
0.0482919216156
0.0350909233093
0.0352640151978
0.0354030132294
0.0397589206696
0.0429379940033
0.043142080307
0.0434131622314
0.0435769557953
0.0323481559753
0.032525062561
0.0326731204987
0.0369100570679
0.0294589996338
0.0296561717987
0.0324060916901
0.0404770374298
0.0362150669098
0.0365700721741
0.0368268489838
0.0436999797821
0.0316488742828
0.0318088531494
0.0375518798828
0.0381009578705
0.025407075882
0.0345940589905
0.0349490642548
0.0351839065552
0.0307719707489
0.0310070514679
0.0354909896851
0.0358200073242
0.0324800014496
0.0332379341125
0.0336699485779
0.034530878067
0.0364911556244
0.0366721153259
0.0368340015411
0.0369889736176
0.0469839572906
0.0471730232239
0.0473480224609
0.0475189685822
0.0302121639252
0.0303680896759
0.0305190086365
0.0345051288605
0.0378799438477
0.0381259918213
0.0383188724518
0.0385539531708
0.034322977066
0.0346660614014
0.0348629951477
0.0350329875946
0.0296998023987
0.029876947403
0.0301067829132
0.0312829017639
0.0355360507965
0.039048910141
0.0392179489136
0.0437939167023
0.0361499786377
0.0369160175323
0.0372021198273
0.0374329090118
0.0379500389099
0.0381419658661
0.0384690761566
0.0386919975281
0.0378580093384
0.0420699119568
0.0422358512878
0.0489039421082
0.0263910293579
0.0294649600983
0.0323820114136
0.0342788696289
0.0426819324493
0.0459539890289
0.0498428344727
0.0535449981689
0.0442209243774
0.0444090366364
0.0446310043335
0.0545830726624
0.0459110736847
0.0474150180817
0.0516021251678
0.055379152298
0.0371580123901
0.0373849868774
0.0375599861145
0.0483028888702
0.0360519886017
0.0431950092316
0.0446000099182
0.0477981567383
0.0331490039825
0.0334742069244
0.0345990657806
0.0386471748352
0.0323460102081
0.0363838672638
0.04030585289
0.0452089309692
0.0350980758667
0.0353000164032
0.0391981601715
0.041314125061
0.0344240665436
0.0345690250397
0.043662071228
0.046648979187
0.0521671772003
0.0529100894928
0.0544121265411
0.0590841770172
0.0308752059937
0.0318830013275
0.035884141922
0.0398790836334
0.0313630104065
0.0315189361572
0.0341620445251
0.0408589839935
0.0334770679474
0.0336310863495
0.0337741374969
0.0467450618744
0.0290989875793
0.0295610427856
0.0301430225372
0.0305988788605
0.0298318862915
0.0302400588989
0.0305449962616
0.0395419597626
0.0310668945312
0.0312519073486
0.03586602211
0.0402579307556
0.035099029541
0.0352540016174
0.035392999649
0.0449512004852
0.0305290222168
0.0306940078735
0.030846118927
0.0309901237488
0.0316050052643
0.0374341011047
0.0399980545044
0.0455651283264
0.034126996994
0.0377078056335
0.037969827652
0.0381579399109
0.0312039852142
0.0313608646393
0.0354089736938
0.0394198894501
0.0308179855347
0.0326569080353
0.0364289283752
0.0406608581543
0.054258108139
0.0548169612885
0.0553290843964
0.0557849407196
0.0473799705505
0.0477430820465
0.0480809211731
0.0483930110931
0.0403389930725
0.0415480136871
0.0424690246582
0.0432059764862
0.0446031093597
0.0453431606293
0.0457701683044
0.0464990139008
0.0354220867157
0.0359652042389
0.0364940166473
0.0369701385498
0.0383698940277
0.0390517711639
0.0397238731384
0.0404369831085
0.045156955719
0.0453259944916
0.0454750061035
0.0456168651581
0.031543970108
0.0317840576172
0.0320739746094
0.0365009307861
0.0309610366821
0.034184217453
0.0425910949707
0.0540652275085
0.0318608283997
0.0363688468933
0.0439260005951
0.0460479259491
0.0382378101349
0.0389997959137
0.0409548282623
0.0424208641052
0.0341200828552
0.0382289886475
0.0465180873871
0.0529301166534
0.032320022583
0.0325050354004
0.0326750278473
0.0328271389008
0.0292730331421
0.0294280052185
0.0304620265961
0.034558057785
0.0315048694611
0.0331149101257
0.0341629981995
0.0349209308624
0.0294919013977
0.0296838283539
0.0344748497009
0.0351400375366
0.0267508029938
0.0269229412079
0.0414369106293
0.0461559295654
0.0515658855438
0.0517358779907
0.075119972229
0.0757758617401
0.0370080471039
0.0378029346466
0.0380108356476
0.0381739139557
0.0357890129089
0.035943031311
0.0362188816071
0.0364220142365
0.0422730445862
0.0425090789795
0.0498139858246
0.0536830425262
0.0359740257263
0.0367710590363
0.0374400615692
0.0382869243622
0.0417709350586
0.0419309139252
0.0422189235687
0.0434148311615
0.0584440231323
0.0589199066162
0.0595798492432
0.060742855072
0.0377640724182
0.0381460189819
0.0419280529022
0.0491600036621
0.0441310405731
0.0466909408569
0.0486109256744
0.0518419742584
0.0603210926056
0.0624830722809
0.0696420669556
0.0721879005432
0.0385291576385
0.0386791229248
0.0388231277466
0.0428211688995
0.0400450229645
0.0402200222015
0.0403680801392
0.0405089855194
0.0382001399994
0.0391030311584
0.0396931171417
0.0402381420135
0.034373998642
0.0345778465271
0.0347259044647
0.0417709350586
0.0321309566498
0.0392229557037
0.0520610809326
0.0539050102234
0.0453019142151
0.0455348491669
0.0457630157471
0.0459949970245
0.0375399589539
0.0460078716278
0.0462248325348
0.0464088916779
0.0317809581757
0.0319449901581
0.0460379123688
0.046196937561
0.0402488708496
0.0409379005432
0.0499398708344
0.0575778484344
0.0343489646912
0.0349359512329
0.0360009670258
0.0364639759064
0.0320200920105
0.0322060585022
0.0323619842529
0.0399150848389
0.0350160598755
0.0353200435638
0.0356240272522
0.0425660610199
0.0303227901459
0.0305058956146
0.0306718349457
0.0318930149078
0.0290789604187
0.0297570228577
0.0332469940186
0.0383598804474
0.0336458683014
0.0345458984375
0.0418319702148
0.0505208969116
0.0411651134491
0.0413839817047
0.0421359539032
0.0430870056152
0.0395002365112
0.039665222168
0.0398111343384
0.0410931110382
0.0293171405792
0.0302321910858
0.0339071750641
0.0377941131592
0.0333638191223
0.0344648361206
0.0369298458099
0.042252779007
0.0324778556824
0.0372700691223
0.0385119915009
0.0438950061798
0.0284278392792
0.0288989543915
0.0372200012207
0.0436170101166
0.0337491035461
0.0353779792786
0.0355679988861
0.0357241630554
0.0375959873199
0.0411081314087
0.0456659793854
0.0477831363678
0.0351951122284
0.0353889465332
0.0498900413513
0.0500600337982
0.0300822257996
0.0302681922913
0.0304591655731
0.0306270122528
0.0313789844513
0.0316078662872
0.0388858318329
0.0456068515778
0.0363531112671
0.0368230342865
0.0385680198669
0.0391869544983
0.0354390144348
0.0378701686859
0.0428650379181
0.0480060577393
0.0396308898926
0.0398619174957
0.0400450229645
0.0402250289917
0.0309879779816
0.0311679840088
0.0332491397858
0.0385611057281
0.0341820716858
0.0412180423737
0.0459139347076
0.050726890564
0.034600019455
0.0347909927368
0.0503959655762
0.0506718158722
0.0347440242767
0.0353119373322
0.0358040332794
0.0360019207001
0.0351181030273
0.0352940559387
0.0354549884796
0.0356230735779
0.028685092926
0.0288660526276
0.0291819572449
0.030876159668
0.0374200344086
0.0462758541107
0.0471298694611
0.0480089187622
0.0375578403473
0.0377910137177
0.0379569530487
0.0381090641022
0.0283889770508
0.0285499095917
0.0486769676208
0.0500540733337
0.0467681884766
0.0485961437225
0.0500202178955
0.0508751869202
0.0367681980133
0.036936044693
0.0463740825653
0.0466961860657
0.0403909683228
0.0433368682861
0.0457739830017
0.0479860305786
0.0408511161804
0.0551900863647
0.058226108551
0.0689570903778
0.0376889705658
0.0378680229187
0.038027048111
0.0405750274658
0.0338468551636
0.0361108779907
0.0407419204712
0.0485770702362
0.0354399681091
0.0357060432434
0.0359749794006
0.0499980449677
0.0330791473389
0.0332961082458
0.0404829978943
0.0406370162964
0.0293560028076
0.0295438766479
0.0358150005341
0.0405130386353
0.0359032154083
0.0360832214355
0.0401740074158
0.0423340797424
0.0368721485138
0.0371670722961
0.0374472141266
0.0524280071259
0.0325520038605
0.0329079627991
0.0431110858917
0.0433990955353
0.0297091007233
0.0312609672546
0.0355520248413
0.0406360626221
0.0333111286163
0.0335719585419
0.036327123642
0.043123960495
0.0314989089966
0.0375008583069
0.038037776947
0.0424499511719
0.0346899032593
0.0390999317169
0.04456782341
0.0463559627533
0.0400819778442
0.0405158996582
0.0406799316406
0.0408298969269
0.0276448726654
0.027822971344
0.0299308300018
0.0340359210968
0.0318908691406
0.033704996109
0.0370399951935
0.0403869152069
0.0304970741272
0.0321691036224
0.0365428924561
0.0409688949585
0.0362920761108
0.0376191139221
0.0491349697113
0.0499730110168
0.0483989715576
0.0494709014893
0.0505559444427
0.0520379543304
0.0350708961487
0.0366318225861
0.0374338626862
0.0465109348297
0.0308208465576
0.0319080352783
0.0392909049988
0.0467190742493
0.0275242328644
0.0287320613861
0.0337951183319
0.0343019962311
0.028116941452
0.0282969474792
0.0287001132965
0.0348579883575
0.0261709690094
0.0336010456085
0.0347859859467
0.0354590415955
0.0382537841797
0.0385768413544
0.0388729572296
0.0462219715118
0.0293588638306
0.0297420024872
0.0395948886871
0.0398659706116
0.0365540981293
0.0436410903931
0.0472950935364
0.0567951202393
0.0339679718018
0.035012960434
0.0393800735474
0.0452480316162
0.0365040302277
0.0366830825806
0.0368449687958
0.0408799648285
0.0376858711243
0.0440850257874
0.0537099838257
0.0596690177917
0.0299561023712
0.0360789299011
0.0393171310425
0.0418930053711
0.0262320041656
0.03209400177
0.03227186203
0.032723903656
0.0353450775146
0.0357038974762
0.0435299873352
0.0463540554047
0.0326299667358
0.0327930450439
0.032947063446
0.0350499153137
0.0342209339142
0.0345418453217
0.0409967899323
0.0436367988586
0.039989233017
0.040155172348
0.0414252281189
0.0540370941162
0.0402681827545
0.0408861637115
0.0568070411682
0.0570061206818
0.0371339321136
0.037887096405
0.0384230613708
0.0400891304016
0.0233020782471
0.0245189666748
0.0283088684082
0.03773188591
0.0473279953003
0.047746181488
0.0481350421906
0.0483241081238
0.0338401794434
0.0366501808167
0.040647983551
0.0408020019531
0.0295560359955
0.0298380851746
0.0300731658936
0.0303001403809
0.0394911766052
0.0396630764008
0.0398120880127
0.0399639606476
0.0383470058441
0.0422501564026
0.0443551540375
0.0509650707245
0.0321519374847
0.0323660373688
0.0460379123688
0.0501658916473
0.033350944519
0.0335328578949
0.036808013916
0.0436539649963
0.0293228626251
0.0304489135742
0.0354509353638
0.0386579036713
0.0321269035339
0.032299041748
0.0324518680573
0.0326089859009
0.0300068855286
0.030198097229
0.0347740650177
0.0443201065063
0.0279519557953
0.0304570198059
0.030788898468
0.0354409217834
0.0367569923401
0.0369350910187
0.0370860099792
0.0417230129242
0.0318200588226
0.0321300029755
0.0323340892792
0.0336611270905
0.0321760177612
0.0323419570923
0.0328090190887
0.0390429496765
0.028736114502
0.0334589481354
0.0352370738983
0.0359101295471
0.0372350215912
0.0376310348511
0.0380330085754
0.0384211540222
0.0270340442657
0.0272040367126
0.0301961898804
0.032998085022
0.0374591350555
0.0421831607819
0.046658039093
0.0493750572205
0.0285720825195
0.0287911891937
0.0289480686188
0.0291001796722
0.0338189601898
0.0339767932892
0.0366349220276
0.0462839603424
0.0317821502686
0.0320611000061
0.0378110408783
0.0379660129547
0.0316607952118
0.0318310260773
0.0319719314575
0.0346388816833
0.0427708625793
0.0429468154907
0.0431008338928
0.0516040325165
0.0275650024414
0.0277459621429
0.0370080471039
0.042298078537
0.0291218757629
0.0293009281158
0.0302619934082
0.0377769470215
0.0331740379333
0.0333230495453
0.0334980487823
0.0351359844208
0.0397748947144
0.0427348613739
0.0460479259491
0.0503988265991
0.0457370281219
0.0460629463196
0.0462591648102
0.0476281642914
0.0268859863281
0.0322968959808
0.0385489463806
0.0438718795776
0.0306079387665
0.030809879303
0.0452289581299
0.0454299449921
0.0388610363007
0.0390429496765
0.0392010211945
0.039391040802
0.0340569019318
0.0342309474945
0.0357921123505
0.0378639698029
0.0330939292908
0.0402410030365
0.0485060214996
0.0500428676605
0.0269777774811
0.0272979736328
0.031760931015
0.0353479385376
0.0299129486084
0.0396480560303
0.0398480892181
0.0400910377502
0.0382308959961
0.0384380817413
0.0425789356232
0.0465278625488
0.0356078147888
0.0367259979248
0.037467956543
0.0382409095764
0.0251429080963
0.0261569023132
0.0271589756012
0.0297288894653
0.0345089435577
0.0352919101715
0.040107011795
0.0511019229889
0.0344669818878
0.0357248783112
0.0369739532471
0.0380208492279
0.034147977829
0.0476489067078
0.0488660335541
0.0505630970001
0.0289959907532
0.0306949615479
0.0337030887604
0.0381269454956
0.0308849811554
0.039675951004
0.0448369979858
0.0503718852997
0.0307259559631
0.032105922699
0.0323770046234
0.0333909988403
0.0353050231934
0.0362651348114
0.0371119976044
0.0377609729767
0.0301299095154
0.0303239822388
0.0330839157104
0.0390288829803
0.0304119586945
0.0350730419159
0.0400259494781
0.0441269874573
0.0352511405945
0.0354039669037
0.0355489253998
0.0356879234314
0.0426671504974
0.0428359508514
0.0429911613464
0.0529460906982
0.0403709411621
0.0405340194702
0.040699005127
0.0408780574799
0.0720250606537
0.0722448825836
0.0724120140076
0.0725629329681
0.0908460617065
0.0910069942474
0.0911700725555
0.091325044632
0.0415189266205
0.0416769981384
0.0418229103088
0.0419938564301
0.0284390449524
0.0295040607452
0.0298070907593
0.0412249565125
0.0333580970764
0.036777973175
0.0414381027222
0.0473001003265
0.0428011417389
0.0484499931335
0.0574929714203
0.0581271648407
0.0466949939728
0.0469348430634
0.0470988750458
0.0472819805145
0.0513379573822
0.0515811443329
0.0597081184387
0.0598909854889
0.0364711284637
0.0366289615631
0.0367729663849
0.0418860912323
0.0549261569977
0.0553212165833
0.055563211441
0.0559811592102
0.0248818397522
0.0284450054169
0.0326280593872
0.0371959209442
0.0397169589996
0.0404889583588
0.0450990200043
0.0490808486938
0.0319690704346
0.0357840061188
0.0395901203156
0.0435500144958
0.0316958427429
0.0357999801636
0.0410439968109
0.0454039573669
0.0328059196472
0.0367460250854
0.0424380302429
0.0460419654846
0.0429470539093
0.0534300804138
0.0537469387054
0.0540480613708
0.026202917099
0.0318729877472
0.0329990386963
0.0361621379852
0.0352489948273
0.0404241085052
0.0534200668335
0.0545570850372
0.0325410366058
0.0331380367279
0.0422210693359
0.0424311161041
0.0446710586548
0.0462210178375
0.047492980957
0.0497360229492
0.0367641448975
0.0373241901398
0.0381920337677
0.039361000061
0.0293490886688
0.0362961292267
0.0365741252899
0.0402321815491
0.0289340019226
0.0292539596558
0.0317778587341
0.0358748435974
0.0321798324585
0.032331943512
0.0325708389282
0.0327727794647
0.0306158065796
0.0307788848877
0.0309309959412
0.0354428291321
0.0483958721161
0.0486099720001
0.048898935318
0.0491449832916
0.0337619781494
0.0347490310669
0.0388960838318
0.0450310707092
0.0319888591766
0.0336427688599
0.0359258651733
0.0363759994507
0.0312230587006
0.0346548557281
0.0396869182587
0.0423409938812
0.0355279445648
0.035845041275
0.0406041145325
0.0622420310974
0.0302710533142
0.0304319858551
0.030590057373
0.03981590271
0.038162946701
0.0401949882507
0.0571181774139
0.0579750537872
0.0319771766663
0.0323660373688
0.0325591564178
0.0329341888428
0.026398897171
0.0302858352661
0.0392677783966
0.040228843689
0.0314350128174
0.0319139957428
0.0331330299377
0.0347061157227
0.0333161354065
0.0334861278534
0.0336410999298
0.0371541976929
0.0330600738525
0.0351409912109
0.0407531261444
0.0414221286774
0.0424311161041
0.0525031089783
0.0535681247711
0.0546340942383
0.0390150547028
0.0414340496063
0.0426831245422
0.0429689884186
0.0307919979095
0.031445980072
0.0316820144653
0.0418241024017
0.0286099910736
0.0481951236725
0.0484709739685
0.0486600399017
0.0341510772705
0.0343132019043
0.0353970527649
0.0397670269012
0.0330018997192
0.0349068641663
0.0383257865906
0.0452167987823
0.0348169803619
0.0349748134613
0.0351209640503
0.0352728366852
0.0265600681305
0.033056974411
0.0395679473877
0.0463490486145
0.0253150463104
0.0289039611816
0.0369808673859
0.0412209033966
0.0297229290009
0.0374569892883
0.043515920639
0.04816198349
0.0259308815002
0.0261929035187
0.0315749645233
0.0353379249573
0.0298771858215
0.0346210002899
0.0388941764832
0.0472331047058
0.0383338928223
0.0391759872437
0.0451638698578
0.0526919364929
0.0483448505402
0.0489418506622
0.0583629608154
0.0591909885406
0.0379920005798
0.038792848587
0.0563299655914
0.0570759773254
0.0278210639954
0.0280160903931
0.0281829833984
0.0283451080322
0.0306348800659
0.0369729995728
0.0437219142914
0.0439419746399
0.0264210700989
0.0267450809479
0.0301079750061
0.0349130630493
0.0529069900513
0.0530679225922
0.0532560348511
0.0566148757935
0.0280721187592
0.0307140350342
0.0335459709167
0.0393879413605
0.0687520503998
0.069146156311
0.0694999694824
0.070305109024
0.0287129878998
0.0288760662079
0.0290160179138
0.0291631221771
0.0251159667969
0.0258350372314
0.0281209945679
0.0332369804382
0.0483100414276
0.0492360591888
0.0501658916473
0.0510270595551
0.0339479446411
0.0345461368561
0.0350999832153
0.0366339683533
0.0362310409546
0.0365839004517
0.0369789600372
0.043741941452
0.0271928310394
0.0279848575592
0.0282039642334
0.0361618995667
0.0511019229889
0.0517380237579
0.0523519515991
0.052953004837
0.0411429405212
0.0414578914642
0.0416729450226
0.0425999164581
0.0269510746002
0.0314559936523
0.0354239940643
0.041512966156
0.0403780937195
0.0411410331726
0.0418310165405
0.047590970993
0.0327939987183
0.0329539775848
0.0356271266937
0.0357890129089
0.0318310260773
0.032044172287
0.0362169742584
0.0398600101471
0.0365900993347
0.0415961742401
0.0501401424408
0.0595481395721
0.0321989059448
0.0336050987244
0.0366759300232
0.0376489162445
0.0327777862549
0.0329618453979
0.0331239700317
0.0384798049927
0.0330171585083
0.0340940952301
0.0350110530853
0.0359191894531
0.0363380908966
0.0367920398712
0.037290096283
0.037712097168
0.0360481739044
0.0362460613251
0.0374441146851
0.0417799949646
0.0303189754486
0.0305519104004
0.030739068985
0.0415170192719
0.0377290248871
0.0380320549011
0.0384249687195
0.0390470027924
0.0680890083313
0.0695791244507
0.0709571838379
0.07297706604
0.0413179397583
0.0419318675995
0.0425169467926
0.0430898666382
0.0289368629456
0.035003900528
0.0403809547424
0.042977809906
0.0307490825653
0.0316979885101
0.0333659648895
0.034471988678
0.0370841026306
0.0372879505157
0.0374400615692
0.0419139862061
0.0595390796661
0.0600519180298
0.0605518817902
0.0614960193634
0.0343751907349
0.0391530990601
0.0404050350189
0.045618057251
0.0368120670319
0.0375940799713
0.0382769107819
0.038969039917
0.0386490821838
0.0396680831909
0.0422601699829
0.0429711341858
0.0452270507812
0.0454180240631
0.0455949306488
0.0457649230957
0.0324499607086
0.0326869487762
0.0341589450836
0.037367105484
0.0350570678711
0.035248041153
0.0383322238922
0.0450971126556
0.0397880077362
0.0401871204376
0.0406551361084
0.0412900447845
0.0267999172211
0.0394170284271
0.0397298336029
0.0399668216705
0.031965970993
0.0357229709625
0.0359208583832
0.0508239269257
0.026083946228
0.0262429714203
0.0285139083862
0.0324749946594
0.0291218757629
0.0342929363251
0.0421669483185
0.0460779666901
0.0269799232483
0.0275628566742
0.0277209281921
0.038400888443
0.0294570922852
0.029639005661
0.0297911167145
0.0337860584259
0.0336971282959
0.0345900058746
0.0354061126709
0.0388841629028
0.0285341739655
0.0287070274353
0.0288600921631
0.0336821079254
0.0279290676117
0.030699968338
0.0364980697632
0.0388040542603
0.0327820777893
0.0346040725708
0.0370011329651
0.0378210544586
0.056843996048
0.0572149753571
0.0703070163727
0.0872700214386
0.0656549930573
0.0659320354462
0.0662369728088
0.0714509487152
0.0448000431061
0.0454428195953
0.0462369918823
0.0469880104065
0.0400419235229
0.0402228832245
0.0404050350189
0.0405650138855
0.0406851768494
0.0408530235291
0.0429739952087
0.0451121330261
0.0656371116638
0.0658230781555
0.0659770965576
0.066123008728
0.042797088623
0.0458002090454
0.0525200366974
0.0586290359497
0.03644323349
0.036808013916
0.0371170043945
0.0464651584625
0.0297350883484
0.030748128891
0.0317671298981
0.0319521427155
0.0290057659149
0.0303168296814
0.0354588031769
0.0394768714905
0.035523891449
0.0384929180145
0.0594518184662
0.0739979743958
0.0288507938385
0.0290248394012
0.0291919708252
0.0299668312073
0.0363230705261
0.0374538898468
0.0380969047546
0.0387279987335
0.0488059520721
0.0490388870239
0.049192905426
0.0493669509888
0.0277490615845
0.0292210578918
0.0397069454193
0.0402638912201
0.0602660179138
0.0605850219727
0.0608520507812
0.0638310909271
0.0289421081543
0.0373451709747
0.0440561771393
0.0490939617157
0.031035900116
0.0397539138794
0.039922952652
0.0484139919281
0.0319521427155
0.0321321487427
0.0322980880737
0.0347630977631
0.0350861549377
0.0525081157684
0.0621101856232
0.0678820610046
0.0329451560974
0.0333089828491
0.0371010303497
0.0400710105896
0.0456948280334
0.0465369224548
0.0477318763733
0.048467874527
0.031417131424
0.0316290855408
0.0318310260773
0.0396039485931
0.043995141983
0.0447599887848
0.053435087204
0.0538702011108
0.037201166153
0.0402641296387
0.0404460430145
0.0406310558319
0.0265429019928
0.0285339355469
0.0348908901215
0.0350589752197
0.0464670658112
0.0466470718384
0.046797990799
0.0469570159912
0.0279109477997
0.0293538570404
0.0341019630432
0.0408818721771
0.0391480922699
0.0399250984192
0.0401039123535
0.0507929325104
0.0328350067139
0.0378949642181
0.0406589508057
0.0433678627014
0.0398709774017
0.0403318405151
0.0407359600067
0.041111946106
0.0331540107727
0.0333499908447
0.0335388183594
0.0336978435516
0.036721944809
0.0382540225983
0.039370059967
0.0417768955231
0.0326788425446
0.0344870090485
0.0350029468536
0.0470178127289
0.0285558700562
0.0337028503418
0.0383689403534
0.0435538291931
0.029816865921
0.0481059551239
0.0482878684998
0.0484600067139
0.0261001586914
0.0262720584869
0.0372920036316
0.0386831760406
0.0258839130402
0.0262360572815
0.0276889801025
0.032084941864
0.0273959636688
0.0315520763397
0.0411350727081
0.0430610179901
0.0421590805054
0.0441670417786
0.0454161167145
0.0569469928741
0.0526919364929
0.0531280040741
0.0533010959625
0.0534601211548
0.0442941188812
0.0446321964264
0.044830083847
0.0450150966644
0.0317649841309
0.0333189964294
0.0384747982025
0.0476379394531
0.0403299331665
0.0405659675598
0.0430629253387
0.0516090393066
0.0307400226593
0.0309150218964
0.0517659187317
0.0551118850708
0.0316689014435
0.0318448543549
0.0329909324646
0.0377850532532
0.0771591663361
0.0790090560913
0.085410118103
0.0900142192841
0.0446989536285
0.0450799465179
0.053995847702
0.0543909072876
0.0363349914551
0.0376658439636
0.0497488975525
0.0565469264984
0.024435043335
0.0304930210114
0.0331411361694
0.0373570919037
0.0344169139862
0.0358698368073
0.0368919372559
0.0417900085449
0.0374500751495
0.0592172145844
0.070240020752
0.071280002594
0.0446689128876
0.0457639694214
0.0465459823608
0.0471799373627
0.0406429767609
0.0420258045197
0.0426847934723
0.0432670116425
0.0376589298248
0.0378301143646
0.037987947464
0.0482819080353
0.0328371524811
0.0334560871124
0.0365710258484
0.0396020412445
0.0360500812531
0.0362040996552
0.0363640785217
0.0370419025421
0.0273938179016
0.0276129245758
0.035660982132
0.0360698699951
0.0693299770355
0.0694990158081
0.0705370903015
0.0752010345459
0.0312910079956
0.0314509868622
0.0419209003448
0.0420761108398
0.0374188423157
0.0455820560455
0.0494139194489
0.052444934845
0.0284268856049
0.0412828922272
0.0446178913116
0.0463788509369
0.0654630661011
0.0657970905304
0.0661242008209
0.0811450481415
0.0420789718628
0.0422539710999
0.0424199104309
0.0425798892975
0.0457539558411
0.0496480464935
0.0503931045532
0.051157951355
0.0351409912109
0.0359869003296
0.0367369651794
0.0374908447266
0.0331540107727
0.0333521366119
0.0334980487823
0.0336451530457
0.034471988678
0.0346410274506
0.0347909927368
0.0349419116974
0.0451321601868
0.0457031726837
0.0462090969086
0.0464751720428
0.0227999687195
0.0257089138031
0.0295629501343
0.0354549884796
0.0301520824432
0.0309839248657
0.033618927002
0.0381410121918
0.0292789936066
0.0294370651245
0.0295870304108
0.0448179244995
0.0609588623047
0.066174030304
0.0731818675995
0.0749950408936
0.0354900360107
0.0362360477448
0.0368919372559
0.0375950336456
0.0356330871582
0.0410449504852
0.0426430702209
0.0437180995941
0.0345549583435
0.0359399318695
0.0366721153259
0.0373930931091
0.0342390537262
0.0346021652222
0.0354371070862
0.0358350276947
0.0412521362305
0.0424811840057
0.0447640419006
0.053375005722
0.0447430610657
0.0455791950226
0.0459899902344
0.0463850498199
0.0359079837799
0.040060043335
0.0413520336151
0.0424311161041
0.0462589263916
0.0466649532318
0.0470180511475
0.0473630428314
0.0366220474243
0.0411288738251
0.0453128814697
0.0455589294434
0.0422720909119
0.0433621406555
0.0472769737244
0.0483181476593
0.0266621112823
0.0268239974976
0.0269780158997
0.027125120163
0.0413789749146
0.0415480136871
0.0417010784149
0.0418820381165
0.0321960449219
0.0325880050659
0.0330820083618
0.0360159873962
0.0278160572052
0.0280230045319
0.0282320976257
0.0377480983734
0.0276811122894
0.0306141376495
0.0399510860443
0.0401201248169
0.043949842453
0.0443849563599
0.0448169708252
0.0451829433441
0.0404739379883
0.041002035141
0.0411720275879
0.0464761257172
0.0310311317444
0.0374221801758
0.0389862060547
0.0437250137329
0.0240290164948
0.0297291278839
0.0359709262848
0.0413279533386
0.0378620624542
0.0383310317993
0.0385150909424
0.0386619567871
0.0249071121216
0.0293211936951
0.0314199924469
0.0389740467072
0.0262360572815
0.0264110565186
0.0366690158844
0.0377299785614
0.0358459949493
0.0402600765228
0.0412750244141
0.0429301261902
0.0212919712067
0.0255379676819
0.0315959453583
0.0412709712982
0.0277578830719
0.0336639881134
0.036269903183
0.0412368774414
0.0490560531616
0.0496020317078
0.0499520301819
0.0503461360931
0.0356690883636
0.036731004715
0.0461130142212
0.047210931778
0.0430190563202
0.0431981086731
0.0433511734009
0.0434951782227
0.0327560901642
0.0332851409912
0.0336861610413
0.0351440906525
0.0315940380096
0.0317599773407
0.0404169559479
0.04057097435
0.036073923111
0.0388200283051
0.0481519699097
0.0531620979309
0.0319690704346
0.032243013382
0.0324261188507
0.0431380271912
0.040549993515
0.0407361984253
0.0410940647125
0.0465641021729
0.0344321727753
0.0353171825409
0.0436611175537
0.0452611446381
0.0255970954895
0.0257959365845
0.0274600982666
0.0306720733643
0.0450248718262
0.045196056366
0.0453479290009
0.0454978942871
0.0314650535583
0.0368790626526
0.0412878990173
0.049567937851
0.0271530151367
0.0328071117401
0.034921169281
0.0352129936218
0.0331130027771
0.0332770347595
0.0334219932556
0.0335700511932
0.0350370407104
0.0359239578247
0.0365829467773
0.0408499240875
0.0427420139313
0.0554709434509
0.0568189620972
0.0630218982697
0.0329179763794
0.0365200042725
0.0403771400452
0.0497121810913
0.0347971916199
0.0349650382996
0.0351271629333
0.0352790355682
0.0301489830017
0.0315198898315
0.0325319766998
0.0353739261627
0.0298960208893
0.030289888382
0.0305478572845
0.0397799015045
0.0329849720001
0.0331881046295
0.0369641780853
0.0415639877319
0.0222971439362
0.0248990058899
0.0269010066986
0.0372750759125
0.0487260818481
0.0494649410248
0.050215959549
0.0509250164032
0.0368709564209
0.0370759963989
0.0372228622437
0.0373709201813
0.039076089859
0.0392591953278
0.0394241809845
0.0473020076752
0.0323128700256
0.0327930450439
0.0330460071564
0.03329205513
0.0263760089874
0.0265691280365
0.030177116394
0.034196138382
0.027027130127
0.0273180007935
0.0335249900818
0.0390450954437
0.0288867950439
0.0290558338165
0.0292038917542
0.0293519496918
0.0418219566345
0.0421500205994
0.0424380302429
0.0497400760651
0.0414190292358
0.0424339771271
0.0432789325714
0.0440430641174
0.0379791259766
0.0381309986115
0.0382740497589
0.038419008255
0.0313880443573
0.032114982605
0.0327770709991
0.0364370346069
0.0365481376648
0.0372929573059
0.0379710197449
0.038754940033
0.037456035614
0.0382959842682
0.0415639877319
0.0529990196228
0.0335109233856
0.0397100448608
0.0481979846954
0.054435968399
0.0359869003296
0.0361678600311
0.03630900383
0.0398030281067
0.0283019542694
0.0284609794617
0.0412290096283
0.0477130413055
0.0324490070343
0.0326399803162
0.0368931293488
0.0391850471497
0.0313808917999
0.0315539836884
0.0317068099976
0.0368518829346
0.0296628475189
0.0445499420166
0.0447309017181
0.0450239181519
0.0461161136627
0.0495390892029
0.0523130893707
0.0584599971771
0.0290620326996
0.0292069911957
0.0343849658966
0.0482709407806
0.0299870967865
0.034126996994
0.0358231067657
0.0417530536652
0.033921957016
0.0355739593506
0.0360839366913
0.0397469997406
0.0269339084625
0.0272738933563
0.0326290130615
0.0340759754181
0.0304658412933
0.0315408706665
0.040079832077
0.0414299964905
0.0306639671326
0.0411891937256
0.0465641021729
0.0468411445618
0.0330340862274
0.0332200527191
0.0389161109924
0.0409820079803
0.0340721607208
0.0427601337433
0.0454561710358
0.0478420257568
0.0262720584869
0.0278160572052
0.0343198776245
0.0402300357819
0.0339810848236
0.034285068512
0.0348439216614
0.0353169441223
0.0380020141602
0.0386769771576
0.0437281131744
0.0449600219727
0.0351231098175
0.0353381633759
0.0355031490326
0.035679101944
0.0313901901245
0.0315752029419
0.0332419872284
0.0400061607361
0.0562858581543
0.056676864624
0.0600378513336
0.0602149963379
0.0350720882416
0.0352811813354
0.0355350971222
0.0431680679321
0.0364410877228
0.0366640090942
0.0368180274963
0.036966085434
0.0398209095001
0.039981842041
0.0447578430176
0.0545258522034
0.0304160118103
0.0344519615173
0.0469300746918
0.0530190467834
0.0344750881195
0.0355310440063
0.0380849838257
0.0436420440674
0.0452520847321
0.0454180240631
0.0455641746521
0.0457110404968
0.0333960056305
0.0342330932617
0.0356800556183
0.0381021499634
0.0302629470825
0.0304560661316
0.0306220054626
0.0307700634003
0.0322608947754
0.0324440002441
0.0355110168457
0.0523409843445
0.0362119674683
0.0445749759674
0.0455279350281
0.0459311008453
0.0361578464508
0.0363509654999
0.0385708808899
0.0389459133148
0.0357220172882
0.0359179973602
0.0361020565033
0.0366761684418
0.033215045929
0.0339941978455
0.0342981815338
0.0360422134399
0.027006149292
0.0354201793671
0.0361490249634
0.0368630886078
0.0277528762817
0.0279109477997
0.0280640125275
0.0308158397675
0.0288770198822
0.0290310382843
0.033900976181
0.0346119403839
0.0296230316162
0.0297889709473
0.0304801464081
0.0343050956726
0.0258419513702
0.0260279178619
0.02619099617
0.0355470180511
0.0385081768036
0.0397231578827
0.0436570644379
0.0441281795502
0.0336019992828
0.0337488651276
0.0354688167572
0.0402669906616
0.0280060768127
0.0316231250763
0.0370850563049
0.0475981235504
0.0550539493561
0.0558738708496
0.0566139221191
0.0626020431519
0.0376648902893
0.0379359722137
0.0382030010223
0.0384860038757
0.0275449752808
0.0277218818665
0.0285568237305
0.031998872757
0.0291340351105
0.0293290615082
0.0336351394653
0.0390801429749
0.0423200130463
0.043251991272
0.0443599224091
0.0449779033661
0.0309290885925
0.0311510562897
0.0321321487427
0.0324461460114
0.029009103775
0.0291590690613
0.0293021202087
0.038143157959
0.0283901691437
0.0285651683807
0.0452070236206
0.0485990047455
0.0287160873413
0.0288820266724
0.0316739082336
0.0355970859528
0.0359959602356
0.0361778736115
0.0363309383392
0.0364708900452
0.0314168930054
0.0316128730774
0.0317599773407
0.0395889282227
0.0273299217224
0.0275130271912
0.0332429409027
0.0349309444427
0.0294959545135
0.0296998023987
0.0300488471985
0.0311977863312
0.040962934494
0.0418019294739
0.042995929718
0.0435400009155
0.0324168205261
0.0344760417938
0.0351748466492
0.0358469486237
0.0364210605621
0.0416030883789
0.043016910553
0.0436339378357
0.0403990745544
0.0411388874054
0.0419020652771
0.042503118515
0.0311779975891
0.0319631099701
0.032557964325
0.0331830978394
0.0352549552917
0.0359539985657
0.0366470813751
0.0419878959656
0.0394368171692
0.0403118133545
0.0409808158875
0.0417168140411
0.034686088562
0.03489112854
0.0350530147552
0.035215139389
0.0351178646088
0.0352828502655
0.0354359149933
0.038498878479
0.0283088684082
0.0284700393677
0.0314359664917
0.0357558727264
0.0293200016022
0.0294749736786
0.0334820747375
0.0382280349731
0.0325481891632
0.0327041149139
0.0328450202942
0.0329999923706
0.0330200195312
0.0332381725311
0.0353381633759
0.038241147995
0.0289371013641
0.0292429924011
0.0406539440155
0.0464191436768
0.0293018817902
0.0294768810272
0.0480349063873
0.0481939315796
0.0337491035461
0.0340831279755
0.034322977066
0.0350651741028
0.0343618392944
0.0345358848572
0.0346989631653
0.0352759361267
0.0315539836884
0.0324020385742
0.0332329273224
0.0365829467773
0.0322318077087
0.0336689949036
0.036563873291
0.0372269153595
0.0312218666077
0.0325009822845
0.0332129001617
0.0379829406738
0.0354809761047
0.0361080169678
0.0366439819336
0.0422818660736
0.0330049991608
0.0332260131836
0.0333921909332
0.0340640544891
0.0697801113129
0.0699670314789
0.0701320171356
0.0702900886536
0.0703139305115
0.0709149837494
0.0715339183807
0.0721409320831
0.0331859588623
0.0345721244812
0.0391621589661
0.0435359477997
0.0317490100861
0.0319068431854
0.0320529937744
0.0321979522705
0.0424528121948
0.0568659305573
0.0642077922821
0.0645020008087
0.0332460403442
0.0335071086884
0.0337491035461
0.0340440273285
0.0363872051239
0.0365521907806
0.0367012023926
0.0368390083313
0.0303349494934
0.0305109024048
0.0352730751038
0.0367710590363
0.0270371437073
0.027755022049
0.0318691730499
0.0347170829773
0.0409078598022
0.0415987968445
0.0422449111938
0.0460968017578
0.0871610641479
0.0877180099487
0.0914649963379
0.0954480171204
0.0302801132202
0.0304729938507
0.0306360721588
0.0320370197296
0.0264868736267
0.0360379219055
0.0361909866333
0.0363368988037
0.0250771045685
0.0286841392517
0.0322780609131
0.0415852069855
0.0485758781433
0.0487630367279
0.0489230155945
0.0491778850555
0.0326960086823
0.0341601371765
0.0378940105438
0.0453810691833
0.0447130203247
0.0458650588989
0.0470259189606
0.0480220317841
0.0290529727936
0.0307018756866
0.0316569805145
0.0345859527588
0.0268421173096
0.0270340442657
0.0355379581451
0.0367670059204
0.0327270030975
0.0346748828888
0.0378079414368
0.0416150093079
0.0261809825897
0.0309138298035
0.0335278511047
0.0393068790436
0.0292060375214
0.0307519435883
0.0339260101318
0.037055015564
0.0283169746399
0.0319268703461
0.0349009037018
0.0417530536652
0.0443570613861
0.0473799705505
0.0500769615173
0.0509841442108
0.0418660640717
0.0423860549927
0.0450839996338
0.0506579875946
0.0374128818512
0.0383479595184
0.0389878749847
0.0396590232849
0.0373928546906
0.0382778644562
0.0390198230743
0.0397469997406
0.0313169956207
0.0321190357208
0.0346450805664
0.0352869033813
0.0516879558563
0.0518939495087
0.0520679950714
0.0522928237915
0.0350949764252
0.0352840423584
0.0354499816895
0.0504729747772
0.0369651317596
0.0371670722961
0.0373330116272
0.0410759449005
0.0396671295166
0.0398390293121
0.0399920940399
0.0435841083527
0.0447149276733
0.0454499721527
0.046021938324
0.0595529079437
0.043160200119
0.0440831184387
0.0448892116547
0.0457730293274
0.0343079566956
0.036679983139
0.0391771793365
0.0458700656891
0.0300529003143
0.035050868988
0.0370140075684
0.0377488136292
0.0377089977264
0.0415618419647
0.042711019516
0.0465400218964
0.0250580310822
0.0267219543457
0.0289199352264
0.0348520278931
0.0189769268036
0.0351428985596
0.0362927913666
0.0372757911682
0.0300681591034
0.0314350128174
0.0353360176086
0.0388271808624
0.0338637828827
0.0433399677277
0.0455708503723
0.0464580059052
0.0439779758453
0.0464420318604
0.0473990440369
0.0482301712036
0.0505568981171
0.0580959320068
0.061497926712
0.0649530887604
0.0290071964264
0.0297410488129
0.0397272109985
0.0414400100708
0.0293979644775
0.0296010971069
0.031574010849
0.038104057312
0.0297811031342
0.0302131175995
0.0304181575775
0.035581111908
0.044527053833
0.0447640419006
0.0449469089508
0.0451059341431
0.0436561107635
0.0458841323853
0.0499901771545
0.0536541938782
0.0368649959564
0.0370600223541
0.0372281074524
0.0373890399933
0.03706407547
0.0373470783234
0.0491349697113
0.0531480312347
0.0279271602631
0.0281581878662
0.0465161800385
0.0541059970856
0.0298190116882
0.0306100845337
0.0323829650879
0.0333480834961
0.0290379524231
0.0364480018616
0.0371599197388
0.0378308296204
0.0550770759583
0.0693900585175
0.0715079307556
0.0721778869629
0.0307140350342
0.0486171245575
0.0555520057678
0.0609519481659
0.0262298583984
0.0290958881378
0.0356659889221
0.0390439033508
0.0296270847321
0.0307269096375
0.0430901050568
0.0515949726105
0.0360820293427
0.0372838973999
0.0380690097809
0.0422699451447
0.0571610927582
0.066397190094
0.0697240829468
0.0711090564728
0.0389411449432
0.0391130447388
0.0392689704895
0.0394201278687
0.0476720333099
0.0480921268463
0.0484890937805
0.0488979816437
0.03422498703
0.0344669818878
0.0349159240723
0.0362379550934
0.0331521034241
0.0333349704742
0.0359129905701
0.0397720336914
0.0327019691467
0.034760