0.030277967453
0.031397819519
0.0318899154663
0.0324809551239
0.0401270389557
0.0407519340515
0.0412728786469
0.0420320034027
0.0367448329926
0.0368978977203
0.0403068065643
0.0457739830017
0.0287709236145
0.0289378166199
0.0348320007324
0.0349938869476
0.0366849899292
0.0385119915009
0.0417749881744
0.0457220077515
0.0417768955231
0.0419778823853
0.0421369075775
0.0422859191895
0.0425310134888
0.0426959991455
0.0428380966187
0.0480589866638
0.0321319103241
0.0322959423065
0.0342509746552
0.0419459342957
0.043534040451
0.0445530414581
0.0504078865051
0.05055809021
0.0366299152374
0.0367810726166
0.036917924881
0.0370478630066
0.035906791687
0.0367138385773
0.0377008914948
0.0397779941559
0.0393550395966
0.0457320213318
0.0462548732758
0.0468099117279
0.0305471420288
0.0311880111694
0.0330901145935
0.0359981060028
0.0304889678955
0.0312230587006
0.0317611694336
0.0322740077972
0.0364370346069
0.0373520851135
0.0381820201874
0.038938999176
0.0312819480896
0.0364398956299
0.0392959117889
0.0445919036865
0.0350608825684
0.040246963501
0.0462529659271
0.0508167743683
0.0314500331879
0.032210111618
0.032986164093
0.0349011421204
0.0381569862366
0.0428991317749
0.0504820346832
0.0530679225922
0.0372889041901
0.0435378551483
0.0464549064636
0.0512280464172
0.032840013504
0.0357489585876
0.0382490158081
0.0479369163513
0.0383150577545
0.0384719371796
0.0474560260773
0.0476019382477
0.0269467830658
0.0287017822266
0.0329878330231
0.0363359451294
0.0305609703064
0.0307469367981
0.0435061454773
0.0498280525208
0.0366230010986
0.0430080890656
0.0455191135406
0.049497127533
0.0306000709534
0.0307600498199
0.0383760929108
0.0385630130768
0.034768819809
0.0350677967072
0.0352997779846
0.0355207920074
0.0319910049438
0.032408952713
0.0329260826111
0.0393121242523
0.0309841632843
0.0312790870667
0.0340261459351
0.0374281406403
0.0451791286469
0.0462951660156
0.0536980628967
0.0599980354309
0.030415058136
0.036474943161
0.0412640571594
0.042818069458
0.0275750160217
0.0354499816895
0.0357840061188
0.0416598320007
0.02800989151
0.0331468582153
0.0377929210663
0.0384709835052
0.0400788784027
0.0445239543915
0.0496270656586
0.062824010849
0.0325961112976
0.0327839851379
0.0329430103302
0.0330979824066
0.0395429134369
0.0447080135345
0.0562169551849
0.0567510128021
0.046630859375
0.0479140281677
0.0487790107727
0.0498549938202
0.0508089065552
0.0558547973633
0.0602879524231
0.0607500076294
0.0407290458679
0.0450520515442
0.055018901825
0.0551919937134
0.0517711639404
0.0523731708527
0.0530531406403
0.0536329746246
0.0429520606995
0.0440208911896
0.0459630489349
0.0480530261993
0.0372219085693
0.0377469062805
0.0393369197845
0.0466599464417
0.0320739746094
0.0408639907837
0.0442938804626
0.0561590194702
0.042228937149
0.0428330898285
0.0434100627899
0.0439410209656
0.0374848842621
0.0382947921753
0.0390169620514
0.0444037914276
0.0301201343536
0.0356221199036
0.0380620956421
0.0524530410767
0.0301010608673
0.0303070545197
0.0304660797119
0.0306749343872
0.0391919612885
0.0393540859222
0.0421719551086
0.0478599071503
0.0281269550323
0.0283629894257
0.0318210124969
0.0355379581451
0.0264050960541
0.0266001224518
0.0308880805969
0.0352149009705
0.0297639369965
0.0308790206909
0.0364360809326
0.0401799678802
0.0308091640472
0.0378820896149
0.0387179851532
0.041121006012
0.0468730926514
0.0471119880676
0.0472900867462
0.053927898407
0.0387182235718
0.0389750003815
0.039165019989
0.039320230484
0.0337450504303
0.0443198680878
0.0451629161835
0.0458760261536
0.0291068553925
0.0328688621521
0.0341079235077
0.0343198776245
0.035924911499
0.0363149642944
0.0366699695587
0.0370888710022
0.0341579914093
0.0347719192505
0.0396440029144
0.0404150485992
0.043881893158
0.0508110523224
0.0515758991241
0.0522348880768
0.0608279705048
0.0611879825592
0.061537027359
0.0622000694275
0.0479049682617
0.0480880737305
0.0482800006866
0.0484349727631
0.0361568927765
0.0506148338318
0.0509119033813
0.0556488037109
0.0295860767365
0.040913105011
0.0412530899048
0.0415890216827
0.0345778465271
0.0383558273315
0.0386598110199
0.0426599979401
0.0406560897827
0.041962146759
0.0438671112061
0.0441679954529
0.0320460796356
0.0322110652924
0.0347809791565
0.0362288951874
0.0362501144409
0.041207075119
0.0435981750488
0.0552310943604
0.0361669063568
0.0369029045105
0.0423460006714
0.0465650558472
0.0347390174866
0.0366380214691
0.0421659946442
0.0432698726654
0.0502068996429
0.0508379936218
0.0510280132294
0.0512080192566
0.0298130512238
0.0300102233887
0.0301721096039
0.0399370193481
0.031327009201
0.0337629318237
0.0403480529785
0.0412149429321
0.0300569534302
0.036642074585
0.0386281013489
0.0419390201569
0.0257468223572
0.0260508060455
0.0419030189514
0.0422148704529
0.0303490161896
0.0319919586182
0.0342710018158
0.0377590656281
0.0276880264282
0.0278878211975
0.0280358791351
0.0297689437866
0.0281820297241
0.0284481048584
0.0314531326294
0.0345559120178
0.0311789512634
0.0313980579376
0.0336389541626
0.0385429859161
0.0304870605469
0.0306649208069
0.0310959815979
0.050940990448
0.0411200523376
0.048287153244
0.0492630004883
0.0499930381775
0.0329160690308
0.0336079597473
0.0345280170441
0.0352709293365
0.0326979160309
0.032919883728
0.0330739021301
0.0376708507538
0.0366940498352
0.0400199890137
0.048210144043
0.0523841381073
0.0347280502319
0.0354890823364
0.0361559391022
0.0369710922241
0.0273690223694
0.0275268554688
0.0361039638519
0.0368218421936
0.0411479473114
0.0420708656311
0.0428659915924
0.0435190200806
0.0446691513062
0.0453491210938
0.0460021495819
0.0466759204865
0.0488150119781
0.0489609241486
0.049103975296
0.0522830486298
0.0299389362335
0.0301439762115
0.0334079265594
0.036750793457
0.0273001194
0.0276501178741
0.0342090129852
0.0347402095795
0.0275228023529
0.0287249088287
0.0289289951324
0.0332758426666
0.0286018848419
0.0299429893494
0.0303778648376
0.0348010063171
0.0287928581238
0.0290050506592
0.0291600227356
0.0293159484863
0.0348999500275
0.0350658893585
0.0428140163422
0.048660993576
0.0281980037689
0.0305109024048
0.0314779281616
0.0358688831329
0.0343499183655
0.0378949642181
0.0510790348053
0.0541608333588
0.0390419960022
0.0392510890961
0.039421081543
0.0411920547485
0.0412309169769
0.044506072998
0.0450959205627
0.0459790229797
0.0343630313873
0.0435490608215
0.0484719276428
0.052855014801
0.0326471328735
0.0341310501099
0.0352671146393
0.0363881587982
0.0259430408478
0.026093006134
0.0352802276611
0.0354580879211
0.0327410697937
0.0329110622406
0.0469949245453
0.0474720001221
0.0775530338287
0.0830891132355
0.0936639308929
0.100847959518
0.0276830196381
0.0278398990631
0.0279908180237
0.028137922287
0.0275359153748
0.0286819934845
0.0331881046295
0.0350050926208
0.0378999710083
0.038055896759
0.0382039546967
0.0383508205414
0.0352509021759
0.0361161231995
0.0381100177765
0.0383069515228
0.0280709266663
0.0282249450684
0.0299470424652
0.0311689376831
0.0419549942017
0.0429308414459
0.0436568260193
0.0443248748779
0.0391299724579
0.039705991745
0.0402829647064
0.0408639907837
0.0254139900208
0.0255949497223
0.0432498455048
0.0434210300446
0.0250329971313
0.0284340381622
0.0405321121216
0.0411620140076
0.0355179309845
0.0406517982483
0.0409920215607
0.0411748886108
0.0401210784912
0.0402841567993
0.0442321300507
0.0445289611816
0.0288798809052
0.0290420055389
0.0293810367584
0.0350468158722
0.0289869308472
0.0292439460754
0.0294709205627
0.0349280834198
0.0356919765472
0.0365660190582
0.0424380302429
0.0493810176849
0.0409421920776
0.0455181598663
0.0500659942627
0.0541679859161
0.0317959785461
0.0358889102936
0.0381009578705
0.046266078949
0.0425159931183
0.0440571308136
0.0469391345978
0.0505061149597
0.0279560089111
0.0288619995117
0.0386621952057
0.0388240814209
0.026820898056
0.0269949436188
0.0402748584747
0.0419909954071
0.0538558959961
0.0556168556213
0.0558009147644
0.0559878349304
0.0393311977386
0.0399901866913
0.0408589839935
0.0413970947266
0.0338950157166
0.0343880653381
0.0350980758667
0.0356760025024
0.0448870658875
0.0456969738007
0.0463972091675
0.0473802089691
0.0455441474915
0.0457091331482
0.0559561252594
0.0608961582184
0.0435721874237
0.0476660728455
0.053554058075
0.0592460632324
0.063854932785
0.0722699165344
0.0792939662933
0.0853488445282
0.0466420650482
0.0481300354004
0.0488080978394
0.0494740009308
0.0526888370514
0.0528829097748
0.0530259609222
0.0575559139252
0.0357220172882
0.0359010696411
0.0360629558563
0.0362091064453
0.0303409099579
0.0304999351501
0.0311779975891
0.0347349643707
0.0286989212036
0.0315978527069
0.0334160327911
0.037654876709
0.0290598869324
0.0294148921967
0.0414350032806
0.0436799526215
0.0300109386444
0.039794921875
0.0422580242157
0.0442078113556
0.0406029224396
0.0407719612122
0.0479998588562
0.051707983017
0.0430729389191
0.0439960956573
0.044842004776
0.0456600189209
0.040148973465
0.0403130054474
0.0404629707336
0.0406031608582
0.0295541286469
0.0316801071167
0.0405271053314
0.0531260967255
0.0269560813904
0.0336549282074
0.0445981025696
0.0511989593506
0.0611999034882
0.0657329559326
0.0698978900909
0.0761749744415
0.0756318569183
0.0776429176331
0.0862720012665
0.0922870635986
0.0325791835785
0.0327591896057
0.0329229831696
0.0330810546875
0.0362730026245
0.0373690128326
0.038017988205
0.038633108139
0.030867099762
0.0310571193695
0.0338299274445
0.036572933197
0.0330471992493
0.0347440242767
0.0401260852814
0.048290014267
0.0262951850891
0.0265049934387
0.027193069458
0.0344321727753
0.0318989753723
0.0320920944214
0.0322711467743
0.0324859619141
0.0316290855408
0.042515039444
0.0426700115204
0.042818069458
0.042112827301
0.0422768592834
0.0424199104309
0.0425670146942
0.0323989391327
0.0325980186462
0.0346429347992
0.0380389690399
0.0326240062714
0.0327970981598
0.0347940921783
0.0365281105042
0.0302710533142
0.0304319858551
0.0305800437927
0.0322968959808
0.0440111160278
0.044163942337
0.0443639755249
0.044685125351
0.0305790901184
0.0314280986786
0.0386819839478
0.0395491123199
0.0340929031372
0.0342538356781
0.0344049930573
0.0345890522003
0.0319800376892
0.0321371555328
0.0322880744934
0.0324430465698
0.0358641147614
0.0404050350189
0.052502155304
0.0569479465485
0.0420110225677
0.0440359115601
0.0449800491333
0.0458960533142
0.0441310405731
0.0479609966278
0.0594010353088
0.0601079463959
0.0312359333038
0.0331709384918
0.0425448417664
0.0426909923553
0.0316309928894
0.0325498580933
0.0362620353699
0.0410180091858
0.0337579250336
0.0341989994049
0.0357179641724
0.0414009094238
0.0324239730835
0.0326628684998
0.0328249931335
0.0329759120941
0.0319819450378
0.0322909355164
0.0325748920441
0.0347168445587
0.0431838035583
0.0572428703308
0.0578439235687
0.0583009719849
0.0296680927277
0.0299599170685
0.0302250385284
0.0305829048157
0.0257430076599
0.0264141559601
0.0318591594696
0.0321660041809
0.0414509773254
0.0419929027557
0.0425379276276
0.0471329689026
0.0282678604126
0.0284299850464
0.0309638977051
0.0370337963104
0.0380189418793
0.038186788559
0.0383458137512
0.0384948253632
0.0294759273529
0.0307960510254
0.0333580970764
0.0426368713379
0.0331330299377
0.0342950820923
0.0350921154022
0.0357420444489
0.0432131290436
0.0445840358734
0.0451800823212
0.046795129776
0.0375628471375
0.0385208129883
0.0393128395081
0.0453379154205
0.0325980186462
0.0413639545441
0.0468549728394
0.0476009845734
0.0678219795227
0.0686490535736
0.069433927536
0.0701870918274
0.0412881374359
0.041433095932
0.0415720939636
0.041708946228
0.028293132782
0.0286431312561
0.0291509628296
0.0336980819702
0.0392920970917
0.0403280258179
0.0457320213318
0.0548279285431
0.0243318080902
0.0295150279999
0.0296809673309
0.0363140106201
0.0377421379089
0.0382289886475
0.0387890338898
0.0401260852814
0.0461571216583
0.0463590621948
0.0465199947357
0.0624971389771
0.0382070541382
0.0409679412842
0.0414979457855
0.0420050621033
0.0333790779114
0.0408670902252
0.04390001297
0.0440881252289
0.0359990596771
0.0361831188202
0.0363671779633
0.0365471839905
0.0283088684082
0.0285949707031
0.0288689136505
0.0290880203247
0.0407798290253
0.0413508415222
0.0418748855591
0.0424158573151
0.0282571315765
0.0319800376892
0.0406119823456
0.040766954422
0.028881072998
0.0290479660034
0.0365669727325
0.0422439575195
0.0365989208221
0.0380668640137
0.0431678295135
0.0472149848938
0.032124042511
0.0343899726868
0.0363099575043
0.0484011173248
0.0308620929718
0.0310249328613
0.0311899185181
0.03133893013
0.0283761024475
0.031033039093
0.0365710258484
0.0438680648804
0.0471038818359
0.0505468845367
0.053071975708
0.0538668632507
0.0300769805908
0.0338118076324
0.0408320426941
0.048957824707
0.0264189243317
0.037987947464
0.0463490486145
0.0472509860992
0.0307741165161
0.0309269428253
0.0312399864197
0.0434350967407
0.0346260070801
0.0368070602417
0.0404200553894
0.0426268577576
0.0304338932037
0.0415730476379
0.0501470565796
0.0553359985352
0.031268119812
0.0349719524384
0.0372569561005
0.0431690216064
0.0384039878845
0.0385630130768
0.0391030311584
0.0396499633789
0.0357549190521
0.0369520187378
0.0429720878601
0.0459690093994
0.0294659137726
0.0299859046936
0.0466430187225
0.0505681037903
0.0369288921356
0.0398440361023
0.0400128364563
0.0401740074158
0.0364940166473
0.0367031097412
0.0368590354919
0.0431399345398
0.0361020565033
0.0362620353699
0.0467629432678
0.0505800247192
0.0287470817566
0.028932094574
0.0297989845276
0.0359029769897
0.0351300239563
0.0382280349731
0.0449550151825
0.049576997757
0.0464851856232
0.0467901229858
0.0469901561737
0.0473930835724
0.0338449478149
0.0345549583435
0.0367848873138
0.0375809669495
0.0330121517181
0.0337820053101
0.0345010757446
0.0351951122284
0.0490939617157
0.0492670536041
0.0494170188904
0.049586057663
0.0181272029877
0.0357031822205
0.0364441871643
0.0371181964874
0.0315470695496
0.0317649841309
0.037250995636
0.041953086853
0.0322289466858
0.0324020385742
0.0325639247894
0.0383479595184
0.0353288650513
0.0361938476562
0.0368549823761
0.0375330448151
0.0381360054016
0.0385007858276
0.0387949943542
0.0390949249268
0.0329010486603
0.0394501686096
0.0396461486816
0.0398111343384
0.0415940284729
0.048495054245
0.0516011714935
0.0548281669617
0.0331330299377
0.0421059131622
0.0422649383545
0.0429730415344
0.0267291069031
0.0269739627838
0.0285310745239
0.0371470451355
0.0499188899994
0.0502200126648
0.0505900382996
0.055193901062
0.036080121994
0.0466330051422
0.0469310283661
0.0473170280457
0.0333049297333
0.0335228443146
0.033763885498
0.0339360237122
0.0322079658508
0.0333340167999
0.0340888500214
0.0347599983215
0.0330080986023
0.0363371372223
0.039290189743
0.0465731620789
0.0329358577728
0.0417838096619
0.0435287952423
0.0437338352203
0.0424411296844
0.0434060096741
0.044163942337
0.0449109077454
0.0325479507446
0.0330419540405
0.0334861278534
0.033725976944
0.0373990535736
0.0382418632507
0.0390329360962
0.0397479534149
0.0393030643463
0.0400660037994
0.0407090187073
0.0413830280304
0.0573310852051
0.0582971572876
0.0589511394501
0.0596461296082
0.0302679538727
0.0307929515839
0.0313010215759
0.0318019390106
0.0275239944458
0.028263092041
0.028813123703
0.0309209823608
0.0265719890594
0.0298550128937
0.0340609550476
0.0376880168915
0.034726858139
0.0357599258423
0.0365839004517
0.0389199256897
0.0384249687195
0.0395350456238
0.0427520275116
0.0500030517578
0.0330340862274
0.0331959724426
0.0357789993286
0.0375709533691
0.042072057724
0.0422608852386
0.0424208641052
0.0425748825073
0.0302729606628
0.030473947525
0.033607006073
0.039412021637
0.0289549827576
0.0327289104462
0.035835981369
0.0434110164642
0.0414159297943
0.04159283638
0.0514829158783
0.0560820102692
0.0282380580902
0.0284099578857
0.0304040908813
0.0334410667419
0.0411448478699
0.0414528846741
0.0424149036407
0.0482938289642
0.0372488498688
0.0410990715027
0.0484459400177
0.0486199855804
0.0681979656219
0.0721759796143
0.0776100158691
0.0816268920898
0.0541110038757
0.0542888641357
0.0544497966766
0.0547969341278
0.0481281280518
0.0484600067139
0.0486941337585
0.0488691329956
0.0341560840607
0.0386960506439
0.0437090396881
0.0477221012115
0.0313050746918
0.0315098762512
0.0316829681396
0.0422248840332
0.0274159908295
0.0278120040894
0.0292048454285
0.0327498912811
0.0374479293823
0.0377581119537
0.0394060611725
0.05113697052
0.031742811203
0.0378580093384
0.0432457923889
0.0464539527893
0.0313160419464
0.0314829349518
0.0347819328308
0.0383999347687
0.0299670696259
0.0301439762115
0.0345029830933
0.036966085434
0.0379559993744
0.0452079772949
0.0532329082489
0.0552940368652
0.0365669727325
0.0379049777985
0.039165019989
0.0398800373077
0.0275208950043
0.0276730060577
0.030601978302
0.0329020023346
0.0386629104614
0.0393619537354
0.0399198532104
0.0405888557434
0.0417129993439
0.0425601005554
0.0433139801025
0.0442590713501
0.0401480197906
0.0421960353851
0.0453231334686
0.0506269931793
0.0358819961548
0.0366699695587
0.0373718738556
0.0383608341217
0.0429351329803
0.0439591407776
0.0475730895996
0.0516691207886
0.0336358547211
0.0344099998474
0.0363039970398
0.0384929180145
0.0320301055908
0.0340020656586
0.0427770614624
0.0511260032654
0.0273449420929
0.0306668281555
0.0388000011444
0.0393259525299
0.0369520187378
0.0374729633331
0.0380389690399
0.0557460784912
0.0295848846436
0.0303158760071
0.0326950550079
0.0388689041138
0.0370390415192
0.0380001068115
0.0388100147247
0.0402901172638
0.0473330020905
0.0475280284882
0.0476861000061
0.0497939586639
0.0318470001221
0.0329518318176
0.0331587791443
0.0382528305054
0.0280768871307
0.028284072876
0.036288022995
0.0527050495148
0.0276930332184
0.0292789936066
0.0307350158691
0.0362329483032
0.0552949905396
0.0595269203186
0.0617477893829
0.0625967979431
0.0669980049133
0.0694890022278
0.0702080726624
0.0771350860596
0.0356650352478
0.0367789268494
0.0377640724182
0.0386891365051
0.0350639820099
0.0370979309082
0.0436940193176
0.0480399131775
0.0404491424561
0.0451591014862
0.052915096283
0.0577681064606
0.0358641147614
0.0367360115051
0.0529789924622
0.082720041275
0.0348260402679
0.0358798503876
0.0364789962769
0.0409319400787
0.0379087924957
0.0396089553833
0.0476038455963
0.0518019199371
0.0402030944824
0.0410001277924
0.042093038559
0.0449759960175
0.0267741680145
0.0273101329803
0.0284130573273
0.0353291034698
0.0305309295654
0.0308330059052
0.0372021198273
0.039794921875
0.0243508815765
0.02610206604
0.0298528671265
0.0337178707123
0.0334379673004
0.0366570949554
0.0381331443787
0.0421710014343
0.0337030887604
0.0374250411987
0.0411550998688
0.0495939254761
0.038125038147
0.0404880046844
0.0444631576538
0.0522480010986
0.0361969470978
0.0364129543304
0.0366160869598
0.0367910861969
0.039449930191
0.042927980423
0.0444281101227
0.0485970973969
0.0296061038971
0.0298290252686
0.0377330780029
0.038437128067
0.0337970256805
0.0363409519196
0.0422270298004
0.0510139465332
0.0411159992218
0.0447001457214
0.0504920482635
0.0551970005035
0.0670051574707
0.0672571659088
0.0700919628143
0.0770490169525
0.0356528759003
0.0408008098602
0.0435738563538
0.0509858131409
0.0440449714661
0.0442569255829
0.051481962204
0.0548620223999
0.0323538780212
0.0325229167938
0.0349440574646
0.0379018783569
0.0455558300018
0.0529208183289
0.0572998523712
0.0614449977875
0.0314321517944
0.0356221199036
0.0358681678772
0.0422821044922
0.0244011878967
0.0250251293182
0.037230014801
0.037976026535
0.0319609642029
0.0380640029907
0.0480628013611
0.0553288459778
0.0312080383301
0.0346441268921
0.0408530235291
0.0509099960327
0.0300199985504
0.030189037323
0.030335187912
0.0386271476746
0.0378289222717
0.0379898548126
0.0427589416504
0.0429179668427
0.034873008728
0.0350279808044
0.0351760387421
0.0353219509125
0.0314738750458
0.0316729545593
0.0318439006805
0.0320239067078
0.0294840335846
0.0357611179352
0.0401949882507
0.0443370342255
0.0420958995819
0.045667886734
0.0500419139862
0.0543138980865
0.0285680294037
0.0287258625031
0.0352449417114
0.0394349098206
0.0368580818176
0.0371840000153
0.0387101173401
0.0458409786224
0.0359859466553
0.0361359119415
0.036278963089
0.0403180122375
0.0338020324707
0.0339770317078
0.0381581783295
0.0447630882263
0.0320188999176
0.0321888923645
0.0348489284515
0.0385589599609
0.031965970993
0.0338439941406
0.033989906311
0.0362708568573
0.039932012558
0.0450210571289
0.0451672077179
0.0453100204468
0.0365300178528
0.036682844162
0.0368227958679
0.0428309440613
0.035355091095
0.0404100418091
0.0428528785706
0.0466918945312
0.0354468822479
0.0393948554993
0.0403640270233
0.0410299301147
0.0314729213715
0.0316460132599
0.0318620204926
0.0426208972931
0.0378110408783
0.0379810333252
0.0381388664246
0.039046049118
0.0431220531464
0.0433158874512
0.0435009002686
0.0436570644379
0.0404179096222
0.0406370162964
0.040806055069
0.041454076767
0.0341138839722
0.0422329902649
0.0423889160156
0.0442638397217
0.0342981815338
0.0358819961548
0.0366261005402
0.0373001098633
0.0373611450195
0.0375461578369
0.0377101898193
0.0411131381989
0.036208152771
0.0363941192627
0.0365431308746
0.0366859436035
0.0412459373474
0.0519881248474
0.0532939434052
0.0543210506439
0.0278060436249
0.0347180366516
0.0369050502777
0.0388960838318
0.0346398353577
0.034824848175
0.0352258682251
0.038911819458
0.0375878810883
0.0377430915833
0.0379459857941
0.0380959510803
0.030935049057
0.0311119556427
0.0341091156006
0.0394759178162
0.0338878631592
0.0342209339142
0.0406808853149
0.0438978672028
0.037281036377
0.0376439094543
0.0424830913544
0.0482280254364
0.0342350006104
0.0344250202179
0.0390870571136
0.042934179306
0.0294029712677
0.0297119617462
0.0391471385956
0.0419809818268
0.0333302021027
0.0334930419922
0.0357701778412
0.0399529933929
0.0343248844147
0.0372169017792
0.0414009094238
0.0452778339386
0.0366368293762
0.0370118618011
0.0373768806458
0.0402338504791
0.0420410633087
0.0422260761261
0.0423879623413
0.0454790592194
0.0419499874115
0.0421268939972
0.0422959327698
0.0487380027771
0.0250279903412
0.0274758338928
0.0334630012512
0.0381548404694
0.0391738414764
0.0446288585663
0.0489389896393
0.0509059429169
0.033714056015
0.033863067627
0.0386428833008
0.0463490486145
0.0347709655762
0.0358250141144
0.0412728786469
0.0443079471588
0.0393540859222
0.0401229858398
0.0408239364624
0.0415389537811
0.0347430706024
0.0350520610809
0.0352311134338
0.040764093399
0.0382249355316
0.0426208972931
0.0481898784637
0.0483539104462
0.0362770557404
0.0377271175385
0.0417411327362
0.0456740856171
0.0268139839172
0.0270400047302
0.0275650024414
0.0312120914459
0.0330281257629
0.0354981422424
0.0460331439972
0.0481729507446
0.0360109806061
0.0363819599152
0.0387380123138
0.0570890903473
0.0353920459747
0.0358779430389
0.0395438671112
0.0426349639893
0.0353360176086
0.0355188846588
0.0356838703156
0.0399479866028
0.0317091941833
0.0383269786835
0.0437321662903
0.0438811779022
0.028902053833
0.0290610790253
0.0336301326752
0.0363421440125
0.0272099971771
0.0274000167847
0.029137134552
0.0333061218262
0.0307121276855
0.0308840274811
0.0337290763855
0.0415182113647
0.0303750038147
0.033509016037
0.0398690700531
0.0460178852081
0.0318200588226
0.0374529361725
0.0438771247864
0.0483350753784
0.0400559902191
0.0414400100708
0.0460839271545
0.0484318733215
0.0315001010895
0.0317130088806
0.0370969772339
0.0404591560364
0.0224599838257
0.0265078544617
0.0306198596954
0.0348160266876
0.0368399620056
0.049957036972
0.0501329898834
0.05029296875
0.0365011692047
0.0367000102997
0.0368950366974
0.0397491455078
0.0294668674469
0.0296177864075
0.0297629833221
0.0299079418182
0.02623295784
0.0264039039612
0.029333114624
0.034511089325
0.032986164093
0.0382921695709
0.0429830551147
0.0507869720459
0.0352320671082
0.0358278751373
0.0362119674683
0.0368120670319
0.0361938476562
0.0379259586334
0.038566827774
0.0392489433289
0.0325338840485
0.032693862915
0.0367150306702
0.0428898334503
0.0800421237946
0.0802781581879
0.0804409980774
0.080628156662
0.0501589775085
0.0503430366516
0.0505139827728
0.0507099628448
0.0323989391327
0.0432589054108
0.0434229373932
0.0435709953308
0.035148859024
0.0353119373322
0.0395379066467
0.0468559265137
0.0471720695496
0.0521368980408
0.0550909042358
0.059602022171
0.0320739746094
0.0374779701233
0.0463490486145
0.0473880767822
0.0303511619568
0.0305120944977
0.0306601524353
0.0308051109314
0.0290441513062
0.0292332172394
0.0343661308289
0.0409932136536
0.0268440246582
0.02947306633
0.0304388999939
0.0306298732758
0.0508592128754
0.0542659759521
0.0634000301361
0.071387052536
0.0285351276398
0.0287029743195
0.0288531780243
0.0352840423584
0.0361309051514
0.0372898578644
0.0386769771576
0.0407989025116
0.0372838973999
0.0379939079285
0.0386219024658
0.0394759178162
0.031858921051
0.0371639728546
0.0373940467834
0.0375471115112
0.036984205246
0.0375511646271
0.0382361412048
0.0393581390381
0.035943031311
0.0361499786377
0.0363550186157
0.0365669727325
0.0234749317169
0.0246639251709
0.0297870635986
0.0338180065155
0.0293519496918
0.0319650173187
0.0335910320282
0.0341880321503
0.0284938812256
0.0297160148621
0.0325720310211
0.0343270301819
0.0287420749664
0.0289142131805
0.0290741920471
0.0292282104492
0.0359840393066
0.0361890792847
0.0364329814911
0.0367381572723
0.0450491905212
0.0481181144714
0.0509099960327
0.0518012046814
0.0338761806488
0.0343861579895
0.0349111557007
0.0370490550995
0.0351049900055
0.0355911254883
0.0371332168579
0.0373711585999
0.0353798866272
0.0377569198608
0.0387270450592
0.039745092392
0.0290679931641
0.0300691127777
0.0321011543274
0.0358190536499
0.053062915802
0.0543508529663
0.0547358989716
0.0560359954834
0.0365760326385
0.037281036377
0.0466051101685
0.0467631816864
0.0274209976196
0.0331959724426
0.0423579216003
0.0433299541473
0.0422079563141
0.0427498817444
0.0434408187866
0.0476758480072
0.032074213028
0.0394990444183
0.0396749973297
0.0415661334991
0.0386447906494
0.0412077903748
0.0469517707825
0.0511858463287
0.0336058139801
0.0349178314209
0.0360889434814
0.0369598865509
0.0316519737244
0.0318188667297
0.0375008583069
0.0437910556793
0.0387370586395
0.0432729721069
0.0503489971161
0.0560901165009
0.0382649898529
0.0414769649506
0.0478899478912
0.0543229579926
0.043249130249
0.0502531528473
0.050525188446
0.0539681911469
0.0428538322449
0.0437879562378
0.0443398952484
0.0456268787384
0.0288379192352
0.0298550128937
0.044086933136
0.0446150302887
0.035514831543
0.0357038974762
0.0360708236694
0.0365629196167
0.0321640968323
0.0323779582977
0.032555103302
0.0347571372986
0.027626991272
0.0315070152283
0.0353181362152
0.0384209156036
0.0313467979431
0.0315117835999
0.0316548347473
0.0317919254303
0.043389081955
0.0435900688171
0.0437541007996
0.0439169406891
0.0358150005341
0.0360059738159
0.0443830490112
0.0483200550079
0.0366559028625
0.0368909835815
0.0446879863739
0.0488219261169
0.0314810276031
0.0423789024353
0.0447678565979
0.0452349185944
0.0388391017914
0.0395140647888
0.0396821498871
0.0398361682892
0.0361661911011
0.0363290309906
0.0364830493927
0.0477252006531
0.0315370559692
0.0336091518402
0.0458581447601
0.046895980835
0.0422360897064
0.0424809455872
0.0426609516144
0.0428161621094
0.02809715271
0.0282921791077
0.0302422046661
0.0350441932678
0.0288641452789
0.0361201763153
0.0393991470337
0.0435831546783
0.0271689891815
0.0273628234863
0.0313649177551
0.0361099243164
0.0335338115692
0.0337147712708
0.0458409786224
0.0497949123383
0.0364718437195
0.0366318225861
0.036780834198
0.0390508174896
0.0334050655365
0.033595085144
0.0337610244751
0.0339279174805
0.0280799865723
0.0283041000366
0.0307910442352
0.034765958786
0.0274860858917
0.0276489257812
0.0323090553284
0.0364639759064
0.03724193573
0.0388150215149
0.0390250682831
0.0456790924072
0.0375809669495
0.0377669334412
0.0379409790039
0.0381560325623
0.0320270061493
0.0489530563354
0.0498640537262
0.0507760047913
0.0373139381409
0.0406260490417
0.043839931488
0.0446400642395
0.031152009964
0.0320851802826
0.0506820678711
0.0515232086182
0.0356588363647
0.0368587970734
0.0390408039093
0.0424239635468
0.0325989723206
0.0410139560699
0.0437679290771
0.0443329811096
0.0313169956207
0.0318579673767
0.0374310016632
0.0382211208344
0.0358150005341
0.0390920639038
0.0470750331879
0.047924041748
0.0400249958038
0.0468230247498
0.048043012619
0.0487740039825
0.0385909080505
0.0388000011444
0.0389680862427
0.0391271114349
0.0423901081085
0.0425720214844
0.0427310466766
0.0510909557343
0.0316250324249
0.0317950248718
0.0319468975067
0.0460319519043
0.0274198055267
0.0300769805908
0.0308899879456
0.0399479866028
0.0366659164429
0.0396599769592
0.0403649806976
0.0416879653931
0.0170559883118
0.0389740467072
0.039381980896
0.0402770042419
0.0377280712128
0.0379018783569
0.038064956665
0.0382189750671
0.0288848876953
0.0369718074799
0.0417428016663
0.0466918945312
0.0356018543243
0.0357580184937
0.0359079837799
0.0360658168793
0.0282340049744
0.0284819602966
0.0315840244293
0.0343539714813
0.0306220054626
0.0442731380463
0.0444431304932
0.0446031093597
0.0380260944366
0.0387940406799
0.0389721393585
0.0460770130157
0.0382399559021
0.0384969711304
0.0387108325958
0.039167881012
0.0383610725403
0.0389931201935
0.0397570133209
0.0405430793762
0.0304911136627
0.0394539833069
0.0460870265961
0.0478920936584
0.0336048603058
0.0338809490204
0.0340969562531
0.0450608730316
0.0296320915222
0.0303630828857
0.0368480682373
0.0372569561005
0.0336539745331
0.0348660945892
0.0356011390686
0.0376970767975
0.0335459709167
0.0337059497833
0.0338680744171
0.0383059978485
0.0247321128845
0.0255401134491
0.0377459526062
0.0379040241241
0.0277459621429
0.0289480686188
0.0316519737244
0.0371041297913
0.0334360599518
0.0336270332336
0.0337970256805
0.0339589118958
0.0278120040894
0.0279879570007
0.0333158969879
0.0396358966827
0.0263588428497
0.0316009521484
0.0385398864746
0.0497999191284
0.0370419025421
0.0379688739777
0.038724899292
0.0486350059509
0.034970998764
0.0356578826904
0.0364210605621
0.0371670722961
0.0312490463257
0.0316679477692
0.0320670604706
0.032506942749
0.0313038825989
0.0328409671783
0.0342619419098
0.0402448177338
0.0350701808929
0.036406993866
0.038516998291
0.0387179851532
0.0283930301666
0.0286359786987
0.0352220535278
0.0353960990906
0.0319230556488
0.0320830345154
0.0322291851044
0.0373091697693
0.0306980609894
0.0308701992035
0.0379450321198
0.0425341129303
0.0363309383392
0.0365071296692
0.0516200065613
0.0531470775604
0.0394630432129
0.0396230220795
0.0400400161743
0.0440011024475
0.0318880081177
0.0320570468903
0.0322079658508
0.0366780757904
0.0308938026428
0.0310549736023
0.0312118530273
0.0313618183136
0.0323579311371
0.0355288982391
0.0409348011017
0.0419390201569
0.0357151031494
0.0405211448669
0.0484211444855
0.0500099658966
0.0414798259735
0.0425639152527
0.0468800067902
0.04825091362
0.0364010334015
0.0365650653839
0.0367081165314
0.039932012558
0.0250980854034
0.0252621173859
0.0364441871643
0.0365920066833
0.0288679599762
0.0290329456329
0.0323340892792
0.041088104248
0.0320768356323
0.032233953476
0.0323729515076
0.0343677997589
0.0284199714661
0.0287158489227
0.0323488712311
0.036908864975
0.0335447788239
0.0337297916412
0.0338969230652
0.0343358516693
0.0315959453583
0.036031961441
0.0375938415527
0.04332280159
0.0323331356049
0.0325481891632
0.0414590835571
0.0448880195618
0.0300178527832
0.0301818847656
0.0317239761353
0.0398948192596
0.0664579868317
0.0691530704498
0.0693359375
0.0711841583252
0.0314810276031
0.0322711467743
0.0347111225128
0.0354261398315
0.0421018600464
0.0430898666382
0.0437989234924
0.0444519519806
0.0357339382172
0.0405390262604
0.0457880496979
0.048150062561
0.0397248268127
0.0398948192596
0.0494108200073
0.0499558448792
0.0353219509125
0.0442590713501
0.047975063324
0.0516519546509
0.0331530570984
0.0335590839386
0.0339632034302
0.0344221591949
0.028214931488
0.0283958911896
0.0286829471588
0.0318849086761
0.0341711044312
0.0343341827393
0.0370121002197
0.041454076767
0.0361289978027
0.037346124649
0.0411279201508
0.0437049865723
0.0345730781555
0.035325050354
0.0369799137115
0.0453310012817
0.0373928546906
0.0443599224091
0.047632932663
0.0573229789734
0.0331010818481
0.0409250259399
0.0458130836487
0.0497140884399
0.0337450504303
0.0375828742981
0.0385339260101
0.0423128604889
0.0325639247894
0.032732963562
0.0328838825226
0.0358040332794
0.0295598506927
0.0343689918518
0.0416610240936
0.0454969406128
0.0386860370636
0.038910150528
0.0391290187836
0.0477559566498
0.0313758850098
0.0352439880371
0.036712884903
0.0378119945526
0.0411400794983
0.0416939258575
0.0429129600525
0.0507030487061
0.0311951637268
0.0322411060333
0.039314031601
0.043986082077
0.0305240154266
0.0439410209656
0.0475518703461
0.0523738861084
0.0291750431061
0.0308721065521
0.032487154007
0.0353441238403
0.036169052124
0.0363519191742
0.0365209579468
0.0368890762329
0.0367240905762
0.047336101532
0.0479080677032
0.0594999790192
0.0349540710449
0.0381870269775
0.0402340888977
0.043820142746
0.0285530090332
0.0288372039795
0.0291051864624
0.0483651161194
0.027755022049
0.0279250144958
0.0354928970337
0.0356588363647
0.0336208343506
0.0369918346405
0.0397410392761
0.0458450317383
0.0277800559998
0.0279729366302
0.0360310077667
0.0383369922638
0.0316820144653
0.0318548679352
0.0406510829926
0.0425488948822
0.0317618846893
0.0319728851318
0.0321528911591
0.0346069335938
0.0384290218353
0.0413439273834
0.0415110588074
0.0443549156189
0.0342681407928
0.0353851318359
0.0375611782074
0.0407330989838
0.0331399440765
0.0394508838654
0.0441699028015
0.0444440841675
0.0387260913849
0.0437350273132
0.0439529418945
0.0441620349884
0.0472011566162
0.0516231060028
0.0678131580353
0.067981004715
0.0449140071869
0.0450999736786
0.045245885849
0.0453929901123
0.0317130088806
0.031986951828
0.0342628955841
0.0410678386688
0.0387759208679
0.0389628410339
0.0426440238953
0.0471999645233
0.0338661670685
0.0340411663055
0.0466160774231
0.0495421886444
0.0264601707458
0.0267372131348
0.0282461643219
0.0377399921417
0.0257520675659
0.0401451587677
0.0448400974274
0.0450351238251
0.0526568889618
0.0530669689178
0.0534338951111
0.0538051128387
0.0307960510254
0.0309579372406
0.0343630313873
0.0375199317932
0.02885389328
0.0290219783783
0.0353879928589
0.0377860069275
0.0319459438324
0.0339629650116
0.0372829437256
0.0410888195038
0.0373268127441
0.0476768016815
0.0484368801117
0.0493848323822
0.0412440299988
0.0419778823853
0.0425040721893
0.0430290699005
0.0467350482941
0.0475890636444
0.0499770641327
0.059072971344
0.0442450046539
0.0444920063019
0.0446739196777
0.0457320213318
0.0350170135498
0.0351848602295
0.0353548526764
0.0370240211487
0.0349390506744
0.0351459980011
0.0452110767365
0.0454940795898
0.0365500450134
0.036721944809
0.0381939411163
0.0422430038452
0.0291080474854
0.0294120311737
0.0324501991272
0.0367081165314
0.0270500183105
0.0337300300598
0.0339159965515
0.0340840816498
0.0270209312439
0.0278511047363
0.0381329059601
0.0421500205994
0.0303611755371
0.0318720340729
0.0339941978455
0.0363600254059
0.0414781570435
0.0440289974213
0.0486071109772
0.0494861602783
0.0365011692047
0.0372850894928
0.0381481647491
0.0388460159302
0.0571050643921
0.0572700500488
0.0574190616608
0.0648741722107
0.0298571586609
0.0300340652466
0.0330810546875
0.0411500930786
0.0290629863739
0.0321998596191
0.034991979599
0.0375158786774
0.0299279689789
0.030091047287
0.0375130176544
0.0376889705658
0.0502789020538
0.0504648685455
0.0555219650269
0.057158946991
0.0331859588623
0.0387461185455
0.0403370857239
0.0514850616455
0.0279030799866
0.0312049388885
0.0353281497955
0.0363221168518
0.0342321395874
0.0344400405884
0.0345900058746
0.0347371101379
0.03595495224
0.0361299514771
0.0362811088562
0.0364329814911
0.0312299728394
0.0314040184021
0.0315539836884
0.0370349884033
0.0381309986115
0.0383291244507
0.0398571491241
0.0459129810333
0.0366480350494
0.0368239879608
0.0387930870056
0.0447700023651
0.0266268253326
0.0268268585205
0.0269968509674
0.035740852356
0.0280089378357
0.0281629562378
0.0283029079437
0.0299921035767
0.0339639186859
0.0431799888611
0.0437409877777
0.0442779064178
0.0488221645355
0.0499999523163
0.0507509708405
0.0515341758728
0.0359470844269
0.0418000221252
0.0480041503906
0.0517280101776
0.0305178165436
0.030720949173
0.0308887958527
0.0326209068298
0.0297608375549
0.0314698219299
0.0357229709625
0.0363998413086
0.0321500301361
0.0323541164398
0.0406081676483
0.0451591014862
0.0313501358032
0.0324461460114
0.0425319671631
0.0432240962982
0.0449779033661
0.0502228736877
0.0509369373322
0.0516448020935
0.041640996933
0.0429739952087
0.0436210632324
0.0442838668823
0.0391850471497
0.0398769378662
0.0406789779663
0.0414109230042
0.0330259799957
0.0385599136353
0.0394239425659
0.0436301231384
0.0376789569855
0.0391390323639
0.0396831035614
0.0412828922272
0.0260720252991
0.0262751579285
0.0335581302643
0.0338890552521
0.0274031162262
0.0275800228119
0.0278911590576
0.0312161445618
0.0278789997101
0.0281600952148
0.0358440876007
0.0395541191101
0.0305528640747
0.0394508838654
0.0409710407257
0.0419449806213
0.0460078716278
0.04665184021
0.0473599433899
0.0479788780212
0.0370008945465
0.0379281044006
0.0387840270996
0.0396389961243
0.0341558456421
0.0378918647766
0.0406658649445
0.0469238758087
0.0296421051025
0.0306270122528
0.0385899543762
0.0390150547028
0.0287611484528
0.0312819480896
0.0376229286194
0.0405790805817
0.0361838340759
0.0363988876343
0.0365529060364
0.0380969047546
0.0283551216125
0.0285429954529
0.0325679779053
0.0361199378967
0.0275368690491
0.0480179786682
0.0483767986298
0.0487229824066
0.0259518623352
0.0261468887329
0.0331909656525
0.0343239307404
0.0256140232086
0.0257921218872
0.0306611061096
0.0366630554199
0.0344669818878
0.0352528095245
0.040647983551
0.0414848327637
0.0352561473846
0.03799700737
0.0407011508942
0.0414371490479
0.041088104248
0.0420429706573
0.0431270599365
0.0438599586487
0.0366640090942
0.0374081134796
0.0382039546967
0.0415699481964
0.0455060005188
0.0463120937347
0.0471251010895
0.0479121208191
0.0413799285889
0.042368888855
0.0461850166321
0.046993970871
0.0343430042267
0.0350642204285
0.035863161087
0.0424671173096
0.039843082428
0.040559053421
0.0494511127472
0.0517861843109
0.0348010063171
0.0350630283356
0.035224199295
0.0391261577606
0.0299770832062
0.0301961898804
0.0303721427917
0.0332541465759
0.0322690010071
0.0351369380951
0.0390520095825
0.0468780994415
0.0834920406342
0.0836670398712
0.0838270187378
0.0839869976044
0.0818490982056
0.0845789909363
0.0901341438293
0.093759059906
0.0883591175079
0.0972530841827
0.0978879928589
0.10466504097
0.029284954071
0.0295419692993
0.0316679477692
0.0351920127869
0.0309097766876
0.0318739414215
0.0375578403473
0.040745973587
0.0286309719086
0.0287809371948
0.0346429347992
0.0348088741302
0.0266311168671
0.0269069671631
0.0297100543976
0.0314071178436
0.0329461097717
0.0331270694733
0.0332911014557
0.0344240665436
0.0371298789978
0.0376949310303
0.0382678508759
0.0413718223572
0.0464200973511
0.0477681159973
0.0493121147156
0.0500700473785
0.0324831008911
0.0329179763794
0.0333540439606
0.0360190868378
0.0318892002106
0.0325682163239
0.0368762016296
0.0439541339874
0.0322480201721
0.0324120521545
0.0325620174408
0.0327191352844
0.035569190979
0.0357310771942
0.0359330177307
0.040265083313
0.0323948860168
0.0326409339905
0.03280210495
0.0329821109772
0.0622069835663
0.0623648166656
0.0639870166779
0.0672709941864
0.0318961143494
0.0320911407471
0.0324602127075
0.0344321727753
0.0315489768982
0.0316948890686
0.0348258018494
0.0404949188232
0.0322029590607
0.0324728488922
0.0350229740143
0.0429480075836
0.029196023941
0.0293850898743
0.052582025528
0.0535950660706
0.0336558818817
0.0339648723602
0.0396428108215
0.0453698635101
0.0330510139465
0.0401220321655
0.0410408973694
0.0422780513763
0.0310490131378
0.0312628746033
0.0343790054321
0.0382330417633
0.0464019775391
0.0466198921204
0.0468089580536
0.0471920967102
0.0333280563354
0.0356829166412
0.036248922348
0.0409388542175
0.0330028533936
0.0346088409424
0.0408279895782
0.0464708805084
0.0338270664215
0.0341761112213
0.0344572067261
0.0351500511169
0.0294029712677
0.0295970439911
0.0297770500183
0.0342710018158
0.0359749794006
0.0362069606781
0.0390450954437
0.0463309288025
0.0291519165039
0.0293500423431
0.029501914978
0.0317170619965
0.0269820690155
0.0289471149445
0.0476009845734
0.0478281974792
0.0289480686188
0.0323550701141
0.037290096283
0.0391011238098
0.0327088832855
0.0330049991608
0.0393538475037
0.0395379066467
0.0342438220978
0.0344128608704
0.0409150123596
0.0457530021667
0.0284640789032
0.0286309719086
0.029196023941
0.0355858802795
0.0249447822571
0.0266408920288
0.0309069156647
0.0342659950256
0.0273580551147
0.0275869369507
0.0439710617065
0.0487699508667
0.0578329563141
0.0580279827118
0.0584318637848
0.0617067813873
0.0754160881042
0.076238155365
0.0924441814423
0.0926270484924
0.0342359542847
0.0480690002441
0.0487549304962
0.0495309829712
0.0285060405731
0.0287129878998
0.0314290523529
0.0350148677826
0.0334358215332
0.0336148738861
0.0468120574951
0.0495319366455
0.0301570892334
0.030314207077
0.0330450534821
0.0331881046295
0.0328488349915
0.0390148162842
0.0420618057251
0.0440618991852
0.0299398899078
0.0302178859711
0.0304040908813
0.0364389419556
0.0816488265991
0.0872278213501
0.0940978527069
0.0942528247833
0.0640668869019
0.067193031311
0.0723388195038
0.0763418674469
0.123342990875
0.123738050461
0.125209093094
0.130594015121
0.0306348800659
0.031103849411
0.0319299697876
0.040992975235
0.102375984192
0.102606058121
0.108668088913
0.112712144852
0.0443599224091
0.045077085495
0.04851603508
0.0517649650574
0.0304369926453
0.0307641029358
0.0345320701599
0.0385091304779
0.051421880722
0.0530090332031
0.0532140731812
0.0585639476776
0.041316986084
0.0414950847626
0.0416600704193
0.0419721603394
0.0574150085449
0.0575661659241
0.0587799549103
0.0625729560852
0.0298697948456
0.030063867569
0.0336399078369
0.0344967842102
0.0288889408112
0.029748916626
0.0337419509888
0.0373659133911
0.0354390144348
0.0355999469757
0.0357449054718
0.0535018444061
0.0283770561218
0.028568983078
0.0354030132294
0.0355541706085
0.029039144516
0.0296430587769
0.0348160266876
0.0409851074219
0.0389499664307
0.0391311645508
0.039290189743
0.0412881374359
0.0267589092255
0.0269138813019
0.0270538330078
0.0323050022125
0.0271871089935
0.0273442268372
0.0289041996002
0.0338411331177
0.0311648845673
0.0313429832458
0.0321340560913
0.0355548858643
0.0272331237793
0.0273940563202
0.0459690093994
0.0476450920105
0.0264019966125
0.0287029743195
0.0339410305023
0.0360929965973
0.0318071842194
0.0331091880798
0.037504196167
0.0393440723419
0.0304551124573
0.035964012146
0.0375170707703
0.0388481616974
0.0358169078827
0.0402779579163
0.0460288524628
0.0498678684235
0.0376219749451
0.0385909080505
0.0394349098206
0.0401229858398
0.0355207920074
0.035710811615
0.0358788967133
0.0368809700012
0.0360879898071
0.0362939834595
0.0364520549774
0.0381278991699
0.0296950340271
0.031672000885
0.0319159030914
0.035826921463
0.0365450382233
0.0367450714111
0.0412049293518
0.0447869300842
0.0299530029297
0.0301289558411
0.0302820205688
0.0304489135742
0.0423419475555
0.043664932251
0.0479209423065
0.0523309707642
0.0293121337891
0.0294740200043
0.0333030223846
0.0411641597748
0.0334858894348
0.0336399078369
0.0356500148773
0.0405509471893
0.0299870967865
0.0301530361176
0.030296087265
0.0322840213776
0.0379898548126
0.0381829738617
0.0383348464966
0.0384838581085
0.0353329181671
0.0357301235199
0.0361659526825
0.0366170406342
0.0233340263367
0.0462331771851
0.046459197998
0.0466752052307
0.0265100002289
0.0266859531403
0.0278677940369
0.0320568084717
0.0217700004578
0.0277528762817
0.0469708442688
0.0471758842468
0.0474710464478
0.0476310253143
0.0498101711273
0.0543360710144
0.0296590328217
0.029834985733
0.03892993927
0.0439329147339
0.036406993866
0.0365741252899
0.0367231369019
0.0374200344086
0.0326449871063
0.0328040122986
0.0337469577789
0.037045955658
0.0296177864075
0.0308268070221
0.040374994278
0.0412878990173
0.034548997879
0.0347111225128
0.0496251583099
0.0533261299133
0.0712440013885
0.0714550018311
0.0715968608856
0.0717389583588
0.0297479629517
0.0299279689789
0.0300970077515
0.0378699302673
0.0607340335846
0.0613689422607
0.0616838932037
0.0627009868622
0.0444400310516
0.0513899326324
0.0515429973602
0.0516860485077
0.0264410972595
0.0266020298004
0.0315539836884
0.0317001342773
0.025997877121
0.0261988639832
0.0348038673401
0.035493850708
0.0283918380737
0.0285730361938
0.0433440208435
0.0435318946838
0.0256659984589
0.0262470245361
0.0318019390106
0.0398931503296
0.0293848514557
0.0295460224152
0.0296988487244
0.0355570316315
0.0365619659424
0.037663936615
0.039036989212
0.0429577827454
0.0279901027679
0.031375169754
0.0331041812897
0.0336441993713
0.0305721759796
0.0313401222229
0.0320551395416
0.034029006958
0.0497200489044
0.0528080463409
0.0596752166748
0.0620410442352
0.0541849136353
0.0584371089935
0.0624489784241
0.0660519599915
0.0432789325714
0.0454270839691
0.049115896225
0.0562410354614
0.0560290813446
0.0561912059784
0.0583701133728
0.0704290866852
0.0335359573364
0.033725976944
0.0339200496674
0.0345358848572
0.0435831546783
0.0461061000824
0.0472512245178
0.0521290302277
0.0281229019165
0.0284090042114
0.0331950187683
0.0401828289032
0.0358409881592
0.0359919071198
0.0393569469452
0.0450100898743
0.0299379825592
0.0301289558411
0.0363509654999
0.0365009307861
0.0274150371552
0.0425779819489
0.0438940525055
0.048691034317
0.027184009552
0.0277369022369
0.0296618938446
0.0342149734497
0.032084941864
0.0335140228271
0.0342319011688
0.0349409580231
0.0352199077606
0.0364470481873
0.0405130386353
0.0452179908752
0.0268301963806
0.0495321750641
0.0501801967621
0.0508160591125
0.0341520309448
0.0348868370056
0.0355949401855
0.0361769199371
0.0349149703979
0.0355920791626
0.0362560749054
0.0368850231171
0.0367429256439
0.0377948284149
0.0420320034027
0.043646812439
0.0309729576111
0.031583070755
0.0322589874268
0.0328841209412
0.0264151096344
0.0265700817108
0.0322549343109
0.0324161052704
0.0256390571594
0.0281879901886
0.0304551124573
0.0356040000916
0.0346131324768
0.0347859859467
0.0413870811462
0.0415410995483
0.0236608982086
0.0259277820587
0.0309798717499
0.0353848934174
0.0271232128143
0.0272960662842
0.0364871025085
0.0496590137482
0.0664811134338
0.0666370391846
0.0667781829834
0.0694451332092
0.0260450839996
0.0272059440613
0.0367739200592
0.0377109050751
0.0612471103668
0.0654540061951
0.0656070709229
0.0699760913849
0.0289688110352
0.0291609764099
0.029335975647
0.0294969081879
0.0285890102386
0.0288288593292
0.0290448665619
0.0293519496918
0.0266470909119
0.0280389785767
0.0288090705872
0.0454359054565
0.0302820205688
0.0304849147797
0.0306739807129
0.0333118438721
0.0481600761414
0.0485270023346
0.048709154129
0.0488741397858
0.0294630527496
0.0305199623108
0.0314650535583
0.0357251167297
0.0425429344177
0.0432350635529
0.044310092926
0.0449450016022
0.057265996933
0.0575201511383
0.0578811168671
0.058366060257
0.0472149848938
0.0474300384521
0.0475850105286
0.0484020709991
0.0272178649902
0.0280709266663
0.0345158576965
0.0347290039062
0.0296630859375
0.029892206192
0.0471000671387
0.0556561946869
0.0336098670959
0.0338530540466
0.0377628803253
0.0419180393219
0.0271389484406
0.027302980423
0.0440828800201
0.0492868423462
0.027764081955
0.0279309749603
0.0291340351105
0.0329480171204
0.0249691009521
0.0290501117706
0.0292019844055
0.0410010814667
0.0463109016418
0.0465087890625
0.0483179092407
0.0559167861938
0.0319809913635
0.0344350337982
0.0416071414948
0.0417540073395
0.0308980941772
0.0310959815979
0.0312700271606
0.0368509292603
0.0305850505829
0.0307528972626
0.0389089584351
0.0390720367432
0.0358188152313
0.0418219566345
0.042053937912
0.0496938228607
0.0568118095398
0.063462972641
0.063738822937
0.0640089511871
0.0441920757294
0.0470139980316
0.04727602005
0.0475089550018
0.0339169502258
0.034147977829
0.0343990325928
0.0398490428925
0.032546043396
0.0367488861084
0.0374820232391
0.0385918617249
0.0325319766998
0.0334401130676
0.0340960025787
0.0347940921783
0.0285620689392
0.0292339324951
0.0297529697418
0.0365080833435
0.0315968990326
0.0397658348083
0.0427119731903
0.0461578369141
0.0298509597778
0.0335500240326
0.0375850200653
0.0451128482819
0.0342419147491
0.0374338626862
0.0390679836273
0.043604850769
0.0293090343475
0.037791967392
0.0388770103455
0.04678606987
0.0483529567719
0.0485119819641
0.0487148761749
0.0488579273224
0.031063079834
0.0313301086426
0.0314960479736
0.0316579341888
0.0320999622345
0.0326271057129
0.0340299606323
0.0361111164093
0.0307321548462
0.0308980941772
0.0310461521149
0.0439710617065
0.0264298915863
0.0266060829163
0.0341489315033
0.0375430583954
0.0440771579742
0.0442690849304
0.0444850921631
0.0446450710297
0.0351769924164
0.0372109413147
0.0403189659119
0.0428779125214
0.0309669971466
0.0311720371246
0.0365149974823
0.0389468669891
0.0341651439667
0.034499168396
0.0347611904144
0.0349740982056
0.0263540744781
0.0265400409698
0.0281929969788
0.0317709445953
0.0320568084717
0.0322358608246
0.0323989391327
0.032557964325
0.036474943161
0.0368390083313
0.0391688346863
0.0477538108826
0.0445778369904
0.0452909469604
0.0459427833557
0.0463008880615
0.0314710140228
0.0316979885101
0.0511558055878
0.051332950592
0.0567200183868
0.056911945343
0.0570499897003
0.0606689453125
0.0268461704254
0.0305721759796
0.0339169502258
0.0411021709442
0.028608083725
0.0299088954926
0.0355739593506
0.0380449295044
0.0303549766541
0.0305728912354
0.0401840209961
0.040354013443
0.028932094574
0.0305531024933
0.0353560447693
0.040470123291
0.0313141345978
0.0344231128693
0.039763212204
0.046361207962
0.0351178646088
0.0352890491486
0.035444021225
0.0378758907318
0.0333480834961
0.0335781574249
0.0337309837341
0.0369250774384
0.0311758518219
0.0313658714294
0.0315709114075
0.0332939624786
0.0352289676666
0.0353960990906
0.0355451107025
0.0369479656219
0.0254011154175
0.0255990028381
0.030287027359
0.0351710319519
0.0294868946075
0.0296909809113
0.0354969501495
0.0369439125061
0.0369510650635
0.037281036377
0.0375740528107
0.038810968399
0.0326092243195
0.0327610969543
0.0329201221466
0.0331020355225
0.0253210067749
0.0267648696899
0.0331079959869
0.0366859436035
0.0287220478058
0.0288980007172
0.0290620326996
0.0301759243011
0.0319290161133
0.034175157547
0.0343329906464
0.0344791412354
0.0278608798981
0.0280239582062
0.0367980003357
0.0369648933411
0.0395839214325
0.0397391319275
0.0398790836334
0.0400199890137
0.0273439884186
0.02751994133
0.0313379764557
0.0400869846344
0.0318930149078
0.0320529937744
0.0324292182922
0.0347151756287
0.0277969837189
0.02800989151
0.0337588787079
0.0374248027802
0.0317158699036
0.0318729877472
0.0320179462433
0.0413520336151
0.0254189968109
0.0323770046234
0.0386419296265
0.0428569316864
0.0287780761719
0.0370240211487
0.0378110408783
0.038614988327
0.0388970375061
0.0399830341339
0.0407631397247
0.0629191398621
0.0350131988525
0.0352101325989
0.0353820323944
0.0355360507965
0.0300748348236
0.0342888832092
0.0348980426788
0.0382199287415
0.0289189815521
0.0290989875793
0.0355889797211
0.0377449989319
0.0306470394135
0.0322699546814
0.0324640274048
0.0401060581207
0.029876947403
0.0300350189209
0.0301790237427
0.0354399681091
0.0285959243774
0.0288279056549
0.0322258472443
0.0379600524902
0.0266811847687
0.0268430709839
0.0269939899445
0.0299651622772
0.0329649448395
0.0336019992828
0.0399270057678
0.0456900596619
0.0463972091675
0.0465672016144
0.0467991828918
0.0498991012573
0.0427041053772
0.0428781509399
0.0455541610718
0.0513429641724
0.0249881744385
0.0289931297302
0.0349540710449
0.0351610183716
0.0443649291992
0.0445201396942
0.0446970462799
0.044851064682
0.0322241783142
0.0325601100922
0.0328991413116
0.0343060493469
0.0329689979553
0.0331299304962
0.0332748889923
0.0340979099274
0.0258989334106
0.0260479450226
0.0347950458527
0.0349450111389
0.0291991233826
0.0293531417847
0.0294950008392
0.0296790599823
0.0351278781891
0.0408990383148
0.0458030700684
0.0537400245667
0.0603539943695
0.063334941864
0.0639960765839
0.0646679401398
0.0313630104065
0.0315129756927
0.0316541194916
0.0318460464478
0.0327169895172
0.0352189540863
0.0378398895264
0.0459458827972
0.0303518772125
0.0305159091949
0.0333859920502
0.038074016571
0.0331318378448
0.0351300239563
0.0383179187775
0.0415549278259
0.0395820140839
0.0399949550629
0.0404880046844
0.0407190322876
0.0367951393127
0.0459830760956
0.0461871623993
0.0463750362396
0.0339579582214
0.0470499992371
0.0487201213837
0.052659034729
0.0517449378967
0.0553479194641
0.0596008300781
0.0699329376221
0.0505650043488
0.0533969402313
0.0547699928284
0.0581970214844
0.026123046875
0.0263390541077
0.0279061794281
0.0426421165466
0.0324001312256
0.0492100715637
0.0512049198151
0.0573139190674
0.0632410049438
0.0646829605103
0.0683400630951
0.0716640949249
0.0317649841309
0.031928062439
0.0320739746094
0.0346028804779
0.0627579689026
0.0629189014435
0.0663239955902
0.0704069137573
0.0353469848633
0.0355429649353
0.0390160083771
0.0430569648743
0.0387811660767
0.0389301776886
0.0413150787354
0.0452241897583
0.0324659347534
0.0326340198517
0.0338690280914
0.0457918643951
0.0635600090027
0.063756942749
0.0666110515594
0.0705721378326
0.0346169471741
0.036365032196
0.0390748977661
0.0476670265198
0.0397479534149
0.041344165802
0.0423190593719
0.0432569980621
0.0256590843201
0.0258240699768
0.0298681259155
0.0349590778351
0.0345051288605
0.0346720218658
0.0348191261292
0.035826921463
0.0281970500946
0.0341238975525
0.0441629886627
0.0443470478058
0.0358669757843
0.0372519493103
0.0425419807434
0.0470719337463
0.0295569896698
0.0297131538391
0.029855966568
0.0429451465607
0.059376001358
0.0595321655273
0.0596790313721
0.0623331069946
0.0370361804962
0.0429980754852
0.0431571006775
0.0494890213013
0.0370759963989
0.0372731685638
0.0374360084534
0.0379531383514
0.0430488586426
0.0435309410095
0.043802022934
0.0440900325775
0.0338180065155
0.0340828895569
0.0468509197235
0.0470039844513
0.0296590328217
0.0335340499878
0.0357830524445
0.0401721000671
0.0321898460388
0.0341029167175
0.0498938560486
0.0502169132233
0.0317139625549
0.0319089889526
0.0321130752563
0.0322768688202
0.0299050807953
0.0301220417023
0.0323209762573
0.0375759601593
0.0260541439056
0.0285279750824
0.0364799499512
0.0381269454956
0.0330290794373
0.0333120822906
0.0470771789551
0.0472350120544
0.0387868881226
0.0433690547943
0.0515449047089
0.0548849105835
0.0448269844055
0.0450010299683
0.0452291965485
0.0454862117767
0.0476608276367
0.0480678081512
0.0506367683411
0.0557849407196
0.0315418243408
0.0317149162292
0.0318670272827
0.0320179462433
0.0345380306244
0.0370931625366
0.0428550243378
0.0469009876251
0.0363380908966
0.0364999771118
0.036642074585
0.037369966507
0.0284638404846
0.0286300182343
0.0293018817902
0.0326299667358
0.0290839672089
0.0338230133057
0.037379026413
0.0422019958496
0.0341908931732
0.035295009613
0.0495238304138
0.0593688488007
0.0481150150299
0.0491361618042
0.0539910793304
0.0609741210938
0.0264811515808
0.0273320674896
0.0279359817505
0.034255027771
0.0350160598755
0.037899017334
0.04576420784
0.0527741909027
0.03799700737
0.0387759208679
0.0395638942719
0.040186882019
0.044734954834
0.0460660457611
0.0472249984741
0.048506975174
0.0425820350647
0.0429089069366
0.0431158542633
0.0433468818665
0.0323240756989
0.0336241722107
0.0373640060425
0.0453190803528
0.0313990116119
0.0345721244812
0.0378940105438
0.0397219657898
0.0372340679169
0.0378789901733
0.038074016571
0.0382390022278
0.0389719009399
0.0393209457397
0.0395240783691
0.0397129058838
0.0307388305664
0.0309698581696
0.0311789512634
0.0313580036163
0.033910036087
0.0340909957886
0.0342600345612
0.0344240665436
0.0313489437103
0.0329079627991
0.0397391319275
0.0489940643311
0.0371971130371
0.0374841690063
0.0377640724182
0.0395421981812
0.038969039917
0.0392699241638
0.0455989837646
0.0505528450012
0.0369219779968
0.0371069908142
0.0372760295868
0.0422830581665
0.0450940132141
0.0468080043793
0.0531868934631
0.0577459335327
0.0417439937592
0.041953086853
0.0520071983337
0.0521721839905
0.0299320220947
0.0302541255951
0.0305600166321
0.0309109687805
0.0285141468048
0.0287289619446
0.0315811634064
0.0355989933014
0.0394141674042
0.0406930446625
0.0429110527039
0.0503880977631
0.0285429954529
0.0286998748779
0.0331099033356
0.0366058349609
0.025563955307
0.0257530212402
0.0327589511871
0.0368890762329
0.029883146286
0.0301780700684
0.0312120914459
0.0330531597137
0.0344650745392
0.0351040363312
0.0358340740204
0.0366530418396
0.0345230102539
0.0357551574707
0.0389511585236
0.0425670146942
0.0538940429688
0.0541851520538
0.0584311485291
0.0621201992035
0.0447850227356
0.0462169647217
0.0494768619537
0.0559549331665
0.0385739803314
0.0402989387512
0.0538809299469
0.0639569759369
0.0390889644623
0.0399348735809
0.0406808853149
0.0413708686829
0.034989118576
0.0353059768677
0.0357489585876
0.0362200737
0.051234960556
0.0519959926605
0.0526719093323
0.0535070896149
0.0448219776154
0.0449919700623
0.046886920929
0.0491738319397
0.0296969413757
0.0322558879852
0.0381679534912
0.0412068367004
0.0328240394592
0.0329899787903
0.0331468582153
0.0365929603577
0.0303530693054
0.030522108078
0.0306730270386
0.0413751602173
0.050528049469
0.0508549213409
0.0511610507965
0.0514669418335
0.0363070964813
0.0394730567932
0.0470941066742
0.0485990047455
0.0382978916168
0.0384719371796
0.0386199951172
0.038763999939
0.0284540653229
0.0385720729828
0.0387241840363
0.0388741493225
0.0330882072449
0.0332441329956
0.0347440242767
0.0410120487213
0.0500049591064
0.0501999855042
0.0503559112549
0.0505418777466
0.0322849750519
0.0393300056458
0.0433299541473
0.0453410148621
0.034989118576
0.0356500148773
0.0363690853119
0.0369579792023
0.0288829803467
0.0314559936523
0.0325338840485
0.0354340076447
0.0402059555054
0.0458378791809
0.0462098121643
0.053288936615
0.0514509677887
0.0517737865448
0.0519468784332
0.0521137714386
0.0397479534149
0.0400419235229
0.0403211116791
0.0406470298767
0.0316140651703
0.0317831039429
0.0319681167603
0.0348291397095
0.0279519557953
0.0281610488892
0.0283739566803
0.0308558940887
0.0349578857422
0.0359320640564
0.0419089794159
0.0473740100861
0.0308711528778
0.0310549736023
0.0312101840973
0.0352861881256
0.0260050296783
0.0334079265594
0.0365579128265
0.044497013092
0.0296030044556
0.0297880172729
0.0464651584625
0.0486521720886
0.0331358909607
0.0333309173584
0.0335009098053
0.0336530208588
0.0288388729095
0.0289878845215
0.0302038192749
0.034010887146
0.0289239883423
0.0297119617462
0.0298719406128
0.0370128154755
0.0331089496613
0.0340359210968
0.0353150367737
0.0360519886017
0.0637600421906
0.0655648708344
0.0754890441895
0.0760989189148
0.0391840934753
0.0393970012665
0.0400359630585
0.0408070087433
0.0363399982452
0.0365581512451
0.0367169380188
0.0380909442902
0.034423828125
0.0348439216614
0.0351188182831
0.0352988243103
0.0328950881958
0.0334429740906
0.0389130115509
0.0422751903534
0.029060125351
0.0310640335083
0.0363829135895
0.0421860218048
0.0439479351044
0.046756029129
0.0493190288544
0.0501799583435
0.032408952713
0.034049987793
0.0348660945892
0.0368959903717
0.0481219291687
0.0722239017487
0.0732479095459
0.0744559764862
0.0302841663361
0.0310060977936
0.0331342220306
0.0336921215057
0.0361170768738
0.0396211147308
0.0423650741577
0.043004989624
0.0369369983673
0.0370910167694
0.0372350215912
0.0373740196228
0.0320870876312
0.0322351455688
0.0336871147156
0.0373680591583
0.0283000469208
0.0284519195557
0.0310740470886
0.0344679355621
0.0429110527039
0.0430660247803
0.0432071685791
0.0433759689331
0.0334048271179
0.0375118255615
0.0426080226898
0.047376871109
0.0264279842377
0.0265879631042
0.0267360210419
0.0272150039673
0.0435740947723
0.0438301563263
0.0442609786987
0.0449731349945
0.0416438579559
0.042809009552
0.046229839325
0.0520780086517
0.060054063797
0.0654928684235
0.0656988620758
0.0717940330505
0.0359649658203
0.0369250774384
0.0455410480499
0.0487680435181
0.0683069229126
0.0693960189819
0.07297706604
0.0763840675354
0.0386528968811
0.0388119220734
0.0389528274536
0.0391099452972
0.0373780727386
0.0375878810883
0.0377330780029
0.0444700717926
0.0360360145569
0.0364699363708
0.0368888378143
0.0371088981628
0.030189037323
0.0304260253906
0.0306060314178
0.0331590175629
0.0255689620972
0.0291080474854
0.031879901886
0.0338480472565
0.0237629413605
0.0259120464325
0.0292429924011
0.0326240062714
0.029158115387
0.0293200016022
0.02947306633
0.0311222076416
0.02818608284
0.0343289375305
0.0362520217896
0.0402250289917
0.0275869369507
0.0277428627014
0.0290098190308
0.032646894455
0.0409510135651
0.0411038398743
0.0412428379059
0.041384935379
0.0318479537964
0.0324149131775
0.0386979579926
0.0392670631409
0.0583078861237
0.058837890625
0.0597128868103
0.0612699985504
0.0378170013428
0.0387330055237
0.03941822052
0.0404980182648
0.0319290161133
0.0331561565399
0.0429120063782
0.0437290668488
0.0296840667725
0.0304510593414
0.0407919883728
0.0445370674133
0.096165895462
0.108891963959
0.113062858582
0.114404916763
0.0329689979553
0.0331230163574
0.0362000465393
0.0378670692444
0.0279819965363
0.0281848907471
0.046856880188
0.0501959323883
0.037535905838
0.0377490520477
0.0379390716553
0.0413150787354
0.0267939567566
0.0269570350647
0.0301790237427
0.0343670845032
0.033077955246
0.0377860069275
0.0397288799286
0.0431530475616
0.034234046936
0.0343849658966
0.0377631187439
0.0519659519196
0.0408418178558
0.0410809516907
0.0413188934326
0.0415079593658
0.0384659767151
0.0386500358582
0.0388140678406
0.0390300750732
0.0273649692535
0.0275239944458
0.0349969863892
0.037868976593
0.0264201164246
0.0310389995575
0.0367681980133
0.0401861667633
0.0286829471588
0.0289011001587
0.039656162262
0.0438981056213
0.0800