0.0236599445343
0.0240359306335
0.0243120193481
0.0246388912201
0.0249328613281
0.026104927063
0.0264780521393
0.0267088413239
0.0270659923553
0.0272908210754
0.0316309928894
0.0321190357208
0.0326290130615
0.0332081317902
0.0337810516357
0.0359261035919
0.0367369651794
0.0370090007782
0.037789106369
0.0387010574341
0.0312139987946
0.03209400177
0.0330729484558
0.0340659618378
0.0349760055542
0.0335099697113
0.0350069999695
0.0361881256104
0.0375120639801
0.0388031005859
0.0301291942596
0.0304341316223
0.0308032035828
0.0312330722809
0.0316290855408
0.0246570110321
0.0252199172974
0.0256178379059
0.0261518955231
0.0266637802124
0.0266029834747
0.0274388790131
0.0282859802246
0.0293660163879
0.03014087677
0.0235891342163
0.0395619869232
0.0406789779663
0.0419099330902
0.042946100235
0.0182838439941
0.0309178829193
0.0314939022064
0.0317449569702
0.0320978164673
0.0376029014587
0.0380499362946
0.0392348766327
0.039794921875
0.0406088829041
0.0315639972687
0.0321140289307
0.0325829982758
0.0331728458405
0.0335988998413
0.0294020175934
0.0302348136902
0.0308248996735
0.0314908027649
0.032075881958
0.0390539169312
0.0398979187012
0.045490026474
0.0467100143433
0.0473380088806
0.035392999649
0.0393359661102
0.0402228832245
0.040864944458
0.0416049957275
0.0276961326599
0.0291662216187
0.0346310138702
0.0358381271362
0.036957025528
0.036416053772
0.0366911888123
0.0372259616852
0.0376541614532
0.0379841327667
0.0233020782471
0.0238330364227
0.0244309902191
0.0253820419312
0.0260999202728
0.046550989151
0.0472180843353
0.0479068756104
0.0486080646515
0.049211025238
0.0315001010895
0.0319590568542
0.0322952270508
0.0324881076813
0.0332410335541
0.0246829986572
0.0260729789734
0.026871919632
0.0275790691376
0.0287010669708
0.0283539295197
0.0286920070648
0.0289468765259
0.0291829109192
0.0293970108032
0.0276110172272
0.0278351306915
0.0280091762543
0.0281882286072
0.0283770561218
0.0273959636688
0.0276808738708
0.0279269218445
0.0281748771667
0.0284199714661
0.0309159755707
0.0316410064697
0.0326828956604
0.0334410667419
0.0342619419098
0.0231239795685
0.0261650085449
0.0266809463501
0.0272550582886
0.0276761054993
0.0230851173401
0.0237030982971
0.0245800018311
0.02561211586
0.0266590118408
0.0301480293274
0.039402961731
0.0405299663544
0.041491985321
0.0423860549927
0.0322439670563
0.0330820083618
0.0375080108643
0.0383639335632
0.0390799045563
0.0359101295471
0.0364060401917
0.0369980335236
0.0376009941101
0.0383710861206
0.0160129070282
0.0373518466949
0.0375559329987
0.0377130508423
0.0386469364166
0.0183999538422
0.0191400051117
0.0193450450897
0.0377469062805
0.0379769802094
0.0288009643555
0.0336759090424
0.0347099304199
0.035472869873
0.0365400314331
0.0295069217682
0.0314078330994
0.032527923584
0.0335659980774
0.0346109867096
0.0402011871338
0.0404870510101
0.0407030582428
0.0409171581268
0.0416221618652
0.0385129451752
0.0393550395966
0.0399179458618
0.0405168533325
0.0411088466644
0.0413780212402
0.042072057724
0.0429961681366
0.0444371700287
0.0458931922913
0.0365099906921
0.0371689796448
0.0378391742706
0.0386021137238
0.0390391349792
0.02357006073
0.0239200592041
0.0244710445404
0.0305171012878
0.0309491157532
0.0369019508362
0.0375947952271
0.0384769439697
0.0393788814545
0.0401318073273
0.0321819782257
0.03253698349
0.0330419540405
0.0372099876404
0.0384330749512
0.0237510204315
0.0280058383942
0.0288379192352
0.0295438766479
0.0302259922028
0.0256671905518
0.0262570381165
0.0266699790955
0.0268950462341
0.0271301269531
0.0336580276489
0.0344560146332
0.0351910591125
0.0410010814667
0.0416631698608
0.0245959758759
0.02485704422
0.0250649452209
0.0252621173859
0.0254499912262
0.0363020896912
0.0365481376648
0.0367929935455
0.0369839668274
0.0372400283813
0.028174161911
0.0284061431885
0.0285952091217
0.0288782119751
0.0291500091553
0.0400929450989
0.0403997898102
0.0407238006592
0.04114985466
0.0422639846802
0.0294761657715
0.0302560329437
0.0309481620789
0.0316691398621
0.0327560901642
0.0287370681763
0.0297341346741
0.030534029007
0.0316529273987
0.0323979854584
0.0322539806366
0.0324618816376
0.0326387882233
0.0328209400177
0.0388278961182
0.0358619689941
0.0361399650574
0.0363810062408
0.0365958213806
0.0368089675903
0.0253767967224
0.0256359577179
0.0259308815002
0.0261659622192
0.0266947746277
0.037505865097
0.037761926651
0.0379738807678
0.0385060310364
0.0396919250488
0.030925989151
0.0311920642853
0.0315070152283
0.0318009853363
0.0320930480957
0.0344951152802
0.0349950790405
0.0355660915375
0.0359771251678
0.0363600254059
0.0429301261902
0.0447251796722
0.0455360412598
0.0468111038208
0.0477330684662
0.0356152057648
0.0359780788422
0.0366861820221
0.0370950698853
0.0376071929932
0.0407609939575
0.041515827179
0.0420079231262
0.0426490306854
0.0432260036469
0.034431219101
0.0347771644592
0.0350050926208
0.0357692241669
0.0362911224365
0.0376298427582
0.0378658771515
0.038055896759
0.0382719039917
0.0384638309479
0.0292220115662
0.0301880836487
0.0311529636383
0.0319590568542
0.0337219238281
0.0274219512939
0.0277199745178
0.0280258655548
0.0290789604187
0.0293810367584
0.0291249752045
0.0294728279114
0.0297999382019
0.0301179885864
0.0305068492889
0.0256221294403
0.0259370803833
0.0262911319733
0.0266120433807
0.0269639492035
0.0282618999481
0.0289988517761
0.0297818183899
0.0308229923248
0.0319578647614
0.0277380943298
0.0282561779022
0.0287141799927
0.0291562080383
0.0300321578979
0.0330710411072
0.0333199501038
0.0334839820862
0.0336451530457
0.0338320732117
0.0296580791473
0.0302519798279
0.0310389995575
0.0319468975067
0.0327398777008
0.0292320251465
0.0294389724731
0.0296101570129
0.0298840999603
0.0304341316223
0.0496511459351
0.0501799583435
0.0507340431213
0.0511081218719
0.0516500473022
0.0355648994446
0.0363638401031
0.0371458530426
0.038097858429
0.0387399196625
0.0303781032562
0.0311479568481
0.0318551063538
0.0325870513916
0.0332939624786
0.0316090583801
0.0322670936584
0.032858133316
0.0335960388184
0.0342171192169
0.0377011299133
0.0380561351776
0.0383551120758
0.0386400222778
0.0388751029968
0.0444111824036
0.0446670055389
0.0448610782623
0.0450971126556
0.0463490486145
0.0265619754791
0.0275359153748
0.0285937786102
0.0293250083923
0.030503988266
0.0326421260834
0.0331561565399
0.0334031581879
0.0337181091309
0.0340850353241
0.0295610427856
0.0297658443451
0.0299408435822
0.0301220417023
0.0302789211273
0.0270910263062
0.0280029773712
0.029109954834
0.0300090312958
0.0307080745697
0.0274200439453
0.0282289981842
0.0287139415741
0.0294198989868
0.0299558639526
0.0248339176178
0.0252430438995
0.0254490375519
0.0256218910217
0.0257999897003
0.0325179100037
0.0334448814392
0.0339548587799
0.0343599319458
0.0346698760986
0.0404348373413
0.0443248748779
0.0452358722687
0.0459280014038
0.0466439723969
0.0334379673004
0.0345017910004
0.0355298519135
0.0362858772278
0.0371198654175
0.0307071208954
0.0314021110535
0.0322070121765
0.0328350067139
0.0334191322327
0.0297570228577
0.0343790054321
0.035327911377
0.036257982254
0.0372488498688
0.0273320674896
0.0283801555634
0.0300500392914
0.0310909748077
0.0319900512695
0.0308411121368
0.0326030254364
0.0334889888763
0.0341169834137
0.0347189903259
0.024050951004
0.0251429080963
0.026015996933
0.0269958972931
0.028126001358
0.0262570381165
0.0269560813904
0.0276000499725
0.0282189846039
0.0288321971893
0.031172990799
0.0321781635284
0.0329961776733
0.0335931777954
0.0343539714813
0.0330288410187
0.0338268280029
0.0344259738922
0.0350849628448
0.0357708930969
0.0347030162811
0.0354838371277
0.0358128547668
0.0364599227905
0.037143945694
0.0300400257111
0.0333640575409
0.0344219207764
0.0355310440063
0.0364720821381
0.038321018219
0.0385119915009
0.0387561321259
0.0389301776886
0.0390892028809
0.0303330421448
0.0306949615479
0.0310029983521
0.0311949253082
0.0313589572906
0.027731180191
0.0279722213745
0.0281732082367
0.0289471149445
0.0298030376434
0.025444984436
0.0259428024292
0.0262258052826
0.0264399051666
0.0266349315643
0.037477016449
0.0377969741821
0.0380539894104
0.0385191440582
0.0389170646667
0.030021905899
0.0305700302124
0.0316009521484
0.0324559211731
0.0333590507507
0.029580116272
0.0304260253906
0.0313830375671
0.0326511859894
0.0343210697174
0.0302588939667
0.0307719707489
0.0311410427094
0.0314848423004
0.0317900180817
0.0351431369781
0.0358829498291
0.0367121696472
0.0372180938721
0.0379040241241
0.0314660072327
0.0317180156708
0.0324990749359
0.033411026001
0.0344638824463
0.041825056076
0.0425629615784
0.0436220169067
0.0444910526276
0.0453150272369
0.0451619625092
0.045814037323
0.0465149879456
0.0471739768982
0.0477080345154
0.0313429832458
0.0321819782257
0.0330049991608
0.033802986145
0.0349180698395
0.0334670543671
0.0346779823303
0.0358419418335
0.0368139743805
0.0380101203918
0.0386459827423
0.0394370555878
0.040864944458
0.0424098968506
0.0436968803406
0.0301430225372
0.0334351062775
0.0341889858246
0.0348529815674
0.0355310440063
0.0290329456329
0.0296468734741
0.0299618244171
0.0301718711853
0.0303859710693
0.0483140945435
0.0490441322327
0.0497491359711
0.0504651069641
0.0511069297791
0.0343141555786
0.0355219841003
0.036514043808
0.0375351905823
0.0397250652313
0.0270068645477
0.028146982193
0.0294239521027
0.0311169624329
0.0322890281677
0.0406959056854
0.0418038368225
0.0432679653168
0.0442969799042
0.0459539890289
0.0401508808136
0.0411009788513
0.0418078899384
0.0478830337524
0.0485479831696
0.0308091640472
0.03107213974
0.0313060283661
0.0318450927734
0.0328850746155
0.0343809127808
0.0346870422363
0.0349490642548
0.0377769470215
0.038321018219
0.0320181846619
0.0329031944275
0.0336310863495
0.0344631671906
0.0352220535278
0.0403690338135
0.0412201881409
0.0436251163483
0.0449600219727
0.0464961528778
0.0314788818359
0.0323719978333
0.0330650806427
0.0337710380554
0.0347049236298
0.031506061554
0.0346031188965
0.0357420444489
0.0368390083313
0.0377011299133
0.0270431041718
0.0279190540314
0.0284299850464
0.0291769504547
0.0304081439972
0.0294940471649
0.0297880172729
0.0299801826477
0.0301530361176
0.0303471088409
0.0287959575653
0.0291299819946
0.0294528007507
0.0297880172729
0.0300939083099
0.0264880657196
0.0276191234589
0.0286841392517
0.0298271179199
0.0310480594635
0.036642074585
0.0435261726379
0.0466461181641
0.0474970340729
0.0483300685883
0.0328989028931
0.0342879295349
0.0355110168457
0.0364379882812
0.0377349853516
0.0339980125427
0.0353951454163
0.036416053772
0.0374050140381
0.0433261394501
0.030720949173
0.0319840908051
0.0328569412231
0.0339510440826
0.0354089736938
0.0272958278656
0.0318329334259
0.0353229045868
0.0371899604797
0.0384469032288
0.0363609790802
0.0377111434937
0.0399091243744
0.0407190322876
0.0435910224915
0.0285799503326
0.0346190929413
0.035698890686
0.0366339683533
0.0376269817352
0.0356171131134
0.0359129905701
0.0360820293427
0.0362370014191
0.03639793396
0.0272488594055
0.0274538993835
0.027617931366
0.0279648303986
0.0281398296356
0.0310270786285
0.0314328670502
0.0320570468903
0.0327699184418
0.0334360599518
0.02357006073
0.0306639671326
0.031683921814
0.0327339172363
0.0336639881134
0.0325839519501
0.0329577922821
0.0332927703857
0.0339159965515
0.0342848300934
0.0234739780426
0.0237181186676
0.0239799022675
0.0241589546204
0.0244169235229
0.0216541290283
0.0219731330872
0.0222880840302
0.0225899219513
0.022912979126
0.0251471996307
0.0253322124481
0.0255160331726
0.0256960391998
0.0258500576019
0.0245890617371
0.0262591838837
0.0275139808655
0.0327951908112
0.0342140197754
0.0334529876709
0.0336689949036
0.0338299274445
0.034040927887
0.0341999530792
0.0246589183807
0.0250568389893
0.0254278182983
0.0257968902588
0.0262348651886
0.0286180973053
0.0290379524231
0.0294101238251
0.0297610759735
0.0301079750061
0.0251400470734
0.0253808498383
0.025573015213
0.0258319377899
0.0260789394379
0.0264880657196
0.026792049408
0.0270481109619
0.0276730060577
0.0286691188812
0.0232648849487
0.0235559940338
0.0238049030304
0.024111032486
0.0244438648224
0.0256869792938
0.0259680747986
0.0261690616608
0.0263299942017
0.0267639160156
0.0301289558411
0.0308728218079
0.0314948558807
0.0322630405426
0.0328600406647
0.0374801158905
0.038106918335
0.0390219688416
0.0396590232849
0.040344953537
0.0278661251068
0.028480052948
0.029345035553
0.0302751064301
0.031191110611
0.0381631851196
0.0383620262146
0.0385570526123
0.0387890338898
0.0419361591339
0.0369620323181
0.0377049446106
0.0379769802094
0.0381948947906
0.0384230613708
0.0328440666199
0.0382449626923
0.039272069931
0.0400040149689
0.0423040390015
0.0280268192291
0.0288589000702
0.0295729637146
0.0304219722748
0.0312438011169
0.0387439727783
0.0392110347748
0.0394909381866
0.0399279594421
0.0405828952789
0.0353701114655
0.0356450080872
0.0359890460968
0.0361881256104
0.0374519824982
0.0380780696869
0.0383169651031
0.0385429859161
0.0387179851532
0.0388779640198
0.035383939743
0.0361139774323
0.0365629196167
0.037045955658
0.037477016449
0.0368690490723
0.03817486763
0.0393989086151
0.0408909320831
0.0423929691315
0.0359928607941
0.0369589328766
0.0378849506378
0.0386488437653
0.0393199920654
0.043744802475
0.0450057983398
0.0462188720703
0.0473477840424
0.0486178398132
0.0349128246307
0.0359439849854
0.0369310379028
0.0378520488739
0.0387029647827
0.0325801372528
0.0332860946655
0.0340631008148
0.035346031189
0.0364470481873
0.038801908493
0.0397310256958
0.0403950214386
0.0411510467529
0.0421059131622
0.0405209064484
0.0412728786469
0.0419929027557
0.0427329540253
0.0435650348663
0.0304851531982
0.0312540531158
0.031888961792
0.0326321125031
0.0333700180054
0.0310339927673
0.0317921638489
0.0324440002441
0.0330471992493
0.0337030887604
0.0441780090332
0.0449669361115
0.0457899570465
0.0464539527893
0.0471849441528
0.0345590114594
0.0357930660248
0.036924123764
0.0377640724182
0.0386230945587
0.0410270690918
0.0419960021973
0.0432779788971
0.0444569587708
0.0454180240631
0.0337238311768
0.0347528457642
0.0360379219055
0.0370810031891
0.0381088256836
0.0215201377869
0.0219600200653
0.032742023468
0.0399751663208
0.0425970554352
0.0370979309082
0.0385928153992
0.0399308204651
0.0412449836731
0.0424838066101
0.0336179733276
0.0341830253601
0.0347280502319
0.0349910259247
0.035197019577
0.0431559085846
0.0439310073853
0.0453350543976
0.0465729236603
0.0476658344269
0.0395460128784
0.0412290096283
0.0421750545502
0.0429360866547
0.0438561439514
0.0477960109711
0.0480070114136
0.0481879711151
0.048369884491
0.0485517978668
0.0270562171936
0.0285701751709
0.0333290100098
0.0342481136322
0.039174079895
0.0359709262848
0.0364010334015
0.0367438793182
0.0371270179749
0.0375139713287
0.0291750431061
0.0294439792633
0.0296440124512
0.0298309326172
0.0302410125732
0.0302031040192
0.0303790569305
0.0305330753326
0.0307800769806
0.0310130119324
0.0329120159149
0.033105134964
0.0332989692688
0.0334570407867
0.0336079597473
0.0417079925537
0.0419750213623
0.0422160625458
0.0424489974976
0.0426599979401
0.0455310344696
0.0457699298859
0.0459539890289
0.0461530685425
0.0463271141052
0.0508308410645
0.0511019229889
0.0513558387756
0.0515940189362
0.0519030094147
0.0304379463196
0.0306980609894
0.0308849811554
0.0310659408569
0.031259059906
0.0419888496399
0.0429809093475
0.0439188480377
0.045028924942
0.0461928844452
0.0351409912109
0.0353679656982
0.0355839729309
0.0358707904816
0.0362408161163
0.0311000347137
0.0313620567322
0.0316171646118
0.0318641662598
0.0320541858673
0.0309059619904
0.0311410427094
0.0313279628754
0.0315129756927
0.0317649841309
0.025584936142
0.0259048938751
0.0262279510498
0.0266129970551
0.0269720554352
0.0239689350128
0.0319488048553
0.0321259498596
0.0323238372803
0.0324869155884
0.0240209102631
0.0248110294342
0.031317949295
0.0333240032196
0.0427770614624
0.0280680656433
0.0335230827332
0.0350720882416
0.0362420082092
0.0371952056885
0.0436551570892
0.0438959598541
0.0441241264343
0.0443150997162
0.0445351600647
0.0320949554443
0.0323219299316
0.0325410366058
0.0327408313751
0.0328989028931
0.0330939292908
0.0333759784698
0.033627986908
0.0338740348816
0.0341138839722
0.0410828590393
0.041396856308
0.0416769981384
0.0419478416443
0.0422430038452
0.0321569442749
0.0325119495392
0.032744884491
0.033056974411
0.0333690643311
0.030492067337
0.0306851863861
0.0308620929718
0.0310170650482
0.0311741828918
0.0291159152985
0.0292980670929
0.0294539928436
0.0296518802643
0.029974937439
0.0340390205383
0.0344111919403
0.0347530841827
0.0350961685181
0.0354239940643
0.0276029109955
0.0277888774872
0.0279839038849
0.0281710624695
0.0283379554749
0.0297889709473
0.0300529003143
0.0302867889404
0.0304977893829
0.0307238101959
0.0302531719208
0.0313971042633
0.0325310230255
0.0337910652161
0.0345511436462
0.0275440216064
0.0284309387207
0.0292479991913
0.0302078723907
0.0310769081116
0.0340909957886
0.0353410243988
0.0368700027466
0.0379340648651
0.0387570858002
0.01433801651
0.0415918827057
0.044126033783
0.045294046402
0.0462248325348
0.031445980072
0.032191991806
0.0327839851379
0.0335519313812
0.0340888500214
0.0270700454712
0.0279049873352
0.0285181999207
0.0293831825256
0.0303831100464
0.0339739322662
0.0350399017334
0.0359909534454
0.0371520519257
0.0383348464966
0.032322883606
0.0332078933716
0.0391440391541
0.0402069091797
0.0408039093018
0.0364189147949
0.0373690128326
0.0434238910675
0.0442800521851
0.0449728965759
0.0439920425415
0.0454039573669
0.0469181537628
0.0481960773468
0.0493149757385
0.0355558395386
0.0366947650909
0.0376918315887
0.0440499782562
0.0451138019562
0.0422370433807
0.0424129962921
0.0425741672516
0.0427670478821
0.0429329872131
0.0287618637085
0.0290348529816
0.0292928218842
0.0295388698578
0.0297908782959
0.0311858654022
0.0314259529114
0.0315978527069
0.031760931015
0.0319378376007
0.0373799800873
0.037565946579
0.0377268791199
0.0378959178925
0.0380430221558
0.0359129905701
0.0362739562988
0.0365300178528
0.0381669998169
0.0383679866791
0.0265028476715
0.0266740322113
0.026829957962
0.0270190238953
0.0271680355072
0.0259201526642
0.0261731147766
0.0263769626617
0.0265729427338
0.02689909935
0.0342280864716
0.0352969169617
0.035707950592
0.036297082901
0.0367879867554
0.0290088653564
0.0292499065399
0.0304780006409
0.0311639308929
0.0319819450378
0.0171639919281
0.0300118923187
0.0307009220123
0.0318610668182
0.0326690673828
0.0372002124786
0.0385410785675
0.0393691062927
0.0400640964508
0.0410521030426
0.0265719890594
0.027223110199
0.0279660224915
0.0285301208496
0.0292010307312
0.0346131324768
0.0357069969177
0.040050983429
0.0415010452271
0.0423560142517
0.0358719825745
0.0366208553314
0.0373530387878
0.0383448600769
0.043928861618
0.0361559391022
0.0371129512787
0.0379219055176
0.0387489795685
0.0396358966827
0.0357639789581
0.0368020534515
0.0377690792084
0.0387420654297
0.0439598560333
0.0371351242065
0.0382030010223
0.0390291213989
0.0399730205536
0.0410711765289
0.0311620235443
0.032438993454
0.0333249568939
0.0396611690521
0.0409159660339
0.027871131897
0.0292229652405
0.0314481258392
0.0322029590607
0.0330510139465
0.0290157794952
0.0296289920807
0.0301129817963
0.0317358970642
0.0327768325806
0.0274260044098
0.0279839038849
0.0284368991852
0.0288178920746
0.029483795166
0.0225019454956
0.023323059082
0.0240681171417
0.0254590511322
0.0261490345001
0.0221059322357
0.0228209495544
0.0236818790436
0.0445048809052
0.0450928211212
0.0287880897522
0.0295820236206
0.0300869941711
0.0304379463196
0.0308620929718
0.0341029167175
0.0347030162811
0.0355589389801
0.036180973053
0.036878824234
0.0462610721588
0.0470440387726
0.0477819442749
0.0485639572144
0.0495760440826
0.032732963562
0.0345680713654
0.0445499420166
0.0459420681
0.0472328662872
0.0348501205444
0.03617811203
0.0371689796448
0.0378160476685
0.0385770797729
0.0287580490112
0.0337631702423
0.0347111225128
0.0384721755981
0.0393290519714
0.0276899337769
0.028137922287
0.0283789634705
0.0285928249359
0.0289168357849
0.0298628807068
0.0304689407349
0.0309278964996
0.0314848423004
0.031947851181
0.0328528881073
0.0332839488983
0.0337100028992
0.0342919826508
0.0344829559326
0.0413069725037
0.0419819355011
0.0428550243378
0.0433449745178
0.0437839031219
0.0313229560852
0.0316050052643
0.0318839550018
0.032084941864
0.0322649478912
0.0344760417938
0.0348260402679
0.0350971221924
0.0352709293365
0.0354449748993
0.0329968929291
0.0334918498993
0.0338940620422
0.034548997879
0.0350379943848
0.0261771678925
0.0269269943237
0.027615070343
0.0283751487732
0.0288660526276
0.0397109985352
0.0410931110382
0.0420849323273
0.0430130958557
0.0439009666443
0.0274751186371
0.0281541347504
0.0287189483643
0.0293159484863
0.0299270153046
0.0260760784149
0.0269939899445
0.0280969142914
0.0293118953705
0.0303828716278
0.0311660766602
0.0313520431519
0.0315120220184
0.0319030284882
0.0323710441589
0.0310230255127
0.0318021774292
0.0327050685883
0.0337910652161
0.0345451831818
0.0318439006805
0.0320749282837
0.0322489738464
0.0324199199677
0.0329949855804
0.028303861618
0.0286808013916
0.0290348529816
0.0297439098358
0.0304520130157
0.037504196167
0.0379490852356
0.0384881496429
0.0392010211945
0.0397741794586
0.0313401222229
0.0320971012115
0.0325210094452
0.0333120822906
0.0348770618439
0.0263860225677
0.0272948741913
0.0282549858093
0.0291650295258
0.0302050113678
0.0403628349304
0.041601896286
0.0425179004669
0.0434739589691
0.0444149971008
0.0357739925385
0.0360629558563
0.0363509654999
0.0368061065674
0.037101984024
0.0270700454712
0.0273268222809
0.0275938510895
0.0278589725494
0.0283658504486
0.0249600410461
0.0253398418427
0.0256948471069
0.0260529518127
0.0264058113098
0.0359871387482
0.0362191200256
0.0364191532135
0.0366010665894
0.0370960235596
0.0262689590454
0.0272381305695
0.0283660888672
0.0288240909576
0.0291259288788
0.0314679145813
0.0320379734039
0.034912109375
0.0353600978851
0.0368070602417
0.041218996048
0.0422949790955
0.0435049533844
0.0445470809937
0.0452740192413
0.0283970832825
0.0337219238281
0.0346751213074
0.0356531143188
0.036749124527
0.0236139297485
0.0239498615265
0.0243768692017
0.0246758460999
0.0249688625336
0.0311710834503
0.0314691066742
0.03200507164
0.0350430011749
0.035619020462
0.0179710388184
0.0406410694122
0.0410039424896
0.0413630008698
0.0416979789734
0.0311410427094
0.0318319797516
0.0324110984802
0.0330410003662
0.0337090492249
0.0307078361511
0.0314788818359
0.0321190357208
0.0328228473663
0.0378189086914
0.0297739505768
0.0299689769745
0.0301678180695
0.0303819179535
0.0306060314178
0.0238800048828
0.024188041687
0.0244100093842
0.024600982666
0.0248548984528
0.0332088470459
0.0335409641266
0.0338618755341
0.0345098972321
0.0351679325104
0.0254039764404
0.0256140232086
0.0258059501648
0.026083946228
0.0263178348541
0.0402388572693
0.0406630039215
0.0410418510437
0.0414199829102
0.0420258045197
0.0424950122833
0.0427849292755
0.0430748462677
0.0433897972107
0.0437309741974
0.0373420715332
0.0375230312347
0.0376949310303
0.0378499031067
0.0379939079285
0.0241568088531
0.0244309902191
0.0246520042419
0.0248348712921
0.0261359214783
0.0261631011963
0.0263590812683
0.0265390872955
0.0267241001129
0.0269889831543
0.0232479572296
0.0234980583191
0.0237159729004
0.0239140987396
0.0241310596466
0.0241429805756
0.024377822876
0.0247058868408
0.0248749256134
0.0250358581543
0.0246779918671
0.0250771045685
0.0253570079803
0.0255920886993
0.0266461372375
0.0292119979858
0.0295338630676
0.029736995697
0.0299508571625
0.0301249027252
0.0250060558319
0.0260181427002
0.0266370773315
0.0322551727295
0.0329661369324
0.0277428627014
0.0285489559174
0.0294318199158
0.0298478603363
0.0304458141327
0.0478641986847
0.0487191677094
0.0494611263275
0.0504591464996
0.0514810085297
0.035365819931
0.0358119010925
0.0391919612885
0.0397229194641
0.0405259132385
0.0262389183044
0.026969909668
0.0278217792511
0.0286798477173
0.0295758247375
0.0438179969788
0.0460228919983
0.0470879077911
0.0484509468079
0.0499749183655
0.0253570079803
0.0266110897064
0.0277199745178
0.0285980701447
0.0293939113617
0.0369930267334
0.0371999740601
0.0373859405518
0.037565946579
0.03777384758
0.0333170890808
0.0361480712891
0.0366349220276
0.0376799106598
0.0385410785675
0.0450749397278
0.0456459522247
0.0461819171906
0.0467460155487
0.0472829341888
0.0289099216461
0.0295829772949
0.0341770648956
0.0352580547333
0.0358850955963
0.0348041057587
0.0353891849518
0.0362300872803
0.0368189811707
0.0374290943146
0.0273420810699
0.0281419754028
0.0285799503326
0.0288519859314
0.0290908813477
0.0468628406525
0.0478799343109
0.0489227771759
0.0498089790344
0.0509679317474
0.0272679328918
0.0279557704926
0.0293478965759
0.0303659439087
0.0312747955322
0.0249049663544
0.0257730484009
0.0265870094299
0.0274438858032
0.0285370349884
0.0308020114899
0.031730890274
0.0385069847107
0.0393269062042
0.0400450229645
0.041867017746
0.0426819324493
0.0439128875732
0.0449290275574
0.0461640357971
0.0353589057922
0.0360159873962
0.0368468761444
0.037505865097
0.0380568504333
0.0371680259705
0.0383229255676
0.0390598773956
0.0397939682007
0.0402979850769
0.0282089710236
0.02952003479
0.0304479598999
0.031534910202
0.0327830314636
0.0315811634064
0.032350063324
0.0329511165619
0.0333240032196
0.0342359542847
0.0329141616821
0.0338871479034
0.0345501899719
0.0354750156403
0.0360980033875
0.0337889194489
0.0346078872681
0.0353980064392
0.0360779762268
0.0366959571838
0.0364229679108
0.0380098819733
0.0388369560242
0.0396618843079
0.0403809547424
0.0420830249786
0.0430190563202
0.0441091060638
0.0449960231781
0.0458769798279
0.0467669963837
0.0480749607086
0.048506975174
0.0491399765015
0.049586057663
0.0237250328064
0.0248370170593
0.0255510807037
0.0266809463501
0.027988910675
0.0299069881439
0.030289888382
0.0330648422241
0.0343358516693
0.0351169109344
0.0274198055267
0.0277178287506
0.0279638767242
0.0288858413696
0.029953956604
0.0349149703979
0.0354578495026
0.0361928939819
0.0369000434875
0.0380518436432
0.0269079208374
0.0275061130524
0.0284020900726
0.0291471481323
0.0299770832062
0.0392711162567
0.0404250621796
0.0413510799408
0.0422010421753
0.0431461334229
0.0286388397217
0.0291709899902
0.0298750400543
0.0307309627533
0.0314469337463
0.0252528190613
0.0259118080139
0.0264058113098
0.0267839431763
0.0269658565521
0.0429368019104
0.0436429977417
0.0442159175873
0.0449879169464
0.0457859039307
0.0321521759033
0.0331439971924
0.0337131023407
0.0342111587524
0.0348901748657
0.0343549251556
0.0352699756622
0.0361008644104
0.0368459224701
0.0377268791199
0.032842874527
0.0331559181213
0.0333778858185
0.0368089675903
0.0376858711243
0.029895067215
0.0304930210114
0.0307531356812
0.0310130119324
0.031270980835
0.0240728855133
0.0250658988953
0.0256388187408
0.0318148136139
0.0323748588562
0.031406879425
0.0318598747253
0.0327949523926
0.0330698490143
0.0332498550415
0.0233108997345
0.0238130092621
0.0241808891296
0.0245459079742
0.0404999256134
0.0343117713928
0.0352468490601
0.0362629890442
0.0382208824158
0.0395159721375
0.0412068367004
0.0427658557892
0.0438499450684
0.0444819927216
0.045135974884
0.0285029411316
0.0288269519806
0.0291278362274
0.0293929576874
0.0296339988708
0.0365209579468
0.037281036377
0.0419371128082
0.0434749126434
0.043879032135
0.0247209072113
0.0254559516907
0.0261800289154
0.026792049408
0.0276670455933
0.0272550582886
0.0279250144958
0.0286450386047
0.0290710926056
0.0296468734741
0.0309290885925
0.0319120883942
0.032534122467
0.0332341194153
0.0340571403503
0.0396890640259
0.0425770282745
0.0438010692596
0.0441648960114
0.0446028709412
0.0303320884705
0.0313031673431
0.0318560600281
0.0326840877533
0.0333120822906
0.028146982193
0.0290169715881
0.0296249389648
0.0310158729553
0.0315930843353
0.0312080383301
0.0314130783081
0.0316829681396
0.0320138931274
0.0323429107666
0.0255651473999
0.0258231163025
0.0261459350586
0.0263350009918
0.0264971256256
0.0441739559174
0.0443999767303
0.0445969104767
0.0448188781738
0.0486419200897
0.0394411087036
0.0401749610901
0.0405809879303
0.0408120155334
0.0410010814667
0.0472011566162
0.047425031662
0.0475971698761
0.0477659702301
0.0479362010956
0.0341498851776
0.0345029830933
0.0347888469696
0.0354239940643
0.0359878540039
0.0346088409424
0.0349409580231
0.0351347923279
0.0354068279266
0.0356287956238
0.0387189388275
0.0389969348907
0.0392160415649
0.039412021637
0.039598941803
0.0274810791016
0.0278232097626
0.0281372070312
0.0286240577698
0.0289311408997
0.0287170410156
0.0295400619507
0.0302770137787
0.0310881137848
0.0316090583801
0.0279939174652
0.0288050174713
0.029529094696
0.0302441120148
0.0308849811554
0.0273530483246
0.028126001358
0.0287718772888
0.0296039581299
0.0304129123688
0.0508809089661
0.0515670776367
0.0522379875183
0.052855014801
0.0534660816193
0.0233340263367
0.0242669582367
0.0250270366669
0.0257730484009
0.0264461040497
0.034322977066
0.0357580184937
0.0372049808502
0.0448899269104
0.0461800098419
0.0332369804382
0.0342161655426
0.0350651741028
0.0357789993286
0.0369369983673
0.0349500179291
0.0351870059967
0.0353670120239
0.0355160236359
0.0356628894806
0.0257568359375
0.0261449813843
0.0264990329742
0.0268259048462
0.0271520614624
0.0289349555969
0.0292780399323
0.0295870304108
0.0298900604248
0.0301311016083
0.0258820056915
0.0270180702209
0.0282070636749
0.0296120643616
0.0308330059052
0.0270550251007
0.0273921489716
0.0276901721954
0.027978181839
0.0282571315765
0.030574798584
0.0307409763336
0.0308918952942
0.0310478210449
0.0311939716339
0.0286269187927
0.0288729667664
0.0292499065399
0.02943110466
0.0295979976654
0.0278220176697
0.0298030376434
0.0300400257111
0.0302729606628
0.0305359363556
0.0265469551086
0.0268559455872
0.0270318984985
0.0273180007935
0.0277528762817
0.119736909866
0.00251388549805
0.00306487083435
0.00575089454651
0.0066339969635
0.0485429763794
0.0488560199738
0.0490829944611
0.0494699478149
0.0496890544891
0.113903045654
0.114252090454
0.11449098587
0.114691019058
0.114929914474
0.0402920246124
0.0405979156494
0.0409018993378
0.0411500930786
0.0414810180664
0.0295259952545
0.0297560691833
0.029974937439
0.0301399230957
0.0303339958191
0.030189037323
0.0306279659271
0.0313880443573
0.0326328277588
0.0336399078369
0.0448698997498
0.0454440116882
0.046070098877
0.0466330051422
0.0471940040588
0.0375080108643
0.0377950668335
0.0379900932312
0.0381710529327
0.0383450984955
0.0339560508728
0.0345540046692
0.0353200435638
0.0359301567078
0.0366201400757
0.0325219631195
0.0333280563354
0.0337200164795
0.0342230796814
0.0348448753357
0.0498139858246
0.051020860672
0.0519139766693
0.0529768466949
0.0540678501129
0.0357661247253
0.0367350578308
0.037474155426
0.0381550788879
0.038861989975
0.0390701293945
0.0393810272217
0.0396239757538
0.0398330688477
0.0401449203491
0.0253720283508
0.0262010097504
0.0270519256592
0.0278978347778
0.0287590026855
0.0308289527893
0.0351300239563
0.0360128879547
0.036838054657
0.0377469062805
0.0258519649506
0.0267610549927
0.0274109840393
0.0279619693756
0.0286350250244
0.0525100231171
0.0529429912567
0.0532259941101
0.0534870624542
0.0537481307983
0.0371289253235
0.0373258590698
0.0374979972839
0.03768491745
0.0379109382629
0.0302090644836
0.0304050445557
0.0305790901184
0.0307610034943
0.0309100151062
0.0260179042816
0.0262310504913
0.0264039039612
0.0266189575195
0.0268890857697
0.0260901451111
0.0275850296021
0.0284631252289
0.0298390388489
0.0312550067902
0.0282690525055
0.0284440517426
0.0286428928375
0.0289580821991
0.0291299819946
0.0235960483551
0.0239510536194
0.0242810249329
0.0245940685272
0.0249111652374
0.0282559394836
0.0286071300507
0.0288870334625
0.0291640758514
0.0300390720367
0.0243299007416
0.0245449542999
0.0248048305511
0.0249869823456
0.0251429080963
0.0278670787811
0.028058052063
0.0282220840454
0.0283970832825
0.0286469459534
0.0233919620514
0.0235488414764
0.0237009525299
0.0238590240479
0.0240209102631
0.030914068222
0.0313589572906
0.03165102005
0.0320000648499
0.0322670936584
0.0301098823547
0.0304019451141
0.0306298732758
0.0310800075531
0.0319240093231
0.0373458862305
0.0375599861145
0.0377328395844
0.0380637645721
0.0386209487915
0.0298521518707
0.0301151275635
0.030308008194
0.0305161476135
0.0307700634003
0.0370781421661
0.0375699996948
0.0380480289459
0.0384202003479
0.0386080741882
0.0383031368256
0.0386590957642
0.0389671325684
0.0392200946808
0.0393970012665
0.0325739383698
0.0331919193268
0.0333988666534
0.0338079929352
0.034040927887
0.0384509563446
0.0397439002991
0.0408411026001
0.0420560836792
0.0444979667664
0.033597946167
0.0339040756226
0.0341939926147
0.0345079898834
0.0347609519958
0.0356709957123
0.0360050201416
0.0361919403076
0.036365032196
0.0365509986877
0.0305669307709
0.0307598114014
0.0309429168701
0.0311169624329
0.0313589572906
0.0285470485687
0.0288429260254
0.0291690826416
0.0294160842896
0.0296440124512
0.0291090011597
0.029305934906
0.02947306633
0.0296461582184
0.029806137085
0.0278460979462
0.0282471179962
0.0286359786987
0.0290060043335
0.0293669700623
0.0219559669495
0.0226709842682
0.0233809947968
0.0288348197937
0.0297107696533
0.0263872146606
0.0267081260681
0.0270180702209
0.0274310112
0.0276992321014
0.0258510112762
0.026043176651
0.0262110233307
0.0263810157776
0.0265350341797
0.0293490886688
0.0295479297638
0.029797077179
0.029983997345
0.0301370620728
0.0289008617401
0.0338339805603
0.034735918045
0.0356178283691
0.038409948349
0.0333640575409
0.0336451530457
0.0339720249176
0.0342381000519
0.0345370769501
0.0285179615021
0.0287230014801
0.0288898944855
0.0290429592133
0.0291948318481
0.0282700061798
0.0321669578552
0.0324649810791
0.0327858924866
0.0330300331116
0.0403249263763
0.0411329269409
0.0424218177795
0.0437369346619
0.0453028678894
0.027382850647
0.0277028083801
0.028048992157
0.028774023056
0.0295519828796
0.032341003418
0.0327122211456
0.0331060886383
0.0334441661835
0.0337982177734
0.023796081543
0.0239720344543
0.0241241455078
0.0243179798126
0.0245580673218
0.0298058986664
0.0300948619843
0.0303640365601
0.0306270122528
0.0310170650482
0.0209910869598
0.0213000774384
0.0216021537781
0.0218920707703
0.0221910476685
0.0283980369568
0.0285971164703
0.0288741588593
0.0291481018066
0.029412984848
0.0301401615143
0.0303511619568
0.0306689739227
0.0316870212555
0.0325419902802
0.0322170257568
0.0328688621521
0.0334129333496
0.0341160297394
0.0350160598755
0.0271580219269
0.0284991264343
0.0295379161835
0.0395679473877
0.0402820110321
0.029552936554
0.0313420295715
0.0322618484497
0.0330169200897
0.0342390537262
0.0342509746552
0.0353031158447
0.0369019508362
0.0380930900574
0.0388820171356
0.0289800167084
0.0296931266785
0.0304019451141
0.0311839580536
0.0321509838104
0.0283448696136
0.0289149284363
0.0297720432281
0.0303030014038
0.0310699939728
0.0362751483917
0.0370161533356
0.0379221439362
0.039036989212
0.0400631427765
0.0319979190826
0.0327949523926
0.0333669185638
0.0339238643646
0.0344758033752
0.0329899787903
0.0336639881134
0.0343210697174
0.034875869751
0.035523891449
0.0416440963745
0.0418601036072
0.0421209335327
0.0424070358276
0.0427620410919
0.0317659378052
0.0328779220581
0.0336139202118
0.0344679355621
0.0355567932129
0.0302510261536
0.0307178497314
0.0310509204865
0.0316958427429
0.0319278240204
0.0295259952545
0.0297451019287
0.0299751758575
0.0302050113678
0.0304260253906
0.0330169200897
0.0333049297333
0.033607006073
0.0341060161591
0.0346100330353
0.0276939868927
0.0279059410095
0.0280778408051
0.0283198356628
0.0285749435425
0.0328688621521
0.0336489677429
0.0344049930573
0.0353097915649
0.0364129543304
0.0302419662476
0.0330519676208
0.0344939231873
0.0368738174438
0.0390229225159
0.0293769836426
0.030210018158
0.0308859348297
0.0316441059113
0.034656047821
0.030757188797
0.0316331386566
0.0348620414734
0.0361649990082
0.0370540618896
0.0311260223389
0.0325000286102
0.0335190296173
0.0344099998474
0.0353050231934
0.040363073349
0.042298078537
0.0425009727478
0.0426540374756
0.0428049564362
0.0314309597015
0.0317261219025
0.031907081604
0.0320599079132
0.032243013382
0.0174150466919
0.0178070068359
0.0181090831757
0.0187780857086
0.0399301052094
0.0399219989777
0.0404360294342
0.0409059524536
0.0411880016327
0.0414719581604
0.0330119132996
0.0337679386139
0.0344388484955
0.0350859165192
0.0357098579407
0.0252869129181
0.0257329940796
0.0263628959656
0.0274310112
0.0282399654388
0.0355291366577
0.0364940166473
0.0386171340942
0.0402400493622
0.0410041809082
0.0398459434509
0.0428938865662
0.0435049533844
0.0443270206451
0.045352935791
0.0501620769501
0.0512189865112
0.0522639751434
0.0532579421997
0.0542550086975
0.0571920871735
0.0584290027618
0.0599088668823
0.0608749389648
0.0617671012878
0.0348198413849
0.0357758998871
0.0361778736115
0.0365529060364
0.0368847846985
0.0442688465118
0.0476539134979
0.0484299659729
0.0488409996033
0.0494108200073
0.0490870475769
0.0500109195709
0.0509691238403
0.0556349754333
0.0564351081848
0.0329639911652
0.0331470966339
0.0333151817322
0.0335130691528
0.0337021350861
0.0403790473938
0.0407738685608
0.0411200523376
0.0414910316467
0.0419309139252
0.0258519649506
0.0265188217163
0.0274050235748
0.0279450416565
0.0284779071808
0.024915933609
0.0289878845215
0.0298140048981
0.0304050445557
0.0310339927673
0.0349872112274
0.0360910892487
0.0369031429291
0.0378620624542
0.0385890007019
0.0296261310577
0.0307421684265
0.0314199924469
0.0331139564514
0.0339729785919
0.0281229019165
0.0292649269104
0.0340559482574
0.0345950126648
0.0352509021759
0.0252199172974
0.0258300304413
0.0313630104065
0.0323209762573
0.0331499576569
0.0260808467865
0.0264070034027
0.0266649723053
0.0269229412079
0.0271828174591
0.0244522094727
0.0257620811462
0.0303900241852
0.0305891036987
0.0312190055847
0.0391371250153
0.0402600765228
0.0410840511322
0.0417320728302
0.0425751209259
0.0305671691895
0.031051158905
0.0319690704346
0.032445192337
0.0329511165619
0.0426151752472
0.0449120998383
0.0453431606293
0.0463290214539
0.0471620559692
0.0385909080505
0.0391108989716
0.0395069122314
0.0399179458618
0.0402979850769
0.0431468486786
0.0438079833984
0.0443029403687
0.0447330474854
0.0452299118042
0.0402429103851
0.0407719612122
0.041286945343
0.0416789054871
0.0421628952026
0.0407280921936
0.0412030220032
0.0423619747162
0.0432560443878
0.0446281433105
0.0305421352386
0.0312561988831
0.0320081710815
0.0324101448059
0.0329611301422
0.0402739048004
0.0404908657074
0.0406849384308
0.040843963623
0.0409979820251
0.027487039566
0.0276739597321
0.0278348922729
0.0279850959778
0.028146982193
0.0225329399109
0.0228869915009
0.0230510234833
0.0232079029083
0.0233969688416
0.0268380641937
0.0272610187531
0.0276288986206
0.0279939174652
0.0283830165863
0.0372829437256
0.0375409126282
0.0377049446106
0.0379250049591
0.038076877594
0.0224928855896
0.0226998329163
0.0228979587555
0.0231239795685
0.0236399173737
0.0269470214844
0.0271701812744
0.027330160141
0.0274751186371
0.0276191234589
0.0296669006348
0.0299088954926
0.0300908088684
0.0302908420563
0.0304789543152
0.0248939990997
0.0251519680023
0.0254349708557
0.0256319046021
0.0258600711823
0.030079126358
0.0304820537567
0.0308349132538
0.0314481258392
0.0323119163513
0.0232129096985
0.0235741138458
0.0239050388336
0.024246931076
0.0246779918671
0.0267140865326
0.0270240306854
0.0273470878601
0.027664899826
0.0279729366302
0.0241050720215
0.0244660377502
0.0248000621796
0.0251181125641
0.0252819061279
0.0264320373535
0.0266571044922
0.0268371105194
0.0270102024078
0.0271751880646
0.0290699005127
0.0292770862579
0.0294570922852
0.0296430587769
0.0298678874969
0.028126001358
0.0283069610596
0.0284788608551
0.0286428928375
0.0288569927216
0.0293688774109
0.0324518680573
0.0327560901642
0.0331039428711
0.0333800315857
0.0297372341156
0.0299730300903
0.0302200317383
0.0304381847382
0.0306510925293
0.0294508934021
0.0297298431396
0.0299048423767
0.0300858020782
0.0302529335022
0.0267729759216
0.0271818637848
0.0275628566742
0.0277528762817
0.027911901474
0.026468038559
0.0267350673676
0.0269758701324
0.027214050293
0.0274529457092
0.0378601551056
0.0381410121918
0.0384860038757
0.038850069046
0.0392410755157
0.0294649600983
0.0296440124512
0.029797077179
0.0299510955811
0.030100107193
0.0269238948822
0.0272169113159
0.0275189876556
0.0278210639954
0.0281140804291
0.0218639373779
0.0220448970795
0.0222060680389
0.0224130153656
0.0226469039917
0.0249021053314
0.0252089500427
0.025465965271
0.025722026825
0.0259749889374
0.0281319618225
0.0285308361053
0.0288009643555
0.0293018817902
0.0296478271484
0.0263569355011
0.0270299911499
0.0276348590851
0.0282390117645
0.0288338661194
0.0297479629517
0.0301041603088
0.0303959846497
0.0307021141052
0.0309150218964
0.0349481105804
0.0352590084076
0.0355000495911
0.0356569290161
0.0359189510345
0.0276041030884
0.0277700424194
0.0279319286346
0.0280759334564
0.0282571315765
0.0240430831909
0.0242600440979
0.0244450569153
0.0246140956879
0.0252900123596
0.0269730091095
0.0272591114044
0.0274369716644
0.0276000499725
0.0277531147003
0.0229508876801
0.0232319831848
0.0235629081726
0.0239369869232
0.024288892746
0.0236020088196
0.0237948894501
0.0239720344543
0.0242290496826
0.0244269371033
0.0256419181824
0.0258460044861
0.0260591506958
0.0262570381165
0.0265090465546
0.0246071815491
0.0254621505737
0.0262320041656
0.0340130329132
0.035040140152
0.0289859771729
0.029314994812
0.029599905014
0.029876947403
0.0301508903503
0.0284259319305
0.0297000408173
0.0306060314178
0.0314378738403
0.0319139957428
0.0329451560974
0.0336329936981
0.0344681739807
0.0355451107025
0.0371010303497
0.03489112854
0.0357921123505
0.0364620685577
0.0372591018677
0.0380601882935
0.036169052124
0.0368101596832
0.0375139713287
0.0382630825043
0.0399820804596
0.0327889919281
0.0334050655365
0.0340211391449
0.0345959663391
0.0353100299835
0.0652670860291
0.06591796875
0.0667500495911
0.0677759647369
0.0688269138336
0.0333368778229
0.034334897995
0.0354299545288
0.0363478660583
0.0373618602753
0.025200843811
0.0262539386749
0.0272529125214
0.0283029079437
0.0293478965759
0.0439419746399
0.0441150665283
0.044261932373
0.0444810390472
0.044695854187
0.0299320220947
0.030219078064
0.0304689407349
0.0311210155487
0.031327009201
0.0325410366058
0.0332019329071
0.033921957016
0.0346410274506
0.035336971283
0.0404119491577
0.0410938262939
0.0422270298004
0.042909860611
0.0435969829559
0.0648601055145
0.0660109519958
0.0666930675507
0.0673398971558
0.0681381225586
0.0658829212189
0.0670528411865
0.0678730010986
0.0686609745026
0.0696668624878
0.0249888896942
0.0261998176575
0.0271179676056
0.0275919437408
0.0280039310455
0.0391149520874
0.039803981781
0.0404188632965
0.0410528182983
0.0417709350586
0.0416851043701
0.0437471866608
0.0455241203308
0.0495932102203
0.0505270957947
0.0256400108337
0.0297451019287
0.0306990146637
0.0317552089691
0.0326600074768
0.038801908493
0.0403819084167
0.0416529178619
0.0427329540253
0.0436928272247
0.0422608852386
0.0425748825073
0.0429048538208
0.0434358119965
0.0440309047699
0.0510420799255
0.0519511699677
0.0527009963989
0.0534160137177
0.0540640354156
0.0385670661926
0.0388250350952
0.039134979248
0.0393340587616
0.0395181179047
0.0328810214996
0.0336308479309
0.033942937851
0.0342538356781
0.0345320701599
0.0392382144928
0.0397551059723
0.0399920940399
0.0403912067413
0.0408360958099
0.0260670185089
0.0270349979401
0.0279569625854
0.035521030426
0.0366139411926
0.0238070487976
0.0247550010681
0.0256469249725
0.0265698432922
0.0274460315704
0.0305089950562
0.0314319133759
0.0324368476868
0.0332939624786
0.0361568927765
0.0353708267212
0.0364170074463
0.0373089313507
0.0382838249207
0.0391628742218
0.0326759815216
0.0336060523987
0.0343880653381
0.03533411026
0.0367209911346
0.0341758728027
0.0356888771057
0.0371959209442
0.0387029647827
0.0396988391876
0.0313999652863
0.0326070785522
0.0338559150696
0.034777879715
0.0354449748993
0.0393919944763
0.039608001709
0.0399239063263
0.0402050018311
0.0404739379883
0.0256190299988
0.0259020328522
0.0262181758881
0.0265681743622
0.0273561477661
0.054792881012
0.0551021099091
0.0553739070892
0.0556600093842
0.0559539794922
0.0273098945618
0.0276119709015
0.0279591083527
0.0283079147339
0.028636932373
0.0277400016785
0.0279250144958
0.0280878543854
0.0282649993896
0.0287020206451
0.024829864502
0.0250809192657
0.0252969264984
0.0254650115967
0.0256729125977
0.0337281227112
0.0339660644531
0.0341980457306
0.034471988678
0.0358600616455
0.0280511379242
0.0282471179962
0.0284290313721
0.0303239822388
0.030622959137
0.0275259017944
0.0278158187866
0.0279769897461
0.0281348228455
0.028461933136
0.0257489681244
0.0301229953766
0.0312819480896
0.0324749946594
0.034019947052
0.0437898635864
0.0444428920746
0.0450830459595
0.0457339286804
0.0463688373566
0.0307710170746
0.0314168930054
0.0320718288422
0.0326669216156
0.0333249568939
0.0408661365509
0.043035030365
0.0461621284485
0.047217130661
0.0480561256409
0.0266859531403
0.0269389152527
0.0271558761597
0.0274219512939
0.0276799201965
0.027312040329
0.0275909900665
0.0278589725494
0.028167963028
0.0284380912781
0.0415341854095
0.04176902771
0.0419611930847
0.0422511100769
0.0424242019653
0.0431349277496
0.0435810089111
0.0457639694214
0.0468020439148
0.0477418899536
0.0301759243011
0.030907869339
0.0317900180817
0.0322878360748
0.032821893692
0.0262491703033
0.0265810489655
0.0268750190735
0.0271561145782
0.027440071106
0.0295519828796
0.0300848484039
0.0341408252716
0.0345888137817
0.0349569320679
0.0258378982544
0.0267839431763
0.0279898643494
0.028883934021
0.0298299789429
0.0410830974579
0.0438430309296
0.0448400974274
0.0456190109253
0.0462810993195
0.0478827953339
0.0491359233856
0.0499088764191
0.0509049892426
0.0525169372559
0.0352389812469
0.0371739864349
0.038437128067
0.0392870903015
0.0429930686951
0.0437748432159
0.0444939136505
0.0447900295258
0.045469045639
0.0461118221283
0.035952091217
0.0369729995728
0.03790807724
0.0393309593201
0.0401790142059
0.0374331474304
0.0391781330109
0.0435540676117
0.0451180934906
0.046688079834
0.0371508598328
0.0405099391937
0.041543006897
0.0419399738312
0.042778968811
0.051117181778
0.0515701770782
0.0519630908966
0.0523509979248
0.0527341365814
0.0479381084442
0.0489001274109
0.0498249530792
0.0506649017334
0.0515599250793
0.04225897789
0.0430300235748
0.0437591075897
0.044958114624
0.0456490516663
0.0477340221405
0.0479979515076
0.0481691360474
0.0483150482178
0.0484890937805
0.0267901420593
0.0271310806274
0.027458190918
0.0277740955353
0.0281009674072
0.0245969295502
0.0248029232025
0.0249879360199
0.0252211093903
0.025398015976
0.0250298976898
0.0252180099487
0.0253939628601
0.0255599021912
0.0257370471954
0.0282771587372
0.029116153717
0.0299940109253
0.0310680866241
0.0329260826111
0.0345499515533
0.0359289646149
0.0370390415192
0.0381789207458
0.0390360355377
0.0370290279388
0.03768491745
0.0383710861206
0.0390100479126
0.0396809577942
0.0300350189209
0.0309429168701
0.0316758155823
0.0324919223785
0.0333318710327
0.0277349948883
0.027960062027
0.0285849571228
0.0289709568024
0.029422044754
0.0341548919678
0.0348510742188
0.0353100299835
0.0357320308685
0.0363779067993
0.0267999172211
0.0275640487671
0.0284030437469
0.029021024704
0.0299091339111
0.0323359966278
0.0325269699097
0.0326919555664
0.0328879356384
0.0330829620361
0.0219149589539
0.0222430229187
0.022586107254
0.0229189395905
0.0232489109039
0.0255839824677
0.0258209705353
0.0259959697723
0.0262169837952
0.0264608860016
0.0256319046021
0.0259730815887
0.0264859199524
0.0266950130463
0.0273590087891
0.0418848991394
0.0421848297119
0.042407989502
0.0425789356232
0.0427649021149
0.0407040119171
0.0410180091858
0.0413000583649
0.0415761470795
0.0418481826782
0.0326619148254
0.0329849720001
0.0334839820862
0.0336627960205
0.0339329242706
0.0256779193878
0.0259208679199
0.0261628627777
0.026407957077
0.0266399383545
0.0335729122162
0.0337648391724
0.0339388847351
0.0341038703918
0.0344450473785
0.0236370563507
0.0238270759583
0.0240252017975
0.0241780281067
0.0243310928345
0.0314140319824
0.0316178798676
0.0318250656128
0.0319929122925
0.0322880744934
0.0257320404053
0.0263600349426
0.0270640850067
0.0283420085907
0.0296730995178
0.0370290279388
0.0403571128845
0.0414690971375
0.0425090789795
0.0431089401245
0.0335988998413
0.0344698429108
0.0353817939758
0.0362389087677
0.0369839668274
0.0385971069336
0.0399539470673
0.0424070358276
0.0440151691437
0.0455760955811
0.0454151630402
0.0460321903229
0.0468871593475
0.0476961135864
0.0486149787903
0.0431728363037
0.0440189838409
0.044665813446
0.0456500053406
0.0465090274811
0.0452401638031
0.0459411144257
0.046450138092
0.0471999645233
0.0479640960693
0.0282258987427
0.0290439128876
0.0299689769745
0.0354430675507
0.0362589359283
0.0369410514832
0.0372719764709
0.0374538898468
0.0376689434052
0.0378229618073
0.0211911201477
0.0213849544525
0.0215640068054
0.0217940807343
0.0222330093384
0.0282080173492
0.0289340019226
0.0296020507812
0.0302491188049
0.0309040546417
0.0286238193512
0.029070854187
0.0292639732361
0.0294399261475
0.0296068191528
0.0347471237183
0.0394141674042
0.0406861305237
0.0428709983826
0.0439250469208
0.0302929878235
0.0304989814758
0.0306739807129
0.0308470726013
0.0310180187225
0.0319080352783
0.032201051712
0.0324671268463
0.0327341556549
0.0329930782318
0.0236911773682
0.0240271091461
0.024393081665
0.0247201919556
0.0250451564789
0.0240252017975
0.0242440700531
0.0244832038879
0.0246810913086
0.0249280929565
0.0263559818268
0.0272209644318
0.0278108119965
0.0282709598541
0.034471988678
0.0251681804657
0.025915145874
0.0275371074677
0.0288100242615
0.02911901474
0.0289940834045
0.0299940109253
0.0348238945007
0.0359539985657
0.0366530418396
0.0319428443909
0.0323119163513
0.032968044281
0.0335140228271
0.0339388847351
0.0302059650421
0.0310380458832
0.0383729934692
0.0395519733429
0.0414209365845
0.0352668762207
0.0360388755798
0.0365998744965
0.0370287895203
0.03764295578
0.0360238552094
0.0399069786072
0.0408618450165
0.0414588451385
0.0419158935547
0.0320289134979
0.0328381061554
0.0336539745331
0.0342309474945
0.03489112854
0.0328280925751
0.0333530902863
0.0340321063995
0.0345849990845
0.0350971221924
0.0342738628387
0.0352280139923
0.0363130569458
0.0374250411987
0.0756750106812
0.0278420448303
0.0288081169128
0.0296771526337
0.0305271148682
0.0309190750122
0.0365710258484
0.0373229980469
0.0380837917328
0.0388009548187
0.0394008159637
0.0340039730072
0.0352039337158
0.0365679264069
0.0375459194183
0.0384299755096
0.0299777984619
0.031849861145
0.0329368114471
0.034334897995
0.0352590084076
0.0408720970154
0.0423140525818
0.043918132782
0.0452451705933
0.0463361740112
0.0305020809174
0.0314989089966
0.0326979160309
0.0338129997253
0.0353450775146
0.0313320159912
0.0374970436096
0.0385839939117
0.0396530628204
0.0407991409302
0.0217070579529
0.0219149589539
0.0220940113068
0.0225648880005
0.0227420330048
0.0303912162781
0.0313651561737
0.033872127533
0.0349102020264
0.0365409851074
0.0283379554749
0.0293757915497
0.0305569171906
0.0318069458008
0.0329167842865
0.0314059257507
0.032429933548
0.0332570075989
0.0343189239502
0.0358860492706
0.018256187439
0.0184581279755
0.0187430381775
0.018933057785
0.0191459655762
0.0216090679169
0.0219209194183
0.0224878787994
0.0229160785675
0.0233159065247
0.0262138843536
0.0270748138428
0.0276229381561
0.0281319618225
0.0286648273468
0.0327701568604
0.0335640907288
0.0345611572266
0.0355930328369
0.0364329814911
0.0327129364014
0.0336530208588
0.0345430374146
0.0353510379791
0.0425019264221
0.0364029407501
0.0377089977264
0.038654088974
0.0397970676422
0.0409710407257
0.0397300720215
0.0407440662384
0.0417931079865
0.0474791526794
0.0485241413116
0.0256271362305
0.0265290737152
0.0279891490936
0.029158115387
0.0301380157471
0.030632019043
0.0314528942108
0.0356359481812
0.0366361141205
0.0374939441681
0.0429439544678
0.0452899932861
0.04669880867
0.047837972641
0.0554549694061
0.035031080246
0.0358321666718
0.0366129875183
0.0378401279449
0.0390479564667
0.0341970920563
0.0349490642548
0.0356500148773
0.0363640785217
0.0371270179749
0.0463600158691
0.0466678142548
0.046952009201
0.0473098754883
0.0479278564453
0.028461933136
0.0296030044556
0.0303599834442
0.0312941074371
0.0322189331055
0.0160899162292
0.0175709724426
0.0181488990784
0.0337929725647
0.0353519916534
0.0387279987335
0.0389311313629
0.0391139984131
0.039323091507
0.0395021438599
0.0300359725952
0.0304069519043
0.0306799411774
0.0309538841248
0.0312259197235
0.0342919826508
0.0352840423584
0.0361180305481
0.0371479988098
0.0376119613647
0.0257949829102
0.0262649059296
0.0268030166626
0.0275859832764
0.0293169021606
0.0377860069275
0.0391578674316
0.0399038791656
0.0403389930725
0.0454828739166
0.0326011180878
0.0335969924927
0.0345270633698
0.0355789661407
0.03617811203
0.0305190086365
0.0312440395355
0.0319819450378
0.0326368808746
0.0337328910828
0.0283319950104
0.0289890766144
0.029541015625
0.0300850868225
0.0307140350342
0.0300459861755
0.032045841217
0.032833814621
0.0334730148315
0.0341198444366
0.0386390686035
0.0390582084656
0.0395901203156
0.0401091575623
0.0406231880188
0.0348300933838
0.0365169048309
0.037605047226
0.038106918335
0.0386040210724
0.0312690734863
0.0321400165558
0.0325930118561
0.0333561897278
0.0341081619263
0.0316669940948
0.0323979854584
0.033686876297
0.0345189571381
0.035089969635
0.028874874115
0.0294189453125
0.0325899124146
0.0333569049835
0.0342178344727
0.0476410388947
0.0489618778229
0.0501070022583
0.0510220527649
0.0517089366913
0.0280289649963
0.0294389724731
0.0306720733643
0.031172990799
0.0318109989166
0.040433883667
0.0412650108337
0.0419960021973
0.0475618839264
0.0481908321381
0.0342600345612
0.0357768535614
0.0372879505157
0.0381979942322
0.0389239788055
0.0292019844055
0.0296800136566
0.0301909446716
0.0306639671326
0.0340869426727
0.0349271297455
0.0355751514435
0.0364880561829
0.0373930931091
0.0382430553436
0.0334360599518
0.0340800285339
0.035208940506
0.0362150669098
0.0374619960785
0.0368590354919
0.0371370315552
0.0378389358521
0.0390150547028
0.0397520065308
0.0367240905762
0.0369529724121
0.0371389389038
0.0373001098633
0.037446975708
0.0277860164642
0.0281660556793
0.0284931659698
0.0288059711456
0.0291709899902
0.0299339294434
0.0359110832214
0.0372440814972
0.038064956665
0.0384111404419
0.0293920040131
0.0298120975494
0.0302751064301
0.0307221412659
0.0316381454468
0.0369160175323
0.0381979942322
0.0388460159302
0.0395519733429
0.0405359268188
0.0371558666229
0.0382030010223
0.0390040874481
0.0441720485687
0.0451879501343
0.0296239852905
0.0301690101624
0.0350959300995
0.0359668731689
0.0374038219452
0.0380120277405
0.0390160083771
0.0399301052094
0.0408260822296
0.0418620109558
0.0249741077423
0.0253670215607
0.0257530212402
0.0261390209198
0.0265960693359
0.0359179973602
0.0365738868713
0.0371849536896
0.0377449989319
0.0381569862366
0.0329468250275
0.0335500240326
0.0341398715973
0.0347049236298
0.0354719161987
0.0345849990845
0.0350878238678
0.0356450080872
0.0365369319916
0.0373599529266
0.0374131202698
0.0381572246552
0.0387811660767
0.0398700237274
0.0410079956055
0.0432569980621
0.0455620288849
0.0459280014038
0.0462408065796
0.0465469360352
0.0305700302124
0.0315299034119
0.0334990024567
0.0390210151672
0.0402729511261
0.0296740531921
0.0305051803589
0.031524181366
0.032427072525
0.0332231521606
0.0370309352875
0.0379559993744
0.0395250320435
0.0407180786133
0.0419099330902
0.0299479961395
0.031182050705
0.0325360298157
0.0334219932556
0.0342578887939
0.03093791008
0.0315248966217
0.032292842865
0.0330419540405
0.0339949131012
0.0254280567169
0.0587449073792
0.0591769218445
0.0594439506531
0.0601909160614
0.0315179824829
0.0321528911591
0.0326879024506
0.0332059860229
0.0336239337921
0.0267448425293
0.0271170139313
0.0273728370667
0.0276257991791
0.0278739929199
0.0389018058777
0.0437967777252
0.0446729660034
0.0453128814697
0.045961856842
0.0400328636169
0.0411560535431
0.0419669151306
0.042897939682
0.0435619354248
0.0373771190643
0.0377590656281
0.0380170345306
0.0382761955261
0.0385429859161
0.0348360538483
0.0351438522339
0.0354769229889
0.0358319282532
0.0360100269318
0.02827501297
0.0286469459534
0.0289809703827
0.0293250083923
0.0296590328217
0.0217080116272
0.0218970775604
0.0220649242401
0.0222260951996
0.022383928299
0.028951883316
0.0292539596558
0.0295488834381
0.0302200317383
0.0308258533478
0.0277690887451
0.0288941860199
0.0296680927277
0.0312371253967
0.0321960449219
0.0340321063995
0.0347220897675
0.0353190898895
0.0363471508026
0.0371601581573
0.0347139835358
0.0360870361328
0.0377080440521
0.0384750366211
0.0388851165771
0.0292398929596
0.0301368236542
0.0307288169861
0.031240940094
0.0317659378052
0.0427460670471
0.0429749488831
0.0431559085846
0.0435490608215
0.04390001297
0.0216200351715
0.0221180915833
0.022528886795
0.0231499671936
0.0238010883331
0.0369069576263
0.037740945816
0.0382609367371
0.0386559963226
0.039577960968
0.0321168899536
0.0326499938965
0.0331938266754
0.0339148044586
0.0344707965851
0.0294990539551
0.0297000408173
0.0298810005188
0.0300509929657
0.0302290916443
0.0322411060333
0.0324990749359
0.0329101085663
0.0390601158142
0.0412831306458
0.0351428985596
0.0358438491821
0.0364348888397
0.0370979309082
0.0377268791199
0.0308668613434
0.0313799381256
0.0347487926483
0.0353848934174
0.0364589691162
0.0260400772095
0.0268061161041
0.0280139446259
0.029265165329
0.0300569534302
0.0293431282043
0.0295071601868
0.0296680927277
0.0299110412598
0.0300621986389
0.0347108840942
0.0349659919739
0.0351448059082
0.0353138446808
0.0354778766632
0.0400531291962
0.0404090881348
0.0407249927521
0.0410730838776
0.041442155838
0.0289461612701
0.029149055481
0.0293140411377
0.0295071601868
0.0296630859375
0.0308659076691
0.0315010547638
0.032075881958
0.0325169563293
0.0329699516296
0.0309550762177
0.0312790870667
0.0318529605865
0.0321938991547
0.0329458713531
0.0392298698425
0.0396559238434
0.0403878688812
0.0419430732727
0.0424680709839
0.0221650600433
0.0226950645447
0.0232021808624
0.0237259864807
0.024108171463
0.0296411514282
0.0304100513458
0.0309491157532
0.0316390991211
0.032573223114
0.0372140407562
0.0377562046051
0.0387442111969
0.0393810272217
0.0402500629425
0.0338680744171
0.034441947937
0.0352101325989
0.0363891124725
0.037250995636
0.0254220962524
0.0263359546661
0.0272560119629
0.0285739898682
0.0298430919647
0.0413320064545
0.0416090488434
0.0418510437012
0.0420870780945
0.0423400402069
0.0401101112366
0.0405700206757
0.0414350032806
0.0448410511017
0.045951128006
0.0369310379028
0.037947177887
0.038987159729
0.0399131774902
0.0408940315247
0.035952091217
0.036612033844
0.0374541282654
0.0378670692444
0.0381200313568
0.0307700634003
0.031466960907
0.031849861145
0.0321600437164
0.032369852066
0.0300860404968
0.0312390327454
0.032252073288
0.0332059860229
0.0341351032257
0.0450701713562
0.0456631183624
0.0463349819183
0.0470399856567
0.0477550029755
0.0310451984406
0.0315980911255
0.0322701931
0.0326201915741
0.0334210395813
0.0210108757019
0.0390019416809
0.0399549007416
0.040855884552
0.0428938865662
0.032909154892
0.0332040786743
0.0333800315857
0.0335540771484
0.0337591171265
0.0293970108032
0.0295870304108
0.0298788547516
0.0300760269165
0.0304808616638
0.0320749282837
0.0322449207306
0.0324029922485
0.0328569412231
0.0331540107727
0.0232388973236
0.0235469341278
0.0237238407135
0.0238888263702
0.0240528583527
0.033942937851
0.0343658924103
0.0346488952637
0.0348320007324
0.0356109142303
0.0412631034851
0.0414988994598
0.04168009758
0.0418500900269
0.0420479774475
0.02707695961
0.0275390148163
0.027755022049
0.0279779434204
0.0283079147339
0.0237889289856
0.0245208740234
0.0253260135651
0.026113986969
0.0265519618988
0.0334560871124
0.033851146698
0.0342171192169
0.0355579853058
0.0367519855499
0.0319859981537
0.0335910320282
0.0345270633698
0.0356419086456
0.0366768836975
0.0474469661713
0.0478129386902
0.0481150150299
0.0486059188843
0.0488429069519
0.0304260253906
0.0316479206085
0.0331399440765
0.0347490310669
0.036080121994
0.0362050533295
0.0363891124725
0.0365519523621
0.0374290943146
0.0379540920258
0.0281450748444
0.0291888713837
0.0302338600159
0.0376830101013
0.0390999317169
0.0307469367981
0.0313279628754
0.0319378376007
0.0326600074768
0.0336740016937
0.0364618301392
0.037407875061
0.0383019447327
0.0391390323639
0.0400428771973
0.0266580581665
0.0272212028503
0.0281181335449
0.0286400318146
0.0290360450745
0.0379490852356
0.0383579730988
0.0390908718109
0.0402610301971
0.0409090518951
0.0345649719238
0.0355379581451
0.0363039970398
0.0370128154755
0.037859916687
0.0316190719604
0.0330929756165
0.0341250896454
0.0350279808044
0.0358221530914
0.0360281467438
0.0368051528931
0.0405859947205
0.0413122177124
0.0419230461121
0.0322229862213
0.0330190658569
0.0338871479034
0.034942150116
0.036208152771
0.0362710952759
0.0367951393127
0.0377130508423
0.0388631820679
0.0401251316071
0.0381798744202
0.0397498607635
0.0411899089813
0.0423040390015
0.0430359840393
0.0318441390991
0.032888174057
0.0380120277405
0.039174079895
0.0403501987457
0.0435469150543
0.0448698997498
0.0456249713898
0.0464649200439
0.0472989082336
0.0298449993134
0.0306420326233
0.0315840244293
0.0321419239044
0.0326509475708
0.0311899185181
0.0317809581757
0.0323860645294
0.0333399772644
0.0338749885559
0.0288209915161
0.0294559001923
0.0301308631897
0.0309109687805
0.031466960907
0.0381829738617
0.0395469665527
0.0402770042419
0.0410509109497
0.0416848659515
0.0311620235443
0.0321810245514
0.0330200195312
0.0343389511108
0.0399479866028
0.0228171348572
0.0238869190216
0.0254440307617
0.0310959815979
0.0324809551239
0.0309851169586
0.0317840576172
0.0323481559753
0.0391371250153
0.0400021076202
0.0224690437317
0.0404579639435
0.0407519340515
0.0409359931946
0.0411689281464
0.0257909297943
0.0261220932007
0.0263869762421
0.0266721248627
0.0269119739532
0.029433965683
0.0296130180359
0.0297958850861
0.030070066452
0.0302369594574
0.0235459804535
0.0241258144379
0.0246148109436
0.0251808166504
0.0256559848785
0.0318160057068
0.0324881076813
0.0333111286163
0.033812046051
0.0343661308289
0.0364971160889
0.0371689796448
0.0378670692444
0.0386431217194
0.0390629768372
0.0352339744568
0.0362031459808
0.0373120307922
0.037887096405
0.0387661457062
0.0292859077454
0.0303659439087
0.0314848423004
0.0322728157043
0.0330920219421
0.0265581607819
0.0304481983185
0.0314981937408
0.0325741767883
0.0335462093353
0.0337870121002
0.0379431247711
0.0391149520874
0.0401210784912
0.0434329509735
0.0309090614319
0.0321040153503
0.0356068611145
0.036346912384
0.0380859375
0.03244805336
0.0340049266815
0.0350461006165
0.0360741615295
0.0368649959564
0.0350940227509
0.036633014679
0.0373558998108
0.0386219024658
0.039911031723
0.0351481437683
0.03706407547
0.0385031700134
0.0397429466248
0.0452330112457
0.0345931053162
0.0356121063232
0.036698102951
0.0377621650696
0.038645029068
0.0346219539642
0.0355260372162
0.0364799499512
0.0372829437256
0.0380480289459
0.0334610939026
0.0341908931732
0.0349540710449
0.0357699394226
0.0366508960724
0.0286638736725
0.0304598808289
0.0315680503845
0.0323638916016
0.0335049629211
0.038195848465
0.0391099452972
0.0399918556213
0.0407249927521
0.0455458164215
0.0339031219482
0.0348842144012
0.0357031822205
0.0368490219116
0.0377991199493
0.0370051860809
0.0381879806519
0.0443890094757
0.045312166214
0.046352148056
0.0313420295715
0.0321950912476
0.0332989692688
0.0343079566956
0.0351510047913
0.0317850112915
0.0327970981598
0.0335640907288
0.0394780635834
0.0408389568329
0.0329082012177
0.0345351696014
0.0356521606445
0.0370562076569
0.0379271507263
0.043693780899
0.0449149608612
0.0459039211273
0.0474519729614
0.0485968589783
0.0356180667877
0.0371022224426
0.0379540920258
0.0386691093445
0.0396151542664
0.0331010818481
0.0340030193329
0.0347061157227
0.0359630584717
0.0385069847107
0.0371179580688
0.0381700992584
0.0391471385956
0.0398859977722
0.0438890457153
0.0394399166107
0.0402359962463
0.0409190654755
0.0416679382324
0.0484490394592
0.0297298431396
0.0299270153046
0.0301330089569
0.0303018093109
0.0305387973785
0.0370240211487
0.0373570919037
0.0376570224762
0.0379559993744
0.0382170677185
0.0323491096497
0.0327301025391
0.0330910682678
0.0334460735321
0.0337979793549
0.0406649112701
0.0411088466644
0.0413458347321
0.0415089130402
0.0417668819427
0.0264780521393
0.0268290042877
0.0271480083466
0.0274381637573
0.027731180191
0.0414710044861
0.0417959690094
0.0421109199524
0.0424039363861
0.0426919460297
0.0315361022949
0.0318031311035
0.0325639247894
0.0329020023346
0.0334260463715
0.0310339927673
0.0316610336304
0.0325560569763
0.0332009792328
0.0338189601898
0.0293171405792
0.029589176178
0.0298411846161
0.0300340652466
0.030266046524
0.0393390655518
0.0395569801331
0.0397670269012
0.0406081676483
0.0414230823517
0.0279309749603
0.0284640789032
0.0288710594177
0.0292251110077
0.0295910835266
0.0531709194183
0.0534389019012
0.0536119937897
0.0538439750671
0.0541098117828
0.0263669490814
0.0265538692474
0.026743888855
0.0271837711334
0.0275177955627
0.0237128734589
0.0239639282227
0.0242369174957
0.0244438648224
0.0246429443359
0.0247349739075
0.025032043457
0.0253059864044
0.0255801677704
0.0258691310883
0.0308790206909
0.0315058231354
0.0322768688202
0.0332000255585
0.0344669818878
0.0300920009613
0.0304839611053
0.0306789875031
0.0308909416199
0.031140089035
0.037887096405
0.038094997406
0.0382571220398
0.0384199619293
0.0386061668396
0.0314378738403
0.0321228504181
0.032497882843
0.0329039096832
0.0334889888763
0.0234141349792
0.0239939689636
0.02450299263
0.0254211425781
0.0257341861725
0.026801109314
0.0272929668427
0.0280790328979
0.029158115387
0.0304160118103
0.0264039039612
0.0273089408875
0.028126001358
0.0292308330536
0.0305459499359
0.0301060676575
0.0309579372406
0.0317599773407
0.032457113266
0.0331740379333
0.0246510505676
0.0258140563965
0.0264070034027
0.0271968841553
0.0285179615021
0.0289409160614
0.0295929908752
0.0351748466492
0.0357909202576
0.0366928577423
0.0278208255768
0.0283658504486
0.0292859077454
0.0305659770966
0.0312769412994
0.0287170410156
0.0291709899902
0.0297260284424
0.0298929214478
0.0301918983459
0.0228798389435
0.0239479541779
0.0247509479523
0.0252718925476
0.0264658927917
0.0288867950439
0.029109954834
0.0292677879333
0.0294218063354
0.0298998355865
0.0417490005493
0.0478949546814
0.0505599975586
0.0520510673523
0.0535759925842
0.0326261520386
0.0388641357422
0.0402691364288
0.0420961380005
0.0432000160217
0.0416870117188
0.0430269241333
0.0440409183502
0.04576587677
0.0469019412994
0.0388078689575
0.0400178432465
0.0411829948425
0.0487978458405
0.0498678684235
0.0316119194031
0.0326089859009
0.0337879657745
0.0350279808044
0.0361840724945
0.0318751335144
0.0334961414337
0.0348861217499
0.0362842082977
0.0372211933136
0.0398449897766
0.0412771701813
0.0423171520233
0.0434610843658
0.044634103775
0.0393500328064
0.0403499603271
0.0415279865265
0.042699098587
0.0440361499786
0.0354340076447
0.0370259284973
0.0382149219513
0.0393648147583
0.0449628829956
0.0471520423889
0.048378944397
0.0498180389404
0.0508458614349
0.0516519546509
0.0380330085754
0.0392670631409
0.0404589176178
0.0415010452271
0.0426120758057
0.0322132110596
0.0332520008087
0.0342690944672
0.0352780818939
0.0360131263733
0.0325860977173
0.0333421230316
0.0341460704803
0.0354900360107
0.03639793396
0.0290160179138
0.0304470062256
0.0312690734863
0.0320961475372
0.0366270542145
0.0254142284393
0.0265920162201
0.0275390148163
0.0290310382843
0.0300531387329
0.0318620204926
0.0338189601898
0.0352070331573
0.0361659526825
0.0373549461365
0.0315759181976
0.0323560237885
0.0336048603058
0.0346879959106
0.0356090068817
0.0257930755615
0.0263919830322
0.0270140171051
0.0275819301605
0.0281209945679
0.0279908180237
0.0286028385162
0.0292229652405
0.0300078392029
0.0306529998779
0.0306761264801
0.0310080051422
0.0312390327454
0.0315761566162
0.032142162323
0.0305559635162
0.0310690402985
0.0313630104065
0.0315759181976
0.0318269729614
0.0281381607056
0.0291991233826
0.0296821594238
0.0301649570465
0.0305950641632
0.0251340866089
0.031140089035
0.0315749645233
0.03209400177
0.0325601100922
0.0386471748352
0.0390350818634
0.0393240451813
0.0398280620575
0.0404009819031
0.0272560119629
0.0276389122009
0.0279290676117
0.0282289981842
0.0284080505371
0.0283551216125
0.0295960903168
0.0306351184845
0.0317590236664
0.0326819419861
0.0352149009705
0.0358169078827
0.0363759994507
0.0378940105438
0.0392808914185
0.0373640060425
0.037859916687
0.0382480621338
0.0386400222778
0.03892993927
0.0241980552673
0.0244040489197
0.0246160030365
0.0247781276703
0.0249290466309
0.0309019088745
0.0311648845673
0.0314028263092
0.0315639972687
0.0318360328674
0.030827999115
0.0310461521149
0.0312659740448
0.0315561294556
0.0317721366882
0.0314950942993
0.0316860675812
0.0318939685822
0.0321271419525
0.0324599742889
0.0268831253052
0.0274460315704
0.0278820991516
0.0281779766083
0.0283780097961
0.026221036911
0.0264880657196
0.0266981124878
0.0268859863281
0.0270690917969
0.0271000862122
0.0273189544678
0.0275659561157
0.027930021286
0.0283551216125
0.026388168335
0.0268030166626
0.0272130966187
0.0276420116425
0.0280361175537
0.0271971225739
0.0274200439453
0.0276260375977
0.0278310775757
0.0280020236969
0.0280539989471
0.028373003006
0.0286900997162
0.0289630889893
0.0292282104492
0.0377130508423
0.0379569530487
0.0381560325623
0.0383579730988
0.0385279655457
0.0278370380402
0.0280900001526
0.0283370018005
0.0285708904266
0.028785943985
0.0334439277649
0.0337328910828
0.0340240001678
0.0343158245087
0.0346138477325
0.0371050834656
0.0379829406738
0.0389430522919
0.0396339893341
0.0405609607697
0.0277500152588
0.028058052063
0.0283370018005
0.0286180973053
0.0289330482483
0.0282669067383
0.0284688472748
0.028636932373
0.0288019180298
0.0289978981018
0.0224530696869
0.0227470397949
0.0231139659882
0.0234041213989
0.0237400531769
0.0278639793396
0.0281898975372
0.0285038948059
0.0288279056549
0.0290389060974
0.0284059047699
0.0285978317261
0.0288059711456
0.0289669036865
0.029177904129
0.0276870727539
0.0278780460358
0.0280520915985
0.0282261371613
0.0284070968628
0.02747797966
0.0277981758118
0.0280830860138
0.0282711982727
0.0284450054169
0.0351688861847
0.0356209278107
0.0358090400696
0.0363190174103
0.0365359783173
0.0301120281219
0.0304479598999
0.0307359695435
0.0309889316559
0.0312340259552
0.0423510074615
0.0427000522614
0.0430819988251
0.0433759689331
0.0436601638794
0.0390920639038
0.0393471717834
0.0395331382751
0.0398211479187
0.0400941371918
0.0321798324585
0.032438993454
0.0326688289642
0.0328409671783
0.0329899787903
0.0311567783356
0.0313718318939
0.0315709114075
0.0319459438324
0.0323457717896
0.0275700092316
0.0317590236664
0.0328459739685
0.0337541103363
0.0344421863556
0.030876159668
0.0311660766602
0.0313251018524
0.0315091609955
0.0317161083221
0.0266280174255
0.0271339416504
0.027489900589
0.0277121067047
0.0279669761658
0.0344989299774
0.0387101173401
0.0395710468292
0.0403900146484
0.0412740707397
0.0260879993439
0.0263059139252
0.0265960693359
0.0269260406494
0.0273270606995
0.0356421470642
0.0358891487122
0.0361042022705
0.0362861156464
0.0364801883698
0.0312190055847
0.0315361022949
0.0317409038544
0.0322630405426
0.0332260131836
0.0286128520966
0.0294189453125
0.0301818847656
0.0311369895935
0.0321769714355
0.0293622016907
0.029657125473
0.0299611091614
0.0305190086365
0.0316681861877
0.0396931171417
0.0409600734711
0.0421690940857
0.0474579334259
0.0481231212616
0.0328290462494
0.0341110229492
0.035444021225
0.0410051345825
0.041738986969
0.0342381000519
0.0353920459747
0.0362601280212
0.0375320911407
0.0385072231293
0.0295438766479
0.0302360057831
0.0308618545532
0.0315289497375
0.0322239398956
0.0276591777802
0.0281541347504
0.028596162796
0.0289640426636
0.0291450023651
0.0265181064606
0.0267350673676
0.0277469158173
0.0284140110016
0.0294480323792
0.0292429924011
0.0301311016083
0.0307879447937
0.0317370891571
0.0324120521545
0.0275580883026
0.0283071994781
0.0292031764984
0.0303010940552
0.0307841300964
0.0381851196289
0.0393440723419
0.0432920455933
0.0442039966583
0.0450241565704
0.0237770080566
0.0244719982147
0.0251200199127
0.025829076767
0.0278689861298
0.0420961380005
0.0430009365082
0.044173002243
0.0447781085968
0.0452280044556
0.0340280532837
0.034567117691
0.0351941585541
0.0360641479492
0.0366880893707
0.0295598506927
0.0307698249817
0.0316398143768
0.0322268009186
0.0338327884674
0.0406720638275
0.0408940315247
0.0410509109497
0.0411999225616
0.0415489673615
0.0284490585327
0.029422044754
0.0302541255951
0.0310840606689
0.0323030948639
0.0499308109283
0.0507919788361
0.0514669418335
0.0526459217072
0.0543899536133
0.0283708572388
0.0290818214417
0.0297498703003
0.0303897857666
0.0311858654022
0.0391659736633
0.0398418903351
0.0407569408417
0.0419828891754
0.0433440208435
0.0360729694366
0.0363609790802
0.0366151332855
0.0369970798492
0.0371580123901
0.0256450176239
0.0258238315582
0.0259900093079
0.0261569023132
0.0263140201569
0.0256428718567
0.0263628959656
0.0272498130798
0.0287878513336
0.0312268733978
0.0304820537567
0.0307929515839
0.0312368869781
0.0318648815155
0.0320699214935
0.0360538959503
0.0363879203796
0.0366079807281
0.0368449687958
0.0370910167694
0.0400857925415
0.040403842926
0.0407059192657
0.0409917831421
0.0412847995758
0.029296875
0.0295748710632
0.0298199653625
0.0300669670105
0.030287027359
0.0315599441528
0.0317869186401
0.0319709777832
0.0321397781372
0.0322959423065
0.0275628566742
0.0278279781342
0.0280148983002
0.0282318592072
0.0284180641174
0.0266330242157
0.026850938797
0.0271179676056
0.027321100235
0.0275709629059
0.0222249031067
0.022540807724
0.0228428840637
0.0231258869171
0.0233538150787
0.0241219997406
0.0243308544159
0.0245108604431
0.0246739387512
0.0249240398407
0.0275771617889
0.028088092804
0.0284430980682
0.0286841392517
0.028929233551
0.030620098114
0.0308201313019
0.0309851169586
0.031149148941
0.0313160419464
0.0327169895172
0.0335450172424
0.034451007843
0.0352940559387
0.0362191200256
0.0308289527893
0.0315198898315
0.0325129032135
0.0333008766174
0.0343630313873
0.0351037979126
0.0363059043884
0.0410850048065
0.0425329208374
0.0436577796936
0.0241069793701
0.0243570804596
0.0245320796967
0.0246841907501
0.0248310565948
0.0311329364777
0.031329870224
0.0314979553223
0.0316600799561
0.0318109989166
0.0270590782166
0.0272710323334
0.0274391174316
0.027615070343
0.0278680324554
0.0257821083069
0.0260481834412
0.0263540744781
0.0265440940857
0.0267250537872
0.0337040424347
0.034126996994
0.0348041057587
0.0355091094971
0.0362501144409
0.0217771530151
0.0222520828247
0.0224750041962
0.0226900577545
0.0228600502014
0.0288867950439
0.029168844223
0.0299258232117
0.0304439067841
0.0308408737183
0.0372569561005
0.0384969711304
0.0393931865692
0.0399880409241
0.0406701564789
0.028265953064
0.0288259983063
0.029247045517
0.0296330451965
0.0300629138947
0.0326390266418
0.0332429409027
0.0341000556946
0.0348038673401
0.0362288951874
0.0326979160309
0.0336449146271
0.0384659767151
0.0397508144379
0.0408899784088
0.0324640274048
0.0337779521942
0.0350470542908
0.0399651527405
0.0407800674438
0.0348510742188
0.0351140499115
0.0353128910065
0.0355279445648
0.0357089042664
0.0341529846191
0.0343499183655
0.0345067977905
0.0347719192505
0.0350489616394
0.0260620117188
0.0263628959656
0.026627779007
0.0268869400024
0.0271527767181
0.0321619510651
0.0325918197632
0.0330238342285
0.0332360267639
0.0334558486938
0.0266861915588
0.0270102024078
0.0272941589355
0.0275340080261
0.0278890132904
0.026407957077
0.0266618728638
0.0269150733948
0.0270929336548
0.0272510051727
0.0305309295654
0.030749797821
0.031044960022
0.0313749313354
0.0316460132599
0.0329489707947
0.0331599712372
0.0333349704742
0.0335128307343
0.0336728096008
0.0288259983063
0.029137134552
0.0294351577759
0.0296010971069
0.029776096344
0.0245628356934
0.0247459411621
0.0249378681183
0.0250978469849
0.0254340171814
0.0284330844879
0.0287170410156
0.0290620326996
0.0294010639191
0.0297179222107
0.0313808917999
0.0316319465637
0.0319509506226
0.0322029590607
0.0324931144714
0.0273778438568
0.0275518894196
0.0277190208435
0.0278849601746
0.0281980037689
0.0271379947662
0.0273230075836
0.027487039566
0.0276420116425
0.0278010368347
0.0308570861816
0.0310671329498
0.0313110351562
0.0316259860992
0.0318160057068
0.0375161170959
0.0378739833832
0.0384020805359
0.0395770072937
0.0400869846344
0.0306141376495
0.0315480232239
0.0327830314636
0.0336389541626
0.0343329906464
0.0358788967133
0.0366768836975
0.0373959541321
0.0394310951233
0.041316986084
0.0359799861908
0.0371460914612
0.038232088089
0.040372133255
0.0420160293579
0.0358328819275
0.037388086319
0.0384149551392
0.0393059253693
0.0400130748749
0.0303931236267
0.0319409370422
0.0333089828491
0.0393970012665
0.0406630039215
0.0377299785614
0.0391359329224
0.0406649112701
0.0420398712158
0.0434498786926
0.0383131504059
0.0393550395966
0.0406150817871
0.0423250198364
0.0435020923615
0.0483708381653
0.0493907928467
0.0504419803619
0.0515449047089
0.052503824234
0.0395729541779
0.0438349246979
0.0451509952545
0.0466740131378
0.0480589866638
0.0352821350098
0.0359201431274
0.0364329814911
0.0369160175323
0.0372099876404
0.0276870727539
0.028048992157
0.0283200740814
0.0286719799042
0.0290060043335
0.0256669521332
0.0258939266205
0.026181936264
0.0264739990234
0.0266859531403
0.0283830165863
0.0286829471588
0.028865814209
0.0290479660034
0.0293538570404
0.0413908958435
0.0419600009918
0.0425019264221
0.0430729389191
0.0436000823975
0.0267000198364
0.0276329517365
0.0282018184662
0.0289509296417
0.0295038223267
0.0257959365845
0.0265469551086
0.0273020267487
0.0280699729919
0.0292270183563
0.0291879177094
0.0305349826813
0.0320088863373
0.033392906189
0.0346870422363
0.0330989360809
0.0340728759766
0.0350918769836
0.0360500812531
0.0366768836975
0.0309128761292
0.0320110321045
0.0329978466034
0.0342538356781
0.0352909564972
0.0361359119415
0.0388550758362
0.0400700569153
0.0409660339355
0.0421750545502
0.0432341098785
0.0443661212921
0.0452570915222
0.0459771156311
0.0474901199341
0.0308439731598
0.0316159725189
0.033919095993
0.0354769229889
0.0369029045105
0.0357000827789
0.0359129905701
0.0361831188202
0.0364930629